4.909350536763668060e-05 4.909350536763668060e-05 6.697997378068976104e-06 2.683198363229166716e-05 3.587406536098569632e-05 1.623032403585966676e-05
2.437650924548506737e-03 2.437650924548506737e-03 4.667479151976294816e-05 6.245697295526042581e-05 1.270798966288566589e-03 4.141541663557291031e-03
2.946318984031677246e-01 2.946318984031677246e-01 3.559135198593139648e-01 4.966564942151308060e-03 1.157614141702651978e-01 1.435641795396804810e-01
6.643226742744445801e-01 6.643226742744445801e-01 2.350385040044784546e-01 1.106054615229368210e-02 3.027275018393993378e-02 3.615742176771163940e-02
7.621791958808898926e-01 7.621791958808898926e-01 1.859353184700012207e-01 1.066472288221120834e-02 1.073822379112243652e-02 1.924158819019794464e-02
7.848687171936035156e-01 7.848687171936035156e-01 1.723892688751220703e-01 1.087290514260530472e-02 5.867931991815567017e-03 1.848272234201431274e-02
8.328362107276916504e-01 8.328362107276916504e-01 1.319527775049209595e-01 1.088115293532609940e-02 4.359018057584762573e-03 1.340146828442811966e-02
8.655956983566284180e-01 8.655956983566284180e-01 1.039007529616355896e-01 1.053357962518930435e-02 3.638079389929771423e-03 1.058741007000207901e-02
8.770015239715576172e-01 8.770015239715576172e-01 9.254430234432220459e-02 1.113231852650642395e-02 3.519585123285651207e-03 1.032845024019479752e-02
8.805553317070007324e-01 8.805553317070007324e-01 8.886384218931198120e-02 1.221991423517465591e-02 3.384208073839545250e-03 9.390103630721569061e-03
8.723914027214050293e-01 8.723914027214050293e-01 9.402797371149063110e-02 1.400743424892425537e-02 3.003559540957212448e-03 1.065276842564344406e-02
8.802605867385864258e-01 8.802605867385864258e-01 8.627595007419586182e-02 1.553033012896776199e-02 2.758182585239410400e-03 9.426019154489040375e-03
8.858179450035095215e-01 8.858179450035095215e-01 8.063244819641113281e-02 1.671752706170082092e-02 2.661344129592180252e-03 8.212438784539699554e-03
8.901691436767578125e-01 8.901691436767578125e-01 7.745449244976043701e-02 1.671921834349632263e-02 2.353841438889503479e-03 7.653032429516315460e-03
8.948382139205932617e-01 8.948382139205932617e-01 7.307605445384979248e-02 1.697396859526634216e-02 2.132679568603634834e-03 7.238380145281553268e-03
8.961599469184875488e-01 8.961599469184875488e-01 7.102441787719726562e-02 1.754949055612087250e-02 1.967481570318341255e-03 7.187194190919399261e-03
8.950791358947753906e-01 8.950791358947753906e-01 7.124778628349304199e-02 1.822749525308609009e-02 2.010029973462224007e-03 7.208800874650478363e-03
9.007487297058105469e-01 9.007487297058105469e-01 6.692044436931610107e-02 1.744134724140167236e-02 1.946605392731726170e-03 6.803676951676607132e-03
9.043882489204406738e-01 9.043882489204406738e-01 6.373377889394760132e-02 1.750988326966762543e-02 1.936974585987627506e-03 6.228651851415634155e-03
9.083541631698608398e-01 9.083541631698608398e-01 6.032571196556091309e-02 1.702652499079704285e-02 1.952012069523334503e-03 6.010998040437698364e-03
9.076204895973205566e-01 9.076204895973205566e-01 6.069345772266387939e-02 1.727501675486564636e-02 1.874238485470414162e-03 5.933254957199096680e-03
9.096319079399108887e-01 9.096319079399108887e-01 5.931957811117172241e-02 1.661457121372222900e-02 2.017414662986993790e-03 5.853191483765840530e-03
9.112581610679626465e-01 9.112581610679626465e-01 5.851491913199424744e-02 1.592408865690231323e-02 2.017385559156537056e-03 5.743764340877532959e-03
9.107072353363037109e-01 9.107072353363037109e-01 5.915387719869613647e-02 1.592805050313472748e-02 2.023069187998771667e-03 5.652752239257097244e-03
9.088454246520996094e-01 9.088454246520996094e-01 6.067958101630210876e-02 1.590121909976005554e-02 2.080229809507727623e-03 5.826486740261316299e-03
9.074243307113647461e-01 9.074243307113647461e-01 6.144376844167709351e-02 1.642368547618389130e-02 2.025567693635821342e-03 5.794933997094631195e-03
9.057751297950744629e-01 9.057751297950744629e-01 6.245200335979461670e-02 1.669736951589584351e-02 2.099952427670359612e-03 5.838460288941860199e-03
9.026441574096679688e-01 9.026441574096679688e-01 6.504984200000762939e-02 1.692125387489795685e-02 2.171794418245553970e-03 6.022599060088396072e-03
9.032539725303649902e-01 9.032539725303649902e-01 6.394516676664352417e-02 1.712421141564846039e-02 2.312377328053116798e-03 5.905262194573879242e-03
9.028947353363037109e-01 9.028947353363037109e-01 6.386928260326385498e-02 1.731658354401588440e-02 2.347907051444053650e-03 5.963433999568223953e-03
9.060439467430114746e-01 9.060439467430114746e-01 6.178515031933784485e-02 1.658128015697002411e-02 2.354838186874985695e-03 5.853876937180757523e-03
9.081205129623413086e-01 9.081205129623413086e-01 6.007964909076690674e-02 1.644751429557800293e-02 2.438668860122561455e-03 5.656518973410129547e-03
9.078055620193481445e-01 9.078055620193481445e-01 6.019448488950729370e-02 1.634938269853591919e-02 2.455725101754069328e-03 5.741073284298181534e-03
9.068969488143920898e-01 9.068969488143920898e-01 6.054764613509178162e-02 1.685814186930656433e-02 2.490353770554065704e-03 5.598735064268112183e-03
9.069350957870483398e-01 9.069350957870483398e-01 6.080770120024681091e-02 1.656182296574115753e-02 2.603556960821151733e-03 5.601304117590188980e-03
9.082152247428894043e-01 9.082152247428894043e-01 5.952424556016921997e-02 1.662153936922550201e-02 2.693151356652379036e-03 5.467976909130811691e-03
9.075727462768554688e-01 9.075727462768554688e-01 6.000586226582527161e-02 1.660324074327945709e-02 2.740965457633137703e-03 5.592192988842725754e-03
9.078371524810791016e-01 9.078371524810791016e-01 5.993342399597167969e-02 1.630999147891998291e-02 2.752783475443720818e-03 5.679484922438859940e-03
9.062926173210144043e-01 9.062926173210144043e-01 6.087599322199821472e-02 1.663389056921005249e-02 2.864816691726446152e-03 5.777956452220678329e-03
9.083520770072937012e-01 9.083520770072937012e-01 5.923866108059883118e-02 1.634326018393039703e-02 2.913982840254902840e-03 5.669190082699060440e-03
9.083285927772521973e-01 9.083285927772521973e-01 5.883620306849479675e-02 1.651368662714958191e-02 3.007641062140464783e-03 5.684641189873218536e-03
9.103052020072937012e-01 9.103052020072937012e-01 5.698693171143531799e-02 1.647934690117835999e-02 2.975500421598553658e-03 5.577313713729381561e-03
9.106604456901550293e-01 9.106604456901550293e-01 5.648352950811386108e-02 1.658768765628337860e-02 3.062295261770486832e-03 5.554457660764455795e-03
9.125760197639465332e-01 9.125760197639465332e-01 5.537685006856918335e-02 1.607975177466869354e-02 3.056764136999845505e-03 5.495038814842700958e-03
9.124190211296081543e-01 9.124190211296081543e-01 5.520977824926376343e-02 1.622751168906688690e-02 3.120103618130087852e-03 5.519779864698648453e-03
9.116775989532470703e-01 9.116775989532470703e-01 5.566909536719322205e-02 1.647483184933662415e-02 3.165569854900240898e-03 5.495542660355567932e-03
9.151917099952697754e-01 9.151917099952697754e-01 5.268885195255279541e-02 1.614470593631267548e-02 3.276500618085265160e-03 5.344159435480833054e-03
9.170176386833190918e-01 9.170176386833190918e-01 5.104981735348701477e-02 1.586426980793476105e-02 3.469004528596997261e-03 5.186043679714202881e-03
9.162493348121643066e-01 9.162493348121643066e-01 5.117285251617431641e-02 1.616476662456989288e-02 3.695480758324265480e-03 5.254927556961774826e-03
9.171198010444641113e-01 9.171198010444641113e-01 5.083914846181869507e-02 1.585770212113857269e-02 3.565919585525989532e-03 5.253242328763008118e-03
9.165011048316955566e-01 9.165011048316955566e-01 5.110336095094680786e-02 1.602641865611076355e-02 3.729124786332249641e-03 5.210300907492637634e-03
