          0  0.04452511 13.51395035
        100  0.00214610 26.68349075
        200  0.00126260 28.98734665
        300  0.00104503 29.80869293
        400  0.00077464 31.10898209
        500  0.00069924 31.55376434
        600  0.00062973 32.00845718
        700  0.00056386 32.48826599
        800  0.00054267 32.65462112
        900  0.00046084 33.36449814
       1000  0.00045412 33.42833328
       1100  0.00044376 33.52855682
       1200  0.00037202 34.29438782
       1300  0.00035796 34.46160889
       1400  0.00033528 34.74590302
       1500  0.00031340 35.03904724
       1600  0.00029246 35.33935547
       1700  0.00025082 36.00635910
       1800  0.00024194 36.16294861
       1900  0.00023249 36.33603668
       2000  0.00023980 36.20146561
       2100  0.00020095 36.96916199
       2200  0.00019415 37.11864853
       2300  0.00019446 37.11159897
       2400  0.00016919 37.71633911
       2500  0.00016531 37.81711578
       2600  0.00015987 37.96240616
       2700  0.00014186 38.48130417
       2800  0.00014183 38.48235703
       2900  0.00014829 38.28879929
       3000  0.00012849 38.91145325
       3100  0.00013317 38.75577545
       3200  0.00011747 39.30075836
       3300  0.00010678 39.71525574
       3400  0.00011947 39.22753143
       3500  0.00010421 39.82088089
       3600  0.00010617 39.74015808
       3700  0.00010221 39.90491486
       3800  0.00010097 39.95811844
       3900  0.00009087 40.41582870
       4000  0.00010822 39.65672684
       4100  0.00007799 41.07978439
       4200  0.00015280 38.15888214
       4300  0.00007146 41.45951843
       4400  0.00006991 41.55432892
       4500  0.00007283 41.37663269
       4600  0.00007278 41.37963486
       4700  0.00006503 41.86864853
       4800  0.00006827 41.65750122
       4900  0.00006787 41.68294525
       5000  0.00006017 42.20612335
