6.110000000000000000e+02 6.950000000000000000e+02 1.800000000000000000e+01 7.940000000000000000e+02 5.800000000000000000e+01
1.000000000000000000e+01 9.400000000000000000e+01 1.200000000000000000e+01 1.500000000000000000e+01 1.390000000000000000e+02
8.950000000000000000e+02 4.040000000000000000e+02 6.570000000000000000e+02 8.120000000000000000e+02 7.440000000000000000e+02
4.040000000000000000e+02 8.950000000000000000e+02 5.570000000000000000e+02 9.080000000000000000e+02 7.440000000000000000e+02
4.040000000000000000e+02 8.950000000000000000e+02 7.440000000000000000e+02 9.080000000000000000e+02 6.570000000000000000e+02
8.950000000000000000e+02 4.040000000000000000e+02 7.440000000000000000e+02 9.080000000000000000e+02 6.570000000000000000e+02
8.950000000000000000e+02 4.040000000000000000e+02 9.080000000000000000e+02 6.570000000000000000e+02 7.440000000000000000e+02
8.950000000000000000e+02 4.040000000000000000e+02 9.080000000000000000e+02 6.570000000000000000e+02 7.440000000000000000e+02
8.950000000000000000e+02 4.040000000000000000e+02 9.080000000000000000e+02 6.570000000000000000e+02 7.440000000000000000e+02
8.950000000000000000e+02 4.040000000000000000e+02 9.080000000000000000e+02 6.570000000000000000e+02 7.440000000000000000e+02
8.950000000000000000e+02 4.040000000000000000e+02 9.080000000000000000e+02 6.570000000000000000e+02 7.440000000000000000e+02
8.950000000000000000e+02 4.040000000000000000e+02 9.080000000000000000e+02 6.570000000000000000e+02 7.440000000000000000e+02
8.950000000000000000e+02 4.040000000000000000e+02 9.080000000000000000e+02 6.570000000000000000e+02 7.440000000000000000e+02
8.950000000000000000e+02 4.040000000000000000e+02 9.080000000000000000e+02 6.570000000000000000e+02 7.440000000000000000e+02
8.950000000000000000e+02 4.040000000000000000e+02 9.080000000000000000e+02 6.570000000000000000e+02 7.440000000000000000e+02
8.950000000000000000e+02 4.040000000000000000e+02 9.080000000000000000e+02 6.570000000000000000e+02 7.440000000000000000e+02
8.950000000000000000e+02 4.040000000000000000e+02 9.080000000000000000e+02 6.570000000000000000e+02 7.440000000000000000e+02
8.950000000000000000e+02 4.040000000000000000e+02 9.080000000000000000e+02 6.570000000000000000e+02 7.440000000000000000e+02
4.040000000000000000e+02 8.950000000000000000e+02 7.440000000000000000e+02 6.570000000000000000e+02 9.080000000000000000e+02
4.040000000000000000e+02 8.950000000000000000e+02 9.080000000000000000e+02 7.440000000000000000e+02 6.570000000000000000e+02
8.950000000000000000e+02 4.040000000000000000e+02 9.080000000000000000e+02 7.440000000000000000e+02 6.570000000000000000e+02
8.950000000000000000e+02 4.040000000000000000e+02 9.080000000000000000e+02 7.440000000000000000e+02 6.570000000000000000e+02
8.950000000000000000e+02 4.040000000000000000e+02 9.080000000000000000e+02 7.440000000000000000e+02 6.570000000000000000e+02
8.950000000000000000e+02 4.040000000000000000e+02 9.080000000000000000e+02 6.570000000000000000e+02 7.440000000000000000e+02
8.950000000000000000e+02 4.040000000000000000e+02 9.080000000000000000e+02 6.570000000000000000e+02 7.440000000000000000e+02
8.950000000000000000e+02 4.040000000000000000e+02 9.080000000000000000e+02 6.570000000000000000e+02 7.440000000000000000e+02
8.950000000000000000e+02 4.040000000000000000e+02 9.080000000000000000e+02 6.570000000000000000e+02 7.440000000000000000e+02
8.950000000000000000e+02 4.040000000000000000e+02 9.080000000000000000e+02 6.570000000000000000e+02 7.440000000000000000e+02
8.950000000000000000e+02 4.040000000000000000e+02 9.080000000000000000e+02 6.570000000000000000e+02 7.440000000000000000e+02
8.950000000000000000e+02 4.040000000000000000e+02 9.080000000000000000e+02 6.570000000000000000e+02 7.440000000000000000e+02
8.950000000000000000e+02 4.040000000000000000e+02 9.080000000000000000e+02 6.570000000000000000e+02 7.440000000000000000e+02
8.950000000000000000e+02 4.040000000000000000e+02 9.080000000000000000e+02 6.570000000000000000e+02 7.440000000000000000e+02
8.950000000000000000e+02 4.040000000000000000e+02 9.080000000000000000e+02 6.570000000000000000e+02 7.440000000000000000e+02
8.950000000000000000e+02 4.040000000000000000e+02 9.080000000000000000e+02 6.570000000000000000e+02 7.440000000000000000e+02
8.950000000000000000e+02 4.040000000000000000e+02 9.080000000000000000e+02 6.570000000000000000e+02 7.440000000000000000e+02
8.950000000000000000e+02 4.040000000000000000e+02 9.080000000000000000e+02 6.570000000000000000e+02 7.440000000000000000e+02
8.950000000000000000e+02 4.040000000000000000e+02 9.080000000000000000e+02 6.570000000000000000e+02 7.440000000000000000e+02
8.950000000000000000e+02 4.040000000000000000e+02 9.080000000000000000e+02 6.570000000000000000e+02 7.440000000000000000e+02
8.950000000000000000e+02 4.040000000000000000e+02 9.080000000000000000e+02 6.570000000000000000e+02 7.440000000000000000e+02
8.950000000000000000e+02 4.040000000000000000e+02 9.080000000000000000e+02 6.570000000000000000e+02 7.440000000000000000e+02
8.950000000000000000e+02 4.040000000000000000e+02 9.080000000000000000e+02 6.570000000000000000e+02 7.440000000000000000e+02
8.950000000000000000e+02 4.040000000000000000e+02 9.080000000000000000e+02 6.570000000000000000e+02 7.440000000000000000e+02
8.950000000000000000e+02 4.040000000000000000e+02 9.080000000000000000e+02 6.570000000000000000e+02 7.440000000000000000e+02
8.950000000000000000e+02 4.040000000000000000e+02 9.080000000000000000e+02 6.570000000000000000e+02 7.440000000000000000e+02
8.950000000000000000e+02 4.040000000000000000e+02 9.080000000000000000e+02 6.570000000000000000e+02 7.440000000000000000e+02
8.950000000000000000e+02 4.040000000000000000e+02 9.080000000000000000e+02 6.570000000000000000e+02 7.440000000000000000e+02
8.950000000000000000e+02 4.040000000000000000e+02 9.080000000000000000e+02 6.570000000000000000e+02 7.440000000000000000e+02
8.950000000000000000e+02 4.040000000000000000e+02 9.080000000000000000e+02 6.570000000000000000e+02 7.440000000000000000e+02
8.950000000000000000e+02 4.040000000000000000e+02 9.080000000000000000e+02 6.570000000000000000e+02 7.440000000000000000e+02
4.040000000000000000e+02 6.570000000000000000e+02 9.080000000000000000e+02 7.440000000000000000e+02 8.950000000000000000e+02
3.950000000000000000e+02 4.040000000000000000e+02 7.490000000000000000e+02 8.950000000000000000e+02 7.440000000000000000e+02
