4.482443772586556705e-05
3.000021528466334519e-02
9.855907587759966670e-01
9.984260049625771627e-01
9.998784767837078924e-01
9.981893040772475967e-01
1.002535345446504023e+00
1.003468500074859548e+00
1.003516031815616216e+00
1.003646235261643316e+00
1.003748482381558116e+00
1.003780389708791354e+00
1.003829896950108491e+00
1.003860427413314937e+00
1.003896046287055643e+00
1.003775959798443917e+00
1.003714060780884321e+00
1.003600559294140382e+00
1.003397980691218105e+00
1.003304653255651768e+00
1.003312076348666704e+00
1.003275978565699278e+00
1.003260234424869335e+00
1.003177442992291946e+00
1.003117459611639228e+00
1.003030657314287755e+00
1.003002820715481969e+00
1.003008208444283067e+00
1.002953373337818421e+00
1.002963430431580427e+00
1.002903985823808020e+00
1.002911708235089572e+00
1.002962113431206781e+00
1.002859447265718629e+00
1.002944932562696456e+00
1.002831490939606107e+00
1.002922124510771784e+00
1.002771088513380260e+00
1.002525288352742017e+00
1.002511579576125911e+00
1.002351264712465495e+00
1.002217948356464383e+00
1.002220223175291469e+00
1.001988071927616186e+00
1.001997231066578120e+00
1.001903783903705270e+00
1.001866129665750726e+00
1.001814587060219974e+00
1.001719284124093390e+00
1.001429843360166050e+00
1.001314486100168599e+00
