8.614332415163516998e-03 8.614332415163516998e-03 3.995761740952730179e-03 1.169290859252214432e-03 5.976759712211787701e-04 4.235195519868284464e-04
2.623771429061889648e-01 2.623771429061889648e-01 1.250835210084915161e-01 5.734590813517570496e-04 2.033434109762310982e-03 1.647287514060735703e-03
9.850913882255554199e-01 9.850913882255554199e-01 9.365178644657135010e-03 2.258816493849735707e-07 3.415415063500404358e-03 2.122179575962945819e-04
8.881170153617858887e-01 8.881170153617858887e-01 1.571396738290786743e-02 4.402209469844819978e-06 7.999092340469360352e-02 2.617621095851063728e-03
9.403829574584960938e-01 9.403829574584960938e-01 9.199332445859909058e-03 3.164125882904045284e-05 3.864297270774841309e-02 3.073108615353703499e-03
9.725861549377441406e-01 9.725861549377441406e-01 4.677078220993280411e-03 8.203863399103283882e-05 1.369651313871145248e-02 3.252564929425716400e-03
9.797424674034118652e-01 9.797424674034118652e-01 3.129062475636601448e-03 2.304931113030761480e-04 7.301228120923042297e-03 3.210428636521100998e-03
9.799746870994567871e-01 9.799746870994567871e-01 2.817835425958037376e-03 4.623385320883244276e-04 6.064842455089092255e-03 2.680831821635365486e-03
9.805238246917724609e-01 9.805238246917724609e-01 2.224197378382086754e-03 6.609067786484956741e-04 5.076485220342874527e-03 2.404635073617100716e-03
9.821851849555969238e-01 9.821851849555969238e-01 1.912923646159470081e-03 7.789912051521241665e-04 3.918537870049476624e-03 1.922233845107257366e-03
9.847512245178222656e-01 9.847512245178222656e-01 1.892423257231712341e-03 7.130976300686597824e-04 2.629768569022417068e-03 1.462221611291170120e-03
9.813049435615539551e-01 9.813049435615539551e-01 2.152099506929516792e-03 9.747655130922794342e-04 2.628682646900415421e-03 1.684585120528936386e-03
9.837539792060852051e-01 9.837539792060852051e-01 1.953688450157642365e-03 9.760116226971149445e-04 1.877548755146563053e-03 1.401982153765857220e-03
9.843699932098388672e-01 9.843699932098388672e-01 1.967097632586956024e-03 1.068973448127508163e-03 1.492227776907384396e-03 1.184304710477590561e-03
9.870101213455200195e-01 9.870101213455200195e-01 1.845280174165964127e-03 1.037266571074724197e-03 1.042348681949079037e-03 9.324406273663043976e-04
9.897228479385375977e-01 9.897228479385375977e-01 1.772486139088869095e-03 9.350826730951666832e-04 7.088683196343481541e-04 6.916039856150746346e-04
9.905182719230651855e-01 9.905182719230651855e-01 1.920806127600371838e-03 8.912869961932301521e-04 6.508306832984089851e-04 5.922039854340255260e-04
9.919845461845397949e-01 9.919845461845397949e-01 1.747328438796103001e-03 8.570892387069761753e-04 5.132904625497758389e-04 4.929919959977269173e-04
9.927762746810913086e-01 9.927762746810913086e-01 1.700647408142685890e-03 8.518134127371013165e-04 4.354560223873704672e-04 3.957218723371624947e-04
9.930849075317382812e-01 9.930849075317382812e-01 1.592626678757369518e-03 9.663279633969068527e-04 3.724577836692333221e-04 3.658830828499048948e-04
9.933445453643798828e-01 9.933445453643798828e-01 1.469493145123124123e-03 1.125781214796006680e-03 3.229692520108073950e-04 2.703506324905902147e-04
9.938794374465942383e-01 9.938794374465942383e-01 1.382443122565746307e-03 1.114559592679142952e-03 2.708586107473820448e-04 2.385336410952731967e-04
9.942401647567749023e-01 9.942401647567749023e-01 1.242536352947354317e-03 1.184583175927400589e-03 2.179697330575436354e-04 1.979506923817098141e-04
9.944468736648559570e-01 9.944468736648559570e-01 1.120295375585556030e-03 1.262053032405674458e-03 1.989488227991387248e-04 1.629397738724946976e-04
9.947637319564819336e-01 9.947637319564819336e-01 1.051593455485999584e-03 1.201941748149693012e-03 1.901873038150370121e-04 1.375016872771084309e-04
9.940834641456604004e-01 9.940834641456604004e-01 1.092980266548693180e-03 1.560683245770633221e-03 1.841676421463489532e-04 1.234236551681533456e-04
9.943126440048217773e-01 9.943126440048217773e-01 9.633003501221537590e-04 1.506228116340935230e-03 1.784821215551346540e-04 1.118539221351966262e-04
9.948238134384155273e-01 9.948238134384155273e-01 8.067979943007230759e-04 1.345269381999969482e-03 1.608666934771463275e-04 9.960910392692312598e-05
9.952054023742675781e-01 9.952054023742675781e-01 7.287714979611337185e-04 1.328309066593647003e-03 1.389586832374334335e-04 8.175974653568118811e-05
9.954717159271240234e-01 9.954717159271240234e-01 6.475121481344103813e-04 1.311860862188041210e-03 1.210789414471946657e-04 6.861529254820197821e-05
9.957973957061767578e-01 9.957973957061767578e-01 5.363116506487131119e-04 1.314518158324062824e-03 9.425906318938359618e-05 5.625959238386712968e-05
9.957700371742248535e-01 9.957700371742248535e-01 4.667638277169317007e-04 1.439038314856588840e-03 8.446896390523761511e-05 4.831033220398239791e-05
9.959052801132202148e-01 9.959052801132202148e-01 4.428843967616558075e-04 1.409379066899418831e-03 8.134319796226918697e-05 4.417979289428330958e-05
9.959108829498291016e-01 9.959108829498291016e-01 4.026632232125848532e-04 1.543186255730688572e-03 7.538757927250117064e-05 4.244051160640083253e-05
9.962205290794372559e-01 9.962205290794372559e-01 3.476772981230169535e-04 1.394213642925024033e-03 7.292523514479398727e-05 3.920548988389782608e-05
9.961651563644409180e-01 9.961651563644409180e-01 3.591802378650754690e-04 1.378480228595435619e-03 8.034344500629231334e-05 3.991465928265824914e-05
9.959413409233093262e-01 9.959413409233093262e-01 3.284094855189323425e-04 1.528225839138031006e-03 8.321178029291331768e-05 3.937512155971489847e-05
9.957159161567687988e-01 9.957159161567687988e-01 3.260380181018263102e-04 1.609491650015115738e-03 9.198201587423682213e-05 3.995754741481505334e-05
9.955317974090576172e-01 9.955317974090576172e-01 3.281852405052632093e-04 1.725420588627457619e-03 9.541367035126313567e-05 3.937995643354952335e-05
9.953501224517822266e-01 9.953501224517822266e-01 3.140620246995240450e-04 1.805674284696578979e-03 9.714975021779537201e-05 4.009927579318173230e-05
9.955924153327941895e-01 9.955924153327941895e-01 3.118764143437147141e-04 1.657079788856208324e-03 9.952543041436001658e-05 4.039810301037505269e-05
9.958525896072387695e-01 9.958525896072387695e-01 2.896663208957761526e-04 1.559896860271692276e-03 9.451281948713585734e-05 3.883158206008374691e-05
9.957391023635864258e-01 9.957391023635864258e-01 2.852928300853818655e-04 1.614283770322799683e-03 9.867517655948176980e-05 3.988081516581587493e-05
9.957243204116821289e-01 9.957243204116821289e-01 2.675582072697579861e-04 1.617714995518326759e-03 9.834246884565800428e-05 4.061190702486783266e-05
9.958529472351074219e-01 9.958529472351074219e-01 2.766102261375635862e-04 1.533561968244612217e-03 1.079287321772426367e-04 4.269227792974561453e-05
9.955528378486633301e-01 9.955528378486633301e-01 2.851733879651874304e-04 1.632992876693606377e-03 1.175732395495288074e-04 4.657356839743442833e-05
9.958131909370422363e-01 9.958131909370422363e-01 2.554928069002926350e-04 1.547159045003354549e-03 1.110184239223599434e-04 4.579645610647276044e-05
9.959031939506530762e-01 9.959031939506530762e-01 2.625797642394900322e-04 1.486356370151042938e-03 1.167436348623596132e-04 4.644551518140360713e-05
9.957739710807800293e-01 9.957739710807800293e-01 2.722472127061337233e-04 1.531585585325956345e-03 1.273567904718220234e-04 5.055478686699643731e-05
9.958422780036926270e-01 9.958422780036926270e-01 2.591327938716858625e-04 1.475546043366193771e-03 1.265415194211527705e-04 4.949608410242944956e-05
9.959101676940917969e-01 9.959101676940917969e-01 2.529355988372117281e-04 1.461221138015389442e-03 1.192107374663464725e-04 4.845648800255730748e-05
