1.232863044738769531e+01
1.860848999023437500e+01
2.452582931518554688e+01
2.783988952636718750e+01
2.931629943847656250e+01
3.009529876708984375e+01
3.069691085815429688e+01
3.126567459106445312e+01
3.180946350097656250e+01
3.232688903808593750e+01
3.280712127685546875e+01
3.327925109863281250e+01
3.372195816040039062e+01
3.414305114746093750e+01
3.454595565795898438e+01
3.491953277587890625e+01
3.527579116821289062e+01
3.560309982299804688e+01
3.590109252929687500e+01
3.618750000000000000e+01
3.639377212524414062e+01
3.666616439819335938e+01
3.690035247802734375e+01
3.711957931518554688e+01
3.732498168945312500e+01
3.748182678222656250e+01
3.770638275146484375e+01
3.773818969726562500e+01
3.790507125854492188e+01
3.817496109008789062e+01
3.837090301513671875e+01
3.855690765380859375e+01
3.874311065673828125e+01
3.889302062988281250e+01
3.906510543823242188e+01
3.925076675415039062e+01
3.939886474609375000e+01
3.955971908569335938e+01
3.971817016601562500e+01
3.989384078979492188e+01
4.005111694335937500e+01
4.017274093627929688e+01
4.032969284057617188e+01
4.049933624267578125e+01
4.064248657226562500e+01
4.079949569702148438e+01
4.094120788574218750e+01
3.055412864685058594e+01
2.842140007019042969e+01
2.864765167236328125e+01
2.966143989562988281e+01
