1.418287429260089993e-04 1.418287429260089993e-04 1.456425343349110335e-05 9.380768460687249899e-05 1.753225224092602730e-04 1.561618846608325839e-04
3.759883111342787743e-03 3.759883111342787743e-03 1.648681354708969593e-03 3.950812097173184156e-04 1.924727694131433964e-03 2.799546113237738609e-03
5.303496494889259338e-03 5.303496494889259338e-03 9.607631363905966282e-04 2.272372512379661202e-04 3.225023392587900162e-04 8.119890844682231545e-05
1.040261518210172653e-02 1.040261518210172653e-02 9.092616382986307144e-04 3.133971476927399635e-03 1.386517309583723545e-03 7.330504595302045345e-04
2.206415981054306030e-01 2.206415981054306030e-01 6.437904667109251022e-03 3.555399551987648010e-02 9.657561779022216797e-03 2.255723811686038971e-02
5.768479704856872559e-01 5.768479704856872559e-01 1.000570971518754959e-02 3.461965918540954590e-02 1.569491066038608551e-02 2.512731775641441345e-02
7.755872011184692383e-01 7.755872011184692383e-01 7.108789868652820587e-03 2.000119723379611969e-02 1.484659779816865921e-02 2.204853482544422150e-02
8.213164210319519043e-01 8.213164210319519043e-01 8.583156391978263855e-03 1.375910453498363495e-02 1.629379577934741974e-02 1.967135816812515259e-02
8.358035087585449219e-01 8.358035087585449219e-01 1.190759800374507904e-02 1.003615744411945343e-02 2.134416811168193817e-02 1.785310357809066772e-02
8.441184759140014648e-01 8.441184759140014648e-01 1.504148077219724655e-02 7.480115629732608795e-03 2.339986152946949005e-02 1.758188568055629730e-02
8.589684963226318359e-01 8.589684963226318359e-01 1.666365750133991241e-02 6.600394845008850098e-03 2.298964187502861023e-02 1.609138026833534241e-02
8.673571348190307617e-01 8.673571348190307617e-01 1.600687205791473389e-02 6.758224684745073318e-03 2.001557685434818268e-02 1.625330187380313873e-02
8.715946078300476074e-01 8.715946078300476074e-01 1.849859394133090973e-02 6.321000400930643082e-03 1.903772167861461639e-02 1.548436284065246582e-02
8.771901726722717285e-01 8.771901726722717285e-01 1.910411007702350616e-02 6.432611029595136642e-03 1.801360957324504852e-02 1.425691135227680206e-02
8.798113465309143066e-01 8.798113465309143066e-01 2.040457539260387421e-02 6.408245768398046494e-03 1.725032925605773926e-02 1.389525644481182098e-02
8.856039643287658691e-01 8.856039643287658691e-01 1.998335123062133789e-02 6.387537345290184021e-03 1.622974686324596405e-02 1.370102260261774063e-02
8.854952454566955566e-01 8.854952454566955566e-01 2.162016555666923523e-02 6.263969466090202332e-03 1.572354696691036224e-02 1.307159010320901871e-02
8.867892622947692871e-01 8.867892622947692871e-01 2.255456335842609406e-02 6.322167348116636276e-03 1.502730045467615128e-02 1.255969610065221786e-02
8.906820416450500488e-01 8.906820416450500488e-01 2.235915884375572205e-02 6.188896484673023224e-03 1.431781891733407974e-02 1.163016259670257568e-02
8.905267715454101562e-01 8.905267715454101562e-01 2.243537269532680511e-02 6.460931617766618729e-03 1.443987898528575897e-02 1.173363812267780304e-02
8.919602632522583008e-01 8.919602632522583008e-01 2.219892852008342743e-02 6.629768759012222290e-03 1.392557285726070404e-02 1.090920902788639069e-02
8.908559679985046387e-01 8.908559679985046387e-01 2.200811915099620819e-02 7.188540883362293243e-03 1.381659694015979767e-02 1.115660835057497025e-02
8.914031386375427246e-01 8.914031386375427246e-01 2.233894355595111847e-02 7.410103920847177505e-03 1.357215829193592072e-02 1.110137347131967545e-02
8.913192152976989746e-01 8.913192152976989746e-01 2.145584486424922943e-02 7.835078053176403046e-03 1.366280764341354370e-02 1.077103521674871445e-02
8.924207687377929688e-01 8.924207687377929688e-01 2.194468304514884949e-02 7.619939278811216354e-03 1.320946495980024338e-02 1.004888676106929779e-02
8.907172083854675293e-01 8.907172083854675293e-01 2.222506329417228699e-02 8.260916918516159058e-03 1.303745992481708527e-02 1.026186347007751465e-02
8.914827108383178711e-01 8.914827108383178711e-01 2.283362299203872681e-02 7.690603379160165787e-03 1.274774223566055298e-02 9.661654941737651825e-03
8.861900568008422852e-01 8.861900568008422852e-01 2.515769563615322113e-02 7.969562895596027374e-03 1.257671881467103958e-02 9.830188006162643433e-03
8.867208361625671387e-01 8.867208361625671387e-01 2.514557912945747375e-02 8.321760222315788269e-03 1.246624812483787537e-02 9.711778722703456879e-03
8.880155682563781738e-01 8.880155682563781738e-01 2.461089193820953369e-02 8.633041754364967346e-03 1.207861118018627167e-02 9.637957438826560974e-03
8.844797015190124512e-01 8.844797015190124512e-01 2.614705078303813934e-02 8.834225125610828400e-03 1.200101058930158615e-02 9.440178051590919495e-03
8.838397860527038574e-01 8.838397860527038574e-01 2.638162299990653992e-02 9.034671820700168610e-03 1.179772615432739258e-02 9.571727365255355835e-03
8.832416534423828125e-01 8.832416534423828125e-01 2.690067514777183533e-02 9.122516959905624390e-03 1.172845531255006790e-02 9.510093368589878082e-03
8.800889253616333008e-01 8.800889253616333008e-01 2.826705761253833771e-02 9.340485557913780212e-03 1.156633254140615463e-02 1.002138387411832809e-02
8.802623748779296875e-01 8.802623748779296875e-01 2.946366183459758759e-02 9.149728342890739441e-03 1.162057090550661087e-02 9.802520275115966797e-03
8.782650232315063477e-01 8.782650232315063477e-01 3.055294975638389587e-02 9.310857392847537994e-03 1.166759897023439407e-02 9.809263050556182861e-03
8.785396814346313477e-01 8.785396814346313477e-01 3.068908862769603729e-02 9.439188987016677856e-03 1.157744042575359344e-02 9.670592844486236572e-03
8.805277943611145020e-01 8.805277943611145020e-01 2.931612543761730194e-02 9.522028267383575439e-03 1.155502907931804657e-02 9.678861126303672791e-03
8.833624720573425293e-01 8.833624720573425293e-01 2.826589904725551605e-02 9.553110226988792419e-03 1.141748204827308655e-02 9.741555899381637573e-03
8.803877234458923340e-01 8.803877234458923340e-01 2.972717396914958954e-02 9.545897133648395538e-03 1.142913848161697388e-02 9.779758751392364502e-03
8.796327710151672363e-01 8.796327710151672363e-01 2.989877015352249146e-02 9.777383878827095032e-03 1.111026015132665634e-02 9.509827941656112671e-03
8.813912868499755859e-01 8.813912868499755859e-01 2.914985083043575287e-02 9.642395190894603729e-03 1.115210913121700287e-02 9.536539204418659210e-03
8.780353069305419922e-01 8.780353069305419922e-01 3.043400309979915619e-02 1.018231827765703201e-02 1.096858736127614975e-02 9.684232063591480255e-03
8.782528042793273926e-01 8.782528042793273926e-01 3.110714256763458252e-02 9.967247024178504944e-03 1.102611050009727478e-02 9.497616440057754517e-03
8.782411217689514160e-01 8.782411217689514160e-01 3.149928897619247437e-02 9.961517527699470520e-03 1.080566179007291794e-02 9.338633157312870026e-03
8.773294091224670410e-01 8.773294091224670410e-01 3.119370713829994202e-02 1.048221811652183533e-02 1.102912798523902893e-02 9.730034507811069489e-03
8.782548308372497559e-01 8.782548308372497559e-01 3.073984757065773010e-02 1.055280584841966629e-02 1.095014065504074097e-02 9.848169982433319092e-03
8.756023645401000977e-01 8.756023645401000977e-01 3.167822584509849548e-02 1.060613151639699936e-02 1.106812246143817902e-02 1.000388897955417633e-02
8.756651878356933594e-01 8.756651878356933594e-01 3.025734424591064453e-02 1.125428732484579086e-02 1.103663071990013123e-02 1.009011548012495041e-02
8.765755295753479004e-01 8.765755295753479004e-01 3.002472966909408569e-02 1.148075144737958908e-02 1.085949968546628952e-02 1.006814651191234589e-02
8.758344054222106934e-01 8.758344054222106934e-01 3.026697225868701935e-02 1.167239621281623840e-02 1.100799255073070526e-02 1.023225951939821243e-02
