4.360220918897539377e-04 4.360220918897539377e-04 9.364385041408240795e-04 7.008074317127466202e-03 1.168021582998335361e-03 4.699520650319755077e-04
8.623661398887634277e-01 8.623661398887634277e-01 2.028953458648175001e-04 2.202439645770937204e-04 3.967829793691635132e-02 3.781335544772446156e-05
9.689902663230895996e-01 9.689902663230895996e-01 5.779602797701954842e-04 3.422370064072310925e-04 1.034743897616863251e-02 4.962133243680000305e-04
9.329763650894165039e-01 9.329763650894165039e-01 5.398509558290243149e-03 1.522486418252810836e-04 4.905417189002037048e-02 3.058218862861394882e-04
7.829353809356689453e-01 7.829353809356689453e-01 2.078076079487800598e-02 2.292533317813649774e-04 1.741493940353393555e-01 1.806302316254004836e-04
7.978393435478210449e-01 7.978393435478210449e-01 3.130081668496131897e-02 2.797213091980665922e-04 1.537442207336425781e-01 6.319269596133381128e-05
8.523312807083129883e-01 8.523312807083129883e-01 4.228846728801727295e-02 3.089199308305978775e-04 9.169298410415649414e-02 2.880413012462668121e-05
8.874588608741760254e-01 8.874588608741760254e-01 4.911295324563980103e-02 2.951244241558015347e-04 5.305729061365127563e-02 1.940207039297092706e-05
9.152529239654541016e-01 9.152529239654541016e-01 4.985584318637847900e-02 2.388826687820255756e-04 2.829827927052974701e-02 1.365309617540333420e-05
9.237961173057556152e-01 9.237961173057556152e-01 5.196459591388702393e-02 1.935651380335912108e-04 1.919421739876270294e-02 1.326107121712993830e-05
9.297045469284057617e-01 9.297045469284057617e-01 5.256596580147743225e-02 1.628194004297256470e-04 1.377964019775390625e-02 1.348651130683720112e-05
9.306848645210266113e-01 9.306848645210266113e-01 5.420093238353729248e-02 1.540822995593771338e-04 1.157649699598550797e-02 1.481580784457037225e-05
9.314311742782592773e-01 9.314311742782592773e-01 5.663935095071792603e-02 1.504942483734339476e-04 8.954274468123912811e-03 1.683608934399671853e-05
9.267236590385437012e-01 9.267236590385437012e-01 6.237742304801940918e-02 1.631420018384233117e-04 7.938852533698081970e-03 2.050677176157478243e-05
9.279632568359375000e-01 9.279632568359375000e-01 6.184902414679527283e-02 1.603260170668363571e-04 7.400802336633205414e-03 2.358133860980160534e-05
9.334828257560729980e-01 9.334828257560729980e-01 5.797560885548591614e-02 1.467164693167433143e-04 6.255164742469787598e-03 2.205788950959686190e-05
9.389587640762329102e-01 9.389587640762329102e-01 5.385765433311462402e-02 1.429964322596788406e-04 5.149859935045242310e-03 2.339039019716437906e-05
9.392806291580200195e-01 9.392806291580200195e-01 5.456455051898956299e-02 1.369170640828087926e-04 4.359919577836990356e-03 2.314330413355492055e-05
9.359595775604248047e-01 9.359595775604248047e-01 5.853687226772308350e-02 1.544079859741032124e-04 3.733670804649591446e-03 2.613010656205005944e-05
9.328208565711975098e-01 9.328208565711975098e-01 6.221460178494453430e-02 1.627994934096932411e-04 3.250111127272248268e-03 2.785242759273387492e-05
9.296780824661254883e-01 9.296780824661254883e-01 6.578321009874343872e-02 1.776548742782324553e-04 2.815600950270891190e-03 3.450384610914625227e-05
9.291143417358398438e-01 9.291143417358398438e-01 6.689871847629547119e-02 1.864735531853511930e-04 2.375273965299129486e-03 3.455323894741013646e-05
9.256425499916076660e-01 9.256425499916076660e-01 7.059921324253082275e-02 2.057791571132838726e-04 2.120940480381250381e-03 4.132865069550462067e-05
9.223788976669311523e-01 9.223788976669311523e-01 7.414269447326660156e-02 2.378618228249251842e-04 1.869982690550386906e-03 4.335496851126663387e-05
9.194160103797912598e-01 9.194160103797912598e-01 7.728393375873565674e-02 2.527126925997436047e-04 1.713862060569226742e-03 4.525434997049160302e-05
9.176024794578552246e-01 9.176024794578552246e-01 7.928228378295898438e-02 2.775693137664347887e-04 1.544585567899048328e-03 4.653877840610221028e-05
9.236260056495666504e-01 9.236260056495666504e-01 7.362394034862518311e-02 2.708798856474459171e-04 1.337232068181037903e-03 4.578680818667635322e-05
9.233884215354919434e-01 9.233884215354919434e-01 7.410960644483566284e-02 2.896759542636573315e-04 1.134095829911530018e-03 4.985602572560310364e-05
9.260227680206298828e-01 9.260227680206298828e-01 7.158530503511428833e-02 3.146665112581104040e-04 1.037293579429388046e-03 5.248825254966504872e-05
9.289845824241638184e-01 9.289845824241638184e-01 6.882160902023315430e-02 3.188410482835024595e-04 9.134830906987190247e-04 5.214341945247724652e-05
9.260280132293701172e-01 9.260280132293701172e-01 7.186335325241088867e-02 3.320353571325540543e-04 8.675528224557638168e-04 5.140798384672962129e-05
9.229338765144348145e-01 9.229338765144348145e-01 7.501570880413055420e-02 3.511338145472109318e-04 8.029886521399021149e-04 5.268797758617438376e-05
9.250805974006652832e-01 9.250805974006652832e-01 7.303233444690704346e-02 3.453927929513156414e-04 7.234467193484306335e-04 4.954026735504157841e-05
9.279120564460754395e-01 9.279120564460754395e-01 7.029378414154052734e-02 3.597037284635007381e-04 6.390129565261304379e-04 4.969137808075174689e-05
9.285494685173034668e-01 9.285494685173034668e-01 6.966884434223175049e-02 3.706950228661298752e-04 6.102822371758520603e-04 5.672028419212438166e-05
9.301928877830505371e-01 9.301928877830505371e-01 6.816897541284561157e-02 3.762598789762705564e-04 5.361554794944822788e-04 5.137531479704193771e-05
9.340929985046386719e-01 9.340929985046386719e-01 6.434935331344604492e-02 3.797430254053324461e-04 4.941963707096874714e-04 5.240050813881680369e-05
9.344114661216735840e-01 9.344114661216735840e-01 6.408946216106414795e-02 3.737210645340383053e-04 4.756959096994251013e-04 5.179805157240480185e-05
9.359227418899536133e-01 9.359227418899536133e-01 6.262928247451782227e-02 3.911727399099618196e-04 4.336379352025687695e-04 5.032118497183546424e-05
9.358304142951965332e-01 9.358304142951965332e-01 6.273010373115539551e-02 3.980794281233102083e-04 4.225524025969207287e-04 5.169880751054733992e-05
9.389064311981201172e-01 9.389064311981201172e-01 5.977254360914230347e-02 3.864217433147132397e-04 3.727589501067996025e-04 4.836127845919691026e-05
9.394797086715698242e-01 9.394797086715698242e-01 5.923605337738990784e-02 3.921040915884077549e-04 3.568360989447683096e-04 4.556286148726940155e-05
9.383863210678100586e-01 9.383863210678100586e-01 6.034000962972640991e-02 4.039096820633858442e-04 3.349301696289330721e-04 4.890036871074698865e-05
9.421151876449584961e-01 9.421151876449584961e-01 5.666464939713478088e-02 3.993214340880513191e-04 3.184715751558542252e-04 4.629217437468469143e-05
9.403475522994995117e-01 9.403475522994995117e-01 5.841638520359992981e-02 4.177355440333485603e-04 3.111534751951694489e-04 4.746919876197353005e-05
9.399682879447937012e-01 9.399682879447937012e-01 5.882431939244270325e-02 4.145993443671613932e-04 3.017137350980192423e-04 4.660867489292286336e-05
9.409395456314086914e-01 9.409395456314086914e-01 5.786440894007682800e-02 4.264945164322853088e-04 2.921739360317587852e-04 4.530250589596107602e-05
9.412447810173034668e-01 9.412447810173034668e-01 5.759261175990104675e-02 4.260303103365004063e-04 2.736080496106296778e-04 4.771292515215463936e-05
9.403457045555114746e-01 9.403457045555114746e-01 5.847797170281410217e-02 4.454475129023194313e-04 2.694159629754722118e-04 4.674185765907168388e-05
9.402514100074768066e-01 9.402514100074768066e-01 5.866654589772224426e-02 4.253250663168728352e-04 2.430154709145426750e-04 4.216950765112414956e-05
9.429801702499389648e-01 9.429801702499389648e-01 5.592422932386398315e-02 4.389739769976586103e-04 2.369934954913333058e-04 4.376353172119706869e-05
