1.158261013031005859e+01
1.781071090698242188e+01
2.234884834289550781e+01
2.471876335144042969e+01
2.593852996826171875e+01
2.676839256286621094e+01
2.744093132019042969e+01
2.799374961853027344e+01
2.846815109252929688e+01
2.888808250427246094e+01
2.925809288024902344e+01
2.962026023864746094e+01
2.996192169189453125e+01
3.031662940979003906e+01
3.064814758300781250e+01
3.098497390747070312e+01
3.131734466552734375e+01
3.162772750854492188e+01
3.194463729858398438e+01
3.225570297241210938e+01
3.254719543457031250e+01
3.285877227783203125e+01
3.314913558959960938e+01
3.344441604614257812e+01
3.369402313232421875e+01
3.397478103637695312e+01
3.425064849853515625e+01
3.452079391479492188e+01
3.476383209228515625e+01
3.499464035034179688e+01
3.523289108276367188e+01
3.547633743286132812e+01
3.571112060546875000e+01
3.591766357421875000e+01
3.613960266113281250e+01
3.635420608520507812e+01
3.657223892211914062e+01
3.676626586914062500e+01
3.693273162841796875e+01
3.712543869018554688e+01
3.731115722656250000e+01
3.750545501708984375e+01
3.767662048339843750e+01
3.784668731689453125e+01
3.799493026733398438e+01
3.814764022827148438e+01
3.832081985473632812e+01
3.849676895141601562e+01
3.865882873535156250e+01
3.875939941406250000e+01
3.895326995849609375e+01
