8.680656173964962363e-05 8.680656173964962363e-05 1.951752201421186328e-04 4.694560484495013952e-04 1.231243513757362962e-04 2.581157721579074860e-03
5.837551361764781177e-05 5.837551361764781177e-05 8.491700282320380211e-05 1.230284542543813586e-04 2.015892096096649766e-04 1.258183177560567856e-02
5.279258359223604202e-03 5.279258359223604202e-03 8.195939473807811737e-03 5.217282450757920742e-04 1.311056897975504398e-03 2.482079900801181793e-03
9.993814863264560699e-03 9.993814863264560699e-03 1.905551180243492126e-02 1.885153033072128892e-04 6.684637046419084072e-04 4.488165141083300114e-04
2.890484221279621124e-02 2.890484221279621124e-02 2.943464182317256927e-02 5.904664867557585239e-04 7.337847491726279259e-04 5.965727032162249088e-04
3.402046486735343933e-02 3.402046486735343933e-02 1.973597146570682526e-02 1.131661352701485157e-03 1.302285003475844860e-03 7.358155562542378902e-04
2.394934184849262238e-02 2.394934184849262238e-02 1.372725330293178558e-02 7.999392109923064709e-04 1.919797505252063274e-03 6.404755404219031334e-04
4.138491302728652954e-02 4.138491302728652954e-02 1.635403186082839966e-02 6.131147383712232113e-04 2.930173417553305626e-03 1.379158231429755688e-03
7.631560415029525757e-02 7.631560415029525757e-02 2.760855481028556824e-02 3.482298343442380428e-04 2.980518387630581856e-03 4.884421825408935547e-03
1.503124535083770752e-01 1.503124535083770752e-01 4.209215566515922546e-02 2.237858570879325271e-04 2.502842107787728310e-03 1.087705139070749283e-02
1.835986375808715820e-01 1.835986375808715820e-01 5.136323347687721252e-02 2.552770602051168680e-04 1.533340080641210079e-03 1.399837154895067215e-02
2.574419975280761719e-01 2.574419975280761719e-01 6.860577315092086792e-02 2.415911149000748992e-04 1.265959348529577255e-03 2.975394763052463531e-02
4.270175099372863770e-01 4.270175099372863770e-01 9.120598435401916504e-02 2.005888673011213541e-04 1.257472089491784573e-03 2.956818975508213043e-02
6.375783681869506836e-01 6.375783681869506836e-01 8.981050550937652588e-02 1.112125901272520423e-04 1.306422287598252296e-03 2.277132123708724976e-02
7.315083742141723633e-01 7.315083742141723633e-01 8.506870269775390625e-02 5.773251177743077278e-05 9.862200822681188583e-04 1.193583011627197266e-02
7.597762942314147949e-01 7.597762942314147949e-01 7.496105879545211792e-02 5.409944787970744073e-05 7.045304519124329090e-04 1.142510119825601578e-02
7.698691487312316895e-01 7.698691487312316895e-01 6.310773640871047974e-02 5.658297959598712623e-05 5.921078263781964779e-04 1.418984029442071915e-02
7.746781110763549805e-01 7.746781110763549805e-01 5.624860152602195740e-02 6.262791430344805121e-05 6.936871213838458061e-04 1.617173478007316589e-02
8.018367886543273926e-01 8.018367886543273926e-01 5.082865804433822632e-02 5.440409950097091496e-05 5.318158073350787163e-04 1.691418141126632690e-02
8.348036408424377441e-01 8.348036408424377441e-01 4.700930044054985046e-02 4.468513361643999815e-05 3.353706269990652800e-04 1.771494373679161072e-02
8.877409696578979492e-01 8.877409696578979492e-01 4.010077565908432007e-02 2.644776213855948299e-05 1.741402375046163797e-04 1.206080056726932526e-02
9.022164344787597656e-01 9.022164344787597656e-01 3.618784248828887939e-02 2.203518306487239897e-05 1.149045710917562246e-04 1.127868331968784332e-02
9.204612374305725098e-01 9.204612374305725098e-01 3.347399458289146423e-02 1.865038029791321605e-05 8.226367208408191800e-05 8.195417933166027069e-03
9.291254281997680664e-01 9.291254281997680664e-01 2.875038422644138336e-02 1.764851549523882568e-05 6.379205296980217099e-05 7.215555757284164429e-03
9.280246496200561523e-01 9.280246496200561523e-01 2.841437421739101410e-02 1.820441502786707133e-05 5.849055014550685883e-05 7.276455871760845184e-03
9.308905005455017090e-01 9.308905005455017090e-01 2.692716754972934723e-02 2.075764496112242341e-05 5.567672633333131671e-05 6.160410586744546890e-03
9.376031756401062012e-01 9.376031756401062012e-01 2.241593226790428162e-02 2.225702883151825517e-05 5.414478437160141766e-05 5.830619484186172485e-03
9.380158185958862305e-01 9.380158185958862305e-01 2.061737515032291412e-02 2.205241253250278533e-05 5.496715675690211356e-05 5.492706783115863800e-03
9.425200223922729492e-01 9.425200223922729492e-01 1.820004545152187347e-02 1.998798870772588998e-05 4.478837217902764678e-05 5.099504254758358002e-03
9.451291561126708984e-01 9.451291561126708984e-01 1.615874655544757843e-02 1.652090031711850315e-05 4.332120079197920859e-05 4.331373143941164017e-03
9.419580101966857910e-01 9.419580101966857910e-01 1.672596856951713562e-02 1.690034514467697591e-05 3.581298733479343355e-05 4.410121124237775803e-03
9.418798685073852539e-01 9.418798685073852539e-01 1.582968235015869141e-02 1.625527511350810528e-05 3.410182398511096835e-05 4.015074111521244049e-03
9.428366422653198242e-01 9.428366422653198242e-01 1.483297254890203476e-02 1.269804306502919644e-05 2.733124165388289839e-05 3.279620781540870667e-03
9.420626163482666016e-01 9.420626163482666016e-01 1.395881175994873047e-02 1.080347283277660608e-05 2.680001853150315583e-05 2.428707666695117950e-03
9.498625993728637695e-01 9.498625993728637695e-01 1.281940937042236328e-02 8.063335371844004840e-06 1.961272209882736206e-05 1.771343173459172249e-03
9.521603584289550781e-01 9.521603584289550781e-01 1.278472971171140671e-02 7.435602583427680656e-06 1.839573087636381388e-05 1.397158484905958176e-03
9.505504965782165527e-01 9.505504965782165527e-01 1.241719257086515427e-02 6.336171281873248518e-06 1.822025296860374510e-05 1.223824103362858295e-03
9.554717540740966797e-01 9.554717540740966797e-01 1.095601078122854233e-02 5.594599770120112225e-06 1.823824277380481362e-05 9.178674663417041302e-04
9.499145746231079102e-01 9.499145746231079102e-01 1.099918968975543976e-02 5.307558240019716322e-06 2.200994094891939312e-05 8.858370129019021988e-04
9.472064375877380371e-01 9.472064375877380371e-01 1.179110817611217499e-02 5.584843620454194024e-06 2.483205025782808661e-05 8.800667128525674343e-04
9.438173770904541016e-01 9.438173770904541016e-01 1.332582067698240280e-02 5.768605205958010629e-06 2.867903276637662202e-05 1.078149303793907166e-03
9.398762583732604980e-01 9.398762583732604980e-01 1.428852137178182602e-02 5.992038495605811477e-06 3.304742131149396300e-05 8.384169777855277061e-04
9.340422153472900391e-01 9.340422153472900391e-01 1.558992918580770493e-02 6.165988907014252618e-06 3.938948066206648946e-05 7.996424683369696140e-04
9.286657571792602539e-01 9.286657571792602539e-01 1.744356192648410797e-02 6.587967163795838133e-06 4.596062353812158108e-05 6.889936048537492752e-04
9.247655272483825684e-01 9.247655272483825684e-01 1.846148259937763214e-02 6.307534022198524326e-06 5.168136704014614224e-05 5.146881449036300182e-04
9.182454943656921387e-01 9.182454943656921387e-01 2.137800306081771851e-02 6.961982307984726503e-06 5.781610525446012616e-05 4.219154070597141981e-04
9.240716695785522461e-01 9.240716695785522461e-01 2.274433523416519165e-02 7.471539447578834370e-06 5.323131699697114527e-05 3.275863418821245432e-04
9.297783374786376953e-01 9.297783374786376953e-01 2.296954393386840820e-02 8.113138392218388617e-06 5.268850873108021915e-05 2.367511333432048559e-04
9.275587797164916992e-01 9.275587797164916992e-01 2.459276095032691956e-02 8.010591045604087412e-06 5.292201967677101493e-05 1.855342852650210261e-04
9.226086735725402832e-01 9.226086735725402832e-01 2.628149650990962982e-02 9.786126611288636923e-06 5.770641655544750392e-05 1.948899589478969574e-04
9.195323586463928223e-01 9.195323586463928223e-01 2.741692028939723969e-02 9.692759704194031656e-06 5.634324770653620362e-05 1.529873406980186701e-04
