1.930994145061880427e-04
3.886290592246982502e-03
6.549825653901312009e-03
1.209834705559924631e-03
3.860897428159652985e-03
5.576972008219578149e-03
2.035355209528413520e-02
8.367895668522626340e-03
4.555275134225286390e-03
4.402206513545225096e-03
6.807220461754403054e-03
1.434372392163486137e-02
3.136969943127457250e-02
6.158611895152159982e-02
1.111515267737393370e-01
1.576952040666790289e-01
2.412117355225101845e-01
3.480052777219028171e-01
3.842989011435824498e-01
4.454080672203856728e-01
5.313514117919122537e-01
6.106812161748922385e-01
6.206205695490510932e-01
6.951951397209041872e-01
8.087715899622676119e-01
8.549186855112798078e-01
9.004487132245977410e-01
9.596105969639350253e-01
1.027043926433263810e+00
1.100965004173841688e+00
1.169707142993513971e+00
1.188104105012825817e+00
1.204011553438628424e+00
1.232493893015815134e+00
1.257289594366190144e+00
1.287595248851338248e+00
1.292057945992945989e+00
1.319165403697572181e+00
1.328962121222487580e+00
1.317163679947569443e+00
1.297644397294467122e+00
1.286460547764666895e+00
1.330202381960038149e+00
1.322465641473943743e+00
1.359715557140253495e+00
1.355255205768665538e+00
1.396870078159102135e+00
1.403459476464530953e+00
1.422212213603472275e+00
1.413761055825873081e+00
1.428105569815882436e+00
