          0  0.08250872 10.83500195
        100  0.02046311 16.89028549
        200  0.01547788 18.10288620
        300  0.01328874 18.76515961
        400  0.01207094 19.18258858
        500  0.01152085 19.38515472
        600  0.01056981 19.75932693
        700  0.01029369 19.87428856
        800  0.00916750 20.37748909
        900  0.00895676 20.47849083
       1000  0.00845590 20.72840309
       1100  0.00839961 20.75740814
       1200  0.00817186 20.87679100
       1300  0.00798027 20.97982407
       1400  0.00789755 21.02507591
       1500  0.00760170 21.19089127
       1600  0.00754492 21.22345352
       1700  0.00750167 21.24841881
       1800  0.00751197 21.24246407
       1900  0.00712037 21.47497177
       2000  0.00716326 21.44889259
       2100  0.00714372 21.46075630
       2200  0.00699409 21.55268860
       2300  0.00685961 21.63700485
       2400  0.00687712 21.62593269
       2500  0.00676807 21.69535255
       2600  0.00672065 21.72588539
       2700  0.00667530 21.75529289
       2800  0.00678828 21.68240356
       2900  0.00660766 21.79952049
       3000  0.00651823 21.85870171
       3100  0.00657486 21.82113647
       3200  0.00651823 21.85870361
       3300  0.00653206 21.84950256
       3400  0.00646104 21.89697456
       3500  0.00650709 21.86612892
       3600  0.00643219 21.91640854
       3700  0.00717996 21.43877792
       3800  0.00618582 22.08602905
       3900  0.00647489 21.88767242
       4000  0.00611929 22.13299370
       4100  0.00610350 22.14421082
       4200  0.00616240 22.10249901
       4300  0.00621495 22.06562614
       4400  0.00604449 22.18640327
       4500  0.00622929 22.05561447
       4600  0.00613509 22.12178993
       4700  0.00619974 22.07626343
       4800  0.00603410 22.19387245
       4900  0.00594438 22.25893211
       5000  0.00600783 22.21282196
