8.536122622899711132e-04 8.536122622899711132e-04 1.325181801803410053e-04 3.454898542258888483e-04 3.237847704440355301e-05 1.199055332108400762e-04
3.517718752846121788e-03 3.517718752846121788e-03 1.251124660484492779e-03 5.734669044613838196e-03 2.504628791939467192e-04 2.050119452178478241e-03
7.278512697666883469e-03 7.278512697666883469e-03 1.282462384551763535e-03 7.728275377303361893e-03 1.509612047811970115e-04 4.274860955774784088e-03
6.657298803329467773e-01 6.657298803329467773e-01 1.626105397008359432e-03 2.991897054016590118e-02 4.785759374499320984e-04 2.602375345304608345e-03
9.220623373985290527e-01 9.220623373985290527e-01 8.016212377697229385e-04 2.315967157483100891e-02 3.339039103593677282e-04 1.231940230354666710e-03
7.971556782722473145e-01 7.971556782722473145e-01 6.573245394974946976e-03 4.559857025742530823e-02 6.317350780591368675e-04 6.148669403046369553e-03
8.217318654060363770e-01 8.217318654060363770e-01 3.604247001931071281e-03 6.631764024496078491e-02 7.205504225566983223e-04 2.687426051124930382e-03
8.351260423660278320e-01 8.351260423660278320e-01 3.050519386306405067e-03 5.949963256716728210e-02 6.366368033923208714e-04 1.851193606853485107e-03
8.809543848037719727e-01 8.809543848037719727e-01 1.644654665142297745e-03 4.957346618175506592e-02 5.665101925842463970e-04 1.313694985583424568e-03
9.110034108161926270e-01 9.110034108161926270e-01 9.631821885704994202e-04 4.800547286868095398e-02 6.064323242753744125e-04 9.266366832889616489e-04
9.285483360290527344e-01 9.285483360290527344e-01 4.749356012325733900e-04 5.138458311557769775e-02 6.151055567897856236e-04 6.334075587801635265e-04
9.432541131973266602e-01 9.432541131973266602e-01 2.747195539996027946e-04 4.855777695775032043e-02 5.538791301660239697e-04 4.321646410971879959e-04
9.544210433959960938e-01 9.544210433959960938e-01 4.814700223505496979e-04 3.798269480466842651e-02 5.160690052434802055e-04 6.956003489904105663e-04
9.532846808433532715e-01 9.532846808433532715e-01 8.326912648044526577e-04 3.753373399376869202e-02 7.032258436083793640e-04 9.774107020348310471e-04
9.461669921875000000e-01 9.461669921875000000e-01 1.332931802608072758e-03 4.336929321289062500e-02 9.380851406604051590e-04 1.267266110517084599e-03
9.342585802078247070e-01 9.342585802078247070e-01 1.657916116528213024e-03 5.412147566676139832e-02 1.446358743123710155e-03 1.533383154310286045e-03
9.195044636726379395e-01 9.195044636726379395e-01 2.155644353479146957e-03 6.663860380649566650e-02 2.211914630606770515e-03 1.883521908894181252e-03
9.235505461692810059e-01 9.235505461692810059e-01 2.592524979263544083e-03 6.235027313232421875e-02 2.696191659197211266e-03 1.668409444391727448e-03
9.201153516769409180e-01 9.201153516769409180e-01 2.459688577800989151e-03 6.717775017023086548e-02 3.181213513016700745e-03 1.235206145793199539e-03
9.240005016326904297e-01 9.240005016326904297e-01 2.741933567449450493e-03 6.334457546472549438e-02 3.322061384096741676e-03 1.106365234591066837e-03
9.260550737380981445e-01 9.260550737380981445e-01 2.895288402214646339e-03 6.064422801136970520e-02 3.646330675110220909e-03 1.122269197367131710e-03
9.266794323921203613e-01 9.266794323921203613e-01 2.858556108549237251e-03 6.069674715399742126e-02 3.948722034692764282e-03 9.711094899103045464e-04
9.275469779968261719e-01 9.275469779968261719e-01 2.889638999477028847e-03 5.876310169696807861e-02 4.674213472753763199e-03 9.950507665053009987e-04
9.287618994712829590e-01 9.287618994712829590e-01 2.562045585364103317e-03 5.863694474101066589e-02 5.051502492278814316e-03 8.405937114730477333e-04
9.331688880920410156e-01 9.331688880920410156e-01 2.143667778000235558e-03 5.528966337442398071e-02 5.363364703953266144e-03 6.993878632783889771e-04
9.299170970916748047e-01 9.299170970916748047e-01 2.075881231576204300e-03 5.807998031377792358e-02 6.081469357013702393e-03 7.143567199818789959e-04
9.291911125183105469e-01 9.291911125183105469e-01 1.972092781215906143e-03 5.938681215047836304e-02 5.871982313692569733e-03 7.122075767256319523e-04
9.232267141342163086e-01 9.232267141342163086e-01 1.735409721732139587e-03 6.581541895866394043e-02 5.920252762734889984e-03 6.767059094272553921e-04
9.295390248298645020e-01 9.295390248298645020e-01 1.604824676178395748e-03 6.071398407220840454e-02 5.081939045339822769e-03 6.519364542327821255e-04
9.292305111885070801e-01 9.292305111885070801e-01 1.364193740300834179e-03 6.147332116961479187e-02 5.081740207970142365e-03 6.249016732908785343e-04
9.365041851997375488e-01 9.365041851997375488e-01 1.363929593935608864e-03 5.490928143262863159e-02 4.412591923028230667e-03 5.985420430079102516e-04
9.397482275962829590e-01 9.397482275962829590e-01 1.449927920475602150e-03 5.177984014153480530e-02 4.188896622508764267e-03 6.016106344759464264e-04
9.364374876022338867e-01 9.364374876022338867e-01 1.664457726292312145e-03 5.448916181921958923e-02 4.307425115257501602e-03 6.724041886627674103e-04
9.363759160041809082e-01 9.363759160041809082e-01 1.718349987640976906e-03 5.449618026614189148e-02 4.206307698041200638e-03 6.374378572218120098e-04
9.420896172523498535e-01 9.420896172523498535e-01 1.864324440248310566e-03 4.855215921998023987e-02 4.090750124305486679e-03 6.533562554977834225e-04
9.465737938880920410e-01 9.465737938880920410e-01 1.626324141398072243e-03 4.450174421072006226e-02 4.104263614863157272e-03 5.880580283701419830e-04
9.512445330619812012e-01 9.512445330619812012e-01 1.853087218478322029e-03 3.932798281311988831e-02 4.193944390863180161e-03 6.009871140122413635e-04
9.602574110031127930e-01 9.602574110031127930e-01 1.691225101239979267e-03 3.109513409435749054e-02 4.088725429028272629e-03 5.171371740289032459e-04
9.619020223617553711e-01 9.619020223617553711e-01 1.515780808404088020e-03 2.926206961274147034e-02 4.803012590855360031e-03 4.630728799384087324e-04
9.634440541267395020e-01 9.634440541267395020e-01 1.958232838660478592e-03 2.721225842833518982e-02 4.676649812608957291e-03 4.731440858449786901e-04
9.664657711982727051e-01 9.664657711982727051e-01 2.169730607420206070e-03 2.453449368476867676e-02 4.287099465727806091e-03 4.656628007069230080e-04
9.688171744346618652e-01 9.688171744346618652e-01 2.546884585171937943e-03 2.176791056990623474e-02 4.253899678587913513e-03 4.991627647541463375e-04
9.693576693534851074e-01 9.693576693534851074e-01 3.109608078375458717e-03 2.067022211849689484e-02 3.926686476916074753e-03 5.920990952290594578e-04
9.689089059829711914e-01 9.689089059829711914e-01 3.309846390038728714e-03 2.059756033122539520e-02 4.060284700244665146e-03 5.924738943576812744e-04
9.718548655509948730e-01 9.718548655509948730e-01 3.521916689351201057e-03 1.766187325119972229e-02 3.926787059754133224e-03 5.792281590402126312e-04
9.722328782081604004e-01 9.722328782081604004e-01 4.015167709439992905e-03 1.667957194149494171e-02 3.796118777245283127e-03 6.028310745023190975e-04
9.685100913047790527e-01 9.685100913047790527e-01 5.040593910962343216e-03 1.832382194697856903e-02 4.020375665277242661e-03 7.263582665473222733e-04
9.675021171569824219e-01 9.675021171569824219e-01 5.512266419827938080e-03 1.918440498411655426e-02 3.721649292856454849e-03 7.063166121952235699e-04
9.672273397445678711e-01 9.672273397445678711e-01 6.233934313058853149e-03 1.838047988712787628e-02 3.561862977221608162e-03 8.064360008575022221e-04
9.624292254447937012e-01 9.624292254447937012e-01 7.325903046876192093e-03 2.104860916733741760e-02 3.651300678029656410e-03 9.508015937171876431e-04
9.586966037750244141e-01 9.586966037750244141e-01 9.732108563184738159e-03 2.164890244603157043e-02 3.489573486149311066e-03 1.041355542838573456e-03
