3.473261117631891264e-03
1.501990489145821860e-03
1.037381909955538244e-02
3.859099468732263890e-03
2.609883851064788429e-03
6.204269882299324849e-03
1.848600526764583238e-02
1.004665319326888615e-02
2.624480215154745624e-02
7.274785431170782690e-02
2.600469186214999784e-01
5.963993611781368553e-01
9.216540202873744203e-01
9.554673640921029776e-01
9.884256750884865550e-01
9.972345097797991054e-01
9.990986541563058321e-01
9.995269752271156438e-01
9.997656929961935557e-01
9.998847240535838621e-01
9.999376532368401405e-01
9.999630449396184062e-01
9.999736546182440566e-01
9.999798535315984616e-01
9.999870061239303221e-01
9.999897479509909370e-01
9.999904632102241120e-01
9.999953508149842518e-01
9.999971389630671892e-01
1.000000000000000000e+00
1.000001311308594154e+00
1.000002384197443916e+00
1.000002980246804896e+00
1.000003457086293679e+00
1.000003933925782462e+00
1.000004172345526854e+00
1.000004410765271246e+00
1.000004529975143441e+00
1.000004768394888055e+00
1.000004768394888055e+00
1.000004768394888055e+00
1.000004768394888055e+00
1.000004768394888055e+00
1.000004768394888055e+00
1.000004768394888055e+00
1.000004887604760251e+00
1.000004887604760251e+00
1.000004768394888055e+00
1.000004887604760251e+00
1.000004887604760251e+00
1.000004887604760251e+00
