3.473244141787290573e-03 3.473244141787290573e-03 9.158050670521333814e-05 2.723438956309109926e-04 5.003377445973455906e-04 2.070383925456553698e-04
1.501983148045837879e-03 1.501983148045837879e-03 1.202204803121276200e-04 1.486026303609833121e-04 2.754146407824009657e-04 6.305482384050264955e-05
1.037376839667558670e-02 1.037376839667558670e-02 4.146261606365442276e-03 2.786256931722164154e-02 1.503089326433837414e-03 4.257140390109270811e-04
3.859080607071518898e-03 3.859080607071518898e-03 9.859293932095170021e-04 1.408129185438156128e-02 3.741295367944985628e-04 1.429200172424316406e-03
2.609871095046401024e-03 2.609871095046401024e-03 6.410107598640024662e-04 2.837293781340122223e-03 1.182576161227189004e-04 6.937856087461113930e-04
6.204239558428525925e-03 6.204239558428525925e-03 4.703815502580255270e-04 3.057211637496948242e-03 1.455152087146416306e-04 4.018112085759639740e-04
1.848591491580009460e-02 1.848591491580009460e-02 2.995857794303447008e-04 2.246338408440351486e-03 1.270126958843320608e-04 7.923975936137139797e-04
1.004660408943891525e-02 1.004660408943891525e-02 3.403323062229901552e-04 2.494079992175102234e-03 9.873721137410029769e-05 1.334402477368712425e-03
2.624467387795448303e-02 2.624467387795448303e-02 3.639145288616418839e-04 1.406628172844648361e-03 6.692700844723731279e-05 6.978012970648705959e-04
7.274749875068664551e-02 7.274749875068664551e-02 2.601608866825699806e-04 2.241850364953279495e-03 7.876523886807262897e-05 4.406303633004426956e-04
2.600456476211547852e-01 2.600456476211547852e-01 4.219880211167037487e-04 2.969451947137713432e-03 5.351735671865753829e-05 9.201814100379124284e-05
5.963964462280273438e-01 5.963964462280273438e-01 4.086355620529502630e-04 2.417919924482703209e-03 2.653556475706864148e-05 1.133427485910942778e-05
9.216495156288146973e-01 9.216495156288146973e-01 7.816873403498902917e-05 5.051708430983126163e-04 5.723477897845441476e-06 6.307180910880560987e-07
9.554626941680908203e-01 9.554626941680908203e-01 3.156941238557919860e-05 1.713157107587903738e-04 7.768207979097496718e-06 1.475453217381073046e-07
9.884208440780639648e-01 9.884208440780639648e-01 1.284459995076758787e-05 7.974432082846760750e-05 1.498027086199726909e-05 5.175586181849212153e-08
9.972296357154846191e-01 9.972296357154846191e-01 4.329132480052066967e-06 2.923676765931304544e-05 9.449970093555748463e-06 2.175998226050523954e-08
9.990937709808349609e-01 9.990937709808349609e-01 1.386781377732404508e-06 1.297398830502061173e-05 3.280531700511346571e-06 6.900891857952728969e-09
9.995220899581909180e-01 9.995220899581909180e-01 6.815795927650469821e-07 5.015289843868231401e-06 1.428975792805431411e-06 4.269383069299692579e-09
9.997608065605163574e-01 9.997608065605163574e-01 2.761545090379513567e-07 1.880547756627493072e-06 6.840459150225797202e-07 2.398368392775296343e-09
9.998798370361328125e-01 9.998798370361328125e-01 1.354255090291189845e-07 9.267371865462337155e-07 3.327991748847125564e-07 1.544846139900357684e-09
9.999327659606933594e-01 9.999327659606933594e-01 1.173897672401835734e-07 5.943027758803509641e-07 2.059655486164047034e-07 1.189243814536666832e-09
9.999581575393676758e-01 9.999581575393676758e-01 1.170346024537138874e-07 4.282985344161716057e-07 1.628579866519430652e-07 1.098043544978111186e-09
9.999687671661376953e-01 9.999687671661376953e-01 1.164551051147100225e-07 4.258065189333137823e-07 1.599031378418658278e-07 1.258047888086366584e-09
9.999749660491943359e-01 9.999749660491943359e-01 1.249350560783568653e-07 4.182280690656625666e-07 1.459833782746500219e-07 1.314193198709290300e-09
9.999821186065673828e-01 9.999821186065673828e-01 1.356795564788626507e-07 3.279072586792608490e-07 1.290437836587443599e-07 1.394459103742917705e-09
9.999848604202270508e-01 9.999848604202270508e-01 1.474393798162054736e-07 3.335729275022458751e-07 1.344431552752212156e-07 1.618092881905397462e-09
9.999855756759643555e-01 9.999855756759643555e-01 1.364008568316421588e-07 3.579843905754387379e-07 1.435019640894097392e-07 1.810773087029815542e-09
9.999904632568359375e-01 9.999904632568359375e-01 1.121541828297267784e-07 2.474845075539633399e-07 1.147291257552751631e-07 1.443149821866995808e-09
9.999922513961791992e-01 9.999922513961791992e-01 9.797796707289307960e-08 2.157280789560900303e-07 1.108923655124272045e-07 1.366466606533833783e-09
9.999951124191284180e-01 9.999951124191284180e-01 6.791234596903450438e-08 1.453780669180559926e-07 7.591358297531769495e-08 9.463495542760824719e-10
9.999964237213134766e-01 9.999964237213134766e-01 5.309868811309570447e-08 1.258088815347946365e-07 6.250412099007007782e-08 6.429531906881891246e-10
9.999974966049194336e-01 9.999974966049194336e-01 4.422423316441381758e-08 1.087665495447254216e-07 5.487714460628012603e-08 4.819158960778224809e-10
9.999980926513671875e-01 9.999980926513671875e-01 3.276722182476987655e-08 8.203325307931663701e-08 4.376258644356312288e-08 3.258737724110005729e-10
9.999985694885253906e-01 9.999985694885253906e-01 2.709058932737207215e-08 6.604006586030664039e-08 4.135953801664982166e-08 2.981405955448934719e-10
9.999990463256835938e-01 9.999990463256835938e-01 2.093527307067688525e-08 5.044421413913369179e-08 3.675789983503818803e-08 2.190817388614263450e-10
9.999992847442626953e-01 9.999992847442626953e-01 1.557098805449186329e-08 3.794013991864630952e-08 3.283971494738580077e-08 1.690635270668039425e-10
9.999995231628417969e-01 9.999995231628417969e-01 1.157930462625245127e-08 3.292671735266594624e-08 2.487905170767135132e-08 1.311830505335009889e-10
9.999996423721313477e-01 9.999996423721313477e-01 9.324130800791863294e-09 3.012226912346704921e-08 1.984658837272945675e-08 1.230997664913857648e-10
9.999998807907104492e-01 9.999998807907104492e-01 6.999067991841911862e-09 2.342013161182876502e-08 1.361898238627645696e-08 9.522998362099244218e-11
9.999998807907104492e-01 9.999998807907104492e-01 6.273553232460926665e-09 2.258404663280089153e-08 1.237784630347960046e-08 9.247892729380424726e-11
9.999998807907104492e-01 9.999998807907104492e-01 4.675841047685480589e-09 1.846838948438289663e-08 9.114256904751982802e-09 7.952788427800783211e-11
9.999998807907104492e-01 9.999998807907104492e-01 4.389648200486817586e-09 1.554132644798755791e-08 8.679037932779465336e-09 7.687434022685124546e-11
9.999998807907104492e-01 9.999998807907104492e-01 3.798663161802551258e-09 1.506592894884306588e-08 8.680991925302805612e-09 7.915409994119215753e-11
9.999998807907104492e-01 9.999998807907104492e-01 3.813305227140517673e-09 1.520472636684644385e-08 8.549878138808253425e-09 8.305394566532342537e-11
9.999998807907104492e-01 9.999998807907104492e-01 3.865304076811071354e-09 1.548371919568580779e-08 8.648516569564890233e-09 8.371667942208560476e-11
1.000000000000000000e+00 1.000000000000000000e+00 3.339162946147666844e-09 1.317999664962599127e-08 7.523212275373225566e-09 8.214617874813257004e-11
1.000000000000000000e+00 1.000000000000000000e+00 3.330264508605296214e-09 1.300874163945309192e-08 8.193610234741299791e-09 8.723042427272176269e-11
9.999998807907104492e-01 9.999998807907104492e-01 4.002228770616511611e-09 1.539692995322639035e-08 9.974794323852620437e-09 1.156353832132417381e-10
1.000000000000000000e+00 1.000000000000000000e+00 3.158930228508438631e-09 1.205245681035194139e-08 7.738653273747786443e-09 8.997006611943803023e-11
1.000000000000000000e+00 1.000000000000000000e+00 3.553523919563872369e-09 1.342844324625502850e-08 9.288013025354757701e-09 1.299347851535515019e-10
1.000000000000000000e+00 1.000000000000000000e+00 3.475777887729236681e-09 1.287659756599168759e-08 8.819767138845691079e-09 1.366627644383555662e-10
