9.020911418581626881e-05
2.811343542685643820e-03
1.834525805102519853e-03
1.576315959620825627e-04
2.672435496657172551e-04
3.748314833592211954e-04
4.782634085964313051e-04
8.620603291016461049e-04
1.251242215005288812e-03
2.398606606986209300e-03
4.593004448749135431e-03
2.046624283234099034e-02
1.214087251981833954e-01
2.497488943006391793e-01
4.165229123009241974e-01
5.081534813835759667e-01
6.185329682909302962e-01
7.419510092233475573e-01
8.094130992379023892e-01
8.635277451282622474e-01
9.023232337599850217e-01
9.009156878422442949e-01
5.256280309456318189e-01
5.174126963199338070e-01
7.718945432652658534e-01
8.878685858290494837e-01
9.007588835479539702e-01
9.109217575976570336e-01
9.450149637661040547e-01
9.850243350964527078e-01
9.935711607019033220e-01
9.951749000432459358e-01
1.013248219077960588e+00
1.023251416709360928e+00
1.020691396839733533e+00
1.020396867360662929e+00
1.016284190926768805e+00
1.021028187572127877e+00
1.018235525657504414e+00
1.023544578510330538e+00
1.019213073580261142e+00
1.019162332722710618e+00
1.012301512296383432e+00
1.009261574181082199e+00
1.003489630674941013e+00
1.002000844677995328e+00
1.048115599435531786e+00
1.050572633144146950e+00
1.044519768556041006e+00
1.060919049595016928e+00
1.057167508563716440e+00
