7.862789061618968844e-05 2.700709446799010038e-04 7.862789061618968844e-05 4.098881618119776249e-05 1.996023202082142234e-04 7.521617953898385167e-05
2.450417727231979370e-03 1.044242526404559612e-03 2.450417727231979370e-03 2.997200936079025269e-04 8.641335880383849144e-04 7.387101650238037109e-04
1.599005772732198238e-03 3.928543301299214363e-04 1.599005772732198238e-03 2.328845002921298146e-04 5.351054132916033268e-04 1.367394434055313468e-04
1.373945415252819657e-04 4.304690446588210762e-05 1.373945415252819657e-04 5.074443834018893540e-05 7.224192959256470203e-04 3.454245234024710953e-05
2.329342969460412860e-04 1.134528156399028376e-05 2.329342969460412860e-04 3.094337444053962827e-05 6.787252495996654034e-04 2.369241337873972952e-05
3.267098800279200077e-04 5.590473847405519336e-06 3.267098800279200077e-04 3.237844066461548209e-05 3.909798397216945887e-04 1.408321622875519097e-05
4.168630111962556839e-04 5.581060577242169529e-06 4.168630111962556839e-04 4.819516834686510265e-05 5.222722538746893406e-04 1.380877893097931519e-05
7.513873279094696045e-04 4.440317297849105671e-06 7.513873279094696045e-04 9.038895223056897521e-05 5.396261694841086864e-04 1.572488508827518672e-05
1.090605277568101883e-03 5.249192327028140426e-06 1.090605277568101883e-03 1.333642867393791676e-04 8.393375901505351067e-04 2.173628854507114738e-05
2.090668771415948868e-03 1.146338308899430558e-05 2.090668771415948868e-03 2.336391189601272345e-04 1.617951202206313610e-03 6.089634916861541569e-05
4.003345500677824020e-03 2.120051976817194372e-05 4.003345500677824020e-03 1.659598492551594973e-04 3.511254908517003059e-03 6.224218668648973107e-05
1.783874630928039551e-02 1.174422941403463483e-04 1.783874630928039551e-02 1.376225263811647892e-04 1.194463390856981277e-02 1.393372949678450823e-04
1.058220341801643372e-01 4.777399590238928795e-04 1.058220341801643372e-01 3.800120321102440357e-04 9.287571534514427185e-03 2.174678957089781761e-04
2.176856398582458496e-01 1.467282418161630630e-03 2.176856398582458496e-01 8.750158012844622135e-04 6.208109203726053238e-03 5.563808954320847988e-04
3.630488812923431396e-01 2.148370258510112762e-03 3.630488812923431396e-01 1.437814673408865929e-03 4.699312616139650345e-03 9.459556313231587410e-04
4.429157376289367676e-01 2.301392145454883575e-03 4.429157376289367676e-01 1.612198422662913799e-03 4.539383575320243835e-03 9.184115915559232235e-04
5.391244888305664062e-01 1.831843517720699310e-03 5.391244888305664062e-01 2.032420597970485687e-03 3.171253949403762817e-03 1.022928161546587944e-03
6.466978788375854492e-01 1.627967925742268562e-03 6.466978788375854492e-01 2.430546330288052559e-03 2.210194477811455727e-03 9.818745311349630356e-04
7.054990530014038086e-01 1.586578320711851120e-03 7.054990530014038086e-01 2.932496601715683937e-03 1.641426584683358669e-03 1.041282666847109795e-03
7.526663541793823242e-01 1.330763567239046097e-03 7.526663541793823242e-01 2.976238261908292770e-03 1.247280393727123737e-03 9.348168969154357910e-04
7.864812016487121582e-01 1.393542042933404446e-03 7.864812016487121582e-01 2.675545867532491684e-03 1.245848485268652439e-03 9.479592554271221161e-04
7.852543592453002930e-01 1.653895596973598003e-03 7.852543592453002930e-01 2.097669988870620728e-03 1.350814127363264561e-03 9.575263247825205326e-04
4.581468701362609863e-01 4.090833477675914764e-03 4.581468701362609863e-01 1.183719723485410213e-03 9.155560284852981567e-03 1.128055155277252197e-03
4.509862363338470459e-01 1.621449016965925694e-03 4.509862363338470459e-01 1.061473391018807888e-03 4.279566463083028793e-03 6.673393654637038708e-04
6.727972030639648438e-01 1.074146479368209839e-03 6.727972030639648438e-01 8.925443398766219616e-04 1.625322387553751469e-03 8.380537037737667561e-04
7.738822698593139648e-01 9.729776065796613693e-04 7.738822698593139648e-01 8.722252096049487591e-04 9.392178617417812347e-04 7.213774370029568672e-04
7.851176857948303223e-01 1.262569217942655087e-03 7.851176857948303223e-01 1.411492354236543179e-03 9.903415339067578316e-04 7.128714933060109615e-04
7.939758300781250000e-01 1.470278482884168625e-03 7.939758300781250000e-01 1.753120101056993008e-03 1.107126125134527683e-03 8.701895130798220634e-04
8.236920833587646484e-01 1.575763220898807049e-03 8.236920833587646484e-01 1.836417941376566887e-03 1.205296721309423447e-03 1.011651358567178249e-03
8.585649728775024414e-01 1.454920740798115730e-03 8.585649728775024414e-01 1.543070073239505291e-03 1.059630652889609337e-03 9.193929727189242840e-04
8.660145401954650879e-01 1.410978031344711781e-03 8.660145401954650879e-01 1.596100744791328907e-03 1.049556769430637360e-03 9.978779125958681107e-04
8.674123883247375488e-01 1.366935903206467628e-03 8.674123883247375488e-01 1.707229996100068092e-03 1.009218627586960793e-03 1.043419702909886837e-03
8.831654191017150879e-01 1.365694450214505196e-03 8.831654191017150879e-01 1.487758476287126541e-03 8.207861683331429958e-04 9.102997137233614922e-04
8.918843865394592285e-01 1.143095665611326694e-03 8.918843865394592285e-01 1.509548397734761238e-03 7.862175116315484047e-04 9.754839120432734489e-04
8.896530270576477051e-01 1.080479007214307785e-03 8.896530270576477051e-01 1.675349310971796513e-03 7.739141583442687988e-04 1.090854872018098831e-03
8.893963098526000977e-01 1.033580396324396133e-03 8.893963098526000977e-01 1.675132662057876587e-03 7.657966343685984612e-04 1.034182845614850521e-03
8.858116269111633301e-01 9.291267488151788712e-04 8.858116269111633301e-01 1.791636459529399872e-03 8.000995730981230736e-04 1.033286447636783123e-03
8.899465799331665039e-01 7.923572557047009468e-04 8.899465799331665039e-01 1.672018086537718773e-03 7.281866273842751980e-04 8.714230498299002647e-04
8.875124454498291016e-01 7.253715884871780872e-04 8.875124454498291016e-01 1.774252159520983696e-03 7.463966030627489090e-04 8.282107883132994175e-04
8.921399116516113281e-01 6.185158272273838520e-04 8.921399116516113281e-01 1.704242313280701637e-03 6.841904250904917717e-04 7.566861459054052830e-04
8.883644938468933105e-01 5.835730698890984058e-04 8.883644938468933105e-01 1.889341278001666069e-03 6.956924335099756718e-04 7.168371812440454960e-04
8.883202672004699707e-01 5.708003882318735123e-04 8.883202672004699707e-01 2.004399197176098824e-03 6.913969991728663445e-04 7.206020527519285679e-04
8.823402523994445801e-01 5.200204905122518539e-04 8.823402523994445801e-01 1.989712240174412727e-03 7.124879048205912113e-04 6.842646398581564426e-04
8.796905875205993652e-01 5.542159778997302055e-04 8.796905875205993652e-01 2.162939868867397308e-03 7.660049595870077610e-04 7.316189003176987171e-04
8.746596574783325195e-01 5.414485931396484375e-04 8.746596574783325195e-01 2.224303549155592918e-03 7.706409669481217861e-04 7.291176007129251957e-04
8.733620047569274902e-01 5.628457292914390564e-04 8.733620047569274902e-01 2.320191822946071625e-03 7.833762210793793201e-04 7.095342734828591347e-04
9.135564565658569336e-01 1.022321172058582306e-03 9.135564565658569336e-01 1.267380081117153168e-03 7.811096147634088993e-04 5.884454585611820221e-04
9.156980514526367188e-01 2.642817096784710884e-03 9.156980514526367188e-01 1.754021854139864445e-03 7.765060290694236755e-04 6.922734319232404232e-04
9.104222655296325684e-01 1.773166935890913010e-03 9.104222655296325684e-01 2.561230445280671120e-03 7.389520178548991680e-04 7.928785053081810474e-04
9.247161746025085449e-01 1.018587034195661545e-03 9.247161746025085449e-01 3.095621475949883461e-03 6.311298348009586334e-04 5.437885993160307407e-04
9.214462637901306152e-01 8.865675190463662148e-04 9.214462637901306152e-01 3.664826275780797005e-03 5.764486850239336491e-04 5.375601467676460743e-04
