          0  0.07849152 11.05177307
        100  0.01487641 18.27501869
        200  0.01270857 18.95903206
        300  0.01147997 19.40059090
        400  0.01078667 19.67112541
        500  0.00993582 20.02796364
        600  0.00948017 20.23183823
        700  0.00906064 20.42841148
        800  0.00904613 20.43536949
        900  0.00866930 20.62016106
       1000  0.00838227 20.76638222
       1100  0.00828543 20.81684875
       1200  0.00804024 20.94730949
       1300  0.00812297 20.90285301
       1400  0.00787772 21.03599358
       1500  0.00778871 21.08534431
       1600  0.00761174 21.18516159
       1700  0.00753436 21.22953796
       1800  0.00732944 21.34929466
       1900  0.00729217 21.37143135
       2000  0.00709506 21.49044037
       2100  0.00719271 21.43107796
       2200  0.00695537 21.57679749
       2300  0.00703944 21.52461624
       2400  0.00686278 21.63500023
       2500  0.00702788 21.53175926
       2600  0.00661001 21.79797935
       2700  0.00670734 21.73449898
       2800  0.00717166 21.44380379
       2900  0.00675764 21.70205307
       3000  0.00667040 21.75848007
       3100  0.00661177 21.79682350
       3200  0.00641246 21.92975044
       3300  0.00647910 21.88485146
       3400  0.00632087 21.99222946
       3500  0.00655106 21.83688164
       3600  0.00626049 22.03391647
       3700  0.00628794 22.01491547
       3800  0.00629071 22.01300049
       3900  0.00646448 21.89466095
       4000  0.00626676 22.02956772
       4100  0.00622349 22.05965805
       4200  0.00624557 22.04428101
       4300  0.00638322 21.94960213
       4400  0.00645089 21.90380287
       4500  0.00616497 22.10069275
       4600  0.00602742 22.19868660
       4700  0.00602186 22.20269012
       4800  0.00596326 22.24516106
       4900  0.00591639 22.27943230
       5000  0.00583258 22.34139252
