9.710000000000000000e+02 1.400000000000000000e+01 9.400000000000000000e+01 7.350000000000000000e+02 1.800000000000000000e+01
8.600000000000000000e+01 1.400000000000000000e+01 1.130000000000000000e+02 1.280000000000000000e+02 2.770000000000000000e+02
5.300000000000000000e+02 6.360000000000000000e+02 4.640000000000000000e+02 7.720000000000000000e+02 5.590000000000000000e+02
3.530000000000000000e+02 2.680000000000000000e+02 6.360000000000000000e+02 5.590000000000000000e+02 1.310000000000000000e+02
3.530000000000000000e+02 3.400000000000000000e+02 1.800000000000000000e+01 5.600000000000000000e+02 2.680000000000000000e+02
3.530000000000000000e+02 3.400000000000000000e+02 3.520000000000000000e+02 2.680000000000000000e+02 3.510000000000000000e+02
3.530000000000000000e+02 3.400000000000000000e+02 3.520000000000000000e+02 2.680000000000000000e+02 3.510000000000000000e+02
3.530000000000000000e+02 3.400000000000000000e+02 3.520000000000000000e+02 2.680000000000000000e+02 3.510000000000000000e+02
3.530000000000000000e+02 3.400000000000000000e+02 3.520000000000000000e+02 3.510000000000000000e+02 2.680000000000000000e+02
3.400000000000000000e+02 3.530000000000000000e+02 3.520000000000000000e+02 3.510000000000000000e+02 8.600000000000000000e+01
3.400000000000000000e+02 3.530000000000000000e+02 3.520000000000000000e+02 3.510000000000000000e+02 8.600000000000000000e+01
3.400000000000000000e+02 3.530000000000000000e+02 3.520000000000000000e+02 8.600000000000000000e+01 1.170000000000000000e+02
3.400000000000000000e+02 3.530000000000000000e+02 3.520000000000000000e+02 8.600000000000000000e+01 3.510000000000000000e+02
3.400000000000000000e+02 3.530000000000000000e+02 3.520000000000000000e+02 3.510000000000000000e+02 8.600000000000000000e+01
3.400000000000000000e+02 3.530000000000000000e+02 3.520000000000000000e+02 3.510000000000000000e+02 1.340000000000000000e+02
3.400000000000000000e+02 3.530000000000000000e+02 3.520000000000000000e+02 3.510000000000000000e+02 1.340000000000000000e+02
3.400000000000000000e+02 3.530000000000000000e+02 3.520000000000000000e+02 3.510000000000000000e+02 1.340000000000000000e+02
3.400000000000000000e+02 3.530000000000000000e+02 3.520000000000000000e+02 3.510000000000000000e+02 1.340000000000000000e+02
3.400000000000000000e+02 3.530000000000000000e+02 3.520000000000000000e+02 3.510000000000000000e+02 1.340000000000000000e+02
3.400000000000000000e+02 3.530000000000000000e+02 3.520000000000000000e+02 3.510000000000000000e+02 1.340000000000000000e+02
3.400000000000000000e+02 3.530000000000000000e+02 3.520000000000000000e+02 3.510000000000000000e+02 1.340000000000000000e+02
3.400000000000000000e+02 3.530000000000000000e+02 3.520000000000000000e+02 3.510000000000000000e+02 1.340000000000000000e+02
3.400000000000000000e+02 3.530000000000000000e+02 3.520000000000000000e+02 3.510000000000000000e+02 1.340000000000000000e+02
3.400000000000000000e+02 3.530000000000000000e+02 3.520000000000000000e+02 3.510000000000000000e+02 1.340000000000000000e+02
3.400000000000000000e+02 3.530000000000000000e+02 3.520000000000000000e+02 3.510000000000000000e+02 1.340000000000000000e+02
3.400000000000000000e+02 3.530000000000000000e+02 3.520000000000000000e+02 3.510000000000000000e+02 1.340000000000000000e+02
3.400000000000000000e+02 3.530000000000000000e+02 3.520000000000000000e+02 3.510000000000000000e+02 1.340000000000000000e+02
3.400000000000000000e+02 3.530000000000000000e+02 3.520000000000000000e+02 3.510000000000000000e+02 2.760000000000000000e+02
3.400000000000000000e+02 3.530000000000000000e+02 3.520000000000000000e+02 3.510000000000000000e+02 2.760000000000000000e+02
3.400000000000000000e+02 3.530000000000000000e+02 3.520000000000000000e+02 3.510000000000000000e+02 2.760000000000000000e+02
3.400000000000000000e+02 3.530000000000000000e+02 3.520000000000000000e+02 3.510000000000000000e+02 2.760000000000000000e+02
3.400000000000000000e+02 3.530000000000000000e+02 3.520000000000000000e+02 3.510000000000000000e+02 2.760000000000000000e+02
3.400000000000000000e+02 3.530000000000000000e+02 3.520000000000000000e+02 3.510000000000000000e+02 2.760000000000000000e+02
3.400000000000000000e+02 3.530000000000000000e+02 3.520000000000000000e+02 3.510000000000000000e+02 2.760000000000000000e+02
3.400000000000000000e+02 3.530000000000000000e+02 3.520000000000000000e+02 3.510000000000000000e+02 2.760000000000000000e+02
3.400000000000000000e+02 3.530000000000000000e+02 3.520000000000000000e+02 3.510000000000000000e+02 2.760000000000000000e+02
3.400000000000000000e+02 3.530000000000000000e+02 3.520000000000000000e+02 3.510000000000000000e+02 2.760000000000000000e+02
3.400000000000000000e+02 3.530000000000000000e+02 3.520000000000000000e+02 3.510000000000000000e+02 2.760000000000000000e+02
3.400000000000000000e+02 3.530000000000000000e+02 3.520000000000000000e+02 3.510000000000000000e+02 2.760000000000000000e+02
3.400000000000000000e+02 3.530000000000000000e+02 3.520000000000000000e+02 3.510000000000000000e+02 2.760000000000000000e+02
3.400000000000000000e+02 3.530000000000000000e+02 3.520000000000000000e+02 3.510000000000000000e+02 2.760000000000000000e+02
3.400000000000000000e+02 3.530000000000000000e+02 3.520000000000000000e+02 3.510000000000000000e+02 2.760000000000000000e+02
3.400000000000000000e+02 3.530000000000000000e+02 3.520000000000000000e+02 3.510000000000000000e+02 2.760000000000000000e+02
3.400000000000000000e+02 3.530000000000000000e+02 3.520000000000000000e+02 3.510000000000000000e+02 2.760000000000000000e+02
3.400000000000000000e+02 3.530000000000000000e+02 3.520000000000000000e+02 3.510000000000000000e+02 2.760000000000000000e+02
3.400000000000000000e+02 3.530000000000000000e+02 3.520000000000000000e+02 3.510000000000000000e+02 2.760000000000000000e+02
3.400000000000000000e+02 3.530000000000000000e+02 3.520000000000000000e+02 3.510000000000000000e+02 2.760000000000000000e+02
3.400000000000000000e+02 3.530000000000000000e+02 3.520000000000000000e+02 3.510000000000000000e+02 2.760000000000000000e+02
3.400000000000000000e+02 3.530000000000000000e+02 3.520000000000000000e+02 3.510000000000000000e+02 2.760000000000000000e+02
3.400000000000000000e+02 3.530000000000000000e+02 3.520000000000000000e+02 3.510000000000000000e+02 2.760000000000000000e+02
3.400000000000000000e+02 3.530000000000000000e+02 3.520000000000000000e+02 3.510000000000000000e+02 2.760000000000000000e+02
