       1    0.0478338152
       2    0.1409558356
       3    0.3363063931
       4    0.5674979687
       5    0.7007153034
       6    0.7918868661
       7    0.8376383781
       8    0.8920842409
       9    0.9106844664
      10    0.9158294201
      11    0.9489351511
      12    0.9276465774
      13    0.9481443167
      14    0.8711934090
      15    0.9350560904
      16    0.8534525633
      17    0.9334998727
      18    0.9345325828
      19    0.9313372374
      20    0.9236723781
      21    0.9216341972
      22    0.9504675865
      23    0.8122696877
      24    0.7974941730
      25    0.8759072423
      26    0.7427079082
      27    0.8213269711
      28    0.6842499375
      29    0.7902483940
      30    0.5391207933
      31    0.5759131908
      32    0.5653396249
      33    0.5955224633
      34    0.4456872940
      35    0.6332665682
      36    0.5335929394
      37    0.5162855387
      38    0.4424089789
      39    0.4359671474
      40    0.4191216230
      41    0.3426781297
      42    0.1728766859
      43    0.3572597802
      44    0.1199582443
      45    0.4152745306
      46    0.1209047437
      47    0.1541817188
      48    0.1498493701
      49    0.0908585116
      50    0.1262472570
      51    0.0737349018
      52    0.1306300759
      53    0.1027640849
      54    0.0347255245
      55    0.0399786495
      56    0.0593838170
      57    0.0315753780
      58    0.0137815801
      59    0.0436563194
      60    0.0270232800
      61    0.0310775042
      62    0.0122392699
      63    0.0136041809
      64    0.0339117125
      65    0.0159492716
      66    0.0133451121
      67    0.0138348779
      68    0.0019533103
      69    0.0084027667
      70    0.0050758268
      71    0.0042672246
      72    0.0115721105
      73    0.0109170815
      74    0.0046038576
      75    0.0055594984
      76    0.0068583004
      77    0.0024446137
      78    0.0030016997
      79    0.0024919817
      80    0.0064355517
      81    0.0036348347
      82    0.0011617343
      83    0.0011298802
      84    0.0018649844
      85    0.0031352455
      86    0.0010172719
      87    0.0009136278
      88    0.0025728920
      89    0.0013495785
      90    0.0016530330
      91    0.0008903262
      92    0.0010615005
      93    0.0011690852
      94    0.0006179180
      95    0.0010185575
      96    0.0004788169
      97    0.0010522286
      98    0.0008143106
      99    0.0007274611
     100    0.0007042396
     101    0.0003620892
     102    0.0004549196
     103    0.0006076884
     104    0.0003196200
     105    0.0003957298
     106    0.0001769794
     107    0.0002262585
     108    0.0001694638
     109    0.0001961112
     110    0.0002631015
     111    0.0001180876
     112    0.0001692413
     113    0.0001064927
     114    0.0002400565
     115    0.0001347566
     116    0.0000919070
     117    0.0001409484
     118    0.0001529315
     119    0.0001683828
     120    0.0001005959
     121    0.0001090136
     122    0.0000687551
     123    0.0000871151
     124    0.0000672362
     125    0.0000513812
     126    0.0000890980
     127    0.0000665295
     128    0.0000863266
