       1    0.1067975983
       2    0.1498298943
       3    0.1854879558
       4    0.2435261160
       5    0.3247985840
       6    0.4119310379
       7    0.3945021927
       8    0.4715181589
       9    0.5004424453
      10    0.5795178413
      11    0.5268282294
      12    0.5207411051
      13    0.5926076770
      14    0.6014864445
      15    0.6171729565
      16    0.6678593159
      17    0.5690089464
      18    0.6686740518
      19    0.5719364882
      20    0.6161245108
      21    0.6451403499
      22    0.6362373233
      23    0.6542100310
      24    0.5794487596
      25    0.6238232255
      26    0.5739876032
      27    0.5542355180
      28    0.5363609195
      29    0.5433659554
      30    0.4662430882
      31    0.4169283211
      32    0.4775180817
      33    0.4481373131
      34    0.4609648883
      35    0.3700332642
      36    0.4266274869
      37    0.2939616740
      38    0.2636263072
      39    0.3183417320
      40    0.3404786885
      41    0.4097408950
      42    0.2569138110
      43    0.2475036085
      44    0.3019268811
      45    0.3000524938
      46    0.2332359552
      47    0.1739436835
      48    0.2295252085
      49    0.1840482801
      50    0.1624836177
      51    0.1722416878
      52    0.1156103015
      53    0.1742769927
      54    0.1379507780
      55    0.0565144904
      56    0.0715762526
      57    0.0545412190
      58    0.1239764541
      59    0.1265469491
      60    0.0839704126
      61    0.0441579781
      62    0.0535704717
      63    0.0474656448
      64    0.0585447960
      65    0.0244558398
      66    0.0457366183
      67    0.0272137318
      68    0.0272411443
      69    0.0377686545
      70    0.0187842268
      71    0.0350900590
      72    0.0223172382
      73    0.0088153416
      74    0.0232063476
      75    0.0035389112
      76    0.0101983370
      77    0.0037695465
      78    0.0082014836
      79    0.0058191675
      80    0.0042620343
      81    0.0027856429
      82    0.0065618828
      83    0.0079156449
      84    0.0114352312
      85    0.0015571404
      86    0.0007355423
      87    0.0009123184
      88    0.0008072177
      89    0.0007409618
      90    0.0003208797
      91    0.0000574443
      92    0.0000473450
      93    0.0002481198
      94    0.0004206790
      95    0.0005835642
      96    0.0000422789
      97    0.0000268425
      98    0.0000750818
      99    0.0000113167
     100    0.0000235346
     101    0.0000279144
     102    0.0000244654
     103    0.0000099496
     104    0.0000118725
     105    0.0000173752
     106    0.0000078522
     107    0.0000044147
     108    0.0000120635
     109    0.0000053883
     110    0.0000037321
     111    0.0000042089
     112    0.0000039137
     113    0.0000036879
     114    0.0000032367
     115    0.0000043290
     116    0.0000025244
     117    0.0000030941
     118    0.0000023521
     119    0.0000025533
     120    0.0000032983
     121    0.0000032179
     122    0.0000031402
     123    0.0000032561
     124    0.0000025761
     125    0.0000030319
     126    0.0000034420
     127    0.0000029021
     128    0.0000031409
