1.280000000000000000e+02 3.920000000000000000e+02 9.210000000000000000e+02 9.020000000000000000e+02 6.530000000000000000e+02
6.530000000000000000e+02 4.390000000000000000e+02 1.670000000000000000e+02 4.270000000000000000e+02 4.650000000000000000e+02
1.670000000000000000e+02 2.620000000000000000e+02 3.510000000000000000e+02 3.390000000000000000e+02 6.040000000000000000e+02
3.390000000000000000e+02 3.510000000000000000e+02 1.670000000000000000e+02 1.680000000000000000e+02 2.740000000000000000e+02
3.390000000000000000e+02 3.510000000000000000e+02 7.660000000000000000e+02 1.680000000000000000e+02 1.670000000000000000e+02
3.390000000000000000e+02 8.600000000000000000e+02 3.510000000000000000e+02 1.680000000000000000e+02 6.120000000000000000e+02
8.600000000000000000e+02 3.390000000000000000e+02 6.120000000000000000e+02 1.680000000000000000e+02 9.170000000000000000e+02
8.600000000000000000e+02 3.390000000000000000e+02 8.570000000000000000e+02 6.120000000000000000e+02 9.170000000000000000e+02
8.600000000000000000e+02 3.390000000000000000e+02 8.570000000000000000e+02 8.650000000000000000e+02 6.120000000000000000e+02
8.600000000000000000e+02 3.390000000000000000e+02 8.570000000000000000e+02 8.650000000000000000e+02 6.120000000000000000e+02
8.600000000000000000e+02 3.390000000000000000e+02 8.650000000000000000e+02 8.570000000000000000e+02 6.120000000000000000e+02
