1.280000000000000000e+02 8.000000000000000000e+01 3.350000000000000000e+02 2.940000000000000000e+02 8.600000000000000000e+01
8.000000000000000000e+01 8.300000000000000000e+01 2.740000000000000000e+02 2.940000000000000000e+02 3.510000000000000000e+02
3.510000000000000000e+02 2.910000000000000000e+02 2.750000000000000000e+02 2.760000000000000000e+02 1.670000000000000000e+02
3.510000000000000000e+02 1.680000000000000000e+02 1.650000000000000000e+02 3.520000000000000000e+02 1.670000000000000000e+02
1.680000000000000000e+02 3.510000000000000000e+02 3.520000000000000000e+02 1.650000000000000000e+02 3.740000000000000000e+02
1.680000000000000000e+02 3.510000000000000000e+02 3.740000000000000000e+02 3.520000000000000000e+02 1.650000000000000000e+02
1.680000000000000000e+02 3.510000000000000000e+02 3.740000000000000000e+02 3.860000000000000000e+02 1.650000000000000000e+02
1.680000000000000000e+02 3.510000000000000000e+02 3.740000000000000000e+02 3.860000000000000000e+02 1.650000000000000000e+02
1.680000000000000000e+02 3.510000000000000000e+02 3.740000000000000000e+02 1.650000000000000000e+02 2.740000000000000000e+02
1.680000000000000000e+02 3.510000000000000000e+02 3.860000000000000000e+02 3.740000000000000000e+02 2.740000000000000000e+02
1.680000000000000000e+02 3.510000000000000000e+02 3.860000000000000000e+02 3.740000000000000000e+02 1.650000000000000000e+02
