          0  0.04136209 13.83397484
         10  0.03263797 14.86276913
         20  0.02724405 15.64728260
         30  0.02285766 16.40968323
         40  0.01924896 17.15592766
         50  0.01644437 17.83982658
         60  0.01454648 18.37242317
         70  0.01246537 19.04294968
         80  0.01100996 19.58214188
         90  0.00951240 20.21710014
        100  0.00851637 20.69745255
        110  0.00757988 21.20337486
        120  0.00690606 21.60769844
        130  0.00639012 21.94491196
        140  0.00555254 22.55508423
        150  0.00513413 22.89532852
        160  0.00473117 23.25031281
        170  0.00440362 23.56189919
        180  0.00402999 23.94696236
        190  0.00374062 24.27056694
        200  0.00368085 24.34051514
        210  0.00341544 24.66553879
        220  0.00331598 24.79387665
        230  0.00305703 25.14700127
        240  0.00297219 25.26923370
        250  0.00288096 25.40463448
        260  0.00268830 25.70522118
        270  0.00262443 25.80965424
        280  0.00252169 25.98308945
        290  0.00248873 26.04021835
        300  0.00242683 26.14960289
        310  0.00233687 26.31365776
        320  0.00227967 26.42128563
        330  0.00222251 26.53156281
        340  0.00216775 26.63990784
        350  0.00216933 26.63674164
        360  0.00201808 26.95060921
        370  0.00209203 26.79432106
        380  0.00199272 27.00554466
        390  0.00190556 27.19976425
        400  0.00201827 26.95019913
        410  0.00181839 27.40313911
        420  0.00185628 27.31356812
        430  0.00176837 27.52426338
        440  0.00170998 27.67008591
        450  0.00170685 27.67804146
        460  0.00170078 27.69352150
        470  0.00172794 27.62470436
        480  0.00166313 27.79073715
        490  0.00167944 27.74835777
        500  0.00162020 27.90432739
        510  0.00156877 28.04439735
        520  0.00148640 28.27865791
        530  0.00149463 28.25466919
        540  0.00147080 28.32446098
        550  0.00144527 28.40050697
        560  0.00142818 28.45215607
        570  0.00142038 28.47595215
        580  0.00140498 28.52330208
        590  0.00145133 28.38234329
        600  0.00138489 28.58584595
        610  0.00136430 28.65090179
        620  0.00129957 28.86199570
        630  0.00130202 28.85382080
        640  0.00129620 28.87327003
        650  0.00124564 29.04607582
        660  0.00130212 28.85349464
        670  0.00125332 29.01938248
        680  0.00124878 29.03515434
        690  0.00122370 29.12323380
        700  0.00120601 29.18648338
        710  0.00122755 29.10960960
        720  0.00121971 29.13743973
        730  0.00122677 29.11238289
        740  0.00112539 29.48698044
        750  0.00118828 29.25082397
        760  0.00112964 29.47061729
        770  0.00112864 29.47443199
        780  0.00111963 29.50924110
        790  0.00108322 29.65283203
        800  0.00111536 29.52585793
        810  0.00104818 29.79563332
        820  0.00108397 29.64981079
        830  0.00106934 29.70885658
        840  0.00101854 29.92023277
        850  0.00103259 29.86071587
        860  0.00103525 29.84956169
        870  0.00104549 29.80680466
        880  0.00098332 30.07303810
        890  0.00100147 29.99363708
        900  0.00101749 29.92468071
        910  0.00096141 30.17090797
        920  0.00102173 29.90661812
        930  0.00094950 30.22504425
        940  0.00093378 30.29753113
        950  0.00100620 29.97315216
        960  0.00099234 30.03341675
        970  0.00108390 29.65010071
        980  0.00089726 30.47080421
        990  0.00094568 30.24254799
       1000  0.00102182 29.90626144
