8.850000000000000000e+02 6.290000000000000000e+02 8.000000000000000000e+01 9.020000000000000000e+02 4.180000000000000000e+02
3.350000000000000000e+02 3.740000000000000000e+02 1.350000000000000000e+02 3.800000000000000000e+02 3.710000000000000000e+02
2.780000000000000000e+02 2.770000000000000000e+02 3.350000000000000000e+02 3.510000000000000000e+02 3.530000000000000000e+02
2.780000000000000000e+02 2.770000000000000000e+02 3.510000000000000000e+02 3.530000000000000000e+02 2.740000000000000000e+02
2.770000000000000000e+02 2.780000000000000000e+02 2.740000000000000000e+02 3.530000000000000000e+02 3.510000000000000000e+02
2.770000000000000000e+02 2.740000000000000000e+02 2.780000000000000000e+02 2.710000000000000000e+02 3.530000000000000000e+02
2.770000000000000000e+02 2.740000000000000000e+02 2.780000000000000000e+02 2.710000000000000000e+02 3.530000000000000000e+02
2.770000000000000000e+02 2.740000000000000000e+02 2.780000000000000000e+02 2.710000000000000000e+02 3.530000000000000000e+02
2.770000000000000000e+02 2.740000000000000000e+02 2.780000000000000000e+02 2.710000000000000000e+02 3.530000000000000000e+02
2.770000000000000000e+02 2.740000000000000000e+02 2.780000000000000000e+02 2.710000000000000000e+02 3.530000000000000000e+02
2.740000000000000000e+02 2.770000000000000000e+02 2.780000000000000000e+02 2.710000000000000000e+02 3.530000000000000000e+02
