1.065620779991149902e-01 6.649509817361831665e-02 1.305878758430480957e-01 1.828264445066452026e-01 1.275671571493148804e-01 5.168514698743820190e-02 7.263711839914321899e-02 1.088316813111305237e-01 5.229334160685539246e-02 1.005141809582710266e-01
1.058386564254760742e-01 5.626863613724708557e-02 1.844394952058792114e-01 1.364298015832901001e-01 1.178072914481163025e-01 7.234483212232589722e-02 7.040715962648391724e-02 1.428888440132141113e-01 3.248224779963493347e-02 8.109298348426818848e-02
1.100916564464569092e-01 5.985443666577339172e-02 1.873837858438491821e-01 1.406936198472976685e-01 1.062041148543357849e-01 6.615795195102691650e-02 6.880581378936767578e-02 1.520597785711288452e-01 3.525924682617187500e-02 7.348951697349548340e-02
1.033943444490432739e-01 6.465615332126617432e-02 1.696720570325851440e-01 1.359844058752059937e-01 1.113542243838310242e-01 6.390115618705749512e-02 6.069286540150642395e-02 1.494529694318771362e-01 4.393318668007850647e-02 9.695868194103240967e-02
1.076682135462760925e-01 6.444279849529266357e-02 1.678020060062408447e-01 1.335183233022689819e-01 1.114102825522422791e-01 5.966678634285926819e-02 5.753846466541290283e-02 1.505426466464996338e-01 4.620630666613578796e-02 1.012041941285133362e-01
1.119330897927284241e-01 6.400164216756820679e-02 1.665655672550201416e-01 1.330613344907760620e-01 1.098337918519973755e-01 5.801032111048698425e-02 5.658936873078346252e-02 1.520110964775085449e-01 4.595762491226196289e-02 1.020361483097076416e-01
1.130735874176025391e-01 6.312339752912521362e-02 1.653255820274353027e-01 1.332632601261138916e-01 1.096538230776786804e-01 5.817122012376785278e-02 5.693117156624794006e-02 1.536730676889419556e-01 4.523542150855064392e-02 1.015494391322135925e-01
1.124274358153343201e-01 6.235565617680549622e-02 1.645537167787551880e-01 1.334063559770584106e-01 1.102449223399162292e-01 5.839095264673233032e-02 5.741053447127342224e-02 1.551494151353836060e-01 4.477787017822265625e-02 1.012832373380661011e-01
1.120112314820289612e-01 6.182526797056198120e-02 1.653102785348892212e-01 1.331422179937362671e-01 1.104044467210769653e-01 5.856340378522872925e-02 5.782082304358482361e-02 1.556931436061859131e-01 4.445298016071319580e-02 1.007761135697364807e-01
1.119813993573188782e-01 6.129147857427597046e-02 1.656444817781448364e-01 1.334737092256546021e-01 1.104976236820220947e-01 5.870426446199417114e-02 5.818007513880729675e-02 1.553970426321029663e-01 4.432969540357589722e-02 1.005002707242965698e-01
1.116685047745704651e-01 6.090943515300750732e-02 1.658862978219985962e-01 1.335286200046539307e-01 1.107861995697021484e-01 5.884068459272384644e-02 5.821506679058074951e-02 1.555590927600860596e-01 4.428956285119056702e-02 1.003165841102600098e-01
