4.667599685490131378e-03 1.659385452512651682e-05 1.410403638146817684e-04 3.237532451748847961e-03 2.020670799538493156e-03 1.065443066181614995e-04
9.521721862256526947e-03 4.909567724098451436e-05 2.024738350883126259e-04 4.514266271144151688e-03 1.354394829832017422e-03 8.433023322140797973e-05
9.383457154035568237e-02 2.781183320621494204e-05 5.165475304238498211e-04 2.214383857790380716e-04 3.281660610809922218e-04 5.544368104892782867e-05
4.340583384037017822e-01 3.156698312523076311e-06 1.496576005592942238e-04 5.282042911858297884e-05 4.583021800499409437e-04 2.374488394707441330e-05
6.014922261238098145e-01 6.509302465929067694e-07 7.146364077925682068e-05 1.756070014380384237e-05 3.045986522920429707e-04 1.378055458189919591e-05
4.882762134075164795e-01 4.300306386539887171e-07 8.025277202250435948e-05 2.392848728050012141e-05 2.464439021423459053e-04 1.487923054810380563e-05
5.040372014045715332e-01 1.177152881837173481e-07 4.101882586837746203e-05 9.751656762091442943e-06 8.600797445978969336e-05 6.214742370502790436e-06
4.832774996757507324e-01 5.387486368135796511e-08 2.237182161479722708e-05 5.098474503029137850e-06 6.692962779197841883e-05 3.057240064663346857e-06
5.091193914413452148e-01 2.094281903453065752e-08 1.000790234684245661e-05 2.096146545227384195e-06 3.151071359752677381e-05 1.198323047901794780e-06
5.198451280593872070e-01 1.507803304434673919e-08 8.105497727228794247e-06 1.543206735732383095e-06 2.178181603085249662e-05 9.277196681978239212e-07
5.275237560272216797e-01 1.249561520921815827e-08 6.686223969154525548e-06 1.517361738478939515e-06 1.767257708706893027e-05 7.451183705597941298e-07
5.296393036842346191e-01 1.314590303280738226e-08 6.388531346601666883e-06 1.620601551621803083e-06 1.729490941215772182e-05 7.125790375539509114e-07
5.527815222740173340e-01 1.273335570317613019e-08 5.665223397954832762e-06 1.448533907932869624e-06 1.562156467116437852e-05 6.795289095862244722e-07
5.188190937042236328e-01 1.326162735182379038e-08 5.527323082787916064e-06 1.523911009826406371e-06 1.486581732024205849e-05 6.898971491864358541e-07
5.110608935356140137e-01 1.621247669447711814e-08 6.347278485918650404e-06 1.986958977795438841e-06 1.889982195280026644e-05 8.116925869217084255e-07
5.133467912673950195e-01 1.621701883891546458e-08 6.401977316272677854e-06 2.237361741208587773e-06 1.858725772763136774e-05 8.374757953788503073e-07
4.907490015029907227e-01 2.026917300668173993e-08 7.485807600460248068e-06 2.761135419859783724e-06 2.223342380602844059e-05 9.641414635552791879e-07
4.787895977497100830e-01 2.295987755474016012e-08 8.243707270594313741e-06 3.385805712241563015e-06 2.462510929035488516e-05 1.041761834130738862e-06
4.825349152088165283e-01 2.679152899531800358e-08 7.956834451761096716e-06 3.783082547670346685e-06 2.720312113524414599e-05 1.057869098985975143e-06
4.883591234683990479e-01 3.745022780776707805e-08 9.080610652745235711e-06 5.192715889279497787e-06 3.565392398741096258e-05 1.303232465943438001e-06
4.880565106868743896e-01 4.385421448205306660e-08 9.675371984485536814e-06 5.894249625271186233e-06 4.106352935195900500e-05 1.447519025532528758e-06
4.884348511695861816e-01 3.896446187923174875e-08 8.106468158075585961e-06 5.288887678034370765e-06 3.756094156415201724e-05 1.331476823906996287e-06
4.881801307201385498e-01 4.336279246786034491e-08 7.985532647580839694e-06 5.811837581859435886e-06 3.944168929592706263e-05 1.288814360123069491e-06
4.669915139675140381e-01 5.108640976914102794e-08 8.610516488261055201e-06 6.241980827326187864e-06 4.771307430928573012e-05 1.423308617631846573e-06
4.652362167835235596e-01 5.212288201050796488e-08 7.867087333579547703e-06 5.889810381631832570e-06 4.850454934057779610e-05 1.357778614874405321e-06
4.558007121086120605e-01 6.378372319204572705e-08 8.500535841449163854e-06 6.223111086001154035e-06 6.082139589125290513e-05 1.551569880575698335e-06
4.571537077426910400e-01 6.343841363332103356e-08 8.628612704342231154e-06 5.663733190885977820e-06 6.128269887994974852e-05 1.545566533422970679e-06
4.240646958351135254e-01 6.728977552938886220e-08 9.255380973627325147e-06 6.205040335771627724e-06 7.189928146544843912e-05 1.645624593038519379e-06
4.299753606319427490e-01 7.054176620613361592e-08 1.003580291580874473e-05 6.339958872558781877e-06 7.803114567650482059e-05 1.810253138501138892e-06
4.123221635818481445e-01 7.486654851618368411e-08 1.069954942067852244e-05 6.269507139222696424e-06 8.347441325895488262e-05 1.875323050626320764e-06
4.184292256832122803e-01 6.974038768703394453e-08 9.651931577536743134e-06 5.849828539794543758e-06 8.435011841356754303e-05 1.665954869167762809e-06
4.165285825729370117e-01 6.586184042589593446e-08 9.556385521136689931e-06 5.557083113671978936e-06 9.423119627172127366e-05 1.685488427938253153e-06
4.124589264392852783e-01 6.606116897955871536e-08 1.013150904327630997e-05 5.590462478721747175e-06 9.998258610721677542e-05 1.719054012028209399e-06
4.155832231044769287e-01 6.687136533400916960e-08 1.015049201669171453e-05 5.530835096578812227e-06 1.035002642311155796e-04 1.723770196804252919e-06
4.255641102790832520e-01 6.676771846514384379e-08 9.696115739643573761e-06 5.493734079209389165e-06 1.013426299323327839e-04 1.684646349531249143e-06
4.250321686267852783e-01 7.158852355360068032e-08 1.016122405417263508e-05 5.521549155673710629e-06 1.063712334143929183e-04 1.736773015181825031e-06
4.300976693630218506e-01 6.794360984940794879e-08 1.004345449473476037e-05 5.485025667439913377e-06 1.131034805439412594e-04 1.685918277871678583e-06
4.147751033306121826e-01 7.165566273670265218e-08 1.087574219127418473e-05 5.896910352021222934e-06 1.221534475916996598e-04 1.843754830588295590e-06
3.993063867092132568e-01 7.665883572371967603e-08 1.088722365238936618e-05 5.762727596447803080e-06 1.348308142041787505e-04 1.859029794104571920e-06
4.030568897724151611e-01 7.564327830777983763e-08 1.106052695831749588e-05 6.154935817903606221e-06 1.420354965375736356e-04 1.918225962072028778e-06
4.002528488636016846e-01 7.801190804457291961e-08 1.138052721216809005e-05 6.321815817500464618e-06 1.454464218113571405e-04 1.988801841434906237e-06
4.077928066253662109e-01 7.959641123989058542e-08 1.094510207622079179e-05 6.446080078603699803e-06 1.517378113931044936e-04 1.943956931427237578e-06
4.206801950931549072e-01 7.589770234517345671e-08 1.052909647114574909e-05 6.159663371363421902e-06 1.452111464459449053e-04 1.831775989558082074e-06
4.062886238098144531e-01 8.193759981622861233e-08 1.118133604904869571e-05 6.926809874130412936e-06 1.635557564441114664e-04 1.975615305127575994e-06
4.307281374931335449e-01 7.747631514121167129e-08 1.116407202061964199e-05 6.686543656542198732e-06 1.568056468386203051e-04 1.933585963342920877e-06
4.279549717903137207e-01 8.528127892759584938e-08 1.207440800499171019e-05 7.414928859361680225e-06 1.650105987209826708e-04 2.068431740553933196e-06
4.445332288742065430e-01 7.934933421438472578e-08 1.085521580534987152e-05 7.060397820168873295e-06 1.612126507097855210e-04 1.843106247179093771e-06
4.527992606163024902e-01 8.808689244688139297e-08 1.162304670287994668e-05 8.132367838697973639e-06 1.700714055914431810e-04 1.930183316289912909e-06
4.481192231178283691e-01 9.202724271517581656e-08 1.111866913561243564e-05 8.217861250159330666e-06 1.630169135751202703e-04 1.860650172602618113e-06
4.511958062648773193e-01 9.173654547112164437e-08 1.046872239385265857e-05 7.756483682896941900e-06 1.673759688856080174e-04 1.799189135454071220e-06
4.616545140743255615e-01 9.603576245353906415e-08 1.008550316328182817e-05 7.983107934705913067e-06 1.736218255246058106e-04 1.781329842742707115e-06
4.666488170623779297e-01 9.554891278185095871e-08 1.021781645249575377e-05 8.079119652393274009e-06 1.732483942760154605e-04 1.750669753164402209e-06
4.711096584796905518e-01 9.240566356538693071e-08 1.012319989968091249e-05 8.018625521799549460e-06 1.736538542900234461e-04 1.705944100649503525e-06
4.751378893852233887e-01 9.445490434245584765e-08 1.011268886941252276e-05 8.445093953923787922e-06 1.746100897435098886e-04 1.675331304795690812e-06
4.633805155754089355e-01 9.136160628031575470e-08 9.865854735835455358e-06 8.314706974488217384e-06 1.772614486981183290e-04 1.598365884092345368e-06
4.439837634563446045e-01 9.867277839248345117e-08 9.830721865000668913e-06 8.731633897696156055e-06 1.816878211684525013e-04 1.622735226192162372e-06
4.593016505241394043e-01 1.012575125969306100e-07 9.627502549847122282e-06 8.772053661232348531e-06 1.924523094203323126e-04 1.609041419214918278e-06
4.556684494018554688e-01 1.038361077121408016e-07 9.623826372262556106e-06 8.365456778847146779e-06 1.918719208333641291e-04 1.571302618685876951e-06
4.663904011249542236e-01 8.909996296324607101e-08 9.046719242178369313e-06 8.338052793988026679e-06 1.784233027137815952e-04 1.421967340320406947e-06
4.841054975986480713e-01 8.841516319080255926e-08 8.509382496413309127e-06 7.977162567840423435e-06 1.782692415872588754e-04 1.341980237157258671e-06
4.988018572330474854e-01 8.624322589412258822e-08 8.047988558246288449e-06 8.191785127564799041e-06 1.736962585709989071e-04 1.257599592463520821e-06
4.873748421669006348e-01 9.478016949060474872e-08 8.598213753430172801e-06 8.550859092792961746e-06 1.900319621199741960e-04 1.291247713197662961e-06
4.893254637718200684e-01 9.181078297615385964e-08 8.629392141301650554e-06 8.773631634539924562e-06 1.940520160133019090e-04 1.302047166973352432e-06
4.936902523040771484e-01 8.971468901108892169e-08 8.268885721918195486e-06 8.819038157525938004e-06 1.949233555933460593e-04 1.277553678846743423e-06
5.095221400260925293e-01 9.281342983058493701e-08 8.318861546285916120e-06 8.771867214818485081e-06 1.894343004096299410e-04 1.286248561882530339e-06
5.157546401023864746e-01 9.578096182849549223e-08 7.985142474353779107e-06 8.890282515494618565e-06 2.013231714954599738e-04 1.245777980329876300e-06
5.221213698387145996e-01 9.489149022101628361e-08 7.655121407879050821e-06 9.114380191022064537e-06 1.937202032422646880e-04 1.200619522023771424e-06
5.069093108177185059e-01 9.898253239271070925e-08 7.912525688880123198e-06 9.641595170251093805e-06 2.093357179546728730e-04 1.250628429261269048e-06
5.212249159812927246e-01 9.481686902290675789e-08 7.307759460672968999e-06 9.188293006445746869e-06 1.912596490001305938e-04 1.144474026659736410e-06
5.032145977020263672e-01 9.809637901980750030e-08 7.555279353255173191e-06 9.617747309675905854e-06 2.152755623683333397e-04 1.174374119727872312e-06
5.138043761253356934e-01 9.682172219527274137e-08 7.343679499172139913e-06 9.287292414228431880e-06 2.049963368335738778e-04 1.184380380436778069e-06
5.135283470153808594e-01 9.699819969455347746e-08 7.274230938492109999e-06 1.005198373604798689e-05 2.055442746495828032e-04 1.158057443717552815e-06
5.302887558937072754e-01 1.006576439976925030e-07 7.069874754961347207e-06 9.951047104550525546e-06 2.152664528694003820e-04 1.130103782998048700e-06
5.311676263809204102e-01 1.022764521962926665e-07 6.900712378410389647e-06 9.751463949214667082e-06 1.991063618334010243e-04 1.135338038693589624e-06
5.372511744499206543e-01 1.019386743905670301e-07 6.813030722696566954e-06 9.900619261316023767e-06 1.829032262321561575e-04 1.087034775082429405e-06
5.525514483451843262e-01 9.544176293729833560e-08 6.414027666323818266e-06 9.462907655688468367e-06 1.815431896829977632e-04 1.029259351525979582e-06
5.391542911529541016e-01 9.571329684376905789e-08 6.668395144515670836e-06 1.004784371616551653e-05 1.771479146555066109e-04 1.049446495926531497e-06
5.328827500343322754e-01 1.109888501105160685e-07 7.082013325998559594e-06 1.069625432137399912e-05 1.948185526998713613e-04 1.134102603828068823e-06
5.459728240966796875e-01 9.803409994901812752e-08 6.114292773418128490e-06 9.569257599650882185e-06 1.764264743542298675e-04 9.715238320495700464e-07
5.747064352035522461e-01 9.303017378670119797e-08 5.662483999913092703e-06 9.482027053309138864e-06 1.656885870033875108e-04 9.128881970354996156e-07
5.759018659591674805e-01 9.953295432296727085e-08 5.858661097590811551e-06 9.616595889383461326e-06 1.745331683196127415e-04 9.511355187896697316e-07
5.781363248825073242e-01 9.707083847843023250e-08 5.610356765828328207e-06 9.357102499052416533e-06 1.670979254413396120e-04 9.122845199271978345e-07
5.709586739540100098e-01 1.006189265240209352e-07 5.897885330341523513e-06 9.874810530163813382e-06 1.706501498119905591e-04 9.645531235946691595e-07
5.905067920684814453e-01 9.564511316284551867e-08 5.625325229630107060e-06 9.781313565326854587e-06 1.629144971957430243e-04 9.178301638712582644e-07
5.806307196617126465e-01 9.769953379645812674e-08 5.576864168688189238e-06 9.462170055485330522e-06 1.672311191214248538e-04 9.096351618609332945e-07
5.843753218650817871e-01 9.656532995450106682e-08 5.237508958089165390e-06 9.340342330688145012e-06 1.652165810810402036e-04 8.814710099613876082e-07
6.012845635414123535e-01 8.736951429000328062e-08 4.865030859946273267e-06 8.936699487094301730e-06 1.523964310763403773e-04 7.996055160219839308e-07
6.083236932754516602e-01 8.443323906703881221e-08 4.801167506229830906e-06 9.033313290274236351e-06 1.396437583025544882e-04 7.636354553142155055e-07
6.045758724212646484e-01 8.143634033785929205e-08 4.513742624112637714e-06 8.620213520771358162e-06 1.391465484630316496e-04 7.172328650995041244e-07
6.234380602836608887e-01 7.880915120495046722e-08 4.205821369396289811e-06 8.289540346595458686e-06 1.307162892771884799e-04 6.773436780349584296e-07
6.259306669235229492e-01 8.078183810766859096e-08 4.359503691375721246e-06 8.219134542741812766e-06 1.422206696588546038e-04 7.079078727656451520e-07
6.215771436691284180e-01 8.044766985904061585e-08 4.353422809799667448e-06 8.173426067514810711e-06 1.398731110384687781e-04 7.093327099028101657e-07
6.504766941070556641e-01 7.662049483769806102e-08 3.940025180781958625e-06 7.900355740275699645e-06 1.360034802928566933e-04 6.469174991252657492e-07
6.527770161628723145e-01 8.069305579283536645e-08 4.049808921990916133e-06 8.185998012777417898e-06 1.422802160959690809e-04 6.446219913414097391e-07
6.623782515525817871e-01 7.444196370443023625e-08 3.983979695476591587e-06 7.970022124936804175e-06 1.359024900011718273e-04 6.330952828648150899e-07
6.710880994796752930e-01 7.342960373080131831e-08 3.795929160332889296e-06 7.505203484470257536e-06 1.304322067881003022e-04 6.047004603715322446e-07
6.769710183143615723e-01 7.306412896923575317e-08 3.563011887308675796e-06 7.706645192229188979e-06 1.328697399003431201e-04 5.737098831559706014e-07
6.804031133651733398e-01 7.103876242808837560e-08 3.523949317241203971e-06 7.706590622547082603e-06 1.249863998964428902e-04 5.549459274334367365e-07
6.962608098983764648e-01 6.722006418158343877e-08 3.345348432048922405e-06 7.220710358524229378e-06 1.165970534202642739e-04 5.315605449141003191e-07
7.019327282905578613e-01 6.711138667014893144e-08 3.254273451602784917e-06 7.009689852566225454e-06 1.219018449774011970e-04 5.364722142076061573e-07
7.092069387435913086e-01 6.789487372316216351e-08 3.306947746750665829e-06 7.173829999373992905e-06 1.201282284455373883e-04 5.364888693293323740e-07
