3.320236282888799906e-04 2.362028681091032922e-05 4.221581184538081288e-05 1.208469111588783562e-04 4.786341014550998807e-05 1.734207216941285878e-05
7.432300448417663574e-01 1.761111860787423211e-07 2.538189619372133166e-06 3.507872861518990248e-06 6.617898407057509758e-07 3.991120536284142872e-07
7.792025804519653320e-01 5.659999402496396215e-08 1.682335891928232741e-06 2.710327180466265418e-07 7.276154434521231451e-08 6.267749341759554227e-08
8.258138298988342285e-01 4.262073360905560548e-08 2.673595872693113051e-06 9.637302866849495331e-08 1.127030770931014558e-07 5.110967649102349242e-08
8.700477480888366699e-01 9.028794778487281292e-08 4.508651727519463748e-06 1.090190409058777732e-07 3.175057941007253248e-07 1.155719289158696483e-07
8.961001038551330566e-01 6.788651774058962474e-08 3.494971906548016705e-06 7.313101946238020901e-08 3.136503039513627300e-07 1.315135023105540313e-07
9.140762090682983398e-01 3.838785289644874865e-08 1.920087697726557963e-06 4.155009847295332293e-08 2.264385585704076220e-07 9.089146857377272681e-08
9.284584522247314453e-01 1.707526742222853500e-08 9.493417678640980739e-07 2.053836922755181149e-08 1.263466202772178804e-07 5.273223280255479040e-08
9.335629940032958984e-01 1.044952480100391767e-08 6.692679335174034350e-07 1.497922141879826086e-08 9.402627654253592482e-08 4.086276561565682641e-08
9.286094307899475098e-01 9.574543824442116602e-09 6.918597250660241116e-07 1.517429382147383876e-08 1.040368431404203875e-07 5.102628364284100826e-08
9.356486201286315918e-01 7.371115273713257920e-09 5.551839876716258004e-07 1.232323931787959737e-08 9.544395851435183431e-08 4.988537938288573059e-08
9.356743693351745605e-01 7.473802021706887899e-09 5.755337042501196265e-07 1.267358573642241026e-08 1.001703537895082263e-07 5.514402801054529846e-08
9.370104074478149414e-01 6.347048664423482478e-09 4.856001964981260244e-07 1.118154457913078659e-08 9.054750194081861991e-08 5.079303022625936137e-08
9.359745979309082031e-01 6.553637632578102057e-09 5.258854685052938294e-07 1.252665615680825795e-08 9.627947150647742092e-08 5.419931525807442085e-08
9.401058554649353027e-01 5.593586926977422991e-09 4.855790507463098038e-07 1.117299941455485168e-08 8.985676203110415372e-08 5.072052999821607955e-08
9.374180436134338379e-01 5.982162321060968679e-09 5.402480383054353297e-07 1.261537008190316556e-08 9.533380307402694598e-08 5.450273832252605644e-08
9.296312928199768066e-01 7.757822828580174246e-09 6.780932153560570441e-07 1.715579855954274535e-08 1.195223120475930045e-07 6.847303524182279943e-08
9.202969670295715332e-01 9.089540675688567717e-09 8.082216140792297665e-07 2.152291500578940031e-08 1.375652800561510958e-07 7.683624403398425784e-08
9.076579213142395020e-01 1.044876984934717257e-08 9.223197139363037422e-07 2.559644940447469708e-08 1.505545128566154744e-07 8.809246310192975216e-08
8.998805284500122070e-01 1.175457420288239518e-08 1.043269435285765212e-06 2.937924747925535485e-08 1.698681586503880681e-07 9.704898218387825182e-08
9.005098938941955566e-01 1.271005345415687771e-08 1.151251126429997385e-06 3.124128866716091579e-08 1.814907761854556156e-07 1.071669117891360656e-07
8.974934220314025879e-01 1.399693072556829065e-08 1.256392579307430424e-06 3.429508410590642598e-08 1.937992948342071031e-07 1.127749769125330204e-07
8.876866698265075684e-01 1.580396968847708195e-08 1.433439933862246107e-06 4.053853075447477750e-08 2.210383058809384238e-07 1.260519724155528820e-07
8.890296220779418945e-01 1.674412253294121911e-08 1.534627699584234506e-06 4.282045651393673324e-08 2.238880085769778816e-07 1.313265869384849793e-07
8.785290122032165527e-01 1.853453390765480435e-08 1.691612055765290279e-06 4.851069945743802236e-08 2.522457975828729104e-07 1.416546382415617700e-07
8.776002526283264160e-01 1.856876608030688658e-08 1.711393792902526911e-06 4.846773649092028791e-08 2.509551109142194036e-07 1.405877867455274099e-07
8.822280168533325195e-01 1.783686265355299838e-08 1.652348373681888916e-06 4.617414717245083011e-08 2.401523033768171445e-07 1.332307846269031870e-07
8.739462494850158691e-01 1.981808672724127973e-08 1.796541710064047948e-06 5.147347437173266371e-08 2.695083765047456836e-07 1.502905320194258820e-07
8.726060390472412109e-01 2.286917499816354393e-08 1.990808186747017317e-06 5.690679572012413701e-08 2.916409300723898923e-07 1.626531656029328587e-07
8.750975131988525391e-01 2.279835165097665595e-08 2.020176680161966942e-06 5.877033970591583056e-08 2.852715965673269238e-07 1.610828661569030373e-07
8.700635433197021484e-01 2.670528509440828202e-08 2.348333509871736169e-06 6.887722037163257482e-08 3.230943832477350952e-07 1.782383378667873330e-07
8.733652830123901367e-01 2.607207250093779294e-08 2.335555109311826527e-06 6.796058471536525758e-08 3.289471237621910404e-07 1.802928579763829475e-07
8.654872775077819824e-01 2.776164187423546537e-08 2.400062612650799565e-06 7.114812206054921262e-08 3.338179226375359576e-07 1.866353329660341842e-07
8.647089600563049316e-01 2.964002376870666922e-08 2.471392235747771338e-06 7.373599686388843111e-08 3.485615707177203149e-07 1.984835904522697092e-07
8.580605983734130859e-01 3.156779726509739703e-08 2.618455710035050288e-06 7.745268248982029036e-08 3.763353504382394021e-07 2.105506666794099147e-07
8.637381792068481445e-01 3.050918806479785417e-08 2.513289018679643050e-06 7.326902817794689327e-08 3.671142110306391260e-07 2.045337481604292407e-07
8.662087321281433105e-01 3.018236682805763849e-08 2.478941496519837528e-06 7.512559108135974384e-08 3.571747697606042493e-07 1.976903831746312790e-07
8.593555688858032227e-01 3.304194251541048288e-08 2.598731271064025350e-06 8.068867884958308423e-08 3.822662222319195280e-07 2.158646879024672671e-07
8.555783629417419434e-01 3.429634531926240015e-08 2.673833932931302115e-06 8.547222307697666110e-08 4.011563419226149563e-07 2.196191957182236365e-07
8.543570637702941895e-01 3.626951539104084077e-08 2.750766270764870569e-06 8.690570751923587522e-08 4.225313432471011765e-07 2.352750669842862408e-07
8.493992686271667480e-01 3.559927108653937466e-08 2.714033826123340987e-06 8.756705938139930367e-08 4.171936893726524431e-07 2.328676771412574453e-07
8.428962230682373047e-01 3.855867802826651314e-08 2.904386974478256889e-06 9.563317604488474899e-08 4.482991471377317794e-07 2.469489288614568068e-07
8.449641466140747070e-01 4.286058441493878490e-08 3.223346993763698265e-06 1.061093044540939445e-07 4.819981427317543421e-07 2.676853512184607098e-07
8.517212867736816406e-01 4.156346378181297041e-08 3.062474434045725502e-06 1.007029410970972094e-07 4.728806572984467493e-07 2.605927420518128201e-07
8.455338478088378906e-01 4.577280421358409512e-08 3.351349960212246515e-06 1.121627946076841909e-07 5.165716174815315753e-07 2.865264718820981216e-07
8.423151373863220215e-01 4.899444050465717737e-08 3.429502385188243352e-06 1.188504299420856114e-07 5.514688155017211102e-07 2.992667873513710219e-07
8.439945578575134277e-01 4.761758631843804324e-08 3.375787400727858767e-06 1.178635358201063354e-07 5.363414743442262989e-07 2.906517693190835416e-07
8.429438471794128418e-01 5.088373455919281696e-08 3.473551942079211585e-06 1.218178908857225906e-07 5.604649118140514474e-07 3.084387572016566992e-07
8.370119333267211914e-01 5.563465066416029003e-08 3.725695705725229345e-06 1.346906373100864585e-07 5.863334990863222629e-07 3.255312037708790740e-07
8.338630199432373047e-01 5.738950292766276107e-08 3.830136392934946343e-06 1.380923606575379381e-07 6.065463367121992633e-07 3.352309931869967841e-07
8.303263783454895020e-01 5.747611098172455968e-08 3.763768518183496781e-06 1.356393539708733442e-07 6.171566724333388265e-07 3.429227035667281598e-07
8.388388156890869141e-01 5.704118777316580235e-08 3.826588908850681037e-06 1.345507172345605795e-07 6.104334033807390369e-07 3.324961141970561584e-07
8.326179981231689453e-01 6.135888241942666355e-08 4.051001724292291328e-06 1.436040548696837504e-07 6.625710398111550603e-07 3.682035298879782204e-07
8.325624465942382812e-01 6.440248512262769509e-08 4.187226750218542293e-06 1.506564473174876184e-07 6.820300768595188856e-07 3.711724332333687926e-07
8.262321949005126953e-01 6.837854726882142131e-08 4.297345640225103125e-06 1.583113089509424753e-07 7.099595791260071564e-07 3.865262101498956326e-07
8.256211280822753906e-01 6.524080475855953409e-08 4.166378403169801459e-06 1.521343335753044812e-07 6.855672154415515251e-07 3.794820599978265818e-07
8.223800659179687500e-01 7.172982918746129144e-08 4.426570285431807861e-06 1.669901195100464975e-07 7.415192726512032095e-07 4.133210325107938843e-07
8.183721899986267090e-01 7.677009961071235011e-08 4.688563421950675547e-06 1.754132199494051747e-07 7.814167588549025822e-07 4.449763935099326773e-07
8.163323402404785156e-01 7.641314425654854858e-08 4.628560418495908380e-06 1.785625869388240972e-07 7.697115620430849958e-07 4.378909750357706798e-07
8.120319843292236328e-01 8.390882300091107027e-08 4.955448730470379815e-06 1.913382874363378505e-07 8.270399121101945639e-07 4.589468005633534631e-07
8.167945742607116699e-01 8.573857712690369226e-08 4.913636530545772985e-06 1.946767866911613964e-07 8.174692993634380400e-07 4.642566295842698310e-07
8.101927042007446289e-01 9.015059987405038555e-08 5.215174041950376704e-06 2.068300375412945868e-07 8.625154350738739595e-07 4.845846319767588284e-07
8.130794167518615723e-01 8.803014850400359137e-08 5.011799657950177789e-06 2.005708523711291491e-07 8.611982025286124554e-07 4.810393647858290933e-07
8.112516999244689941e-01 9.262605260573764099e-08 5.255298674455843866e-06 2.102099188050488010e-07 8.985020940599497408e-07 4.946767262481444050e-07
8.140984773635864258e-01 9.324861593995592557e-08 5.176043941901298240e-06 2.098710183418006636e-07 8.740041153032507282e-07 4.855268116443767212e-07
8.114712834358215332e-01 9.516721632962799049e-08 5.275579042063327506e-06 2.166470096653938526e-07 8.944239766606187914e-07 4.916529405818437226e-07
8.080691695213317871e-01 9.420055135933580459e-08 5.221788342169020325e-06 2.182802916195214493e-07 8.869884027262742165e-07 4.886592250841204077e-07
8.079770207405090332e-01 9.876044515522153233e-08 5.430698365671560168e-06 2.239164587081177160e-07 9.150680284619738813e-07 5.129767828293552157e-07
8.040250539779663086e-01 1.103093580923086847e-07 5.876986051589483395e-06 2.465830277742497856e-07 1.008828121484839357e-06 5.615509621748060454e-07
8.050144314765930176e-01 1.038736527902983653e-07 5.530284397536888719e-06 2.342177793934752117e-07 9.310335258305713069e-07 5.280011237118742429e-07
8.025333285331726074e-01 1.104284805819588655e-07 5.782235803053481504e-06 2.499184859061642783e-07 9.853841902440763079e-07 5.580209858635498676e-07
8.005525469779968262e-01 1.192781411418764037e-07 6.177809154905844480e-06 2.668603258371149423e-07 1.052970901582739316e-06 6.025863399372610729e-07
8.042721152305603027e-01 1.162014413580436667e-07 6.109217338234884664e-06 2.613415688301756745e-07 1.033233729685889557e-06 5.853631250829494093e-07
7.981184720993041992e-01 1.244205947159571224e-07 6.391547685780096799e-06 2.750277587892924203e-07 1.065337187355908100e-06 6.108680281613487750e-07
7.981700301170349121e-01 1.259999748981499579e-07 6.597417268494609743e-06 2.836778776327264495e-07 1.086955080609186552e-06 6.126268203843210358e-07
7.951750159263610840e-01 1.255870500926903333e-07 6.417559234250802547e-06 2.797895888306811685e-07 1.079807361747953109e-06 6.095264666328148451e-07
7.887996435165405273e-01 1.324739429264809587e-07 6.616673545067897066e-06 2.978228224037593463e-07 1.138697712121938821e-06 6.573272344212455209e-07
7.935069799423217773e-01 1.358474293056133320e-07 6.852297246950911358e-06 3.103286019268125528e-07 1.148995352195925079e-06 6.641610070801107213e-07
7.934363484382629395e-01 1.390637436315955711e-07 6.994538125582039356e-06 3.133819745926302858e-07 1.180639060294197407e-06 6.807329668845341075e-07
7.914527058601379395e-01 1.409174643640653812e-07 6.990964720898773521e-06 3.155217029870982515e-07 1.174564772554731462e-06 6.783469643778516911e-07
7.954449653625488281e-01 1.399000524315852090e-07 6.783556727896211669e-06 3.088994446898141177e-07 1.157968199549941346e-06 6.598709205718478188e-07
7.879929542541503906e-01 1.483015381609220640e-07 7.269683919730596244e-06 3.302873494703817414e-07 1.221702746079245117e-06 7.057266770971182268e-07
7.870150804519653320e-01 1.519277503803095897e-07 7.166273007896961644e-06 3.354895738993945997e-07 1.249356046173488721e-06 7.113654874046915211e-07
7.830933332443237305e-01 1.611985140925753512e-07 7.553544492111541331e-06 3.607799783367227064e-07 1.302163468608341645e-06 7.357483013947785366e-07
7.822787165641784668e-01 1.606640580575913191e-07 7.503434972022660077e-06 3.551048450844973559e-07 1.316223915637237951e-06 7.651860869373194873e-07
7.790601253509521484e-01 1.766856172480402165e-07 8.017645996005740017e-06 3.809456927683640970e-07 1.385621771987644024e-06 7.910529689070244785e-07
7.748349308967590332e-01 1.816679855437541846e-07 8.229299055528827012e-06 3.877088090575853130e-07 1.433961301700037438e-06 8.257423473878588993e-07
7.765766978263854980e-01 1.772496744933960144e-07 8.151855581672862172e-06 3.775866446176223690e-07 1.414364987795124762e-06 8.173836363312148023e-07
7.791329622268676758e-01 1.791615744650698616e-07 8.167497071553952992e-06 3.883580745878134621e-07 1.422026798536535352e-06 8.187433309103653301e-07
7.805522084236145020e-01 1.885022129499702714e-07 8.436099051323253661e-06 4.077732853602356045e-07 1.478637727814202663e-06 8.470380521430342924e-07
7.780492305755615234e-01 2.001113159622036619e-07 8.841707312967628241e-06 4.211923965158348437e-07 1.525331867924251128e-06 8.806131859273591544e-07
7.696300148963928223e-01 2.098326064015054726e-07 9.251298251911066473e-06 4.483896987039770465e-07 1.593489287188276649e-06 9.210867801812128164e-07
7.703085541725158691e-01 2.105195022750194767e-07 9.297308679379057139e-06 4.531282513653422939e-07 1.609824039405793883e-06 9.239126370630401652e-07
7.727693915367126465e-01 2.035188515492336592e-07 8.630846423329785466e-06 4.319668391872255597e-07 1.533111003482190426e-06 8.782591294220765121e-07
7.674982547760009766e-01 2.103454335156129673e-07 9.010130270326044410e-06 4.437488314579240978e-07 1.588289251230889931e-06 9.259948114959115628e-07
7.722119688987731934e-01 2.172988331494707381e-07 9.096193934965413064e-06 4.524476082679029787e-07 1.627852498131687753e-06 9.323317726739333011e-07
7.666928172111511230e-01 2.151531788285865332e-07 9.155773113889154047e-06 4.556952717393869534e-07 1.641273570385237690e-06 9.533740126244083513e-07
7.640075683593750000e-01 2.328111889937645174e-07 9.817410500545520335e-06 4.905700734525453299e-07 1.725693778098502662e-06 1.007593937174533494e-06
7.668384313583374023e-01 2.230650011370016728e-07 9.354966095997951925e-06 4.722862740891287103e-07 1.675115754551370628e-06 9.701226417746511288e-07
7.622810006141662598e-01 2.340660358868262847e-07 9.716634849610272795e-06 4.873584771303285379e-07 1.719375291031610686e-06 1.001107193587813526e-06
7.606259584426879883e-01 2.368072671288246056e-07 9.640916687203571200e-06 4.955159056407865137e-07 1.729660539240285289e-06 1.010979644888720941e-06
