 Iterations  Total_Loss        PSNR
        100  0.01242771 19.05608940
        200  0.00870284 20.60339165
        300  0.00665997 21.76527786
        400  0.00514049 22.88995171
        500  0.00431121 23.65400505
        600  0.00418933 23.77855110
        700  0.00340015 24.68501663
        800  0.00328867 24.82979012
        900  0.00288443 25.39939880
       1000  0.00267179 25.73197556
       1100  0.00269668 25.69170380
       1200  0.00252011 25.98581123
       1300  0.00224663 26.48468399
       1400  0.00223428 26.50862885
       1500  0.00211039 26.75636673
       1600  0.00223995 26.49762154
       1700  0.00213119 26.71377945
       1800  0.00194301 27.11525917
       1900  0.00195637 27.08548927
       2000  0.00190201 27.20786285
       2100  0.00180145 27.44376755
       2200  0.00188966 27.23615646
       2300  0.00175950 27.54611015
       2400  0.00174527 27.58137512
       2500  0.00173151 27.61575699
       2600  0.00156938 28.04271698
       2700  0.00158370 28.00326729
       2800  0.00165049 27.82387733
       2900  0.00158787 27.99185562
       3000  0.00150018 28.23857307
       3100  0.00156205 28.06305695
       3200  0.00156718 28.04879951
       3300  0.00161087 27.92940521
       3400  0.00149455 28.25488091
       3500  0.00140876 28.51161957
       3600  0.00152039 28.18045235
       3700  0.00150959 28.21140671
       3800  0.00144257 28.40862274
       3900  0.00130374 28.84808731
       4000  0.00142102 28.47399139
       4100  0.00146251 28.34899712
       4200  0.00138077 28.59877396
       4300  0.00133404 28.74831963
       4400  0.00132993 28.76171684
       4500  0.00131497 28.81082916
       4600  0.00126877 28.96615410
       4700  0.00130699 28.83727074
       4800  0.00126022 28.99552155
       4900  0.00119951 29.20994377
       5000  0.00128013 28.92746735
       5100  0.00131396 28.81419373
       5200  0.00124919 29.03370667
       5300  0.00115928 29.35811043
       5400  0.00124897 29.03449059
       5500  0.00125305 29.02032661
       5600  0.00122857 29.10598755
       5700  0.00121960 29.13784027
       5800  0.00115297 29.38180923
       5900  0.00112091 29.50428391
       6000  0.00115290 29.38206863
       6100  0.00123629 29.07880211
       6200  0.00113903 29.43465805
       6300  0.00113138 29.46391487
       6400  0.00114231 29.42215538
       6500  0.00110465 29.56775665
       6600  0.00112997 29.46932220
       6700  0.00107351 29.69193077
       6800  0.00111760 29.51713181
       6900  0.00113266 29.45899391
       7000  0.00106328 29.73352623
       7100  0.00112396 29.49247932
       7200  0.00115543 29.37254524
       7300  0.00107004 29.70602036
       7400  0.00108741 29.63605118
       7500  0.00100409 29.98226547
       7600  0.00103347 29.85701752
       7700  0.00102237 29.90390396
       7800  0.00097134 30.12630272
       7900  0.00103866 29.83528519
       8000  0.00113035 29.46788216
       8100  0.00105728 29.75811386
       8200  0.00104759 29.79808807
       8300  0.00093590 30.28769875
       8400  0.00099637 30.01577759
       8500  0.00100695 29.96993828
       8600  0.00096506 30.15446281
       8700  0.00102958 29.87338448
       8800  0.00094395 30.25052834
       8900  0.00095047 30.22061348
       9000  0.00094971 30.22406769
       9100  0.00095316 30.20834160
       9200  0.00092682 30.33002853
       9300  0.00092594 30.33415794
       9400  0.00097902 30.09207916
       9500  0.00093022 30.31414032
       9600  0.00095251 30.21131516
       9700  0.00093540 30.29001045
       9800  0.00090824 30.41801071
       9900  0.00093685 30.28328323
      10000  0.00090383 30.43910980
