2.100000000000000000e+01 5.490000000000000000e+02 1.280000000000000000e+02 8.000000000000000000e+01 7.000000000000000000e+02
1.110000000000000000e+02 9.210000000000000000e+02 4.460000000000000000e+02 7.250000000000000000e+02 4.650000000000000000e+02
7.250000000000000000e+02 6.960000000000000000e+02 8.830000000000000000e+02 8.490000000000000000e+02 9.270000000000000000e+02
8.140000000000000000e+02 8.950000000000000000e+02 4.500000000000000000e+02 8.020000000000000000e+02 7.950000000000000000e+02
8.140000000000000000e+02 8.950000000000000000e+02 8.030000000000000000e+02 7.950000000000000000e+02 8.020000000000000000e+02
8.950000000000000000e+02 8.140000000000000000e+02 7.950000000000000000e+02 8.030000000000000000e+02 9.080000000000000000e+02
8.950000000000000000e+02 9.080000000000000000e+02 4.040000000000000000e+02 8.140000000000000000e+02 4.030000000000000000e+02
8.950000000000000000e+02 9.080000000000000000e+02 4.040000000000000000e+02 4.030000000000000000e+02 8.140000000000000000e+02
8.950000000000000000e+02 9.080000000000000000e+02 4.040000000000000000e+02 4.030000000000000000e+02 8.140000000000000000e+02
8.950000000000000000e+02 9.080000000000000000e+02 4.040000000000000000e+02 4.030000000000000000e+02 8.140000000000000000e+02
8.950000000000000000e+02 9.080000000000000000e+02 4.040000000000000000e+02 4.030000000000000000e+02 8.140000000000000000e+02
8.950000000000000000e+02 9.080000000000000000e+02 4.040000000000000000e+02 4.030000000000000000e+02 8.140000000000000000e+02
8.950000000000000000e+02 9.080000000000000000e+02 4.040000000000000000e+02 4.030000000000000000e+02 8.140000000000000000e+02
8.950000000000000000e+02 9.080000000000000000e+02 4.040000000000000000e+02 4.030000000000000000e+02 8.140000000000000000e+02
8.950000000000000000e+02 4.040000000000000000e+02 9.080000000000000000e+02 8.140000000000000000e+02 4.030000000000000000e+02
8.950000000000000000e+02 4.040000000000000000e+02 9.080000000000000000e+02 8.140000000000000000e+02 4.030000000000000000e+02
8.950000000000000000e+02 4.040000000000000000e+02 9.080000000000000000e+02 8.140000000000000000e+02 4.030000000000000000e+02
8.950000000000000000e+02 4.040000000000000000e+02 9.080000000000000000e+02 8.140000000000000000e+02 7.950000000000000000e+02
8.950000000000000000e+02 4.040000000000000000e+02 9.080000000000000000e+02 8.140000000000000000e+02 7.950000000000000000e+02
8.950000000000000000e+02 4.040000000000000000e+02 9.080000000000000000e+02 8.140000000000000000e+02 7.950000000000000000e+02
8.950000000000000000e+02 4.040000000000000000e+02 9.080000000000000000e+02 8.140000000000000000e+02 7.950000000000000000e+02
8.950000000000000000e+02 4.040000000000000000e+02 9.080000000000000000e+02 8.140000000000000000e+02 7.950000000000000000e+02
8.950000000000000000e+02 4.040000000000000000e+02 9.080000000000000000e+02 8.140000000000000000e+02 7.950000000000000000e+02
4.040000000000000000e+02 8.950000000000000000e+02 9.080000000000000000e+02 8.140000000000000000e+02 7.950000000000000000e+02
4.040000000000000000e+02 8.950000000000000000e+02 9.080000000000000000e+02 7.950000000000000000e+02 8.140000000000000000e+02
4.040000000000000000e+02 8.950000000000000000e+02 9.080000000000000000e+02 7.950000000000000000e+02 8.140000000000000000e+02
4.040000000000000000e+02 8.950000000000000000e+02 9.080000000000000000e+02 7.950000000000000000e+02 8.140000000000000000e+02
4.040000000000000000e+02 8.950000000000000000e+02 9.080000000000000000e+02 7.950000000000000000e+02 8.140000000000000000e+02
4.040000000000000000e+02 8.950000000000000000e+02 9.080000000000000000e+02 7.950000000000000000e+02 9.700000000000000000e+02
4.040000000000000000e+02 8.950000000000000000e+02 9.080000000000000000e+02 7.950000000000000000e+02 9.700000000000000000e+02
4.040000000000000000e+02 8.950000000000000000e+02 9.080000000000000000e+02 7.950000000000000000e+02 9.700000000000000000e+02
4.040000000000000000e+02 9.080000000000000000e+02 8.950000000000000000e+02 7.950000000000000000e+02 9.700000000000000000e+02
4.040000000000000000e+02 9.080000000000000000e+02 8.950000000000000000e+02 7.950000000000000000e+02 9.700000000000000000e+02
4.040000000000000000e+02 9.080000000000000000e+02 8.950000000000000000e+02 7.950000000000000000e+02 9.700000000000000000e+02
4.040000000000000000e+02 9.080000000000000000e+02 8.950000000000000000e+02 7.950000000000000000e+02 9.700000000000000000e+02
4.040000000000000000e+02 9.080000000000000000e+02 8.950000000000000000e+02 7.950000000000000000e+02 9.700000000000000000e+02
4.040000000000000000e+02 9.080000000000000000e+02 8.950000000000000000e+02 7.950000000000000000e+02 9.700000000000000000e+02
4.040000000000000000e+02 9.080000000000000000e+02 8.950000000000000000e+02 7.950000000000000000e+02 9.700000000000000000e+02
4.040000000000000000e+02 9.080000000000000000e+02 8.950000000000000000e+02 7.950000000000000000e+02 9.700000000000000000e+02
4.040000000000000000e+02 9.080000000000000000e+02 8.950000000000000000e+02 7.950000000000000000e+02 4.070000000000000000e+02
4.040000000000000000e+02 9.080000000000000000e+02 8.950000000000000000e+02 7.950000000000000000e+02 4.070000000000000000e+02
4.040000000000000000e+02 9.080000000000000000e+02 8.950000000000000000e+02 7.950000000000000000e+02 4.070000000000000000e+02
4.040000000000000000e+02 9.080000000000000000e+02 8.950000000000000000e+02 7.950000000000000000e+02 4.070000000000000000e+02
4.040000000000000000e+02 9.080000000000000000e+02 8.950000000000000000e+02 7.950000000000000000e+02 4.070000000000000000e+02
4.040000000000000000e+02 9.080000000000000000e+02 8.950000000000000000e+02 7.950000000000000000e+02 4.070000000000000000e+02
4.040000000000000000e+02 9.080000000000000000e+02 8.950000000000000000e+02 7.950000000000000000e+02 4.070000000000000000e+02
4.040000000000000000e+02 9.080000000000000000e+02 8.950000000000000000e+02 7.950000000000000000e+02 4.070000000000000000e+02
4.040000000000000000e+02 9.080000000000000000e+02 8.950000000000000000e+02 7.950000000000000000e+02 4.070000000000000000e+02
4.040000000000000000e+02 9.080000000000000000e+02 8.950000000000000000e+02 7.950000000000000000e+02 4.070000000000000000e+02
4.040000000000000000e+02 9.080000000000000000e+02 8.950000000000000000e+02 7.950000000000000000e+02 4.070000000000000000e+02
4.040000000000000000e+02 9.080000000000000000e+02 8.950000000000000000e+02 7.950000000000000000e+02 4.070000000000000000e+02
