2.362213097512722015e-03 2.362213097512722015e-03 1.446005306206643581e-03 1.105565926991403103e-03 3.346023149788379669e-03 9.272096795029938221e-04
8.284487994387745857e-04 8.284487994387745857e-04 4.167969746049493551e-04 1.150073483586311340e-03 2.008293988183140755e-03 3.834779839962720871e-03
2.063030144199728966e-03 2.063030144199728966e-03 4.320384759921580553e-04 1.183055806905031204e-03 3.514423151500523090e-04 7.735481485724449158e-04
5.291715264320373535e-02 5.291715264320373535e-02 1.187912747263908386e-02 1.084835920482873917e-02 1.708576688542962074e-03 3.298151539638638496e-03
1.254395395517349243e-01 1.254395395517349243e-01 2.491291798651218414e-02 1.210869941860437393e-02 1.388543983921408653e-03 3.048368263989686966e-03
4.868096709251403809e-01 4.868096709251403809e-01 3.479323908686637878e-02 1.051397994160652161e-02 3.106046468019485474e-03 7.111710496246814728e-03
7.884521484375000000e-01 7.884521484375000000e-01 4.777925461530685425e-02 1.761660911142826080e-02 2.365362830460071564e-03 6.096283439546823502e-03
8.657160997390747070e-01 8.657160997390747070e-01 3.356230258941650391e-02 1.605192013084888458e-02 1.622971496544778347e-03 4.060016479343175888e-03
8.781904578208923340e-01 8.781904578208923340e-01 2.812319062650203705e-02 1.640381477773189545e-02 1.530577079392969608e-03 3.592980792745947838e-03
8.884125351905822754e-01 8.884125351905822754e-01 2.571773529052734375e-02 1.549555547535419464e-02 1.387548283673822880e-03 2.957340097054839134e-03
8.931560516357421875e-01 8.931560516357421875e-01 2.446021325886249542e-02 1.393322739750146866e-02 1.301041338592767715e-03 2.440581563860177994e-03
8.805351853370666504e-01 8.805351853370666504e-01 2.738728933036327362e-02 1.830580830574035645e-02 1.067293924279510975e-03 1.795576419681310654e-03
8.689448237419128418e-01 8.689448237419128418e-01 2.938541397452354431e-02 2.337346225976943970e-02 1.027593621984124184e-03 1.596128102391958237e-03
8.500293493270874023e-01 8.500293493270874023e-01 3.486313298344612122e-02 3.151272237300872803e-02 1.003100536763668060e-03 1.497486024163663387e-03
8.079881668090820312e-01 8.079881668090820312e-01 4.341728240251541138e-02 4.734931141138076782e-02 1.225106068886816502e-03 1.669092685915529728e-03
7.691141963005065918e-01 7.691141963005065918e-01 5.441338941454887390e-02 6.340973079204559326e-02 1.280647120438516140e-03 1.582949887961149216e-03
7.344444394111633301e-01 7.344444394111633301e-01 6.092672795057296753e-02 7.994917035102844238e-02 1.369073987007141113e-03 1.618406386114656925e-03
6.867154240608215332e-01 6.867154240608215332e-01 7.337038218975067139e-02 1.039098948240280151e-01 1.502016326412558556e-03 1.672451151534914970e-03
6.334834098815917969e-01 6.334834098815917969e-01 8.474119007587432861e-02 1.348643004894256592e-01 1.487964880652725697e-03 1.603810582309961319e-03
5.858873724937438965e-01 5.858873724937438965e-01 9.706111252307891846e-02 1.615855842828750610e-01 1.413651043549180031e-03 1.461844192817807198e-03
5.335381627082824707e-01 5.335381627082824707e-01 1.094998717308044434e-01 1.997272670269012451e-01 1.421183696947991848e-03 1.410497818142175674e-03
4.590003490447998047e-01 4.590003490447998047e-01 1.194170117378234863e-01 2.609084844589233398e-01 1.378310844302177429e-03 1.338942907750606537e-03
3.972353637218475342e-01 3.972353637218475342e-01 1.263740509748458862e-01 3.219951689243316650e-01 1.252286601811647415e-03 1.248974469490349293e-03
3.546595275402069092e-01 3.546595275402069092e-01 1.255425959825515747e-01 3.649255037307739258e-01 1.171211595647037029e-03 1.166148227639496326e-03
3.056436777114868164e-01 3.056436777114868164e-01 1.213018894195556641e-01 4.237590134143829346e-01 1.108437776565551758e-03 1.105359056964516640e-03
2.500444650650024414e-01 2.500444650650024414e-01 1.203524172306060791e-01 4.867760539054870605e-01 1.042376155965030193e-03 1.049895654432475567e-03
2.050188183784484863e-01 2.050188183784484863e-01 1.124385371804237366e-01 5.450483560562133789e-01 9.331029723398387432e-04 9.678097558207809925e-04
1.661407053470611572e-01 1.661407053470611572e-01 1.013060435652732849e-01 6.111689805984497070e-01 7.932606386020779610e-04 8.278279565274715424e-04
1.237887367606163025e-01 1.237887367606163025e-01 9.433998912572860718e-02 6.711337566375732422e-01 6.608979892916977406e-04 6.909967632964253426e-04
9.152591973543167114e-02 9.152591973543167114e-02 8.499911427497863770e-02 7.283747196197509766e-01 5.242812330834567547e-04 5.510677001439034939e-04
7.783181965351104736e-02 7.783181965351104736e-02 7.644983381032943726e-02 7.601373791694641113e-01 4.501008661463856697e-04 4.708117921836674213e-04
5.434293672442436218e-02 5.434293672442436218e-02 6.725249439477920532e-02 8.096668720245361328e-01 3.257276839576661587e-04 3.499850863590836525e-04
4.756582528352737427e-02 4.756582528352737427e-02 6.008707731962203979e-02 8.290205597877502441e-01 2.946946769952774048e-04 3.200366336386650801e-04
3.766333311796188354e-02 3.766333311796188354e-02 5.299038812518119812e-02 8.525229096412658691e-01 2.445363497827202082e-04 2.690413093660026789e-04
2.838638424873352051e-02 2.838638424873352051e-02 4.449606314301490784e-02 8.792451620101928711e-01 1.902082003653049469e-04 2.136232360498979688e-04
2.213112078607082367e-02 2.213112078607082367e-02 3.804655745625495911e-02 8.992857933044433594e-01 1.488457492087036371e-04 1.714567042654380202e-04
1.809223555028438568e-02 1.809223555028438568e-02 3.394284844398498535e-02 9.119237661361694336e-01 1.335949928034096956e-04 1.516459451522678137e-04
1.632083021104335785e-02 1.632083021104335785e-02 3.257957100868225098e-02 9.166641235351562500e-01 1.237683609360828996e-04 1.414011494489386678e-04
1.275463402271270752e-02 1.275463402271270752e-02 2.880144305527210236e-02 9.297401905059814453e-01 9.536261495668441057e-05 1.094058679882436991e-04
1.013627927750349045e-02 1.013627927750349045e-02 2.670909464359283447e-02 9.372287988662719727e-01 7.931711297715082765e-05 9.174345177598297596e-05
7.511708419770002365e-03 7.511708419770002365e-03 2.193799056112766266e-02 9.490398764610290527e-01 6.150070839794352651e-05 7.141442620195448399e-05
6.513067521154880524e-03 6.513067521154880524e-03 2.052501589059829712e-02 9.534161090850830078e-01 5.311556378728710115e-05 6.230986764421686530e-05
5.120474379509687424e-03 5.120474379509687424e-03 1.780033484101295471e-02 9.598427414894104004e-01 4.330498268245719373e-05 5.075492299511097372e-05
4.728075582534074783e-03 4.728075582534074783e-03 1.786311715841293335e-02 9.605453610420227051e-01 4.186745718470774591e-05 4.911504220217466354e-05
3.547690110281109810e-03 3.547690110281109810e-03 1.584533974528312683e-02 9.663835167884826660e-01 3.371396815055049956e-05 3.968931559938937426e-05
2.843115711584687233e-03 2.843115711584687233e-03 1.390451006591320038e-02 9.707455039024353027e-01 2.927889363490976393e-05 3.425955947022885084e-05
2.481188857927918434e-03 2.481188857927918434e-03 1.379149034619331360e-02 9.715684056282043457e-01 2.793871317408047616e-05 3.261934034526348114e-05
1.951241632923483849e-03 1.951241632923483849e-03 1.185473706573247910e-02 9.758688807487487793e-01 2.176232555939350277e-05 2.600762127258349210e-05
1.576866954565048218e-03 1.576866954565048218e-03 1.107327640056610107e-02 9.778010249137878418e-01 1.860717020463198423e-05 2.235477040812838823e-05
1.302519463934004307e-03 1.302519463934004307e-03 1.015171594917774200e-02 9.801596403121948242e-01 1.625556978979147971e-05 1.955906373041216284e-05
1.046241261065006256e-03 1.046241261065006256e-03 9.431063197553157806e-03 9.820984601974487305e-01 1.381127185595687479e-05 1.674903796811122447e-05
