1.916315814014524221e-04 1.916315814014524221e-04 3.180854255333542824e-04 1.560388947837054729e-03 3.600833006203174591e-04 4.165069840382784605e-04
1.858840347267687321e-03 1.858840347267687321e-03 2.978598968184087425e-05 8.856064081192016602e-01 7.643185090273618698e-04 3.856577386613935232e-04
4.745134413242340088e-01 4.745134413242340088e-01 3.614677116274833679e-04 4.319641292095184326e-01 2.558385021984577179e-03 7.543094689026474953e-04
8.614648580551147461e-01 8.614648580551147461e-01 7.593432674184441566e-04 5.555358156561851501e-02 2.440560841932892799e-03 8.170754299499094486e-04
8.789473176002502441e-01 8.789473176002502441e-01 5.336761241778731346e-04 2.627913467586040497e-02 1.721294829621911049e-03 7.126778364181518555e-04
9.144868254661560059e-01 9.144868254661560059e-01 4.941910156048834324e-04 1.441781409084796906e-02 1.175757730379700661e-03 5.469976458698511124e-04
9.258912205696105957e-01 9.258912205696105957e-01 3.555001458153128624e-04 1.168056577444076538e-02 9.808787144720554352e-04 4.619325918611139059e-04
9.376616477966308594e-01 9.376616477966308594e-01 2.738656185101717710e-04 6.591430865228176117e-03 9.209442068822681904e-04 4.417512391228228807e-04
9.488512873649597168e-01 9.488512873649597168e-01 2.282048371853306890e-04 3.227635519579052925e-03 6.998448516242206097e-04 4.257972759660333395e-04
9.564446806907653809e-01 9.564446806907653809e-01 2.093434595735743642e-04 2.081099199131131172e-03 5.451497272588312626e-04 4.235646920278668404e-04
9.561168551445007324e-01 9.561168551445007324e-01 2.513798244763165712e-04 1.809860346838831902e-03 4.945408436469733715e-04 5.022914265282452106e-04
9.566434025764465332e-01 9.566434025764465332e-01 2.653450355865061283e-04 1.683706650510430336e-03 4.713777743745595217e-04 4.542664391919970512e-04
9.585442543029785156e-01 9.585442543029785156e-01 2.522288996260613203e-04 1.544134574942290783e-03 4.560493689496070147e-04 4.125642008148133755e-04
9.585348367691040039e-01 9.585348367691040039e-01 2.453107153996825218e-04 1.495734322816133499e-03 4.531989980023354292e-04 4.078135534655302763e-04
9.611720442771911621e-01 9.611720442771911621e-01 2.279692853335291147e-04 1.488110166974365711e-03 4.215566441416740417e-04 3.870210784953087568e-04
9.622340202331542969e-01 9.622340202331542969e-01 2.474854409229010344e-04 1.344739808700978756e-03 3.817198739852756262e-04 3.854478709399700165e-04
9.587770700454711914e-01 9.587770700454711914e-01 3.084712370764464140e-04 1.466166344471275806e-03 3.922091273125261068e-04 4.179131938144564629e-04
9.581737518310546875e-01 9.581737518310546875e-01 3.375889209564775229e-04 1.535112853161990643e-03 3.706876013893634081e-04 4.173920024186372757e-04
9.565708637237548828e-01 9.565708637237548828e-01 4.012511635664850473e-04 1.691456651315093040e-03 3.761885454878211021e-04 4.295716644264757633e-04
9.560223817825317383e-01 9.560223817825317383e-01 4.458136099856346846e-04 1.741034328006207943e-03 3.652858722489327192e-04 4.139758239034563303e-04
9.552164673805236816e-01 9.552164673805236816e-01 5.043575656600296497e-04 1.776530989445745945e-03 3.796840610448271036e-04 4.094427567906677723e-04
9.539864659309387207e-01 9.539864659309387207e-01 5.531131173484027386e-04 1.816311618313193321e-03 3.756139485631138086e-04 4.240317211952060461e-04
9.495819807052612305e-01 9.495819807052612305e-01 6.031625089235603809e-04 2.050692914053797722e-03 4.033789155073463917e-04 4.389147215988487005e-04
9.456265568733215332e-01 9.456265568733215332e-01 6.661284132860600948e-04 2.237059175968170166e-03 4.330820229370146990e-04 4.628925817087292671e-04
9.401367306709289551e-01 9.401367306709289551e-01 8.280468755401670933e-04 2.293040277436375618e-03 4.723624442704021931e-04 4.968389985151588917e-04
9.344145059585571289e-01 9.344145059585571289e-01 1.019264920614659786e-03 2.527570351958274841e-03 4.871980054304003716e-04 5.471603362821042538e-04
9.297390580177307129e-01 9.297390580177307129e-01 1.206471002660691738e-03 2.542668022215366364e-03 5.429730517789721489e-04 5.348569247871637344e-04
9.232876896858215332e-01 9.232876896858215332e-01 1.287572784349322319e-03 2.686884487047791481e-03 5.823682295158505440e-04 5.470394389703869820e-04
9.197528958320617676e-01 9.197528958320617676e-01 1.349950092844665051e-03 2.991389948874711990e-03 5.829154397360980511e-04 5.811378359794616699e-04
9.184603691101074219e-01 9.184603691101074219e-01 1.497669611126184464e-03 2.875256817787885666e-03 5.861522513441741467e-04 6.017880514264106750e-04
9.123657345771789551e-01 9.123657345771789551e-01 1.625419477932155132e-03 2.922015497460961342e-03 6.217258051037788391e-04 6.259051151573657990e-04
9.123140573501586914e-01 9.123140573501586914e-01 1.809531007893383503e-03 2.917204517871141434e-03 5.981129943393170834e-04 6.576617597602307796e-04
9.069322347640991211e-01 9.069322347640991211e-01 1.954282401129603386e-03 2.909685950726270676e-03 5.969454068690538406e-04 7.005519000813364983e-04
8.995504975318908691e-01 8.995504975318908691e-01 2.131218556314706802e-03 2.952177310362458229e-03 6.089824018999934196e-04 7.067510741762816906e-04
8.915748000144958496e-01 8.915748000144958496e-01 2.350541530176997185e-03 2.890369389206171036e-03 6.344154244288802147e-04 7.149272132664918900e-04
8.821857571601867676e-01 8.821857571601867676e-01 2.823614515364170074e-03 2.809850266203284264e-03 6.163148791529238224e-04 8.058252278715372086e-04
8.753507733345031738e-01 8.753507733345031738e-01 2.992223482578992844e-03 2.772033680230379105e-03 6.021529552526772022e-04 8.706911467015743256e-04
8.621606230735778809e-01 8.621606230735778809e-01 3.172298194840550423e-03 2.702476223930716515e-03 6.399537087418138981e-04 9.603710495866835117e-04
8.537777662277221680e-01 8.537777662277221680e-01 3.417656756937503815e-03 2.734077163040637970e-03 6.533887353725731373e-04 1.021592062897980213e-03
8.430290818214416504e-01 8.430290818214416504e-01 3.857449395582079887e-03 2.727293642237782478e-03 6.746274302713572979e-04 1.089379191398620605e-03
8.262343406677246094e-01 8.262343406677246094e-01 4.174512345343828201e-03 2.619353355839848518e-03 6.959740421734750271e-04 1.165284775197505951e-03
8.139654994010925293e-01 8.139654994010925293e-01 4.106532316654920578e-03 2.643739804625511169e-03 7.370488601736724377e-04 1.219152822159230709e-03
7.816882729530334473e-01 7.816882729530334473e-01 4.734740126878023148e-03 2.940242644399404526e-03 7.885117083787918091e-04 1.398824388161301613e-03
7.774556875228881836e-01 7.774556875228881836e-01 4.915229044854640961e-03 2.900199731811881065e-03 7.943773525767028332e-04 1.420866115950047970e-03
7.447707653045654297e-01 7.447707653045654297e-01 5.474652629345655441e-03 2.855285070836544037e-03 8.309048716910183430e-04 1.559548545628786087e-03
7.046239972114562988e-01 7.046239972114562988e-01 6.306867115199565887e-03 3.080328227952122688e-03 8.816173649393022060e-04 1.717912498861551285e-03
6.952523589134216309e-01 6.952523589134216309e-01 6.104676052927970886e-03 3.123630071058869362e-03 8.951632771641016006e-04 1.739185419864952564e-03
6.565976142883300781e-01 6.565976142883300781e-01 6.599420681595802307e-03 3.191665513440966606e-03 9.484278270974755287e-04 1.885079895146191120e-03
6.393871903419494629e-01 6.393871903419494629e-01 6.805852055549621582e-03 3.244730876758694649e-03 9.476187406107783318e-04 2.001582644879817963e-03
5.866990089416503906e-01 5.866990089416503906e-01 7.047501392662525177e-03 3.237568074837327003e-03 9.835445089265704155e-04 2.176418434828519821e-03
5.485211610794067383e-01 5.485211610794067383e-01 7.633523549884557724e-03 3.214518539607524872e-03 1.008122577331960201e-03 2.267808653414249420e-03
