1.409215331701607870e-04
2.444661406487837305e-04
4.394791696800538494e-01
3.561089064403004656e-01
7.108963972294931599e-01
8.904110417223973784e-01
9.384198983991478560e-01
9.293226924063292538e-01
9.051407274839438077e-01
8.621666679126515076e-01
8.303297623408565364e-01
8.158426860745595643e-01
8.032982409836475490e-01
7.998456712374807376e-01
7.749864539781423645e-01
7.579058874082617026e-01
7.278858877268004068e-01
7.194839412601586881e-01
6.982057493639789447e-01
6.749592481705963820e-01
6.571368764157502484e-01
6.108913591169846669e-01
5.835903149925452116e-01
5.581622785790182339e-01
5.685898063057016616e-01
5.431211074486380630e-01
5.273484348859712734e-01
5.120447618419209368e-01
4.736291214604415600e-01
4.573413262717415106e-01
3.900152736068887571e-01
3.611081442226338756e-01
3.394291786023885815e-01
2.954046888250438929e-01
3.022407899240350249e-01
2.809387076233793024e-01
2.554051308787865793e-01
2.395643300334238113e-01
2.101565910375553792e-01
1.838753909006487497e-01
1.660725702727308961e-01
1.579286564264050508e-01
1.291901981733429294e-01
1.143613103513059642e-01
9.291377286693629223e-02
9.153406137851209656e-02
8.341900291527942768e-02
7.153332353880922923e-02
6.484116212678556201e-02
5.369540270608399307e-02
4.941602181535219990e-02
