          0  0.10150718  9.93503284
        100  0.00766871 21.15277672
        200  0.00409778 23.87450790
        300  0.00287467 25.41411209
        400  0.00189774 27.21763420
        500  0.00140200 28.53253365
        600  0.00112343 29.49452782
        700  0.00090618 30.42787361
        800  0.00081738 30.87575912
        900  0.00071049 31.48439026
       1000  0.00063311 31.98521423
       1100  0.00052593 32.79075241
       1200  0.00050564 32.96157455
       1300  0.00047947 33.19239044
       1400  0.00042322 33.73432159
       1500  0.00042620 33.70386124
       1600  0.00040194 33.95839691
       1700  0.00040937 33.87883377
       1800  0.00039174 34.06998825
       1900  0.00036577 34.36795807
       2000  0.00034640 34.60423660
       2100  0.00035226 34.53136826
       2200  0.00033182 34.79100418
       2300  0.00032766 34.84571457
       2400  0.00031277 35.04774857
       2500  0.00030034 35.22385788
       2600  0.00033908 34.69695282
       2700  0.00029937 35.23795700
       2800  0.00027349 35.63054276
       2900  0.00027947 35.53662872
       3000  0.00026812 35.71668625
       3100  0.00025675 35.90495682
       3200  0.00025845 35.87630844
       3300  0.00025696 35.90126038
       3400  0.00026537 35.76152420
       3500  0.00025778 35.88750076
       3600  0.00023700 36.25247192
       3700  0.00023248 36.33621597
       3800  0.00023209 36.34334946
       3900  0.00022831 36.41466904
       4000  0.00022875 36.40636826
       4100  0.00023989 36.19993210
       4200  0.00022057 36.56457901
       4300  0.00022163 36.54373169
       4400  0.00022329 36.51128006
       4500  0.00021435 36.68874359
       4600  0.00021457 36.68434143
       4700  0.00020590 36.86336517
       4800  0.00020140 36.95947266
       4900  0.00019949 37.00086212
       5000  0.00019210 37.16468430
