7.286905893124639988e-04 7.286905893124639988e-04 3.812906506936997175e-04 2.616886049509048462e-04 3.163138870149850845e-03 1.259875425603240728e-04
2.746252284850925207e-04 2.746252284850925207e-04 1.531927846372127533e-04 2.511137572582811117e-04 1.015477534383535385e-02 2.864423673599958420e-03
3.295737842563539743e-04 3.295737842563539743e-04 1.571757456986233592e-04 3.211938310414552689e-04 3.540869057178497314e-01 6.237095803953707218e-04
5.458321902551688254e-05 5.458321902551688254e-05 1.286794395127799362e-05 3.240015212213620543e-05 9.759275913238525391e-01 4.715879913419485092e-05
1.410180237144231796e-02 1.410180237144231796e-02 5.919203395023941994e-04 6.106179207563400269e-04 8.389558792114257812e-01 1.625927747227251530e-03
4.113869667053222656e-01 4.113869667053222656e-01 3.683673217892646790e-03 3.606441896408796310e-03 1.555102318525314331e-01 1.127958856523036957e-02
6.252471804618835449e-01 6.252471804618835449e-01 5.694380961358547211e-03 5.514840129762887955e-03 1.596064865589141846e-02 7.653852924704551697e-03
6.776761412620544434e-01 6.776761412620544434e-01 6.569091696292161942e-03 5.547692999243736267e-03 5.860489327460527420e-03 7.346590515226125717e-03
6.843059659004211426e-01 6.843059659004211426e-01 6.606514565646648407e-03 6.522516719996929169e-03 3.745259251445531845e-03 7.014743983745574951e-03
6.773397326469421387e-01 6.773397326469421387e-01 6.529616657644510269e-03 7.344799116253852844e-03 2.754847984760999680e-03 7.078347727656364441e-03
6.837633252143859863e-01 6.837633252143859863e-01 6.411995738744735718e-03 7.892111316323280334e-03 2.105609746649861336e-03 7.540392223745584488e-03
6.455143094062805176e-01 6.455143094062805176e-01 7.361883297562599182e-03 1.027745474129915237e-02 2.019667066633701324e-03 9.798503480851650238e-03
6.043442487716674805e-01 6.043442487716674805e-01 7.511715870350599289e-03 1.380522083491086960e-02 2.101101679727435112e-03 1.200998574495315552e-02
5.619363784790039062e-01 5.619363784790039062e-01 7.779301609843969345e-03 1.836997643113136292e-02 2.026720670983195305e-03 1.500844489783048630e-02
5.299856662750244141e-01 5.299856662750244141e-01 7.722689304500818253e-03 2.234512940049171448e-02 2.029020804911851883e-03 1.919865235686302185e-02
5.168385505676269531e-01 5.168385505676269531e-01 8.056817576289176941e-03 2.661965787410736084e-02 1.963641727343201637e-03 2.120291069149971008e-02
5.005404949188232422e-01 5.005404949188232422e-01 7.623019628226757050e-03 3.034782223403453827e-02 1.960257766768336296e-03 2.474014461040496826e-02
4.766839146614074707e-01 4.766839146614074707e-01 7.693819701671600342e-03 3.614800795912742615e-02 2.067117253318428993e-03 2.763587795197963715e-02
4.411869943141937256e-01 4.411869943141937256e-01 8.113216608762741089e-03 4.731011763215065002e-02 2.109915018081665039e-03 3.170320764183998108e-02
4.129215180873870850e-01 4.129215180873870850e-01 8.650125004351139069e-03 5.616618320345878601e-02 2.193090971559286118e-03 3.613132983446121216e-02
3.800191879272460938e-01 3.800191879272460938e-01 9.662648662924766541e-03 6.859809160232543945e-02 2.180473180487751961e-03 3.976454585790634155e-02
3.679240643978118896e-01 3.679240643978118896e-01 9.058087132871150970e-03 8.191496133804321289e-02 2.072853734716773033e-03 4.185808077454566956e-02
3.309994339942932129e-01 3.309994339942932129e-01 8.917336352169513702e-03 1.073800772428512573e-01 1.991921104490756989e-03 4.541564732789993286e-02
3.052409291267395020e-01 3.052409291267395020e-01 8.499921299517154694e-03 1.293919831514358521e-01 1.959097571671009064e-03 4.892747104167938232e-02
2.817748486995697021e-01 2.817748486995697021e-01 8.479136042296886444e-03 1.572553813457489014e-01 1.869831117801368237e-03 4.667964577674865723e-02
2.526375651359558105e-01 2.526375651359558105e-01 7.846465334296226501e-03 1.995334923267364502e-01 1.706841052509844303e-03 4.716642200946807861e-02
2.259233295917510986e-01 2.259233295917510986e-01 7.644139230251312256e-03 2.312338650226593018e-01 1.693849801085889339e-03 4.962413385510444641e-02
1.965996176004409790e-01 1.965996176004409790e-01 7.539653219282627106e-03 2.624028027057647705e-01 1.634759828448295593e-03 4.999689385294914246e-02
1.712283790111541748e-01 1.712283790111541748e-01 7.358293514698743820e-03 3.066102564334869385e-01 1.545361825264990330e-03 4.718330875039100647e-02
1.553260982036590576e-01 1.553260982036590576e-01 7.082119118422269821e-03 3.385356962680816650e-01 1.517862780019640923e-03 4.814068228006362915e-02
1.431103199720382690e-01 1.431103199720382690e-01 6.684344261884689331e-03 3.562735915184020996e-01 1.535275019705295563e-03 5.113524198532104492e-02
1.269722729921340942e-01 1.269722729921340942e-01 6.342579610645771027e-03 3.868155777454376221e-01 1.513010705821216106e-03 5.407785996794700623e-02
1.230754628777503967e-01 1.230754628777503967e-01 6.000495981425046921e-03 4.014536142349243164e-01 1.454877085052430630e-03 5.566202849149703979e-02
1.055930256843566895e-01 1.055930256843566895e-01 5.594330839812755585e-03 4.347358942031860352e-01 1.397615415044128895e-03 5.783568695187568665e-02
9.118627011775970459e-02 9.118627011775970459e-02 5.166119895875453949e-03 4.747724831104278564e-01 1.330398838035762310e-03 5.719246342778205872e-02
8.520931750535964966e-02 8.520931750535964966e-02 4.987049382179975510e-03 4.776900112628936768e-01 1.334922388195991516e-03 6.239441782236099243e-02
7.511111348867416382e-02 7.511111348867416382e-02 4.578472580760717392e-03 5.065051913261413574e-01 1.302073709666728973e-03 6.122170016169548035e-02
6.579838693141937256e-02 6.579838693141937256e-02 4.270582459867000580e-03 5.355136990547180176e-01 1.239752629771828651e-03 5.975018069148063660e-02
5.522022768855094910e-02 5.522022768855094910e-02 3.795947181060910225e-03 5.817677974700927734e-01 1.116438535973429680e-03 5.363742262125015259e-02
4.627035930752754211e-02 4.627035930752754211e-02 3.376237349584698677e-03 6.146155595779418945e-01 1.029517501592636108e-03 5.280711874365806580e-02
4.068461433053016663e-02 4.068461433053016663e-02 3.106554970145225525e-03 6.320652961730957031e-01 1.009392668493092060e-03 5.365354940295219421e-02
3.177464008331298828e-02 3.177464008331298828e-02 2.729306463152170181e-03 6.831715106964111328e-01 8.503268472850322723e-04 4.560950770974159241e-02
2.677772380411624908e-02 2.677772380411624908e-02 2.561556175351142883e-03 7.016861438751220703e-01 7.983646355569362640e-04 4.309584572911262512e-02
2.360288426280021667e-02 2.360288426280021667e-02 2.450403291732072830e-03 7.262521982192993164e-01 7.344920304603874683e-04 3.760319575667381287e-02
2.311054803431034088e-02 2.311054803431034088e-02 2.427010796964168549e-03 7.267474532127380371e-01 7.305644103325903416e-04 3.711435943841934204e-02
1.655730418860912323e-02 1.655730418860912323e-02 2.000911626964807510e-03 7.639179825782775879e-01 6.412214133888483047e-04 3.324009478092193604e-02
1.508611906319856644e-02 1.508611906319856644e-02 1.880092313513159752e-03 7.783222794532775879e-01 5.940718692727386951e-04 2.970363944768905640e-02
1.307701505720615387e-02 1.307701505720615387e-02 1.726524089463055134e-03 8.015170693397521973e-01 5.198349244892597198e-04 2.462850697338581085e-02
1.144718565046787262e-02 1.144718565046787262e-02 1.660461421124637127e-03 8.085628151893615723e-01 5.024860147386789322e-04 2.422382496297359467e-02
8.324727416038513184e-03 8.324727416038513184e-03 1.332560554146766663e-03 8.437699675559997559e-01 3.842606383841484785e-04 1.848354935646057129e-02
7.464778143912553787e-03 7.464778143912553787e-03 1.289851265028119087e-03 8.478601574897766113e-01 3.730281896423548460e-04 1.766901835799217224e-02
