1.165272947952093741e-03
1.387600783311709668e-03
6.648738808066562145e-01
3.868008810503754669e-01
2.874841659965985396e-01
8.221885150203264714e-02
4.490173045857753786e-02
3.725293437426513421e-02
3.188641631460720216e-02
4.587239121831151317e-02
5.449092082931870917e-02
5.893918063525556417e-02
5.651014837647676259e-02
5.169702006307177328e-02
3.967961856529794717e-02
2.432059836110222681e-02
1.467987274709127432e-02
1.137842491283455777e-02
1.001242266230619252e-02
7.550869203935468323e-03
5.640422007467464117e-03
4.383446043506770279e-03
3.300991714024132870e-03
2.722574460319002274e-03
2.184781459983685045e-03
1.788266800272490364e-03
1.581277737645860699e-03
1.555272541376551999e-03
1.439301089055040938e-03
1.318292276023307280e-03
1.192989820448195478e-03
9.930579354024326923e-04
8.475560857662698061e-04
6.489928497369868658e-04
5.791087141019653304e-04
5.349126241320545415e-04
4.191974511226402252e-04
4.078454056437879780e-04
3.679822776842077013e-04
3.116409053265358701e-04
2.955216357685708510e-04
2.570397527500348071e-04
2.269130942795700187e-04
2.050687157182109165e-04
1.742770500944892107e-04
1.682081750640335139e-04
1.510048270771736142e-04
1.508145637445358720e-04
1.432072560048303577e-04
1.191993607152599976e-04
1.231181708883017961e-04
