5.638284492306411266e-04 5.638284492306411266e-04 1.319840783253312111e-03 1.814762596040964127e-03 5.651964456774294376e-04 1.296986592933535576e-03
8.367893099784851074e-01 8.367893099784851074e-01 3.246989334002137184e-03 4.271137062460184097e-03 2.086138701997697353e-04 8.933539502322673798e-04
9.334732890129089355e-01 9.334732890129089355e-01 5.151528166607022285e-04 9.020527359098196030e-04 5.261332989903166890e-05 2.099705889122560620e-04
9.396734833717346191e-01 9.396734833717346191e-01 3.202061925549060106e-04 5.530841299332678318e-04 7.154434570111334324e-05 1.756153797032311559e-04
9.267678856849670410e-01 9.267678856849670410e-01 4.120953963138163090e-04 6.988864624872803688e-04 9.292741742683574557e-05 2.269978285767138004e-04
9.277458190917968750e-01 9.277458190917968750e-01 3.534000134095549583e-04 6.266943528316915035e-04 8.326273382408544421e-05 2.219278976554051042e-04
9.291405677795410156e-01 9.291405677795410156e-01 3.221687220502644777e-04 5.600786535069346428e-04 8.266452641692012548e-05 2.099905395880341530e-04
9.233506917953491211e-01 9.233506917953491211e-01 3.298491064924746752e-04 5.621401360258460045e-04 9.481904999120160937e-05 2.132151421392336488e-04
9.181659221649169922e-01 9.181659221649169922e-01 3.412711084820330143e-04 5.770217394456267357e-04 1.090850128093734384e-04 2.283426729263737798e-04
9.208700656890869141e-01 9.208700656890869141e-01 3.359490074217319489e-04 5.724416114389896393e-04 1.120261076721362770e-04 2.224376657977700233e-04
9.205978512763977051e-01 9.205978512763977051e-01 3.392591024748980999e-04 5.847805878147482872e-04 1.168663802673108876e-04 2.179486036766320467e-04
9.180246591567993164e-01 9.180246591567993164e-01 3.400570421945303679e-04 5.953858490101993084e-04 1.276527473237365484e-04 2.136556431651115417e-04
9.140759110450744629e-01 9.140759110450744629e-01 3.533655835781246424e-04 6.110257818363606930e-04 1.336650457233190536e-04 2.157900016754865646e-04
9.072294235229492188e-01 9.072294235229492188e-01 3.699834633152931929e-04 6.546943914145231247e-04 1.531046582385897636e-04 2.241832262370735407e-04
9.029960036277770996e-01 9.029960036277770996e-01 3.788612666539847851e-04 6.710837478749454021e-04 1.652814680710434914e-04 2.279014152009040117e-04
8.979670405387878418e-01 8.979670405387878418e-01 3.934200212825089693e-04 7.128259749151766300e-04 1.818935561459511518e-04 2.341703948331996799e-04
8.944067955017089844e-01 8.944067955017089844e-01 3.975836443714797497e-04 7.355066481977701187e-04 1.943364040926098824e-04 2.423866535536944866e-04
8.897505402565002441e-01 8.897505402565002441e-01 4.053448210470378399e-04 7.600505487062036991e-04 2.054881188087165356e-04 2.553911763243377209e-04
8.835155963897705078e-01 8.835155963897705078e-01 4.236488020978868008e-04 8.123750449158251286e-04 2.263476199004799128e-04 2.711874840315431356e-04
8.791976571083068848e-01 8.791976571083068848e-01 4.257459659129381180e-04 8.312727441079914570e-04 2.421415119897574186e-04 2.814049075823277235e-04
8.729507327079772949e-01 8.729507327079772949e-01 4.357520665507763624e-04 8.727063541300594807e-04 2.631357929203659296e-04 2.969943161588162184e-04
8.668079972267150879e-01 8.668079972267150879e-01 4.501422226894646883e-04 9.076595306396484375e-04 2.965066814795136452e-04 3.157494938932359219e-04
8.610184788703918457e-01 8.610184788703918457e-01 4.504919634200632572e-04 9.034469258040189743e-04 3.234227770008146763e-04 3.309681487735360861e-04
8.551483154296875000e-01 8.551483154296875000e-01 4.545002884697169065e-04 9.209276759065687656e-04 3.528255329001694918e-04 3.433003439567983150e-04
8.481203913688659668e-01 8.481203913688659668e-01 4.657314566429704428e-04 9.385750163346529007e-04 3.801013226620852947e-04 3.573915455490350723e-04
8.379551172256469727e-01 8.379551172256469727e-01 4.952193121425807476e-04 9.934609988704323769e-04 4.182852571830153465e-04 3.786193556152284145e-04
8.276998400688171387e-01 8.276998400688171387e-01 5.328187253326177597e-04 1.074328203685581684e-03 4.630719195120036602e-04 4.033053701277822256e-04
8.178892135620117188e-01 8.178892135620117188e-01 5.581986624747514725e-04 1.103123067878186703e-03 5.154637037776410580e-04 4.250684578437358141e-04
8.102999329566955566e-01 8.102999329566955566e-01 5.936904926784336567e-04 1.147526782006025314e-03 5.603877361863851547e-04 4.406685475260019302e-04
8.030157685279846191e-01 8.030157685279846191e-01 6.165846134535968304e-04 1.188208931125700474e-03 5.925074219703674316e-04 4.528266144916415215e-04
7.978499531745910645e-01 7.978499531745910645e-01 6.338211824186146259e-04 1.206571352668106556e-03 6.302709225565195084e-04 4.595969803631305695e-04
7.910079360008239746e-01 7.910079360008239746e-01 6.595117738470435143e-04 1.240560086444020271e-03 6.698669167235493660e-04 4.731212684419006109e-04
7.823986411094665527e-01 7.823986411094665527e-01 6.822454161010682583e-04 1.284406054764986038e-03 7.010526023805141449e-04 4.834394494537264109e-04
7.763311862945556641e-01 7.763311862945556641e-01 7.063308730721473694e-04 1.331597566604614258e-03 7.358680595643818378e-04 4.940417129546403885e-04
7.697963714599609375e-01 7.697963714599609375e-01 7.249797345139086246e-04 1.363653573207557201e-03 7.673818618059158325e-04 5.036579095758497715e-04
7.628345489501953125e-01 7.628345489501953125e-01 7.518620695918798447e-04 1.426197704859077930e-03 7.881221245042979717e-04 5.088978796266019344e-04
7.517347335815429688e-01 7.517347335815429688e-01 7.816703291609883308e-04 1.477153738960623741e-03 8.538643596693873405e-04 5.188673385418951511e-04
7.443604469299316406e-01 7.443604469299316406e-01 8.257127483375370502e-04 1.539751538075506687e-03 8.858612854965031147e-04 5.298559553921222687e-04
7.405788898468017578e-01 7.405788898468017578e-01 8.493989007547497749e-04 1.598753384314477444e-03 9.028017520904541016e-04 5.350591382011771202e-04
7.354939579963684082e-01 7.354939579963684082e-01 8.657537400722503662e-04 1.620314083993434906e-03 9.375587687827646732e-04 5.361985531635582447e-04
7.268834114074707031e-01 7.268834114074707031e-01 9.005790925584733486e-04 1.671964884735643864e-03 9.748908341862261295e-04 5.472121993079781532e-04
7.150605916976928711e-01 7.150605916976928711e-01 9.154703002423048019e-04 1.669553341343998909e-03 1.027336460538208485e-03 5.568153574131429195e-04
7.088735103607177734e-01 7.088735103607177734e-01 9.630854474380612373e-04 1.749736489728093147e-03 1.054354943335056305e-03 5.514660733751952648e-04
7.047771811485290527e-01 7.047771811485290527e-01 9.649246348999440670e-04 1.744962297379970551e-03 1.057404559105634689e-03 5.569251370616257191e-04
6.976462602615356445e-01 6.976462602615356445e-01 9.809783659875392914e-04 1.764008193276822567e-03 1.091437530703842640e-03 5.530898924916982651e-04
6.938209533691406250e-01 6.938209533691406250e-01 9.996190201491117477e-04 1.789572648704051971e-03 1.127828378230333328e-03 5.507994210347533226e-04
6.877336502075195312e-01 6.877336502075195312e-01 1.022090204060077667e-03 1.832738402299582958e-03 1.153865945525467396e-03 5.642877076752483845e-04
6.812854409217834473e-01 6.812854409217834473e-01 1.042905962094664574e-03 1.865860424004495144e-03 1.184985390864312649e-03 5.609052022919058800e-04
6.781408786773681641e-01 6.781408786773681641e-01 1.048302045091986656e-03 1.849902677349746227e-03 1.188441063277423382e-03 5.623754113912582397e-04
6.700430512428283691e-01 6.700430512428283691e-01 1.088908757083117962e-03 1.906860736198723316e-03 1.228958251886069775e-03 5.680943722836673260e-04
6.651980280876159668e-01 6.651980280876159668e-01 1.090438803657889366e-03 1.887435326352715492e-03 1.242207130417227745e-03 5.676225409843027592e-04
