          0  0.07749464 11.10728359
        100  0.00705791 21.51324081
        200  0.00387138 24.12134171
        300  0.00268484 25.71080780
        400  0.00206540 26.84996605
        500  0.00189713 27.21903038
        600  0.00153085 28.15066910
        700  0.00131163 28.82189751
        800  0.00116429 29.33938217
        900  0.00109723 29.59701157
       1000  0.00098092 30.08368492
       1100  0.00088820 30.51487350
       1200  0.00082042 30.85962486
       1300  0.00078376 31.05818367
       1400  0.00073805 31.31916809
       1500  0.00067807 31.68725967
       1600  0.00064715 31.88998413
       1700  0.00060236 32.20141983
       1800  0.00058413 32.33489609
       1900  0.00053668 32.70281601
       2000  0.00052074 32.83381271
       2100  0.00052352 32.81069946
       2200  0.00045810 33.39041138
       2300  0.00044644 33.50236511
       2400  0.00041737 33.79479980
       2500  0.00039889 33.99148178
       2600  0.00040156 33.96250534
       2700  0.00036833 34.33761597
       2800  0.00034957 34.56465530
       2900  0.00036601 34.36503601
       3000  0.00033096 34.80221176
       3100  0.00032150 34.92824173
       3200  0.00034044 34.67961121
       3300  0.00031333 35.04000092
       3400  0.00028053 35.52019882
       3500  0.00027271 35.64302444
       3600  0.00027470 35.61136246
       3700  0.00025483 35.93743515
       3800  0.00026237 35.81088257
       3900  0.00025805 35.88301086
       4000  0.00023782 36.23744965
       4100  0.00022967 36.38898468
       4200  0.00023101 36.36360168
       4300  0.00021967 36.58231735
       4400  0.00022380 36.50149536
       4500  0.00020963 36.78541946
       4600  0.00021167 36.74346542
       4700  0.00020310 36.92295074
       4800  0.00019385 37.12533188
       4900  0.00024208 36.16049576
       5000  0.00018664 37.28995895
