2.100000000000000000e+01 7.010000000000000000e+02 1.200000000000000000e+01 1.300000000000000000e+01 1.280000000000000000e+02
3.770000000000000000e+02 8.000000000000000000e+00 7.000000000000000000e+00 2.900000000000000000e+01 1.150000000000000000e+02
1.300000000000000000e+02 6.000000000000000000e+02 1.290000000000000000e+02 1.000000000000000000e+02 1.120000000000000000e+02
1.300000000000000000e+02 6.000000000000000000e+02 1.320000000000000000e+02 1.110000000000000000e+02 1.000000000000000000e+02
1.300000000000000000e+02 1.320000000000000000e+02 1.000000000000000000e+02 9.900000000000000000e+01 1.440000000000000000e+02
1.300000000000000000e+02 9.900000000000000000e+01 1.320000000000000000e+02 1.000000000000000000e+02 1.440000000000000000e+02
1.300000000000000000e+02 9.900000000000000000e+01 1.320000000000000000e+02 1.000000000000000000e+02 1.440000000000000000e+02
1.300000000000000000e+02 9.900000000000000000e+01 1.000000000000000000e+02 1.320000000000000000e+02 1.440000000000000000e+02
1.300000000000000000e+02 9.900000000000000000e+01 1.000000000000000000e+02 1.320000000000000000e+02 1.440000000000000000e+02
1.300000000000000000e+02 9.900000000000000000e+01 1.000000000000000000e+02 1.320000000000000000e+02 1.440000000000000000e+02
1.300000000000000000e+02 9.900000000000000000e+01 1.000000000000000000e+02 1.320000000000000000e+02 1.440000000000000000e+02
1.300000000000000000e+02 9.900000000000000000e+01 1.000000000000000000e+02 1.320000000000000000e+02 1.440000000000000000e+02
1.300000000000000000e+02 9.900000000000000000e+01 1.000000000000000000e+02 1.440000000000000000e+02 1.320000000000000000e+02
1.300000000000000000e+02 9.900000000000000000e+01 1.000000000000000000e+02 1.440000000000000000e+02 1.320000000000000000e+02
1.300000000000000000e+02 9.900000000000000000e+01 1.000000000000000000e+02 1.440000000000000000e+02 1.290000000000000000e+02
1.300000000000000000e+02 9.900000000000000000e+01 1.000000000000000000e+02 1.440000000000000000e+02 1.290000000000000000e+02
1.300000000000000000e+02 9.900000000000000000e+01 1.000000000000000000e+02 1.290000000000000000e+02 1.440000000000000000e+02
1.300000000000000000e+02 9.900000000000000000e+01 1.000000000000000000e+02 1.290000000000000000e+02 1.440000000000000000e+02
1.300000000000000000e+02 9.900000000000000000e+01 1.000000000000000000e+02 1.440000000000000000e+02 1.290000000000000000e+02
1.300000000000000000e+02 9.900000000000000000e+01 1.000000000000000000e+02 1.440000000000000000e+02 1.290000000000000000e+02
1.300000000000000000e+02 9.900000000000000000e+01 1.440000000000000000e+02 1.000000000000000000e+02 1.290000000000000000e+02
1.300000000000000000e+02 9.900000000000000000e+01 1.440000000000000000e+02 1.000000000000000000e+02 1.290000000000000000e+02
1.300000000000000000e+02 9.900000000000000000e+01 1.440000000000000000e+02 1.000000000000000000e+02 1.290000000000000000e+02
1.300000000000000000e+02 9.900000000000000000e+01 1.440000000000000000e+02 1.000000000000000000e+02 1.290000000000000000e+02
1.300000000000000000e+02 9.900000000000000000e+01 1.440000000000000000e+02 1.000000000000000000e+02 1.290000000000000000e+02
1.300000000000000000e+02 9.900000000000000000e+01 1.440000000000000000e+02 1.000000000000000000e+02 1.290000000000000000e+02
1.300000000000000000e+02 9.900000000000000000e+01 1.440000000000000000e+02 1.000000000000000000e+02 9.750000000000000000e+02
1.300000000000000000e+02 1.440000000000000000e+02 9.900000000000000000e+01 1.000000000000000000e+02 9.750000000000000000e+02
1.300000000000000000e+02 1.440000000000000000e+02 9.900000000000000000e+01 1.000000000000000000e+02 9.750000000000000000e+02
1.300000000000000000e+02 1.440000000000000000e+02 9.900000000000000000e+01 1.000000000000000000e+02 9.750000000000000000e+02
1.300000000000000000e+02 1.440000000000000000e+02 9.900000000000000000e+01 1.000000000000000000e+02 9.750000000000000000e+02
1.300000000000000000e+02 1.440000000000000000e+02 9.900000000000000000e+01 1.000000000000000000e+02 9.750000000000000000e+02
1.300000000000000000e+02 1.440000000000000000e+02 9.900000000000000000e+01 1.000000000000000000e+02 9.750000000000000000e+02
1.300000000000000000e+02 1.440000000000000000e+02 9.900000000000000000e+01 1.000000000000000000e+02 9.750000000000000000e+02
1.300000000000000000e+02 1.440000000000000000e+02 9.900000000000000000e+01 1.000000000000000000e+02 9.750000000000000000e+02
1.300000000000000000e+02 1.440000000000000000e+02 9.900000000000000000e+01 1.000000000000000000e+02 9.750000000000000000e+02
1.300000000000000000e+02 1.440000000000000000e+02 9.900000000000000000e+01 1.000000000000000000e+02 9.750000000000000000e+02
1.300000000000000000e+02 1.440000000000000000e+02 9.900000000000000000e+01 1.000000000000000000e+02 9.750000000000000000e+02
1.300000000000000000e+02 1.440000000000000000e+02 9.900000000000000000e+01 1.000000000000000000e+02 9.750000000000000000e+02
1.300000000000000000e+02 1.440000000000000000e+02 9.900000000000000000e+01 1.000000000000000000e+02 9.750000000000000000e+02
1.300000000000000000e+02 1.440000000000000000e+02 9.900000000000000000e+01 1.000000000000000000e+02 9.750000000000000000e+02
1.300000000000000000e+02 1.440000000000000000e+02 9.900000000000000000e+01 1.000000000000000000e+02 9.750000000000000000e+02
1.300000000000000000e+02 1.440000000000000000e+02 9.900000000000000000e+01 1.000000000000000000e+02 9.750000000000000000e+02
1.300000000000000000e+02 1.440000000000000000e+02 9.900000000000000000e+01 1.000000000000000000e+02 9.750000000000000000e+02
1.300000000000000000e+02 1.440000000000000000e+02 9.900000000000000000e+01 1.000000000000000000e+02 9.750000000000000000e+02
1.300000000000000000e+02 1.440000000000000000e+02 1.000000000000000000e+02 9.900000000000000000e+01 9.750000000000000000e+02
1.300000000000000000e+02 1.440000000000000000e+02 1.000000000000000000e+02 9.900000000000000000e+01 9.750000000000000000e+02
1.300000000000000000e+02 1.440000000000000000e+02 1.000000000000000000e+02 9.900000000000000000e+01 9.750000000000000000e+02
1.300000000000000000e+02 1.440000000000000000e+02 1.000000000000000000e+02 9.900000000000000000e+01 9.750000000000000000e+02
1.300000000000000000e+02 1.440000000000000000e+02 1.000000000000000000e+02 9.900000000000000000e+01 9.750000000000000000e+02
1.300000000000000000e+02 1.440000000000000000e+02 1.000000000000000000e+02 9.900000000000000000e+01 9.750000000000000000e+02
