          0  0.09493307 10.22582436
        100  0.00876211 20.57391167
        200  0.00432733 23.63780022
        300  0.00304085 25.17004967
        400  0.00252643 25.97493553
        500  0.00188173 27.25443459
        600  0.00154439 28.11243248
        700  0.00127902 28.93121147
        800  0.00123141 29.09598541
        900  0.00103894 29.83411026
       1000  0.00089447 30.48436546
       1100  0.00084282 30.74263573
       1200  0.00075245 31.23524094
       1300  0.00068263 31.65815163
       1400  0.00068482 31.64421844
       1500  0.00055395 32.56529236
       1600  0.00053214 32.73970795
       1700  0.00049956 33.01408386
       1800  0.00045766 33.39459229
       1900  0.00042566 33.70935822
       2000  0.00039437 34.04097366
       2100  0.00043204 33.64476013
       2200  0.00034158 34.66510010
       2300  0.00032146 34.92874908
       2400  0.00030337 35.18024826
       2500  0.00031596 35.00362778
       2600  0.00028393 35.46794891
       2700  0.00025961 35.85672760
       2800  0.00026049 35.84206390
       2900  0.00025745 35.89301300
       3000  0.00024776 36.05968094
       3100  0.00026443 35.77693939
       3200  0.00023005 36.38174057
       3300  0.00021627 36.64999008
       3400  0.00020350 36.91435242
       3500  0.00018884 37.23897934
       3600  0.00018547 37.31731415
       3700  0.00018042 37.43706131
       3800  0.00018029 37.44028091
       3900  0.00016541 37.81430817
       4000  0.00016416 37.84727097
       4100  0.00017084 37.67401886
       4200  0.00016578 37.80463791
       4300  0.00019030 37.20565033
       4400  0.00016390 37.85414505
       4500  0.00014255 38.46021271
       4600  0.00014610 38.35358810
       4700  0.00015382 38.12981415
       4800  0.00017837 37.48685455
       4900  0.00016103 37.93086624
       5000  0.00012774 38.93667221
