          0  0.07961293 10.99016380
        100  0.00984592 20.06743813
        200  0.00673186 21.71865273
        300  0.00520442 22.83627892
        400  0.00458822 23.38355637
        500  0.00378784 24.21607971
        600  0.00353834 24.51200676
        700  0.00314645 25.02178764
        800  0.00290005 25.37594032
        900  0.00269950 25.68716049
       1000  0.00252769 25.97276306
       1100  0.00232205 26.34128952
       1200  0.00224503 26.48777390
       1300  0.00207955 26.82029915
       1400  0.00201242 26.96280670
       1500  0.00188038 27.25753403
       1600  0.00178693 27.47892952
       1700  0.00169591 27.70596123
       1800  0.00164365 27.84191132
       1900  0.00155708 28.07688332
       2000  0.00147345 28.31665421
       2100  0.00146884 28.33026886
       2200  0.00137024 28.63203621
       2300  0.00131670 28.80512810
       2400  0.00123204 29.09375381
       2500  0.00121543 29.15271378
       2600  0.00115642 29.36882973
       2700  0.00112997 29.46931648
       2800  0.00107636 29.68041992
       2900  0.00103158 29.86495209
       3000  0.00097155 30.12533951
       3100  0.00096272 30.16498947
       3200  0.00092882 30.32070351
       3300  0.00091683 30.37709427
       3400  0.00088482 30.53147316
       3500  0.00082115 30.85576630
       3600  0.00077035 31.13309288
       3700  0.00075491 31.22104836
       3800  0.00074520 31.27727509
       3900  0.00069761 31.56385422
       4000  0.00068638 31.63434219
       4100  0.00067803 31.68751717
       4200  0.00066700 31.75877190
       4300  0.00060395 32.18998337
       4400  0.00060935 32.15131760
       4500  0.00060999 32.14677429
       4600  0.00065931 31.80912018
       4700  0.00055166 32.58332062
       4800  0.00055564 32.55207062
       4900  0.00050779 32.94317245
       5000  0.00048748 33.12041473
