1.382520941246662355e-04
9.029667703256314404e-01
9.464425081046308197e-01
9.106109132068410661e-01
9.002358850397519374e-01
9.034418424899431921e-01
8.971184112324694926e-01
8.932723996770072228e-01
8.939281081102565807e-01
8.883219630527284805e-01
8.769381479768156851e-01
8.700378914231710059e-01
8.667683382655677615e-01
8.661021732304264864e-01
8.565190950697733063e-01
8.514579163049915689e-01
8.647181104981531696e-01
8.678036030025735315e-01
8.714673272466941789e-01
8.781843180934985060e-01
8.802325890699158606e-01
8.854367970266561194e-01
8.944862215925160065e-01
8.940837952939788558e-01
8.978814374219767913e-01
9.027412501631932873e-01
9.082916266772985692e-01
9.119100389798882045e-01
9.134314439802840857e-01
9.167898476791083162e-01
9.185289456779531791e-01
9.204902006047095409e-01
9.176296779152592897e-01
9.143296721977606234e-01
9.149878266197566390e-01
9.112283419162059417e-01
9.049363416141262828e-01
9.014235960253905722e-01
8.901837273872161838e-01
8.877056350382995786e-01
8.831284562967547380e-01
8.796255558127240581e-01
8.764904097367474112e-01
8.718573401523422861e-01
8.679446142538159714e-01
8.649070631288292565e-01
8.603315965794070541e-01
8.569686066516829515e-01
8.577005076343895418e-01
8.563156499557734724e-01
8.487484334206449876e-01
