          0  0.10039838  9.98273277
        100  0.00744755 21.27986526
        200  0.00378164 24.22320175
        300  0.00234404 26.30034828
        400  0.00150203 28.23320580
        500  0.00110871 29.55181885
        600  0.00095509 30.19953728
        700  0.00078150 31.07071877
        800  0.00067013 31.73840904
        900  0.00058823 32.30451202
       1000  0.00046033 33.36930847
       1100  0.00043168 33.64840317
       1200  0.00039593 34.02379608
       1300  0.00039500 34.03408051
       1400  0.00033689 34.72507858
       1500  0.00029693 35.27341461
       1600  0.00030071 35.21849442
       1700  0.00025418 35.94864273
       1800  0.00023961 36.20499039
       1900  0.00024657 36.08066177
       2000  0.00021074 36.76263046
       2100  0.00020600 36.86124420
       2200  0.00022025 36.57079697
       2300  0.00019701 37.05506134
       2400  0.00019161 37.17576599
       2500  0.00017494 37.57122803
       2600  0.00017669 37.52779007
       2700  0.00016333 37.86940384
       2800  0.00016008 37.95671844
       2900  0.00017160 37.65489578
       3000  0.00016108 37.92956161
       3100  0.00013991 38.54157639
       3200  0.00015368 38.13377762
       3300  0.00013732 38.62250900
       3400  0.00015667 38.05015945
       3500  0.00014290 38.44970703
       3600  0.00014082 38.51339722
       3700  0.00012930 38.88387299
       3800  0.00014215 38.47254944
       3900  0.00013289 38.76505280
       4000  0.00013175 38.80263519
       4100  0.00014950 38.25362396
       4200  0.00011364 39.44470978
       4300  0.00011207 39.50498581
       4400  0.00012041 39.19345093
       4500  0.00011461 39.40775299
       4600  0.00011903 39.24328613
       4700  0.00012340 39.08673859
       4800  0.00010750 39.68575668
       4900  0.00010817 39.65908051
       5000  0.00009723 40.12193680
