7.232178386559405710e-03
7.323408941700008988e-04
6.781897232169280167e-04
3.784161300348050545e-03
3.195827696117124923e-03
2.333306429241548824e-03
2.374151491096735019e-03
3.372332419071643293e-03
6.199339763154871653e-03
9.489600114130641514e-03
1.031251962769758751e-02
9.641779311968213043e-03
7.264532258881338869e-03
6.693308348512085754e-03
6.258742282601499791e-03
6.689539742162077009e-03
6.870846177981556474e-03
7.722381460023437262e-03
8.099111243707112634e-03
9.460297376240116643e-03
1.070876305613224430e-02
1.127610165492258336e-02
1.254669977417184612e-02
1.398538967239356876e-02
1.394177551374349046e-02
1.534507897195283403e-02
1.674240659196400346e-02
1.637025483612322349e-02
1.797481734570719955e-02
1.869058642892184804e-02
2.293057227151662492e-02
2.566629137094269056e-02
2.607687274405256009e-02
2.987859685515480493e-02
3.176590784219528868e-02
3.219789755176478280e-02
3.454836915405826159e-02
4.342996950669195111e-02
4.237234428410324716e-02
4.400310181279293298e-02
5.017853070804566967e-02
5.215867539989577084e-02
5.070244877277024775e-02
5.288422827146683353e-02
5.837597671667026089e-02
6.238813980635702500e-02
6.566834184644930461e-02
6.816886100789182334e-02
7.554905920024806987e-02
7.230954838330014289e-02
6.929365893101971374e-02
