5.000000000000000000e+01 2.950000000000000000e+02 3.950000000000000000e+02 1.030000000000000000e+02 6.000000000000000000e+00
6.000000000000000000e+00 8.550000000000000000e+02 7.800000000000000000e+01 8.960000000000000000e+02 7.110000000000000000e+02
9.740000000000000000e+02 5.620000000000000000e+02 5.150000000000000000e+02 5.540000000000000000e+02 7.440000000000000000e+02
5.620000000000000000e+02 9.740000000000000000e+02 5.540000000000000000e+02 9.800000000000000000e+02 7.440000000000000000e+02
5.620000000000000000e+02 9.740000000000000000e+02 5.540000000000000000e+02 8.140000000000000000e+02 9.800000000000000000e+02
5.620000000000000000e+02 9.740000000000000000e+02 5.540000000000000000e+02 8.140000000000000000e+02 9.750000000000000000e+02
5.620000000000000000e+02 9.740000000000000000e+02 5.540000000000000000e+02 9.750000000000000000e+02 8.140000000000000000e+02
5.620000000000000000e+02 9.740000000000000000e+02 5.540000000000000000e+02 8.350000000000000000e+02 9.750000000000000000e+02
5.620000000000000000e+02 9.740000000000000000e+02 5.540000000000000000e+02 8.350000000000000000e+02 8.140000000000000000e+02
5.620000000000000000e+02 9.740000000000000000e+02 5.540000000000000000e+02 8.350000000000000000e+02 8.140000000000000000e+02
5.620000000000000000e+02 9.740000000000000000e+02 5.540000000000000000e+02 8.350000000000000000e+02 8.140000000000000000e+02
5.620000000000000000e+02 9.740000000000000000e+02 5.540000000000000000e+02 8.140000000000000000e+02 8.350000000000000000e+02
5.620000000000000000e+02 9.740000000000000000e+02 5.540000000000000000e+02 8.140000000000000000e+02 8.350000000000000000e+02
5.620000000000000000e+02 9.740000000000000000e+02 5.540000000000000000e+02 8.140000000000000000e+02 8.350000000000000000e+02
5.620000000000000000e+02 9.740000000000000000e+02 5.540000000000000000e+02 8.140000000000000000e+02 8.350000000000000000e+02
5.620000000000000000e+02 9.740000000000000000e+02 5.540000000000000000e+02 8.350000000000000000e+02 8.140000000000000000e+02
5.620000000000000000e+02 9.740000000000000000e+02 5.540000000000000000e+02 8.350000000000000000e+02 7.080000000000000000e+02
5.620000000000000000e+02 9.740000000000000000e+02 5.540000000000000000e+02 8.350000000000000000e+02 7.080000000000000000e+02
5.620000000000000000e+02 9.740000000000000000e+02 5.540000000000000000e+02 8.350000000000000000e+02 7.080000000000000000e+02
5.620000000000000000e+02 9.740000000000000000e+02 5.540000000000000000e+02 8.350000000000000000e+02 7.080000000000000000e+02
5.620000000000000000e+02 9.740000000000000000e+02 5.540000000000000000e+02 8.350000000000000000e+02 7.080000000000000000e+02
5.620000000000000000e+02 9.740000000000000000e+02 5.540000000000000000e+02 8.350000000000000000e+02 7.080000000000000000e+02
5.620000000000000000e+02 9.740000000000000000e+02 5.540000000000000000e+02 8.350000000000000000e+02 7.080000000000000000e+02
5.620000000000000000e+02 9.740000000000000000e+02 5.540000000000000000e+02 8.350000000000000000e+02 7.080000000000000000e+02
5.620000000000000000e+02 9.740000000000000000e+02 5.540000000000000000e+02 8.350000000000000000e+02 7.080000000000000000e+02
5.620000000000000000e+02 9.740000000000000000e+02 5.540000000000000000e+02 8.350000000000000000e+02 7.080000000000000000e+02
5.620000000000000000e+02 9.740000000000000000e+02 5.540000000000000000e+02 8.350000000000000000e+02 7.080000000000000000e+02
5.620000000000000000e+02 9.740000000000000000e+02 5.540000000000000000e+02 8.350000000000000000e+02 7.080000000000000000e+02
5.620000000000000000e+02 9.740000000000000000e+02 5.540000000000000000e+02 8.350000000000000000e+02 7.080000000000000000e+02
5.620000000000000000e+02 9.740000000000000000e+02 5.540000000000000000e+02 8.350000000000000000e+02 7.080000000000000000e+02
5.620000000000000000e+02 9.740000000000000000e+02 5.540000000000000000e+02 8.350000000000000000e+02 7.080000000000000000e+02
5.620000000000000000e+02 9.740000000000000000e+02 5.540000000000000000e+02 8.350000000000000000e+02 7.080000000000000000e+02
5.620000000000000000e+02 9.740000000000000000e+02 5.540000000000000000e+02 8.350000000000000000e+02 7.080000000000000000e+02
5.620000000000000000e+02 9.740000000000000000e+02 5.540000000000000000e+02 8.350000000000000000e+02 7.080000000000000000e+02
5.620000000000000000e+02 9.740000000000000000e+02 5.540000000000000000e+02 8.350000000000000000e+02 7.080000000000000000e+02
5.620000000000000000e+02 9.740000000000000000e+02 5.540000000000000000e+02 8.350000000000000000e+02 7.080000000000000000e+02
5.620000000000000000e+02 9.740000000000000000e+02 5.540000000000000000e+02 8.350000000000000000e+02 7.080000000000000000e+02
5.620000000000000000e+02 9.740000000000000000e+02 5.540000000000000000e+02 8.350000000000000000e+02 7.080000000000000000e+02
5.620000000000000000e+02 9.740000000000000000e+02 5.540000000000000000e+02 8.350000000000000000e+02 7.080000000000000000e+02
5.620000000000000000e+02 9.740000000000000000e+02 5.540000000000000000e+02 8.350000000000000000e+02 7.080000000000000000e+02
5.620000000000000000e+02 9.740000000000000000e+02 5.540000000000000000e+02 8.350000000000000000e+02 7.080000000000000000e+02
5.620000000000000000e+02 9.740000000000000000e+02 5.540000000000000000e+02 8.350000000000000000e+02 7.080000000000000000e+02
5.620000000000000000e+02 9.740000000000000000e+02 5.540000000000000000e+02 8.350000000000000000e+02 7.080000000000000000e+02
5.620000000000000000e+02 9.740000000000000000e+02 5.540000000000000000e+02 8.350000000000000000e+02 7.080000000000000000e+02
5.620000000000000000e+02 9.740000000000000000e+02 5.540000000000000000e+02 8.350000000000000000e+02 7.080000000000000000e+02
5.620000000000000000e+02 9.740000000000000000e+02 5.540000000000000000e+02 8.350000000000000000e+02 7.080000000000000000e+02
5.620000000000000000e+02 9.740000000000000000e+02 5.540000000000000000e+02 8.350000000000000000e+02 7.080000000000000000e+02
5.620000000000000000e+02 9.740000000000000000e+02 5.540000000000000000e+02 8.350000000000000000e+02 7.080000000000000000e+02
5.620000000000000000e+02 9.740000000000000000e+02 5.540000000000000000e+02 8.350000000000000000e+02 7.080000000000000000e+02
5.620000000000000000e+02 9.740000000000000000e+02 5.540000000000000000e+02 8.350000000000000000e+02 7.080000000000000000e+02
5.620000000000000000e+02 9.740000000000000000e+02 5.540000000000000000e+02 8.350000000000000000e+02 7.080000000000000000e+02
