1.092276859283447266e+01
1.508435440063476562e+01
1.863056373596191406e+01
2.022657775878906250e+01
2.104769897460937500e+01
2.155472373962402344e+01
2.192184066772460938e+01
2.219846534729003906e+01
2.241605758666992188e+01
2.259586524963378906e+01
2.276151847839355469e+01
2.291925621032714844e+01
2.306657028198242188e+01
2.320100975036621094e+01
2.332364082336425781e+01
2.342943954467773438e+01
2.352657890319824219e+01
2.362599372863769531e+01
2.371181678771972656e+01
2.378998374938964844e+01
2.385186767578125000e+01
2.390507507324218750e+01
2.396797752380371094e+01
2.401897621154785156e+01
2.408316612243652344e+01
2.413618850708007812e+01
2.419569969177246094e+01
2.425550270080566406e+01
2.429739379882812500e+01
2.435345458984375000e+01
2.440493392944335938e+01
2.445647048950195312e+01
2.449991416931152344e+01
2.455223655700683594e+01
2.460556602478027344e+01
2.464263153076171875e+01
2.468214416503906250e+01
2.472021293640136719e+01
2.476678657531738281e+01
2.481439208984375000e+01
2.485771369934082031e+01
2.489451599121093750e+01
2.493497467041015625e+01
2.497612762451171875e+01
2.499782562255859375e+01
2.503832435607910156e+01
2.507152175903320312e+01
2.511108970642089844e+01
2.514633750915527344e+01
2.517740440368652344e+01
2.519403457641601562e+01
