1.329404913121834397e-04 3.969924000557512045e-04 1.834671274991706014e-04 1.076976113836281002e-04 4.061013169120997190e-04 1.656356034800410271e-04
1.620448078028857708e-03 2.794014988467097282e-03 8.482935954816639423e-04 7.400487083941698074e-04 2.696603187359869480e-04 1.616956200450658798e-03
3.474859520792961121e-02 1.158001646399497986e-01 1.210713572800159454e-02 4.682673141360282898e-03 1.890628045657649636e-04 1.864495803602039814e-03
1.053594797849655151e-01 2.174733281135559082e-01 5.908888950943946838e-02 7.059806492179632187e-03 3.371440398041158915e-04 2.334634959697723389e-02
3.750410676002502441e-02 1.756474375724792480e-01 9.355194121599197388e-02 1.988914562389254570e-03 3.976089647039771080e-04 1.720739342272281647e-02
2.415992505848407745e-02 1.867891699075698853e-01 9.560202807188034058e-02 1.575011061504483223e-03 3.567914536688476801e-04 1.630533859133720398e-02
1.499336957931518555e-02 1.891250908374786377e-01 1.142676323652267456e-01 1.331856357865035534e-03 3.435583785176277161e-04 1.351535320281982422e-02
9.704499505460262299e-03 1.989850997924804688e-01 1.635280996561050415e-01 1.840653596445918083e-03 4.979596706107258797e-04 1.283134799450635910e-02
9.804410859942436218e-03 2.200354188680648804e-01 1.234903708100318909e-01 2.162487013265490532e-03 8.413869654759764671e-04 1.665146648883819580e-02
1.311554200947284698e-02 2.529371380805969238e-01 1.053406745195388794e-01 3.262424375861883163e-03 1.548225991427898407e-03 2.830683067440986633e-02
1.946166902780532837e-02 2.808276414871215820e-01 8.320961892604827881e-02 4.339726176112890244e-03 2.068613888695836067e-03 4.781348630785942078e-02
2.583685331046581268e-02 2.774474918842315674e-01 7.129111886024475098e-02 4.886879585683345795e-03 2.372012939304113388e-03 6.779285520315170288e-02
2.738632075488567352e-02 2.627874612808227539e-01 6.696457415819168091e-02 5.186891648918390274e-03 2.869904041290283203e-03 9.037575870752334595e-02
2.756222710013389587e-02 2.679895758628845215e-01 7.210269570350646973e-02 6.078271660953760147e-03 3.570210188627243042e-03 1.099961325526237488e-01
2.571890503168106079e-02 3.086850047111511230e-01 8.465086668729782104e-02 7.549667730927467346e-03 3.796356264501810074e-03 1.073448881506919861e-01
2.469261176884174347e-02 3.411906957626342773e-01 8.174032717943191528e-02 8.250144310295581818e-03 3.860922297462821007e-03 1.094619408249855042e-01
2.704145386815071106e-02 3.568085432052612305e-01 8.031833171844482422e-02 9.507637470960617065e-03 3.542721271514892578e-03 1.034126579761505127e-01
2.688096649944782257e-02 3.889759778976440430e-01 7.308279722929000854e-02 9.843681938946247101e-03 4.020721185952425003e-03 1.001985147595405579e-01
2.702514082193374634e-02 4.196013510227203369e-01 6.536178290843963623e-02 1.011002995073795319e-02 4.059277940541505814e-03 1.014732494950294495e-01
2.578918822109699249e-02 4.429206550121307373e-01 6.272270530462265015e-02 1.000581681728363037e-02 3.706297837197780609e-03 9.664266556501388550e-02
2.537867426872253418e-02 4.367052912712097168e-01 6.718874722719192505e-02 1.132059376686811447e-02 3.413746831938624382e-03 9.667478501796722412e-02
2.469369396567344666e-02 4.388627707958221436e-01 6.439042091369628906e-02 1.291584316641092300e-02 3.466150490567088127e-03 1.050020158290863037e-01
2.455403096973896027e-02 4.409657120704650879e-01 6.473136693239212036e-02 1.408363785594701767e-02 3.749093040823936462e-03 1.127005219459533691e-01
2.424048259854316711e-02 4.235918819904327393e-01 6.176561489701271057e-02 1.385416369885206223e-02 4.203998483717441559e-03 1.221876293420791626e-01
2.325428090989589691e-02 4.200957417488098145e-01 5.836143344640731812e-02 1.530651748180389404e-02 4.264448303729295731e-03 1.255344003438949585e-01
2.302932366728782654e-02 3.994046151638031006e-01 5.368805304169654846e-02 1.592976599931716919e-02 4.843391943722963333e-03 1.337918192148208618e-01
2.272753231227397919e-02 3.813723325729370117e-01 5.380014702677726746e-02 1.724176853895187378e-02 5.046547390520572662e-03 1.264090836048126221e-01
2.441664226353168488e-02 3.815091848373413086e-01 5.066135898232460022e-02 1.677945628762245178e-02 4.833508748561143875e-03 1.180369034409523010e-01
2.439786680042743683e-02 3.823812901973724365e-01 5.011194199323654175e-02 1.822359301149845123e-02 4.846404306590557098e-03 1.183274835348129272e-01
2.414492145180702209e-02 4.122940301895141602e-01 5.200145393610000610e-02 1.862486079335212708e-02 5.296032875776290894e-03 1.167622804641723633e-01
2.348142862319946289e-02 3.986955881118774414e-01 5.388157442212104797e-02 2.040168084204196930e-02 5.319168791174888611e-03 1.140341311693191528e-01
2.337804995477199554e-02 4.033223390579223633e-01 5.307629704475402832e-02 2.317297086119651794e-02 5.424581002444028854e-03 1.055394187569618225e-01
2.342675253748893738e-02 4.072808027267456055e-01 5.236902832984924316e-02 2.206958830356597900e-02 5.604294594377279282e-03 1.025314331054687500e-01
2.540141157805919647e-02 3.934662640094757080e-01 5.316492170095443726e-02 2.276244945824146271e-02 7.013230584561824799e-03 9.946411848068237305e-02
2.512163110077381134e-02 3.977693915367126465e-01 5.596828460693359375e-02 2.512503229081630707e-02 7.742546964436769485e-03 1.008185520768165588e-01
2.569729834794998169e-02 4.029951691627502441e-01 5.302373692393302917e-02 2.822177670896053314e-02 8.216264657676219940e-03 9.992491453886032104e-02
2.532319538295269012e-02 3.970298469066619873e-01 5.271489173173904419e-02 2.992781251668930054e-02 9.429606609046459198e-03 1.040071323513984680e-01
2.398571744561195374e-02 3.890759050846099854e-01 5.404362827539443970e-02 2.985976263880729675e-02 1.073049940168857574e-02 1.008414030075073242e-01
2.633490785956382751e-02 3.971092104911804199e-01 5.541414022445678711e-02 3.127550333738327026e-02 1.140406448394060135e-02 1.007280424237251282e-01
2.640972845256328583e-02 3.997305333614349365e-01 5.750476196408271790e-02 2.907742187380790710e-02 1.316182874143123627e-02 9.787647426128387451e-02
2.840417064726352692e-02 4.006518423557281494e-01 5.501563102006912231e-02 2.805007621645927429e-02 1.413338631391525269e-02 9.424679726362228394e-02
2.957793511450290680e-02 4.012065231800079346e-01 5.552415177226066589e-02 2.824901975691318512e-02 1.524029206484556198e-02 9.597162157297134399e-02
2.953993715345859528e-02 4.257929325103759766e-01 5.125451833009719849e-02 2.711316198110580444e-02 1.507041137665510178e-02 9.142100065946578979e-02
2.870057336986064911e-02 4.234614670276641846e-01 5.370319262146949768e-02 2.808654308319091797e-02 1.569998636841773987e-02 8.978904038667678833e-02
2.704459987580776215e-02 4.385326206684112549e-01 5.495373904705047607e-02 2.666035108268260956e-02 1.659566164016723633e-02 8.199100941419601440e-02
2.618216536939144135e-02 4.438516497611999512e-01 4.882160946726799011e-02 2.669716067612171173e-02 1.620581001043319702e-02 8.073778450489044189e-02
2.682637609541416168e-02 4.293939769268035889e-01 4.564025253057479858e-02 2.698958292603492737e-02 1.596390455961227417e-02 8.527331799268722534e-02
2.500670030713081360e-02 4.192055761814117432e-01 4.917941987514495850e-02 3.303107619285583496e-02 1.656807772815227509e-02 7.844165712594985962e-02
2.234357222914695740e-02 4.270087778568267822e-01 4.752335324883460999e-02 3.058737702667713165e-02 1.705508865416049957e-02 7.885268330574035645e-02
2.204069495201110840e-02 4.180660843849182129e-01 4.714982956647872925e-02 3.365105390548706055e-02 1.738952659070491791e-02 7.506728917360305786e-02
1.997784338891506195e-02 4.152306318283081055e-01 5.003302171826362610e-02 3.481185436248779297e-02 2.130578830838203430e-02 7.448914647102355957e-02
