1.182312407763674855e-04 1.182312407763674855e-04 4.508874844759702682e-04 3.557033487595617771e-04 6.678731297142803669e-04 1.242779544554650784e-04
7.186211587395519018e-05 7.186211587395519018e-05 4.946467815898358822e-04 7.384639233350753784e-03 4.172498302068561316e-04 7.268725894391536713e-04
5.251297950744628906e-01 5.251297950744628906e-01 3.362923744134604931e-04 1.816258765757083893e-02 1.472717849537730217e-04 2.936959026555996388e-05
9.308966994285583496e-01 9.308966994285583496e-01 1.273620582651346922e-04 4.839100409299135208e-03 8.507566235493868589e-05 8.323548172484152019e-06
9.857488274574279785e-01 9.857488274574279785e-01 1.563210826134309173e-04 2.093630610033869743e-03 2.919063263107091188e-05 4.097892087884247303e-06
9.889891743659973145e-01 9.889891743659973145e-01 1.246087922481819987e-04 2.509483601897954941e-03 3.086176002398133278e-05 6.412919447029707953e-06
9.905865788459777832e-01 9.905865788459777832e-01 5.228394002187997103e-05 2.235813997685909271e-03 2.595497244328726083e-05 2.952570866909809411e-06
9.923734068870544434e-01 9.923734068870544434e-01 2.656601100170519203e-05 1.326420227997004986e-03 2.145196049241349101e-05 1.741617779771331698e-06
9.951085448265075684e-01 9.951085448265075684e-01 1.132921170210465789e-05 6.263654213398694992e-04 3.062156247324310243e-05 1.853673779805831145e-06
9.959856867790222168e-01 9.959856867790222168e-01 1.237330252479296178e-05 6.901362794451415539e-04 3.977543383371084929e-05 2.093268221869948320e-06
9.974566102027893066e-01 9.974566102027893066e-01 1.370871723338495940e-05 5.180590087547898293e-04 2.829357254086062312e-05 1.217905492012505420e-06
9.969955682754516602e-01 9.969955682754516602e-01 2.180288720410317183e-05 8.542352588847279549e-04 3.596029273467138410e-05 1.787861151569813956e-06
9.965519905090332031e-01 9.965519905090332031e-01 3.130118784611113369e-05 1.137642771936953068e-03 5.058777242084033787e-05 3.026935246452922001e-06
9.955619573593139648e-01 9.955619573593139648e-01 4.320407606428489089e-05 1.531290239654481411e-03 6.196375034051015973e-05 6.238083642529090866e-06
9.952607750892639160e-01 9.952607750892639160e-01 3.883742101606912911e-05 1.594118890352547169e-03 6.887068593641743064e-05 7.120832833606982604e-06
9.951268434524536133e-01 9.951268434524536133e-01 3.348320387885905802e-05 1.654737046919763088e-03 6.508437218144536018e-05 7.025773811619728804e-06
9.950399994850158691e-01 9.950399994850158691e-01 2.718062751227989793e-05 1.671003643423318863e-03 5.453658013720996678e-05 6.212016614881576970e-06
9.950047135353088379e-01 9.950047135353088379e-01 2.029885763477068394e-05 1.498074852861464024e-03 5.502394196810200810e-05 5.870026143384166062e-06
9.944828748703002930e-01 9.944828748703002930e-01 1.912492189148906618e-05 1.631356077268719673e-03 5.167167182662524283e-05 6.386940640368266031e-06
9.937821030616760254e-01 9.937821030616760254e-01 1.746714224282186478e-05 1.699601300060749054e-03 4.978355718776583672e-05 6.914475761732319370e-06
9.937282800674438477e-01 9.937282800674438477e-01 1.594751483935397118e-05 1.624991418793797493e-03 4.607214214047417045e-05 6.513893822557292879e-06
9.937053322792053223e-01 9.937053322792053223e-01 1.411095217918045819e-05 1.546153449453413486e-03 4.503711534198373556e-05 5.733214493375271559e-06
9.935392737388610840e-01 9.935392737388610840e-01 1.217673525388818234e-05 1.526160514913499355e-03 4.619883475243113935e-05 5.674639396602287889e-06
9.940826296806335449e-01 9.940826296806335449e-01 9.767493793333414942e-06 1.255099661648273468e-03 4.467445251066237688e-05 4.991336936654988676e-06
9.943614006042480469e-01 9.943614006042480469e-01 7.770499905745964497e-06 1.131728524342179298e-03 4.724808241007849574e-05 4.458879175217589363e-06
9.947709441184997559e-01 9.947709441184997559e-01 6.242663403099868447e-06 9.967332007363438606e-04 4.519812137004919350e-05 3.700419711094582453e-06
9.948364496231079102e-01 9.948364496231079102e-01 5.699860139429802075e-06 8.765014936216175556e-04 4.705337050836533308e-05 3.541960040820413269e-06
9.946745634078979492e-01 9.946745634078979492e-01 5.242352926870808005e-06 8.640385931357741356e-04 5.007522122468799353e-05 3.949316578655270860e-06
9.949688315391540527e-01 9.949688315391540527e-01 4.048478785989573225e-06 7.558275829069316387e-04 4.710165740107186139e-05 3.278929852967849001e-06
9.947867393493652344e-01 9.947867393493652344e-01 3.936532721127150580e-06 7.713041268289089203e-04 4.648920003091916442e-05 3.259664936194894835e-06
9.948676824569702148e-01 9.948676824569702148e-01 3.882202690874692053e-06 7.136582862585783005e-04 4.213643478578887880e-05 2.870892330975038931e-06
9.947198629379272461e-01 9.947198629379272461e-01 3.642619731181184761e-06 6.462418241426348686e-04 3.848185951937921345e-05 2.831944811987341382e-06
9.947683811187744141e-01 9.947683811187744141e-01 3.431811364862369373e-06 5.714906728826463223e-04 3.613678927649743855e-05 2.738469447649549693e-06
9.945547580718994141e-01 9.945547580718994141e-01 3.472131311355042271e-06 5.526386667042970657e-04 3.762672713492065668e-05 3.004601239808835089e-06
9.944036006927490234e-01 9.944036006927490234e-01 3.449580844971933402e-06 5.460641114041209221e-04 3.817607648670673370e-05 3.166944679833250120e-06
9.947742819786071777e-01 9.947742819786071777e-01 3.640325530795962550e-06 5.361404037103056908e-04 3.826223473879508674e-05 3.215212018403690308e-06
9.948281645774841309e-01 9.948281645774841309e-01 3.424912392802070826e-06 4.769048828165978193e-04 3.752821794478222728e-05 3.029207164217950776e-06
9.947953820228576660e-01 9.947953820228576660e-01 3.484420176391722634e-06 4.758492868859320879e-04 3.772653144551441073e-05 3.090383188464329578e-06
9.948182702064514160e-01 9.948182702064514160e-01 3.498631940601626411e-06 4.694232193287461996e-04 3.599942647269926965e-05 3.072153049288317561e-06
9.947527647018432617e-01 9.947527647018432617e-01 3.626123998401453719e-06 4.835207946598529816e-04 4.107606582692824304e-05 3.481846079012029804e-06
9.948205947875976562e-01 9.948205947875976562e-01 3.940084297937573865e-06 4.951989394612610340e-04 4.330554656917229295e-05 3.725661372300237417e-06
9.951995611190795898e-01 9.951995611190795898e-01 3.998466581833781675e-06 4.717554838862270117e-04 4.496345718507654965e-05 3.616798721850500442e-06
9.947870969772338867e-01 9.947870969772338867e-01 4.349341452325461432e-06 5.186150665394961834e-04 4.766753409057855606e-05 4.170285592408617958e-06
9.948881268501281738e-01 9.948881268501281738e-01 4.606580205290811136e-06 5.173240206204354763e-04 4.847037052968516946e-05 4.189733317616628483e-06
9.945940375328063965e-01 9.945940375328063965e-01 5.050954769103555009e-06 5.561155849136412144e-04 4.807954974239692092e-05 4.629750492313178256e-06
9.945036172866821289e-01 9.945036172866821289e-01 5.249330570222809911e-06 5.559069686569273472e-04 4.969774818164296448e-05 4.483414159039966762e-06
9.946135878562927246e-01 9.946135878562927246e-01 5.272806902212323621e-06 5.426183342933654785e-04 4.776906644110567868e-05 4.199412160232895985e-06
9.941605925559997559e-01 9.941605925559997559e-01 5.722165951738134027e-06 5.892079789191484451e-04 4.961025115335360169e-05 4.433363301359349862e-06
9.940681457519531250e-01 9.940681457519531250e-01 5.938373760727699846e-06 5.560696590691804886e-04 5.048060120316222310e-05 4.619383616955019534e-06
9.943609833717346191e-01 9.943609833717346191e-01 5.711127869290066883e-06 5.510380724444985390e-04 4.938303027302026749e-05 4.480711140786297619e-06
9.939274787902832031e-01 9.939274787902832031e-01 6.332652901619439945e-06 5.714204744435846806e-04 4.946946501149795949e-05 4.931484909320715815e-06
