 Iterations  Total_Loss        PSNR
        100  0.02117964 16.74081421
        200  0.01020407 19.91226578
        300  0.00689222 21.61640930
        400  0.00498098 23.02685356
        500  0.00369379 24.32527351
        600  0.00306660 25.13343430
        700  0.00263213 25.79692650
        800  0.00223224 26.51259995
        900  0.00209163 26.79515457
       1000  0.00187348 27.27351570
       1100  0.00165859 27.80260658
       1200  0.00148211 28.29118347
       1300  0.00156205 28.06303978
       1400  0.00132258 28.78579140
       1500  0.00120174 29.20191002
       1600  0.00124550 29.04655266
       1700  0.00113666 29.44367790
       1800  0.00114197 29.42346954
       1900  0.00095584 30.19615746
       2000  0.00093320 30.30025864
       2100  0.00081845 30.87008095
       2200  0.00078755 31.03720856
       2300  0.00073794 31.31981468
       2400  0.00072381 31.40377617
       2500  0.00069716 31.56665421
       2600  0.00070071 31.54459000
       2700  0.00066393 31.77879715
       2800  0.00063463 31.97479630
       2900  0.00061829 32.08808517
       3000  0.00060440 32.18678665
       3100  0.00055845 32.53011703
       3200  0.00056388 32.48813629
       3300  0.00047561 33.22751617
       3400  0.00060759 32.16390610
       3500  0.00042495 33.71660614
       3600  0.00043347 33.63036346
       3700  0.00045549 33.41521072
       3800  0.00045668 33.40392685
       3900  0.00040060 33.97286606
       4000  0.00044633 33.50339508
       4100  0.00038660 34.12742233
       4200  0.00040835 33.88972092
       4300  0.00040169 33.96107101
       4400  0.00036211 34.41159058
       4500  0.00036394 34.38966751
       4600  0.00038364 34.16074753
       4700  0.00030202 35.19965744
       4800  0.00033324 34.77243423
       4900  0.00031676 34.99266815
       5000  0.00033184 34.79069519
       5100  0.00029321 35.32820511
       5200  0.00033184 34.79072189
       5300  0.00028944 35.38447571
       5400  0.00026500 35.76746368
       5500  0.00029492 35.30302048
       5600  0.00028853 35.39804459
       5700  0.00027948 35.53651810
       5800  0.00029344 35.32485962
       5900  0.00023427 36.30286789
       6000  0.00024601 36.09041595
       6100  0.00024475 36.11273193
       6200  0.00029522 35.29849625
       6300  0.00024186 36.16440964
       6400  0.00021975 36.58070755
       6500  0.00021461 36.68358612
       6600  0.00021538 36.66787720
       6700  0.00020383 36.90733337
       6800  0.00021110 36.75521469
       6900  0.00020876 36.80353165
       7000  0.00021809 36.61368942
       7100  0.00023916 36.21315384
       7200  0.00019591 37.07935333
       7300  0.00019904 37.01058960
       7400  0.00018734 37.27360916
       7500  0.00017702 37.51970291
       7600  0.00018478 37.33344650
       7700  0.00020031 36.98297882
       7800  0.00017580 37.54977798
       7900  0.00022744 36.43132782
       8000  0.00017449 37.58226776
       8100  0.00016089 37.93468094
       8200  0.00015946 37.97335052
       8300  0.00021542 36.66714096
       8400  0.00017812 37.49287033
       8500  0.00017747 37.50887299
       8600  0.00014817 38.29246140
       8700  0.00014946 38.25462341
       8800  0.00014928 38.26006699
       8900  0.00014015 38.53407669
       9000  0.00015283 38.15791321
       9100  0.00018063 37.43216705
       9200  0.00015287 38.15673447
       9300  0.00016858 37.73188019
       9400  0.00013143 38.81317520
       9500  0.00012754 38.94352722
       9600  0.00013576 38.67243195
       9700  0.00013994 38.54055786
       9800  0.00012615 38.99112320
       9900  0.00014067 38.51799011
      10000  0.00016257 37.88972473
