          0  0.04596666 13.37557125
        100  0.00399807 23.98150063
        200  0.00277648 25.56505394
        300  0.00222985 26.51725197
        400  0.00181912 27.40139198
        500  0.00161538 27.91724396
        600  0.00142982 28.44717979
        700  0.00132694 28.77147102
        800  0.00119582 29.22333527
        900  0.00107270 29.69523430
       1000  0.00102839 29.87843895
       1100  0.00095473 30.20121193
       1200  0.00090737 30.42215919
       1300  0.00085631 30.67370033
       1400  0.00084479 30.73252487
       1500  0.00077317 31.11724663
       1600  0.00072953 31.36958504
       1700  0.00070782 31.50078201
       1800  0.00067022 31.73780251
       1900  0.00070191 31.53715897
       2000  0.00060441 32.18666840
       2100  0.00061603 32.10397720
       2200  0.00057529 32.40113831
       2300  0.00053322 32.73093796
       2400  0.00051300 32.89881897
       2500  0.00049346 33.06747437
       2600  0.00056080 32.51190186
       2700  0.00047174 33.26295853
       2800  0.00043548 33.61035156
       2900  0.00044360 33.53010178
       3000  0.00040714 33.90254593
       3100  0.00041026 33.86938095
       3200  0.00038631 34.13065338
       3300  0.00039235 34.06332016
       3400  0.00037409 34.27028656
       3500  0.00035527 34.49437714
       3600  0.00032956 34.82063675
       3700  0.00034211 34.65839767
       3800  0.00030553 35.14939499
       3900  0.00030362 35.17672729
       4000  0.00028673 35.42528152
       4100  0.00027565 35.59638596
       4200  0.00029436 35.31114197
       4300  0.00026069 35.83868790
       4400  0.00025377 35.95565033
       4500  0.00029464 35.30705261
       4600  0.00023477 36.29361725
       4700  0.00022332 36.51074600
       4800  0.00023158 36.35300446
       4900  0.00021347 36.70655060
       5000  0.00021329 36.71033478
