4.178276718287190225e-04
2.091611301391270395e-04
2.843848839890153468e-03
4.816446997801636376e-02
5.475750417018241389e-01
8.845300969642946320e-01
9.573299018172696240e-01
9.938059564732354412e-01
9.999762602361544905e-01
1.006208904002314553e+00
1.007880615009104863e+00
1.009097817446272360e+00
1.009204862199611918e+00
1.007935617267157413e+00
1.008224872415726336e+00
1.006594783072820798e+00
1.004098654812487945e+00
1.004528005398607204e+00
1.002805485131015084e+00
1.001482471174993671e+00
9.997131496586777466e-01
9.971687402682383183e-01
9.972220159980110799e-01
9.949473766512701989e-01
9.910258759726212618e-01
9.874028797011823455e-01
9.863634480150967887e-01
9.810967968214121537e-01
9.772373894991069898e-01
9.712684112659423219e-01
9.666390339926287378e-01
9.615770380618091639e-01
9.562864004573820020e-01
9.554152436168399376e-01
9.533189916384235962e-01
9.504759545173255830e-01
9.447494918457302049e-01
9.431709517043177504e-01
9.389717882812632643e-01
9.382687829628162390e-01
9.340746141394280500e-01
9.328342885556579756e-01
9.282498626793400653e-01
9.245114356600604433e-01
9.228479873243227161e-01
9.174895218231940985e-01
9.154124466410269445e-01
9.090281150331530613e-01
9.079229519489914191e-01
9.026057998031264962e-01
8.976134816207365086e-01
