4.038886399939656258e-04 1.261591329239308834e-03 1.690909150056540966e-03 3.483252367004752159e-04 4.038886399939656258e-04 2.316282625542953610e-04
2.021833643084391952e-04 3.197741170879453421e-05 2.072027651593089104e-03 5.049633327871561050e-04 2.021833643084391952e-04 1.736830745358020067e-04
2.748975995928049088e-03 3.641946008428931236e-03 2.749807317741215229e-04 1.353716826997697353e-03 2.748975995928049088e-03 5.392689490690827370e-04
4.655766859650611877e-02 3.356652799993753433e-03 1.803956343792378902e-03 8.487401530146598816e-03 4.655766859650611877e-02 4.431589506566524506e-03
5.293075442314147949e-01 9.068304207175970078e-04 7.629343890585005283e-04 1.158807240426540375e-02 5.293075442314147949e-01 2.241976093500852585e-03
8.550215363502502441e-01 7.210145122371613979e-05 1.605898287380114198e-04 4.704728722572326660e-03 8.550215363502502441e-01 4.949553404003381729e-04
9.253926873207092285e-01 1.342415453109424561e-05 3.572050263755954802e-05 2.146911574527621269e-03 9.253926873207092285e-01 1.180814942927099764e-04
9.606518745422363281e-01 1.600483869879099075e-06 8.557402907172217965e-06 1.092723221518099308e-03 9.606518745422363281e-01 3.714940976351499557e-05
9.666163325309753418e-01 8.447692039226240013e-07 5.632958163914736360e-06 1.546251238323748112e-03 9.666163325309753418e-01 2.883459455915726721e-05
9.726410508155822754e-01 7.251541092045954429e-07 5.103525381855433807e-06 1.575732370838522911e-03 9.726410508155822754e-01 2.912140371336136013e-05
9.742569923400878906e-01 8.429601052739599254e-07 5.418686669145245105e-06 1.312178559601306915e-03 9.742569923400878906e-01 3.029277831956278533e-05
9.754335880279541016e-01 8.681999474902113434e-07 4.449787411431316286e-06 9.942089673131704330e-04 9.754335880279541016e-01 3.207732879673130810e-05
9.755370616912841797e-01 9.735116464071325026e-07 4.493769210967002437e-06 8.420893573202192783e-04 9.755370616912841797e-01 3.212883530068211257e-05
9.743101596832275391e-01 1.084216137314797379e-06 4.638824520952766761e-06 7.348395884037017822e-04 9.743101596832275391e-01 3.538344753906130791e-05
9.745897650718688965e-01 9.558067404213943519e-07 3.824342911684652790e-06 5.775665631517767906e-04 9.745897650718688965e-01 3.340768671478144825e-05
9.730140566825866699e-01 9.412470376446435694e-07 3.529941068336484022e-06 5.014173802919685841e-04 9.730140566825866699e-01 3.200425999239087105e-05
9.706012010574340820e-01 1.039083713294530753e-06 3.867231043841456994e-06 5.486870650202035904e-04 9.706012010574340820e-01 3.776071025640703738e-05
9.710162281990051270e-01 1.071955693987547420e-06 3.838325937977060676e-06 5.165465991012752056e-04 9.710162281990051270e-01 3.844424281851388514e-05
9.693511724472045898e-01 1.069209588422381785e-06 3.944076070183655247e-06 5.158084677532315254e-04 9.693511724472045898e-01 4.162480036029592156e-05
9.680722951889038086e-01 1.102321903090341948e-06 4.204872766422340646e-06 4.888668190687894821e-04 9.680722951889038086e-01 4.201239426038227975e-05
9.663619995117187500e-01 1.266650087927700952e-06 4.414458089740946889e-06 4.886919050477445126e-04 9.663619995117187500e-01 4.306429764255881310e-05
9.639024734497070312e-01 1.369997107758536004e-06 4.739993528346531093e-06 5.167032359167933464e-04 9.639024734497070312e-01 4.575089769787155092e-05
9.639539718627929688e-01 1.493375293648568913e-06 4.801125214726198465e-06 5.423887632787227631e-04 9.639539718627929688e-01 4.329477087594568729e-05
9.617552161216735840e-01 1.630220594961429015e-06 5.246932232694234699e-06 5.916254594922065735e-04 9.617552161216735840e-01 4.620716572389937937e-05
9.579645395278930664e-01 1.837363925005774945e-06 5.734864316764287651e-06 5.634706467390060425e-04 9.579645395278930664e-01 4.954918404109776020e-05
9.544624090194702148e-01 1.902787516883108765e-06 6.230603958101710305e-06 6.054536206647753716e-04 9.544624090194702148e-01 5.232591138337738812e-05
9.534576535224914551e-01 2.058507789115537889e-06 6.407644832506775856e-06 5.860655219294130802e-04 9.534576535224914551e-01 5.244909334578551352e-05
9.483667016029357910e-01 2.548134261814993806e-06 7.761789674987085164e-06 6.457113777287304401e-04 9.483667016029357910e-01 6.420942372642457485e-05
9.446360468864440918e-01 2.901644393205060624e-06 8.751876521273516119e-06 7.344553596340119839e-04 9.446360468864440918e-01 6.678691715933382511e-05
9.388661980628967285e-01 3.476978008620790206e-06 9.822108040680177510e-06 7.549899164587259293e-04 9.388661980628967285e-01 7.490770076401531696e-05
9.343912601470947266e-01 3.998479769506957382e-06 1.177702597487950698e-05 8.699658792465925217e-04 9.343912601470947266e-01 8.802715456113219261e-05
9.294981360435485840e-01 4.527659712039167061e-06 1.452518699807114899e-05 9.811396012082695961e-04 9.294981360435485840e-01 9.667193808127194643e-05
9.243839979171752930e-01 5.517986664926866069e-06 1.641030212340410799e-05 1.028826460242271423e-03 9.243839979171752930e-01 1.156043072114698589e-04
9.235419034957885742e-01 5.689203590009128675e-06 1.766797504387795925e-05 1.126149785704910755e-03 9.235419034957885742e-01 1.264737074961885810e-04
9.215155839920043945e-01 5.941350536886602640e-06 1.882455944723915309e-05 1.171930809505283833e-03 9.215155839920043945e-01 1.330351515207439661e-04
9.187673926353454590e-01 6.696631771774264053e-06 2.055920413113199174e-05 1.248449552804231644e-03 9.187673926353454590e-01 1.363191695418208838e-04
9.132319688796997070e-01 7.601158358738757670e-06 2.182307980547193438e-05 1.311929081566631794e-03 9.132319688796997070e-01 1.469524140702560544e-04
9.117060899734497070e-01 7.888032087066676468e-06 2.328714617760851979e-05 1.274868729524314404e-03 9.117060899734497070e-01 1.540990779176354408e-04
9.076470136642456055e-01 8.649316441733390093e-06 2.578876774350646883e-05 1.395127153955399990e-03 9.076470136642456055e-01 1.619952963665127754e-04
9.069674611091613770e-01 9.078909897652920336e-06 2.653862793522421271e-05 1.390733523294329643e-03 9.069674611091613770e-01 1.687205949565395713e-04
9.029132127761840820e-01 1.002288991003297269e-05 2.960423626063857228e-05 1.411657081916928291e-03 9.029132127761840820e-01 1.832690904848277569e-04
9.017142653465270996e-01 1.031149440677836537e-05 3.053432737942785025e-05 1.507332432083785534e-03 9.017142653465270996e-01 1.914690219564363360e-04
8.972827792167663574e-01 1.155581867351429537e-05 3.255487536080181599e-05 1.564030186273157597e-03 8.972827792167663574e-01 1.945756957866251469e-04
8.936690688133239746e-01 1.227869961439864710e-05 3.480801751720719039e-05 1.607165089808404446e-03 8.936690688133239746e-01 2.134619717253372073e-04
8.920611143112182617e-01 1.300838903262047097e-05 3.691005622386001050e-05 1.636296976357698441e-03 8.920611143112182617e-01 2.095249219564720988e-04
8.868814110755920410e-01 1.351831542706349865e-05 3.765821384149603546e-05 1.672508078627288342e-03 8.868814110755920410e-01 2.161909796996042132e-04
8.848736286163330078e-01 1.429793701390735805e-05 3.943786578020080924e-05 1.712254364974796772e-03 8.848736286163330078e-01 2.104602026520296931e-04
8.787022829055786133e-01 1.607447302376385778e-05 4.322704990045167506e-05 1.770144212059676647e-03 8.787022829055786133e-01 2.404017868684604764e-04
8.776339888572692871e-01 1.778595469659194350e-05 4.649366383091546595e-05 1.793730538338422775e-03 8.776339888572692871e-01 2.668451925273984671e-04
8.724942207336425781e-01 1.885679375845938921e-05 4.992740286979824305e-05 1.807328546419739723e-03 8.724942207336425781e-01 2.557283733040094376e-04
8.676684498786926270e-01 1.923063973663374782e-05 5.116319516673684120e-05 1.881390344351530075e-03 8.676684498786926270e-01 2.757978218141943216e-04
