          0  0.07551545 11.21964169
        100  0.01038045 19.83783722
        200  0.00722397 21.41224098
        300  0.00579972 22.36593246
        400  0.00509811 22.92590714
        500  0.00442163 23.54417801
        600  0.00394681 24.03754234
        700  0.00357120 24.47185135
        800  0.00320439 24.94255257
        900  0.00307707 25.11862564
       1000  0.00262687 25.80560875
       1100  0.00239926 26.19922829
       1200  0.00207614 26.82742500
       1300  0.00197678 27.04042435
       1400  0.00180942 27.42460060
       1500  0.00162775 27.88411140
       1600  0.00150421 28.22692299
       1700  0.00147658 28.30743217
       1800  0.00132252 28.78597069
       1900  0.00125982 28.99691582
       2000  0.00139889 28.54215813
       2100  0.00103559 29.84811592
       2200  0.00106646 29.72055054
       2300  0.00096260 30.16552925
       2400  0.00099326 30.02935600
       2500  0.00088809 30.51540565
       2600  0.00086629 30.62334824
       2700  0.00082146 30.85415840
       2800  0.00082344 30.84369659
       2900  0.00076193 31.18087006
       3000  0.00071985 31.42759514
       3100  0.00067691 31.69466209
       3200  0.00062855 32.01659775
       3300  0.00068273 31.65754128
       3400  0.00073030 31.36497498
       3500  0.00057909 32.37250519
       3600  0.00055307 32.57218552
       3700  0.00056020 32.51657486
       3800  0.00053786 32.69326782
       3900  0.00051503 32.88165283
       4000  0.00054315 32.65081406
       4100  0.00046360 33.33857727
       4200  0.00046297 33.34443665
       4300  0.00045138 33.45454025
       4400  0.00044787 33.48851776
       4500  0.00040662 33.90811157
       4600  0.00039474 34.03686905
       4700  0.00041589 33.81023026
       4800  0.00072736 31.38252640
       4900  0.00036631 34.36151505
       5000  0.00035867 34.45305252
