2.203144977102056146e-04 2.203144977102056146e-04 1.068160403519868851e-02 1.437551924027502537e-03 4.629683680832386017e-03 3.692651807796210051e-04
1.128630805760622025e-02 1.128630805760622025e-02 5.292776506394147873e-03 2.524930983781814575e-03 1.613985979929566383e-03 3.313731169328093529e-03
9.998896121978759766e-01 9.998896121978759766e-01 2.999415116278214555e-08 1.480903080164353014e-07 1.541170635555033641e-09 9.115481702792749275e-08
9.999985694885253906e-01 9.999985694885253906e-01 6.578904643284033682e-10 2.617461802856269060e-10 5.599481642248882451e-11 2.403734322697914649e-09
9.999998807907104492e-01 9.999998807907104492e-01 1.383913678099091271e-10 6.668097064094213877e-12 3.134060936119120733e-12 2.623483097430323596e-10
1.000000000000000000e+00 1.000000000000000000e+00 6.492263671109554934e-11 1.685785517256677135e-12 1.412521792240606366e-12 1.006654481994218031e-10
1.000000000000000000e+00 1.000000000000000000e+00 3.796493674990131240e-11 7.080409392470898844e-13 6.857713182040203748e-13 5.463094560065329119e-11
1.000000000000000000e+00 1.000000000000000000e+00 1.743321112468443346e-11 2.033568625992021595e-13 2.490701330078171072e-13 2.347461461327249310e-11
1.000000000000000000e+00 1.000000000000000000e+00 1.071197557739322903e-11 1.001442106866347326e-13 1.495791744588956251e-13 1.481047923190814686e-11
1.000000000000000000e+00 1.000000000000000000e+00 8.593222487751628336e-12 6.289856602139515251e-14 1.151303580465903864e-13 1.243943489881438325e-11
1.000000000000000000e+00 1.000000000000000000e+00 8.122410730115880995e-12 4.492903309593829220e-14 9.034566579016120591e-14 1.010748082452828100e-11
1.000000000000000000e+00 1.000000000000000000e+00 8.767641127005454393e-12 3.981820569879529481e-14 8.433164377322915906e-14 8.531181837356793807e-12
1.000000000000000000e+00 1.000000000000000000e+00 1.079037033335783491e-11 4.218704175600919426e-14 1.018730862471436960e-13 9.188531012449541180e-12
1.000000000000000000e+00 1.000000000000000000e+00 1.184825848543624716e-11 4.367664406144597389e-14 9.762436898371612548e-14 8.937634486672063616e-12
1.000000000000000000e+00 1.000000000000000000e+00 1.470360638800016773e-11 5.277641388148901491e-14 1.221579667932612412e-13 1.144864671814849189e-11
1.000000000000000000e+00 1.000000000000000000e+00 1.870260543657131791e-11 6.571953810145803043e-14 1.587092274008689019e-13 1.469469164405712291e-11
1.000000000000000000e+00 1.000000000000000000e+00 2.161551840296205285e-11 7.526350555156838262e-14 1.804651263495604674e-13 1.628515898521865068e-11
1.000000000000000000e+00 1.000000000000000000e+00 2.439572675816403802e-11 8.456520124997327081e-14 2.103626653296788995e-13 1.783587340320469394e-11
1.000000000000000000e+00 1.000000000000000000e+00 3.028480591305005021e-11 1.112598308297164940e-13 2.658716074990102873e-13 2.155475277432206127e-11
1.000000000000000000e+00 1.000000000000000000e+00 3.741043586025227796e-11 1.386942589855916230e-13 3.494123122348841148e-13 2.529410361717943090e-11
1.000000000000000000e+00 1.000000000000000000e+00 3.615391666600409337e-11 1.372914097946126288e-13 3.645148148167381974e-13 2.477163439651430821e-11
1.000000000000000000e+00 1.000000000000000000e+00 4.125726843495769458e-11 1.549541067289925134e-13 4.125667635215130025e-13 2.855856523487076970e-11
1.000000000000000000e+00 1.000000000000000000e+00 4.701171049670271884e-11 1.825850804099485303e-13 4.844360047655260626e-13 3.024664546602551241e-11
1.000000000000000000e+00 1.000000000000000000e+00 4.442768722356937872e-11 1.824012945891850812e-13 5.038990058547909712e-13 2.976976304358558423e-11
1.000000000000000000e+00 1.000000000000000000e+00 4.938093337014670681e-11 1.968173616705842788e-13 5.483319961280264110e-13 3.118910338328895193e-11
1.000000000000000000e+00 1.000000000000000000e+00 5.491280000158305086e-11 2.207102095487176174e-13 6.264656762094977793e-13 3.435109835470129269e-11
1.000000000000000000e+00 1.000000000000000000e+00 6.406488534116405731e-11 2.797306657142950570e-13 7.706497115803068176e-13 4.043065882086693819e-11
1.000000000000000000e+00 1.000000000000000000e+00 6.564533638897529499e-11 2.938605847373210178e-13 8.626506084984109091e-13 4.243898635292175925e-11
1.000000000000000000e+00 1.000000000000000000e+00 7.198709683908788293e-11 3.365788008545533838e-13 9.765496787952909763e-13 4.561017882820372904e-11
1.000000000000000000e+00 1.000000000000000000e+00 8.202843265747716828e-11 3.791576427825127382e-13 1.100853783131405805e-12 5.040581493864770835e-11
1.000000000000000000e+00 1.000000000000000000e+00 9.607873524553056654e-11 4.556091831933728464e-13 1.281705319135240106e-12 5.571417632799224862e-11
1.000000000000000000e+00 1.000000000000000000e+00 1.021415452218121800e-10 4.899547564538031530e-13 1.336808051408122644e-12 5.924005036517243639e-11
1.000000000000000000e+00 1.000000000000000000e+00 1.039025324112152759e-10 5.502859994933884114e-13 1.507544306403318934e-12 6.277006692201325677e-11
1.000000000000000000e+00 1.000000000000000000e+00 1.215346157046326425e-10 6.543788406108974609e-13 1.772828195009679142e-12 7.141912755637136456e-11
1.000000000000000000e+00 1.000000000000000000e+00 1.299486490635715086e-10 7.415295591103876482e-13 2.054246746666099632e-12 8.268551121570766327e-11
1.000000000000000000e+00 1.000000000000000000e+00 1.426727763709223495e-10 8.173520454207716668e-13 2.241821528761733795e-12 8.563792036619943815e-11
1.000000000000000000e+00 1.000000000000000000e+00 1.482074463154958721e-10 8.839553980281855683e-13 2.452232861216430138e-12 8.878087848218640943e-11
1.000000000000000000e+00 1.000000000000000000e+00 1.622439960158317263e-10 9.518377839384806194e-13 2.709687725935272518e-12 9.259419619933595413e-11
1.000000000000000000e+00 1.000000000000000000e+00 1.749854705579423353e-10 1.049899316790670056e-12 2.992071434365639604e-12 9.663542188675933176e-11
1.000000000000000000e+00 1.000000000000000000e+00 1.945550803794660055e-10 1.262915336544545575e-12 3.619322723469320380e-12 1.147309192095491426e-10
1.000000000000000000e+00 1.000000000000000000e+00 2.004034577174351739e-10 1.374746453827735415e-12 3.952141999080671653e-12 1.196275717374462033e-10
1.000000000000000000e+00 1.000000000000000000e+00 2.211040794897201067e-10 1.553172521151502394e-12 4.466199545610782806e-12 1.289263140691332410e-10
1.000000000000000000e+00 1.000000000000000000e+00 2.548107835842472468e-10 1.857355415302297530e-12 5.228940978124763106e-12 1.421574941096181988e-10
1.000000000000000000e+00 1.000000000000000000e+00 3.074636933941832240e-10 2.338232689066965797e-12 6.345860469048059116e-12 1.672984251133158295e-10
1.000000000000000000e+00 1.000000000000000000e+00 3.224029654358417929e-10 2.475679166877298165e-12 6.862087287284879267e-12 1.762627266366223466e-10
1.000000000000000000e+00 1.000000000000000000e+00 3.769107248530190191e-10 3.040987383781668107e-12 8.268451895387940453e-12 2.023265027739640232e-10
1.000000000000000000e+00 1.000000000000000000e+00 4.045158374932356082e-10 3.349223025653214059e-12 8.988511324137249403e-12 2.179050689887773729e-10
1.000000000000000000e+00 1.000000000000000000e+00 4.256571761729333048e-10 3.743397519045954525e-12 9.588023951179192039e-12 2.197427656502881632e-10
1.000000000000000000e+00 1.000000000000000000e+00 4.698197386687752442e-10 4.381519452811843962e-12 1.151884664041258333e-11 2.504663421110109311e-10
1.000000000000000000e+00 1.000000000000000000e+00 5.626095145316867274e-10 5.441273733669538260e-12 1.418077981429899381e-11 2.946287935845504080e-10
1.000000000000000000e+00 1.000000000000000000e+00 5.943724401547001435e-10 5.582467214187980531e-12 1.410360717102321360e-11 3.024060446499277077e-10
