1.283672139187176783e-03
6.329922345311502462e-03
1.012324962076209187e-02
1.299134254693001533e-01
4.885190794383484358e-01
7.542875248081906125e-01
8.675004913047542621e-01
9.130233552551406673e-01
9.495097904619930196e-01
9.747929964160204630e-01
9.813314065754316085e-01
9.833953493107387978e-01
9.856211989440264443e-01
9.904189865454997577e-01
9.839116743573471657e-01
9.851229526783281676e-01
9.821868475943343890e-01
9.792336509666131894e-01
9.799190403807773730e-01
9.740336259154697141e-01
9.679495916694458302e-01
9.622805055518208750e-01
9.621214369607409278e-01
9.562650225876782040e-01
9.554309922751775819e-01
9.522196948264760596e-01
9.501129923806885813e-01
9.471081509078417282e-01
9.454330562179128483e-01
9.393416176930179384e-01
9.354041455940376171e-01
9.332694302931878738e-01
9.346602623767920059e-01
9.342179184165703143e-01
9.313369135078418681e-01
9.293547263517359935e-01
9.333492731003474319e-01
9.370526465823545426e-01
9.347329477143762055e-01
9.287824989996510405e-01
9.295669206437157106e-01
9.273746987769674321e-01
9.239078303025666239e-01
9.239732964682515481e-01
9.241339076174295286e-01
9.218140236424794409e-01
9.194633502078906062e-01
9.191690301227660731e-01
9.145651729253905238e-01
9.144496044726780903e-01
9.119166623732133381e-01
9.046169689412096870e-01
9.063545680852750364e-01
9.068230738308412642e-01
9.095847464450976805e-01
9.029349635910012273e-01
9.038016344328584362e-01
9.045354601713041509e-01
9.009572807045418408e-01
9.018378345692823483e-01
9.063313063091551491e-01
9.088792420733338151e-01
9.062932359752932099e-01
9.024961983655671593e-01
9.004863685683425212e-01
9.007819844022695310e-01
8.968479676334289996e-01
8.997067597055441457e-01
8.936786894673207637e-01
8.958131579588748394e-01
8.974159375251630211e-01
9.001279397686594574e-01
8.942067996577989231e-01
8.930900492970716975e-01
8.925976647521464136e-01
8.908171824929528304e-01
8.913543012227240769e-01
8.940985120793096819e-01
8.975202761549209152e-01
8.937701940137022794e-01
8.938026494360870045e-01
8.948518357521157984e-01
8.922125188462035617e-01
8.927397035018228566e-01
8.951518941533654905e-01
8.912447795977563869e-01
8.934204652416926073e-01
8.943010191064331149e-01
8.914364270158688930e-01
8.908487123804786911e-01
8.932666413481463730e-01
8.909883447395220424e-01
8.889796255841282413e-01
8.900628098806399047e-01
8.897688600094589839e-01
8.898454325934505027e-01
8.901854123982798628e-01
8.907866398426097509e-01
8.877815515604672303e-01
8.907894781495102610e-01
8.925185623728739692e-01
