1.240031444467604160e-03 5.035346475779078901e-05 1.020973722916096449e-04 2.745592501014471054e-03 7.472425349988043308e-04 2.020465180976316333e-04
6.114725489169359207e-03 9.903936734190210700e-05 1.202690473292022943e-04 8.443738333880901337e-04 3.860205411911010742e-03 5.093507934361696243e-04
9.779091924428939819e-03 3.375920277903787792e-05 3.010361688211560249e-04 1.954494364326819777e-04 1.725727925077080727e-04 1.593102468177676201e-03
1.254967898130416870e-01 1.518621729701408185e-06 3.381049828021787107e-05 2.041210063907783478e-05 2.058085010503418744e-05 1.562228862894698977e-05
4.719110131263732910e-01 4.611921511354921677e-08 8.819257004688552115e-07 1.408938260283321142e-06 1.198377390210225713e-06 1.064093680724909063e-06
7.286441922187805176e-01 1.830796958479652403e-09 4.300531486478575971e-08 1.137642939852412383e-07 1.169925738508936774e-07 9.607105511122426833e-08
8.380082845687866211e-01 1.978768815469322817e-10 6.355306059191434542e-09 1.341925237596797160e-08 3.604930753908774932e-08 1.740861499399670720e-08
8.819835186004638672e-01 3.325531863773711905e-11 1.293811169311709364e-09 1.243313674237356281e-09 1.108498004498414957e-08 4.617400684026051749e-09
9.172295331954956055e-01 1.028615040365998823e-11 4.195288560993049032e-10 2.320865444271902334e-10 4.110444429272774869e-09 1.437037822071829396e-09
9.416531920433044434e-01 3.449129870602973824e-12 1.446052583231605126e-10 5.259408186741865165e-11 9.987863869298507780e-10 4.177935775118157835e-10
9.479693174362182617e-01 1.127806290197874706e-12 4.946074105838249579e-11 1.611818317703850312e-11 2.590129499768778487e-10 1.420351614100923143e-10
9.499630928039550781e-01 5.732514072806504934e-13 2.196409026877788051e-11 6.487063924226488254e-12 1.022813639339759106e-10 6.967496718468524364e-11
9.521132707595825195e-01 4.276058131712223709e-13 1.798006708797483810e-11 5.497895107925421243e-12 6.836635424445347553e-11 5.619995788186393781e-11
9.567479491233825684e-01 2.279268353916341638e-13 1.067539372873183012e-11 3.393271774676520636e-12 3.817533095196168347e-11 3.280910265690550887e-11
9.504618644714355469e-01 2.798151792736403021e-13 1.256909246821757975e-11 4.823179182433801060e-12 4.858767208015812855e-11 3.923013996987023688e-11
9.516319632530212402e-01 2.380801718965264158e-13 1.110166819584534892e-11 4.942947960662191775e-12 4.741092934912316537e-11 3.697398984203736916e-11
9.487956762313842773e-01 2.674694775557651116e-13 1.174624807143143101e-11 6.615594357051168828e-12 5.799886265700493482e-11 3.819179347774870337e-11
9.459428787231445312e-01 3.752257293938854321e-13 1.628782178575427508e-11 9.771178657858037298e-12 7.938856516620518278e-11 5.154721788303007202e-11
9.466049671173095703e-01 3.567047373621845541e-13 1.568497762227671899e-11 1.146130846479964660e-11 7.590190281847597475e-11 4.768600792015575962e-11
9.409196376800537109e-01 3.959187849528894576e-13 1.684960851400241211e-11 1.367618171488338419e-11 9.348791185637139733e-11 5.015829765420143360e-11
9.350424408912658691e-01 4.027637869486594413e-13 1.840808581954345158e-11 1.623138776163379760e-11 1.052755937980265344e-10 5.294326435589802315e-11
9.295660853385925293e-01 5.493509293297282881e-13 2.315348954229357048e-11 2.162790779802747920e-11 1.395021737016222119e-10 6.522193202185277983e-11
9.294124245643615723e-01 5.053308574538839526e-13 2.287742911777357335e-11 2.305716728656648229e-11 1.399425159087641646e-10 6.115163236897203092e-11
9.237551093101501465e-01 6.330258040844471967e-13 2.919216257613044263e-11 2.900163963148738588e-11 1.785547681931731745e-10 7.671113050333744354e-11
9.229494333267211914e-01 6.846841886856691595e-13 3.126684328114137656e-11 3.223039196642574211e-11 1.876944710765826585e-10 8.163233283786652805e-11
9.198473095893859863e-01 1.029303703901918166e-12 4.752125429274833834e-11 5.016363713306049021e-11 2.923265240983852209e-10 1.251722198114535445e-10
9.178122282028198242e-01 1.026942311570244737e-12 4.828284300151253206e-11 5.001181413444300006e-11 2.804773080455902345e-10 1.250278075515254272e-10
9.149095416069030762e-01 1.376005754651077329e-12 6.349229475510753673e-11 6.499413507388140943e-11 3.734871856231336551e-10 1.573140784305593343e-10
9.132913947105407715e-01 1.805399037733967926e-12 7.930006651335474999e-11 9.138913931172609750e-11 4.956722254867429456e-10 2.133857257557991716e-10
9.074070453643798828e-01 2.139324307981471662e-12 9.431606190490882113e-11 1.056398510335121443e-10 5.324181651111814517e-10 2.464863868567590544e-10
9.036034345626831055e-01 2.912446976297000667e-12 1.248707387491165832e-10 1.453341336166147357e-10 7.231614196356872526e-10 3.255195002438426854e-10
9.015412926673889160e-01 3.508194169193901146e-12 1.626765389062256872e-10 1.810186583961481688e-10 9.388603228188685534e-10 3.865353037646457324e-10
9.028848409652709961e-01 4.490676927537684548e-12 1.900991863923451319e-10 2.049879432863832562e-10 1.102758662163694225e-09 4.603387393498081792e-10
9.024575352668762207e-01 4.865692918021302660e-12 2.112211378024753117e-10 2.455756986652346541e-10 1.188100395843605384e-09 5.292545290913608369e-10
8.996744751930236816e-01 6.331836530787393613e-12 2.911940966132675612e-10 3.122073155559235147e-10 1.531100357610171159e-09 7.004488655759644189e-10
8.977596759796142578e-01 7.249302720613304274e-12 3.220428645978046234e-10 3.328726461138131754e-10 1.660282578086480498e-09 7.741942087413633544e-10
9.016184210777282715e-01 8.790039876527266927e-12 3.770205259101544470e-10 4.197360792268511887e-10 1.987551678794829968e-09 8.738728629609227028e-10
9.051958918571472168e-01 1.042538104456536274e-11 4.339936465758142958e-10 4.944333276135637334e-10 2.309236135644709975e-09 1.041019159764289270e-09
9.029550552368164062e-01 1.174987624558143651e-11 4.879684434300202156e-10 5.316625473206215702e-10 2.459527026488217416e-09 1.134331295560286890e-09
8.972069025039672852e-01 1.353705168793961633e-11 5.367701838565608341e-10 6.156190002215566892e-10 2.754942718397046519e-09 1.263110283034052372e-09
8.979646563529968262e-01 1.613904496156060020e-11 6.384288098182366866e-10 7.484945996338865370e-10 3.178747043364182900e-09 1.495956691854871679e-09
8.958469629287719727e-01 1.894234422095131265e-11 7.524224576727078784e-10 8.819541208460179860e-10 3.837242967819065598e-09 1.681987993329414621e-09
8.924979567527770996e-01 2.216728363368947186e-11 8.495372738615003527e-10 1.048634401534798144e-09 4.321924595984683037e-09 1.988273767850046170e-09
8.925611972808837891e-01 2.542495901314278939e-11 9.583011051361722821e-10 1.215528344644667413e-09 4.998979008519199851e-09 2.200315485367809742e-09
8.927163481712341309e-01 2.896265692553523508e-11 1.088325873865869653e-09 1.415400019411094945e-09 5.600130137395353813e-09 2.431002732450338044e-09
8.904753327369689941e-01 3.477967219778221875e-11 1.270299421207710111e-09 1.553502770867964955e-09 6.470953106685328748e-09 2.806138432731586363e-09
8.882045745849609375e-01 4.494590463699488225e-11 1.612879052537152802e-09 2.057555681389544588e-09 8.357988079410461069e-09 3.561116068695469039e-09
8.879202604293823242e-01 4.927265540022318646e-11 1.659374415652337120e-09 2.244157082387232549e-09 8.995233002906388720e-09 3.740427523268863297e-09
8.834729194641113281e-01 6.095783600112980594e-11 2.026326884063678335e-09 2.779158903010170434e-09 1.129797766452611540e-08 4.540334774816301433e-09
8.833612799644470215e-01 6.957299319987342301e-11 2.336414173242928882e-09 3.298487705194474984e-09 1.343341970994060830e-08 5.379420908724341643e-09
8.809144496917724609e-01 8.741947443713371513e-11 2.995022452267903645e-09 4.415655396883266803e-09 1.655637937858500663e-08 6.729680812611604779e-09
8.738629221916198730e-01 1.032374602472074798e-10 3.364725387200451223e-09 4.876113735008402728e-09 1.919318748377918382e-08 7.498032417174727016e-09
8.755414485931396484e-01 1.109839165014392393e-10 3.606438259140531954e-09 5.276733272552291965e-09 2.094313700240491016e-08 7.883557806565022474e-09
8.759940266609191895e-01 1.344476474596234539e-10 4.322173285942199072e-09 6.267399044190824497e-09 2.396269671578465932e-08 9.930268163316213759e-09
8.786618113517761230e-01 1.690893397521264774e-10 5.325612839612858807e-09 7.749237695975352835e-09 2.861415104860043357e-08 1.216766065681440523e-08
8.722380995750427246e-01 2.082787692314624906e-10 6.404633268175530247e-09 9.022716795925589395e-09 3.351029320697307412e-08 1.417335315778700533e-08
8.730753064155578613e-01 2.153670575211208416e-10 6.599977453447536391e-09 9.457241212373901362e-09 3.597935105403848866e-08 1.505844871019235143e-08
8.737841844558715820e-01 2.674609977937336680e-10 7.998602669090359996e-09 1.217003831044394246e-08 4.587391444488275738e-08 1.776741953563032439e-08
8.703276515007019043e-01 2.803094978354181421e-10 8.327928568974130030e-09 1.209642075394867788e-08 4.684735088744673703e-08 1.784937708748657315e-08
8.711782693862915039e-01 3.070212972744457147e-10 9.204388362604731810e-09 1.302557972593376689e-08 4.934590336347355333e-08 2.002302501580288663e-08
8.755189776420593262e-01 3.428945183348020009e-10 9.974832515524667542e-09 1.437025254347190639e-08 5.236556788190682710e-08 2.233217877289916942e-08
8.779802918434143066e-01 3.872266951532310486e-10 1.121707793316772950e-08 1.688694339918583864e-08 6.034530741771959583e-08 2.477308136406008998e-08
8.754822015762329102e-01 4.888837668026724259e-10 1.341167621404792953e-08 2.213325522859577177e-08 7.423762582448034664e-08 2.982226376957441971e-08
8.718142509460449219e-01 5.428309468591407949e-10 1.524581172418493225e-08 2.397345788551774604e-08 8.018413666377455229e-08 3.291434325092268409e-08
8.698727488517761230e-01 6.161778864921529930e-10 1.675089578156985226e-08 2.779427532573208737e-08 9.304807235821499489e-08 3.649128643701260444e-08
8.701583147048950195e-01 7.503875298908724290e-10 1.960422935098904418e-08 3.311687990503742185e-08 1.096061907901457744e-07 4.276195397778792540e-08
8.663580417633056641e-01 8.930371442339435362e-10 2.280416566691201297e-08 3.877506671301489405e-08 1.307347474721609615e-07 4.907100148443532817e-08
8.691196441650390625e-01 9.408410717171022952e-10 2.453907121946485859e-08 4.130825814741001523e-08 1.354445657852920704e-07 5.230425514923808805e-08
8.632965087890625000e-01 1.209286670800224783e-09 3.080399224586471973e-08 5.271020242503254849e-08 1.755485925514221890e-07 6.485679193701798795e-08
8.653584122657775879e-01 1.196246435242187545e-09 2.967603585091183049e-08 5.034112504631593765e-08 1.663299826759612188e-07 6.357247883670424926e-08
8.669067025184631348e-01 1.226873713733311888e-09 3.023141559310715820e-08 5.083690979290622636e-08 1.679877925653272541e-07 6.624834014701264095e-08
8.695265054702758789e-01 1.413238415182149765e-09 3.356764466388995061e-08 5.826758098237405648e-08 1.883986584516605944e-07 7.308084803980818833e-08
8.638066649436950684e-01 1.989316045225564267e-09 4.566456013321840146e-08 7.997033435458433814e-08 2.511083891931775725e-07 9.824940860880815308e-08
8.627278804779052734e-01 1.913383229634746385e-09 4.378786400138778845e-08 7.326851658717714599e-08 2.343794278658606345e-07 9.243530740832284209e-08
8.622522354125976562e-01 2.292169343220962219e-09 5.012828907524635724e-08 8.916889981946951593e-08 2.687436904125206638e-07 1.067206980565060803e-07
8.605322837829589844e-01 2.660450082458964971e-09 5.673156522334465990e-08 9.823644830930788885e-08 3.038045690573198954e-07 1.199928760797774885e-07
8.610511422157287598e-01 2.705265123026379115e-09 5.891099164045954240e-08 1.017190029983794375e-07 3.172076503688003868e-07 1.215568943280231906e-07
8.637020587921142578e-01 3.175551821499311700e-09 6.763932702824604348e-08 1.168300585163706273e-07 3.687258072204713244e-07 1.399208997554524103e-07
8.670074939727783203e-01 1.796625626049319635e-09 4.248392926342603459e-08 6.924673812136461493e-08 2.250994697305941372e-07 8.731629463909484912e-08
8.633849024772644043e-01 3.167279549742829658e-09 6.954611819764977554e-08 1.219956686782097677e-07 3.618388859649712685e-07 1.368749025232318672e-07
8.634162545204162598e-01 4.125163766133255194e-09 8.491959135881188558e-08 1.566374834283124073e-07 4.450164396985201165e-07 1.636018964745744597e-07
8.644297719001770020e-01 4.571325540325688053e-09 9.148835289352064137e-08 1.779046812089291052e-07 5.001670615456532687e-07 1.799210878061785479e-07
8.618801832199096680e-01 5.896655608239598223e-09 1.089385932573350146e-07 2.074096272508541006e-07 5.935172566751134582e-07 2.094144804232200840e-07
8.623894453048706055e-01 7.053224226893917148e-09 1.290938484999060165e-07 2.429939343073783675e-07 7.065767135827627499e-07 2.485828076714824419e-07
8.647196292877197266e-01 6.981399902628027121e-09 1.268844442847694154e-07 2.404947281320346519e-07 7.178737178037408739e-07 2.456268362038827036e-07
8.609453439712524414e-01 7.917312139227306034e-09 1.411438290688238339e-07 2.607324063319538254e-07 7.917757329778396524e-07 2.645558936364977853e-07
8.630470633506774902e-01 8.753479718848211633e-09 1.515115570782654686e-07 2.883817842302960344e-07 8.401770514865347650e-07 2.946942743164981948e-07
8.638976812362670898e-01 1.009906025473128466e-08 1.688074888761548209e-07 3.138144109016138827e-07 9.235278071173524950e-07 3.154873127186874626e-07
8.611304759979248047e-01 1.231807633672588054e-08 1.989320708162267692e-07 3.678036648580018664e-07 1.111594883695943281e-06 3.766853353681653971e-07
8.605627417564392090e-01 1.250946191078128322e-08 1.967054856777394889e-07 3.738068699021823704e-07 1.129493625739996787e-06 3.699694843817269430e-07
8.628984689712524414e-01 1.182832587431903448e-08 1.899600476917839842e-07 3.635337577634345507e-07 1.051924755302025005e-06 3.531287688929296564e-07
8.606976270675659180e-01 1.505362234865970095e-08 2.291533007792168064e-07 4.471785075566003798e-07 1.317552232649177313e-06 4.215727074097230798e-07
8.587571978569030762e-01 1.642431435300295561e-08 2.470077902216871735e-07 4.764824836911429884e-07 1.435591798326640856e-06 4.564736286738479976e-07
8.598035573959350586e-01 1.669287286176768248e-08 2.420990199425432365e-07 4.806382776223472320e-07 1.400259407091652974e-06 4.556454200610460248e-07
8.595196008682250977e-01 1.968409080177480064e-08 2.819109283791476628e-07 5.470336077451065648e-07 1.637408900023729075e-06 5.274278578326629940e-07
8.595935702323913574e-01 2.038896695921721403e-08 2.875684970149450237e-07 5.469408392855257262e-07 1.664657816036196891e-06 5.386112889027572237e-07
8.599219918251037598e-01 2.015101685515219287e-08 2.837279566847428214e-07 5.311346740199951455e-07 1.577205352987220977e-06 5.226773964750464074e-07
8.605027794837951660e-01 2.075034899462480098e-08 2.863317263290809933e-07 5.573207317866035737e-07 1.613253289178828709e-06 5.315735052136005834e-07
8.575998544692993164e-01 2.379716690370514698e-08 3.135068595838674810e-07 6.099972438278200570e-07 1.831106487770739477e-06 5.989832061459310353e-07
8.605055212974548340e-01 3.189259345504069643e-08 3.931408514290524181e-07 8.033208587221452035e-07 2.316963218618184328e-06 7.377375936812313739e-07
8.621758222579956055e-01 3.273337512155194418e-08 4.012606780179339694e-07 8.004694223018304911e-07 2.300900860063848086e-06 7.536391422036103904e-07
