1.400000000000000000e+01 1.280000000000000000e+02 1.800000000000000000e+01 1.310000000000000000e+02 1.380000000000000000e+02
3.770000000000000000e+02 3.800000000000000000e+02 3.750000000000000000e+02 3.820000000000000000e+02 3.780000000000000000e+02
3.880000000000000000e+02 3.840000000000000000e+02 3.620000000000000000e+02 8.650000000000000000e+02 2.790000000000000000e+02
3.880000000000000000e+02 3.840000000000000000e+02 6.260000000000000000e+02 2.510000000000000000e+02 8.650000000000000000e+02
3.880000000000000000e+02 3.840000000000000000e+02 6.260000000000000000e+02 8.500000000000000000e+02 8.650000000000000000e+02
3.880000000000000000e+02 3.840000000000000000e+02 7.610000000000000000e+02 8.500000000000000000e+02 6.260000000000000000e+02
3.880000000000000000e+02 3.840000000000000000e+02 7.610000000000000000e+02 8.500000000000000000e+02 6.260000000000000000e+02
3.880000000000000000e+02 3.840000000000000000e+02 8.500000000000000000e+02 7.610000000000000000e+02 2.480000000000000000e+02
3.880000000000000000e+02 8.500000000000000000e+02 3.840000000000000000e+02 7.610000000000000000e+02 8.650000000000000000e+02
3.880000000000000000e+02 8.500000000000000000e+02 7.610000000000000000e+02 8.650000000000000000e+02 3.840000000000000000e+02
3.880000000000000000e+02 8.500000000000000000e+02 8.650000000000000000e+02 7.610000000000000000e+02 3.840000000000000000e+02
3.880000000000000000e+02 8.500000000000000000e+02 8.650000000000000000e+02 7.610000000000000000e+02 3.840000000000000000e+02
3.880000000000000000e+02 8.500000000000000000e+02 8.650000000000000000e+02 3.840000000000000000e+02 7.610000000000000000e+02
3.880000000000000000e+02 8.500000000000000000e+02 3.840000000000000000e+02 8.650000000000000000e+02 7.610000000000000000e+02
3.880000000000000000e+02 8.500000000000000000e+02 3.840000000000000000e+02 8.650000000000000000e+02 7.610000000000000000e+02
3.880000000000000000e+02 8.500000000000000000e+02 3.840000000000000000e+02 8.650000000000000000e+02 2.480000000000000000e+02
3.880000000000000000e+02 8.500000000000000000e+02 3.840000000000000000e+02 8.650000000000000000e+02 2.480000000000000000e+02
3.880000000000000000e+02 8.500000000000000000e+02 3.840000000000000000e+02 8.650000000000000000e+02 2.480000000000000000e+02
3.880000000000000000e+02 8.500000000000000000e+02 3.840000000000000000e+02 8.650000000000000000e+02 2.480000000000000000e+02
3.880000000000000000e+02 8.500000000000000000e+02 3.840000000000000000e+02 8.650000000000000000e+02 2.480000000000000000e+02
3.880000000000000000e+02 3.840000000000000000e+02 8.500000000000000000e+02 8.650000000000000000e+02 2.480000000000000000e+02
3.880000000000000000e+02 3.840000000000000000e+02 8.500000000000000000e+02 2.480000000000000000e+02 8.650000000000000000e+02
3.880000000000000000e+02 3.840000000000000000e+02 8.500000000000000000e+02 8.650000000000000000e+02 2.480000000000000000e+02
3.880000000000000000e+02 3.840000000000000000e+02 8.500000000000000000e+02 8.650000000000000000e+02 2.480000000000000000e+02
3.880000000000000000e+02 3.840000000000000000e+02 8.500000000000000000e+02 8.650000000000000000e+02 2.480000000000000000e+02
3.880000000000000000e+02 3.840000000000000000e+02 8.500000000000000000e+02 2.480000000000000000e+02 8.650000000000000000e+02
3.880000000000000000e+02 3.840000000000000000e+02 8.500000000000000000e+02 2.480000000000000000e+02 8.650000000000000000e+02
3.880000000000000000e+02 3.840000000000000000e+02 8.500000000000000000e+02 2.480000000000000000e+02 8.650000000000000000e+02
3.880000000000000000e+02 3.840000000000000000e+02 8.500000000000000000e+02 2.480000000000000000e+02 8.650000000000000000e+02
3.880000000000000000e+02 3.840000000000000000e+02 8.500000000000000000e+02 2.480000000000000000e+02 8.650000000000000000e+02
3.880000000000000000e+02 3.840000000000000000e+02 8.500000000000000000e+02 2.480000000000000000e+02 8.650000000000000000e+02
3.880000000000000000e+02 3.840000000000000000e+02 8.500000000000000000e+02 2.480000000000000000e+02 8.650000000000000000e+02
3.880000000000000000e+02 3.840000000000000000e+02 8.500000000000000000e+02 2.480000000000000000e+02 8.650000000000000000e+02
3.880000000000000000e+02 3.840000000000000000e+02 8.500000000000000000e+02 2.480000000000000000e+02 2.490000000000000000e+02
3.880000000000000000e+02 3.840000000000000000e+02 8.500000000000000000e+02 2.480000000000000000e+02 2.490000000000000000e+02
3.880000000000000000e+02 3.840000000000000000e+02 8.500000000000000000e+02 2.480000000000000000e+02 2.490000000000000000e+02
3.880000000000000000e+02 3.840000000000000000e+02 8.500000000000000000e+02 2.480000000000000000e+02 2.490000000000000000e+02
3.880000000000000000e+02 3.840000000000000000e+02 8.500000000000000000e+02 2.480000000000000000e+02 2.490000000000000000e+02
3.880000000000000000e+02 3.840000000000000000e+02 8.500000000000000000e+02 2.480000000000000000e+02 2.490000000000000000e+02
3.880000000000000000e+02 3.840000000000000000e+02 8.500000000000000000e+02 2.480000000000000000e+02 2.490000000000000000e+02
3.880000000000000000e+02 3.840000000000000000e+02 8.500000000000000000e+02 2.480000000000000000e+02 2.490000000000000000e+02
3.880000000000000000e+02 3.840000000000000000e+02 8.500000000000000000e+02 2.480000000000000000e+02 2.490000000000000000e+02
3.880000000000000000e+02 3.840000000000000000e+02 8.500000000000000000e+02 2.480000000000000000e+02 2.490000000000000000e+02
3.880000000000000000e+02 3.840000000000000000e+02 8.500000000000000000e+02 2.480000000000000000e+02 2.490000000000000000e+02
3.880000000000000000e+02 3.840000000000000000e+02 8.500000000000000000e+02 2.480000000000000000e+02 2.490000000000000000e+02
3.880000000000000000e+02 3.840000000000000000e+02 8.500000000000000000e+02 2.480000000000000000e+02 2.490000000000000000e+02
3.880000000000000000e+02 3.840000000000000000e+02 8.500000000000000000e+02 2.480000000000000000e+02 2.490000000000000000e+02
3.880000000000000000e+02 3.840000000000000000e+02 8.500000000000000000e+02 2.480000000000000000e+02 2.490000000000000000e+02
3.880000000000000000e+02 3.840000000000000000e+02 8.500000000000000000e+02 2.480000000000000000e+02 2.490000000000000000e+02
3.880000000000000000e+02 3.840000000000000000e+02 8.500000000000000000e+02 2.480000000000000000e+02 2.490000000000000000e+02
3.880000000000000000e+02 3.840000000000000000e+02 8.500000000000000000e+02 2.480000000000000000e+02 2.490000000000000000e+02
3.880000000000000000e+02 3.840000000000000000e+02 8.500000000000000000e+02 2.480000000000000000e+02 2.490000000000000000e+02
3.880000000000000000e+02 3.840000000000000000e+02 8.500000000000000000e+02 2.480000000000000000e+02 2.490000000000000000e+02
3.880000000000000000e+02 3.840000000000000000e+02 8.500000000000000000e+02 2.480000000000000000e+02 2.490000000000000000e+02
3.880000000000000000e+02 3.840000000000000000e+02 8.500000000000000000e+02 2.480000000000000000e+02 2.490000000000000000e+02
3.880000000000000000e+02 3.840000000000000000e+02 8.500000000000000000e+02 2.480000000000000000e+02 2.490000000000000000e+02
3.880000000000000000e+02 3.840000000000000000e+02 8.500000000000000000e+02 2.480000000000000000e+02 2.490000000000000000e+02
3.880000000000000000e+02 3.840000000000000000e+02 8.500000000000000000e+02 2.480000000000000000e+02 2.490000000000000000e+02
3.880000000000000000e+02 3.840000000000000000e+02 8.500000000000000000e+02 2.480000000000000000e+02 3.870000000000000000e+02
3.880000000000000000e+02 3.840000000000000000e+02 8.500000000000000000e+02 2.480000000000000000e+02 3.870000000000000000e+02
3.880000000000000000e+02 3.840000000000000000e+02 8.500000000000000000e+02 3.870000000000000000e+02 2.480000000000000000e+02
3.880000000000000000e+02 3.840000000000000000e+02 8.500000000000000000e+02 2.480000000000000000e+02 3.870000000000000000e+02
3.880000000000000000e+02 3.840000000000000000e+02 8.500000000000000000e+02 3.870000000000000000e+02 2.480000000000000000e+02
3.880000000000000000e+02 3.840000000000000000e+02 8.500000000000000000e+02 3.870000000000000000e+02 2.480000000000000000e+02
3.880000000000000000e+02 3.840000000000000000e+02 8.500000000000000000e+02 3.870000000000000000e+02 2.480000000000000000e+02
3.880000000000000000e+02 3.840000000000000000e+02 8.500000000000000000e+02 3.870000000000000000e+02 2.480000000000000000e+02
3.880000000000000000e+02 3.840000000000000000e+02 8.500000000000000000e+02 3.870000000000000000e+02 2.480000000000000000e+02
3.880000000000000000e+02 3.840000000000000000e+02 8.500000000000000000e+02 3.870000000000000000e+02 2.480000000000000000e+02
3.880000000000000000e+02 3.840000000000000000e+02 8.500000000000000000e+02 3.870000000000000000e+02 2.480000000000000000e+02
3.880000000000000000e+02 3.840000000000000000e+02 8.500000000000000000e+02 3.870000000000000000e+02 2.220000000000000000e+02
3.880000000000000000e+02 3.840000000000000000e+02 8.500000000000000000e+02 3.870000000000000000e+02 2.220000000000000000e+02
3.880000000000000000e+02 3.840000000000000000e+02 8.500000000000000000e+02 3.870000000000000000e+02 2.220000000000000000e+02
3.880000000000000000e+02 3.840000000000000000e+02 8.500000000000000000e+02 3.870000000000000000e+02 2.220000000000000000e+02
3.880000000000000000e+02 3.840000000000000000e+02 8.500000000000000000e+02 3.870000000000000000e+02 2.220000000000000000e+02
3.880000000000000000e+02 3.840000000000000000e+02 8.500000000000000000e+02 3.870000000000000000e+02 2.480000000000000000e+02
3.880000000000000000e+02 3.840000000000000000e+02 8.500000000000000000e+02 3.870000000000000000e+02 2.480000000000000000e+02
3.880000000000000000e+02 3.840000000000000000e+02 8.500000000000000000e+02 3.870000000000000000e+02 2.480000000000000000e+02
3.880000000000000000e+02 3.840000000000000000e+02 8.500000000000000000e+02 3.870000000000000000e+02 2.480000000000000000e+02
3.880000000000000000e+02 3.840000000000000000e+02 8.500000000000000000e+02 3.870000000000000000e+02 2.220000000000000000e+02
3.880000000000000000e+02 3.840000000000000000e+02 8.500000000000000000e+02 3.870000000000000000e+02 2.220000000000000000e+02
3.880000000000000000e+02 3.840000000000000000e+02 8.500000000000000000e+02 3.870000000000000000e+02 2.220000000000000000e+02
3.880000000000000000e+02 3.840000000000000000e+02 8.500000000000000000e+02 3.870000000000000000e+02 2.220000000000000000e+02
3.880000000000000000e+02 3.840000000000000000e+02 8.500000000000000000e+02 3.870000000000000000e+02 2.220000000000000000e+02
3.880000000000000000e+02 3.840000000000000000e+02 8.500000000000000000e+02 3.870000000000000000e+02 2.220000000000000000e+02
3.880000000000000000e+02 3.840000000000000000e+02 8.500000000000000000e+02 3.870000000000000000e+02 2.220000000000000000e+02
3.880000000000000000e+02 3.840000000000000000e+02 8.500000000000000000e+02 3.870000000000000000e+02 2.220000000000000000e+02
3.880000000000000000e+02 3.840000000000000000e+02 2.480000000000000000e+02 2.490000000000000000e+02 2.500000000000000000e+02
3.880000000000000000e+02 6.260000000000000000e+02 4.550000000000000000e+02 3.840000000000000000e+02 7.730000000000000000e+02
3.880000000000000000e+02 6.260000000000000000e+02 3.620000000000000000e+02 7.140000000000000000e+02 8.890000000000000000e+02
3.880000000000000000e+02 6.260000000000000000e+02 3.620000000000000000e+02 3.840000000000000000e+02 7.140000000000000000e+02
3.880000000000000000e+02 6.260000000000000000e+02 3.840000000000000000e+02 7.610000000000000000e+02 2.510000000000000000e+02
3.880000000000000000e+02 3.840000000000000000e+02 7.610000000000000000e+02 6.260000000000000000e+02 8.650000000000000000e+02
3.880000000000000000e+02 3.840000000000000000e+02 7.610000000000000000e+02 6.260000000000000000e+02 8.650000000000000000e+02
3.880000000000000000e+02 3.840000000000000000e+02 7.610000000000000000e+02 6.260000000000000000e+02 3.830000000000000000e+02
3.880000000000000000e+02 3.840000000000000000e+02 7.610000000000000000e+02 3.830000000000000000e+02 8.500000000000000000e+02
3.880000000000000000e+02 3.840000000000000000e+02 7.610000000000000000e+02 8.500000000000000000e+02 3.830000000000000000e+02
3.880000000000000000e+02 3.840000000000000000e+02 7.610000000000000000e+02 8.500000000000000000e+02 8.650000000000000000e+02
3.880000000000000000e+02 3.840000000000000000e+02 7.610000000000000000e+02 8.500000000000000000e+02 8.650000000000000000e+02
3.880000000000000000e+02 3.840000000000000000e+02 7.610000000000000000e+02 8.500000000000000000e+02 2.480000000000000000e+02
3.880000000000000000e+02 3.840000000000000000e+02 8.500000000000000000e+02 7.610000000000000000e+02 2.480000000000000000e+02
3.880000000000000000e+02 3.840000000000000000e+02 8.500000000000000000e+02 7.610000000000000000e+02 8.650000000000000000e+02
