4.518735222518444061e-04 6.010675569996237755e-04 4.518735222518444061e-04 7.510819705203175545e-05 9.894894901663064957e-04 3.661870723590254784e-04
1.528428634628653526e-03 1.951124402694404125e-03 1.528428634628653526e-03 1.835831440985202789e-03 5.494063720107078552e-03 1.406427589245140553e-03
1.962776482105255127e-02 1.422255020588636398e-02 1.962776482105255127e-02 2.130714012309908867e-03 4.008698463439941406e-02 5.047774873673915863e-03
3.493339195847511292e-02 3.550011664628982544e-02 3.493339195847511292e-02 1.837280811741948128e-03 3.676333650946617126e-02 3.714249003678560257e-03
5.001065880060195923e-02 3.628274798393249512e-02 5.001065880060195923e-02 1.633937936276197433e-03 1.947648264467716217e-02 1.688824151642620564e-03
5.674517899751663208e-02 3.790845349431037903e-02 5.674517899751663208e-02 1.037610811181366444e-03 1.801038719713687897e-02 2.052937867119908333e-03
7.999984174966812134e-02 3.637003153562545776e-02 7.999984174966812134e-02 1.057355781085789204e-03 2.671432681381702423e-02 2.902569714933633804e-03
1.075386777520179749e-01 3.346853330731391907e-02 1.075386777520179749e-01 8.478673407807946205e-04 2.309581823647022247e-02 2.705483231693506241e-03
2.320459336042404175e-01 5.474349483847618103e-02 2.320459336042404175e-01 5.525049054995179176e-04 9.686416015028953552e-03 1.629876322112977505e-03
3.300956189632415771e-01 6.417419761419296265e-02 3.300956189632415771e-01 2.720838238019496202e-04 1.966976327821612358e-03 3.914912522304803133e-04
3.812486827373504639e-01 6.508240848779678345e-02 3.812486827373504639e-01 1.301135635003447533e-04 4.753445973619818687e-04 1.362598268315196037e-04
4.811173975467681885e-01 5.786408856511116028e-02 4.811173975467681885e-01 1.137842264142818749e-04 1.472908479627221823e-04 5.312214125297032297e-05
5.313391685485839844e-01 5.473883822560310364e-02 5.313391685485839844e-01 1.138619845733046532e-04 8.443085243925452232e-05 3.364409349160268903e-05
5.488976836204528809e-01 5.058898776769638062e-02 5.488976836204528809e-01 1.355148269794881344e-04 7.223867578431963921e-05 3.227762863389216363e-05
5.853590965270996094e-01 5.657855421304702759e-02 5.853590965270996094e-01 1.879676856333389878e-04 7.918668416095897555e-05 3.703075708472169936e-05
6.279272437095642090e-01 5.464943870902061462e-02 6.279272437095642090e-01 2.114926610374823213e-04 9.528580994810909033e-05 3.952593760914169252e-05
6.704783439636230469e-01 5.081825330853462219e-02 6.704783439636230469e-01 2.884014393202960491e-04 1.040561619447544217e-04 4.848590833717025816e-05
6.805133819580078125e-01 5.021872371435165405e-02 6.805133819580078125e-01 3.597668837755918503e-04 1.018709226627834141e-04 5.107762262923642993e-05
7.006931900978088379e-01 4.324334114789962769e-02 7.006931900978088379e-01 3.406021569389849901e-04 8.349011477548629045e-05 4.206723315292038023e-05
7.298467755317687988e-01 3.708408772945404053e-02 7.298467755317687988e-01 3.380984417162835598e-04 1.044785312842577696e-04 4.065658140461891890e-05
7.692298293113708496e-01 3.101971559226512909e-02 7.692298293113708496e-01 3.143497160635888577e-04 1.179050959763117135e-04 3.781530540436506271e-05
7.904627919197082520e-01 3.014482185244560242e-02 7.904627919197082520e-01 2.999883145093917847e-04 1.199265680043026805e-04 3.486319837975315750e-05
7.819948196411132812e-01 2.964969910681247711e-02 7.819948196411132812e-01 2.923305146396160126e-04 1.472610601922497153e-04 3.659693538793362677e-05
8.067534565925598145e-01 2.990847826004028320e-02 8.067534565925598145e-01 2.569133939687162638e-04 1.398312015226110816e-04 2.945904270745813847e-05
8.336682915687561035e-01 2.805637568235397339e-02 8.336682915687561035e-01 1.843306672526523471e-04 1.189457689179107547e-04 2.291287091793492436e-05
8.435308337211608887e-01 2.695951424539089203e-02 8.435308337211608887e-01 1.580204552737995982e-04 1.432771823601797223e-04 2.277792555105406791e-05
8.497316837310791016e-01 2.851133234798908234e-02 8.497316837310791016e-01 1.677404216025024652e-04 1.780785241862758994e-04 2.758727168838959187e-05
8.445100784301757812e-01 3.400163725018501282e-02 8.445100784301757812e-01 2.123563608620315790e-04 2.316142054041847587e-04 3.766479858313687146e-05
8.417459130287170410e-01 4.152331873774528503e-02 8.417459130287170410e-01 2.884478308260440826e-04 3.503199550323188305e-04 5.597624112851917744e-05
8.414767980575561523e-01 4.533972963690757751e-02 8.414767980575561523e-01 3.170617274008691311e-04 5.964980809949338436e-04 8.754864393267780542e-05
8.333816528320312500e-01 4.712180048227310181e-02 8.333816528320312500e-01 4.049687995575368404e-04 8.950609480962157249e-04 1.195987206301651895e-04
8.518949747085571289e-01 4.770358279347419739e-02 8.518949747085571289e-01 4.575876228045672178e-04 9.912702953442931175e-04 1.263410376850515604e-04
8.394544720649719238e-01 5.381710454821586609e-02 8.394544720649719238e-01 5.934388027526438236e-04 1.201627776026725769e-03 1.677635591477155685e-04
8.531932234764099121e-01 5.023411661386489868e-02 8.531932234764099121e-01 5.702619091607630253e-04 1.145444111898541451e-03 1.522351085441187024e-04
8.540884256362915039e-01 5.057727545499801636e-02 8.540884256362915039e-01 6.085280328989028931e-04 1.360979396849870682e-03 1.950517180375754833e-04
8.308348655700683594e-01 5.200324952602386475e-02 8.308348655700683594e-01 6.684940890409052372e-04 1.620547613129019737e-03 2.345137036172673106e-04
8.432428836822509766e-01 4.916835576295852661e-02 8.432428836822509766e-01 6.631906726397573948e-04 1.695631188340485096e-03 2.162115270039066672e-04
8.225901126861572266e-01 5.462848395109176636e-02 8.225901126861572266e-01 7.872415008023381233e-04 2.227271441370248795e-03 2.905128349084407091e-04
7.946535348892211914e-01 6.472510099411010742e-02 7.946535348892211914e-01 7.182488916441798210e-04 2.582937013357877731e-03 3.794416261371225119e-04
7.945857048034667969e-01 6.720118224620819092e-02 7.945857048034667969e-01 7.135734776966273785e-04 2.857590792700648308e-03 4.492927400860935450e-04
7.592210769653320312e-01 7.585737109184265137e-02 7.592210769653320312e-01 8.983918814919888973e-04 3.644622396677732468e-03 6.530301761813461781e-04
7.594993710517883301e-01 7.808382064104080200e-02 7.594993710517883301e-01 1.016622409224510193e-03 3.958574961870908737e-03 6.897381390444934368e-04
7.511307001113891602e-01 8.148630708456039429e-02 7.511307001113891602e-01 1.049394137226045132e-03 4.681225866079330444e-03 8.321179193444550037e-04
7.512013316154479980e-01 8.554466813802719116e-02 7.512013316154479980e-01 9.944508783519268036e-04 4.882683046162128448e-03 9.392278152517974377e-04
7.469198107719421387e-01 9.105908870697021484e-02 7.469198107719421387e-01 1.006523962132632732e-03 4.903478547930717468e-03 9.521128959022462368e-04
7.436789274215698242e-01 9.359166771173477173e-02 7.436789274215698242e-01 9.136308217421174049e-04 4.663515836000442505e-03 9.849945781752467155e-04
7.289358377456665039e-01 9.923169761896133423e-02 7.289358377456665039e-01 9.076758869923651218e-04 5.407833959907293320e-03 1.086661242879927158e-03
7.187938094139099121e-01 1.031346768140792847e-01 7.187938094139099121e-01 9.262759122066199780e-04 5.425132345408201218e-03 1.147367293015122414e-03
6.967948675155639648e-01 1.043702661991119385e-01 6.967948675155639648e-01 9.687599958851933479e-04 6.018791347742080688e-03 1.286549144424498081e-03
6.858553886413574219e-01 1.144258230924606323e-01 6.858553886413574219e-01 1.129825948737561703e-03 6.030840799212455750e-03 1.462489715777337551e-03
6.789079904556274414e-01 1.178298890590667725e-01 6.789079904556274414e-01 1.180299674160778522e-03 6.436528172343969345e-03 1.617134781554341316e-03
