6.062661486794240773e-05 6.062661486794240773e-05 5.941595372860319912e-05 1.025517194648273289e-04 3.362097413628362119e-05 9.208803930960129946e-06
5.660896422341465950e-04 5.660896422341465950e-04 1.022557844407856464e-03 1.368471112073166296e-05 2.724958176258951426e-05 9.421963113709352911e-06
6.853501200675964355e-01 6.853501200675964355e-01 1.404308527708053589e-01 3.795522032305598259e-03 4.731800407171249390e-03 7.680715620517730713e-02
8.604036569595336914e-01 8.604036569595336914e-01 4.169750213623046875e-02 1.878897310234606266e-03 3.720170585438609123e-03 6.648211926221847534e-02
9.299945235252380371e-01 9.299945235252380371e-01 2.014393545687198639e-02 1.283577759750187397e-03 2.630231436342000961e-03 3.667851909995079041e-02
9.503746032714843750e-01 9.503746032714843750e-01 1.077893655747175217e-02 1.181421568617224693e-03 2.763105789199471474e-03 2.909291535615921021e-02
9.588336348533630371e-01 9.588336348533630371e-01 7.275718264281749725e-03 9.819241240620613098e-04 2.852161880582571030e-03 2.550489269196987152e-02
9.627361297607421875e-01 9.627361297607421875e-01 5.530046764761209488e-03 8.910440374165773392e-04 2.920514903962612152e-03 2.364303544163703918e-02
9.678615331649780273e-01 9.678615331649780273e-01 4.438187927007675171e-03 7.052326109260320663e-04 2.594827907159924507e-03 2.043393440544605255e-02
9.748765230178833008e-01 9.748765230178833008e-01 3.845790401101112366e-03 6.131081026978790760e-04 2.093543531373143196e-03 1.515336427837610245e-02
9.756132960319519043e-01 9.756132960319519043e-01 3.837832948192954063e-03 6.197942420840263367e-04 2.142079407349228859e-03 1.435889676213264465e-02
9.750291705131530762e-01 9.750291705131530762e-01 3.763107350096106529e-03 6.662523373961448669e-04 2.276335842907428741e-03 1.472443807870149612e-02
9.738166928291320801e-01 9.738166928291320801e-01 3.878491232171654701e-03 7.198515813797712326e-04 2.551348414272069931e-03 1.531362440437078476e-02
9.739519357681274414e-01 9.739519357681274414e-01 4.199358634650707245e-03 7.898122421465814114e-04 2.774748718366026878e-03 1.452764030545949936e-02
9.728025794029235840e-01 9.728025794029235840e-01 5.519220139831304550e-03 8.692011469975113869e-04 3.111603902652859688e-03 1.382219791412353516e-02
9.692455530166625977e-01 9.692455530166625977e-01 7.899209856986999512e-03 1.050830003805458546e-03 3.601875854656100273e-03 1.398542243987321854e-02
9.680452942848205566e-01 9.680452942848205566e-01 9.481615386903285980e-03 1.067535602487623692e-03 3.736530896276235580e-03 1.345333922654390335e-02
9.660345911979675293e-01 9.660345911979675293e-01 1.055448036640882492e-02 1.185168395750224590e-03 3.931955900043249130e-03 1.391179952770471573e-02
9.637516140937805176e-01 9.637516140937805176e-01 1.223553158342838287e-02 1.317057874985039234e-03 4.313687793910503387e-03 1.386344432830810547e-02
9.602034091949462891e-01 9.602034091949462891e-01 1.485634222626686096e-02 1.570219406858086586e-03 4.641552921384572983e-03 1.400871295481920242e-02
9.579344391822814941e-01 9.579344391822814941e-01 1.708419434726238251e-02 1.700079184956848621e-03 4.934052936732769012e-03 1.353539898991584778e-02
9.532504677772521973e-01 9.532504677772521973e-01 2.157362177968025208e-02 1.927276724018156528e-03 5.473352037370204926e-03 1.290882285684347153e-02
9.498817324638366699e-01 9.498817324638366699e-01 2.517966926097869873e-02 2.011550590395927429e-03 5.539712496101856232e-03 1.244062650948762894e-02
9.438941478729248047e-01 9.438941478729248047e-01 3.109741210937500000e-02 2.087782369926571846e-03 5.609062965959310532e-03 1.229692436754703522e-02
9.399487376213073730e-01 9.399487376213073730e-01 3.543738275766372681e-02 2.187613630667328835e-03 5.444032605737447739e-03 1.179803349077701569e-02
9.355028271675109863e-01 9.355028271675109863e-01 4.089093953371047974e-02 2.258265158161520958e-03 5.172528792172670364e-03 1.094099599868059158e-02
9.332740902900695801e-01 9.332740902900695801e-01 4.375483840703964233e-02 2.473163418471813202e-03 4.968260414898395538e-03 1.012525334954261780e-02
9.285191893577575684e-01 9.285191893577575684e-01 4.920469224452972412e-02 2.458824776113033295e-03 4.595753736793994904e-03 9.909319691359996796e-03
9.206099510192871094e-01 9.206099510192871094e-01 5.744189769029617310e-02 2.505448879674077034e-03 4.460273776203393936e-03 9.597646072506904602e-03
9.157904982566833496e-01 9.157904982566833496e-01 6.186029314994812012e-02 2.671226859092712402e-03 4.522941540926694870e-03 9.453501552343368530e-03
9.063688516616821289e-01 9.063688516616821289e-01 7.126097381114959717e-02 2.884732093662023544e-03 4.514750558882951736e-03 9.085972793400287628e-03
9.039961695671081543e-01 9.039961695671081543e-01 7.353345304727554321e-02 3.050941973924636841e-03 4.449308384209871292e-03 8.872149512171745300e-03
8.960658311843872070e-01 8.960658311843872070e-01 8.070516586303710938e-02 3.129043150693178177e-03 4.457360133528709412e-03 9.174991399049758911e-03
8.950809240341186523e-01 8.950809240341186523e-01 8.151945471763610840e-02 3.240714082494378090e-03 4.485302604734897614e-03 9.078819304704666138e-03
8.944144845008850098e-01 8.944144845008850098e-01 8.327010273933410645e-02 3.133196150884032249e-03 4.195659887045621872e-03 8.573801256716251373e-03
8.931815028190612793e-01 8.931815028190612793e-01 8.432043343782424927e-02 3.349574282765388489e-03 4.238015506416559219e-03 8.318818174302577972e-03
8.900503516197204590e-01 8.900503516197204590e-01 8.753588795661926270e-02 3.541084472090005875e-03 4.181403666734695435e-03 7.968846708536148071e-03
8.875204324722290039e-01 8.875204324722290039e-01 8.960775285959243774e-02 3.714141203090548515e-03 4.248572979122400284e-03 8.025108836591243744e-03
8.809716105461120605e-01 8.809716105461120605e-01 9.592884778976440430e-02 3.727284958586096764e-03 4.179491661489009857e-03 8.053906261920928955e-03
8.743773102760314941e-01 8.743773102760314941e-01 1.021578684449195862e-01 3.864261321723461151e-03 4.129985813051462173e-03 8.167279884219169617e-03
8.638388514518737793e-01 8.638388514518737793e-01 1.128859296441078186e-01 4.026563372462987900e-03 4.106449428945779800e-03 7.830853573977947235e-03
8.658897876739501953e-01 8.658897876739501953e-01 1.103834658861160278e-01 4.291131626814603806e-03 4.181725904345512390e-03 7.949148304760456085e-03
8.723809719085693359e-01 8.723809719085693359e-01 1.031687706708908081e-01 4.542738664895296097e-03 4.310743417590856552e-03 8.146690204739570618e-03
8.694308400154113770e-01 8.694308400154113770e-01 1.062248572707176208e-01 4.684710875153541565e-03 4.305365495383739471e-03 8.080963976681232452e-03
8.699416518211364746e-01 8.699416518211364746e-01 1.058945059776306152e-01 4.671575501561164856e-03 4.254999104887247086e-03 8.169189095497131348e-03
8.700256347656250000e-01 8.700256347656250000e-01 1.049286574125289917e-01 4.831618163734674454e-03 4.469905514270067215e-03 8.522007614374160767e-03
8.661562204360961914e-01 8.661562204360961914e-01 1.089015677571296692e-01 4.995207767933607101e-03 4.469952546060085297e-03 8.414783515036106110e-03
8.638905882835388184e-01 8.638905882835388184e-01 1.116270422935485840e-01 4.888174124062061310e-03 4.402254708111286163e-03 8.167147636413574219e-03
8.717527985572814941e-01 8.717527985572814941e-01 1.031785756349563599e-01 5.093907006084918976e-03 4.517782479524612427e-03 8.356177248060703278e-03
8.623544573783874512e-01 8.623544573783874512e-01 1.124967336654663086e-01 5.318976007401943207e-03 4.497946705669164658e-03 8.236360736191272736e-03
8.690310120582580566e-01 8.690310120582580566e-01 1.060212031006813049e-01 5.385325290262699127e-03 4.432928282767534256e-03 8.263796567916870117e-03
