6.217404188305456511e-05
5.805384516766063990e-04
7.028429207610380480e-01
8.823645047749787418e-01
9.537316009250562665e-01
9.746318595735582457e-01
9.833067985423163959e-01
9.873089002982581297e-01
9.925651239323276531e-01
9.997591636106729629e-01
1.000514741937696295e+00
9.999157072637355759e-01
9.986722824333570392e-01
9.988109772981751400e-01
9.976322848881766792e-01
9.939844693536916687e-01
9.927535753506767646e-01
9.906915513005348783e-01
9.883503037411427439e-01
9.847115348527542000e-01
9.823846519003397448e-01
9.775811273270205159e-01
9.741264087859070608e-01
9.679859977478740829e-01
9.639398852811923435e-01
9.593804979005057243e-01
9.570948749894099272e-01
9.522186104913954452e-01
9.441074976280060538e-01
9.391650336859203030e-01
9.295029100248697329e-01
9.270696678548335790e-01
9.189369163919970385e-01
9.179268705805146977e-01
9.172434209183152332e-01
9.159789687483610443e-01
9.127678983919831346e-01
9.101734058678747630e-01
9.034574325349423729e-01
8.966948200738230623e-01
8.858873787917519449e-01
8.879906628832126003e-01
8.946475273865815980e-01
8.916220966531444025e-01
8.921459463629243247e-01
8.922320728788029065e-01
8.882638960457232002e-01
8.859404361485884172e-01
8.940033206081253736e-01
8.843650972080461248e-01
8.912120635314170203e-01
