4.893586155958473682e-04 4.893586155958473682e-04 2.355600241571664810e-03 5.850165616720914841e-03 5.936064990237355232e-04 1.986919902265071869e-03
7.794497907161712646e-02 7.794497907161712646e-02 3.953639790415763855e-02 5.684522911906242371e-03 3.457997518125921488e-04 2.386240288615226746e-02
9.712036252021789551e-01 9.712036252021789551e-01 2.811260754242539406e-03 1.108393735194113106e-05 2.196736568293999881e-05 1.542662175779696554e-05
9.913704395294189453e-01 9.913704395294189453e-01 6.759855896234512329e-03 6.375749762810301036e-06 4.575249477056786418e-06 2.200321659984183498e-06
9.931550025939941406e-01 9.931550025939941406e-01 6.329418625682592392e-03 6.678408226434839889e-06 2.230697646155022085e-06 3.321446797599492129e-07
9.954984188079833984e-01 9.954984188079833984e-01 4.275835584849119186e-03 5.503105967363808304e-06 1.461137344449525699e-06 7.817887137662182795e-08
9.972129464149475098e-01 9.972129464149475098e-01 2.657148987054824829e-03 4.130128672841237858e-06 1.991630597331095487e-06 4.185844559856377600e-08
9.984596967697143555e-01 9.984596967697143555e-01 1.475978759117424488e-03 3.799526439252076671e-06 2.230652626167284325e-06 2.009919519707636937e-08
9.990395903587341309e-01 9.990395903587341309e-01 9.134951978921890259e-04 3.521384314808528870e-06 2.030208861469873227e-06 2.087780082149492955e-08
9.991272091865539551e-01 9.991272091865539551e-01 8.340837084688246250e-04 2.939946170954499394e-06 1.891438841994386166e-06 2.073726790285945754e-08
9.991589784622192383e-01 9.991589784622192383e-01 8.068606839515268803e-04 2.935285465355264023e-06 1.976054818442207761e-06 2.176738611581185978e-08
9.992195367813110352e-01 9.992195367813110352e-01 7.498835911974310875e-04 3.077823976127547212e-06 1.918723455673898570e-06 2.532347664896406059e-08
9.993329644203186035e-01 9.993329644203186035e-01 6.429220666177570820e-04 2.683187176444334909e-06 1.725915126371546648e-06 2.212537175694251346e-08
9.993023872375488281e-01 9.993023872375488281e-01 6.752238259650766850e-04 2.324812612641835585e-06 1.579669060447486117e-06 2.287477585127817292e-08
9.992553591728210449e-01 9.992553591728210449e-01 7.201790576800704002e-04 2.416836196061922237e-06 1.932748318722588010e-06 3.053387231943816005e-08
9.993425011634826660e-01 9.993425011634826660e-01 6.336309597827494144e-04 2.290682914463104680e-06 2.035227680607931688e-06 3.281920868403176428e-08
9.993150234222412109e-01 9.993150234222412109e-01 6.584217189811170101e-04 2.687551614144467749e-06 2.517496113796369173e-06 4.333694292313339247e-08
9.993007183074951172e-01 9.993007183074951172e-01 6.689593428745865822e-04 3.154767000523861498e-06 3.023730641871225089e-06 6.115086392810553662e-08
9.992145299911499023e-01 9.992145299911499023e-01 7.546714623458683491e-04 3.630624632933177054e-06 3.454221769061405212e-06 6.474627411989786197e-08
9.989670515060424805e-01 9.989670515060424805e-01 9.932164102792739868e-04 5.445314855023752898e-06 4.469473878998542204e-06 9.658934629896975821e-08
9.987108707427978516e-01 9.987108707427978516e-01 1.240465091541409492e-03 8.164500286511611193e-06 5.397861514211399481e-06 1.436167593737991410e-07
9.984080195426940918e-01 9.984080195426940918e-01 1.531068701297044754e-03 1.093235368898604065e-05 6.892444162076571956e-06 1.822303090648347279e-07
9.976315498352050781e-01 9.976315498352050781e-01 2.287261653691530228e-03 1.637520290387328714e-05 9.006520485854707658e-06 2.623933994527760660e-07
9.973039627075195312e-01 9.973039627075195312e-01 2.607611473649740219e-03 1.908834019559435546e-05 1.019220053422031924e-05 3.030385471447516466e-07
9.966852068901062012e-01 9.966852068901062012e-01 3.211231203749775887e-03 2.385362495260778815e-05 1.224857351189712062e-05 4.115566412110638339e-07
9.965907335281372070e-01 9.965907335281372070e-01 3.295672126114368439e-03 2.836966814356856048e-05 1.313585835305275396e-05 5.504493287844525184e-07
9.961375594139099121e-01 9.961375594139099121e-01 3.734197700396180153e-03 3.452139208093285561e-05 1.537150274089071900e-05 6.743276230736228172e-07
9.958505630493164062e-01 9.958505630493164062e-01 4.014864098280668259e-03 3.737859879038296640e-05 1.495509604865219444e-05 8.375462812182377093e-07
9.956189990043640137e-01 9.956189990043640137e-01 4.240963142365217209e-03 3.967405064031481743e-05 1.577056536916643381e-05 1.027365215122699738e-06
9.954788684844970703e-01 9.954788684844970703e-01 4.367590881884098053e-03 4.096470001968555152e-05 1.695859282335732132e-05 1.275002091460919473e-06
9.943999648094177246e-01 9.943999648094177246e-01 5.411854479461908340e-03 5.267792221275158226e-05 1.897293259389698505e-05 2.046208237516111694e-06
9.938588738441467285e-01 9.938588738441467285e-01 5.915158893913030624e-03 6.321274122456088662e-05 2.304491135873831809e-05 2.694550630621961318e-06
9.934965372085571289e-01 9.934965372085571289e-01 6.253242027014493942e-03 7.389948586933314800e-05 2.142270568583626300e-05 3.526751243043690920e-06
9.924682974815368652e-01 9.924682974815368652e-01 7.238423451781272888e-03 9.072394459508359432e-05 2.579125793999992311e-05 4.146313585806638002e-06
9.916338920593261719e-01 9.916338920593261719e-01 8.021187968552112579e-03 1.097221975214779377e-04 2.856174796761479229e-05 4.929535407427465543e-06
9.898980855941772461e-01 9.898980855941772461e-01 9.643102064728736877e-03 1.626497105462476611e-04 3.122847192571498454e-05 6.536835371662164107e-06
9.902608990669250488e-01 9.902608990669250488e-01 9.236568585038185120e-03 1.865142403403297067e-04 3.174746234435588121e-05 7.433261998812668025e-06
9.886589646339416504e-01 9.886589646339416504e-01 1.071746181696653366e-02 2.541107533033937216e-04 3.439726788201369345e-05 9.200573913403786719e-06
9.888418912887573242e-01 9.888418912887573242e-01 1.046345289796590805e-02 2.769229176919907331e-04 3.672512684715911746e-05 1.116814837587298825e-05
9.881671071052551270e-01 9.881671071052551270e-01 1.098809204995632172e-02 3.502748149912804365e-04 3.914130138582549989e-05 1.460599287383956835e-05
9.890429377555847168e-01 9.890429377555847168e-01 1.008349005132913589e-02 3.589162952266633511e-04 3.998145257355645299e-05 1.484242784499656409e-05
9.894617199897766113e-01 9.894617199897766113e-01 9.586962871253490448e-03 4.127465945202857256e-04 3.975415893364697695e-05 1.586967300681862980e-05
9.900839328765869141e-01 9.900839328765869141e-01 8.863120339810848236e-03 4.526853736024349928e-04 3.967281008954159915e-05 1.699104723229538649e-05
9.899659156799316406e-01 9.899659156799316406e-01 8.840572088956832886e-03 5.493569769896566868e-04 3.940881288144737482e-05 2.066025444946717471e-05
9.905452728271484375e-01 9.905452728271484375e-01 8.179175667464733124e-03 5.988399498164653778e-04 4.059501952724531293e-05 2.139786556654144078e-05
9.902946949005126953e-01 9.902946949005126953e-01 8.203679695725440979e-03 6.905868649482727051e-04 4.397239536046981812e-05 2.578297062427736819e-05
9.893949627876281738e-01 9.893949627876281738e-01 8.944773115217685699e-03 7.932815351523458958e-04 4.693415030487813056e-05 2.719556869124062359e-05
9.893448948860168457e-01 9.893448948860168457e-01 8.975141681730747223e-03 8.103722357191145420e-04 4.578172956826165318e-05 2.774748099909629673e-05
9.897384047508239746e-01 9.897384047508239746e-01 8.443716913461685181e-03 8.666731882840394974e-04 4.828367309528402984e-05 3.050072700716555119e-05
9.887157082557678223e-01 9.887157082557678223e-01 9.248860180377960205e-03 9.903071913868188858e-04 5.438794323708862066e-05 3.646199911599978805e-05
9.873383045196533203e-01 9.873383045196533203e-01 1.041523087769746780e-02 1.092235208489000797e-03 5.839868754264898598e-05 4.129102671868167818e-05
