1.800000000000000000e+01 1.280000000000000000e+02 1.400000000000000000e+01 9.710000000000000000e+02 8.600000000000000000e+01
1.400000000000000000e+01 2.300000000000000000e+01 2.100000000000000000e+01 8.600000000000000000e+01 1.360000000000000000e+02
1.400000000000000000e+01 3.090000000000000000e+02 1.700000000000000000e+01 1.310000000000000000e+02 1.200000000000000000e+02
1.310000000000000000e+02 3.900000000000000000e+02 1.700000000000000000e+01 1.360000000000000000e+02 1.320000000000000000e+02
1.310000000000000000e+02 1.320000000000000000e+02 1.360000000000000000e+02 1.700000000000000000e+01 3.900000000000000000e+02
1.310000000000000000e+02 1.360000000000000000e+02 1.320000000000000000e+02 3.900000000000000000e+02 1.300000000000000000e+02
1.360000000000000000e+02 1.310000000000000000e+02 1.320000000000000000e+02 8.800000000000000000e+01 3.900000000000000000e+02
1.310000000000000000e+02 1.360000000000000000e+02 3.900000000000000000e+02 1.320000000000000000e+02 8.800000000000000000e+01
1.310000000000000000e+02 1.360000000000000000e+02 3.900000000000000000e+02 8.800000000000000000e+01 1.290000000000000000e+02
1.310000000000000000e+02 1.360000000000000000e+02 3.900000000000000000e+02 8.800000000000000000e+01 1.300000000000000000e+02
1.360000000000000000e+02 1.310000000000000000e+02 3.900000000000000000e+02 8.800000000000000000e+01 3.940000000000000000e+02
1.360000000000000000e+02 1.310000000000000000e+02 3.900000000000000000e+02 8.800000000000000000e+01 3.940000000000000000e+02
1.360000000000000000e+02 1.310000000000000000e+02 3.900000000000000000e+02 8.800000000000000000e+01 3.940000000000000000e+02
1.360000000000000000e+02 1.310000000000000000e+02 3.900000000000000000e+02 8.800000000000000000e+01 1.400000000000000000e+01
1.360000000000000000e+02 1.310000000000000000e+02 3.900000000000000000e+02 8.800000000000000000e+01 1.400000000000000000e+01
1.360000000000000000e+02 1.310000000000000000e+02 3.900000000000000000e+02 1.400000000000000000e+01 8.800000000000000000e+01
1.360000000000000000e+02 1.310000000000000000e+02 3.900000000000000000e+02 8.800000000000000000e+01 1.400000000000000000e+01
1.360000000000000000e+02 1.310000000000000000e+02 8.800000000000000000e+01 3.900000000000000000e+02 1.700000000000000000e+01
1.360000000000000000e+02 1.310000000000000000e+02 3.900000000000000000e+02 8.800000000000000000e+01 1.700000000000000000e+01
1.360000000000000000e+02 1.310000000000000000e+02 3.900000000000000000e+02 8.800000000000000000e+01 1.400000000000000000e+01
1.360000000000000000e+02 1.310000000000000000e+02 3.900000000000000000e+02 8.800000000000000000e+01 8.400000000000000000e+01
1.360000000000000000e+02 1.310000000000000000e+02 8.800000000000000000e+01 2.300000000000000000e+01 3.900000000000000000e+02
1.360000000000000000e+02 1.310000000000000000e+02 2.300000000000000000e+01 8.800000000000000000e+01 3.900000000000000000e+02
1.360000000000000000e+02 1.310000000000000000e+02 2.300000000000000000e+01 8.800000000000000000e+01 3.900000000000000000e+02
1.360000000000000000e+02 1.310000000000000000e+02 8.800000000000000000e+01 2.300000000000000000e+01 3.900000000000000000e+02
1.360000000000000000e+02 1.310000000000000000e+02 8.800000000000000000e+01 2.300000000000000000e+01 3.900000000000000000e+02
1.360000000000000000e+02 1.310000000000000000e+02 2.300000000000000000e+01 8.800000000000000000e+01 3.900000000000000000e+02
1.360000000000000000e+02 1.310000000000000000e+02 8.800000000000000000e+01 2.300000000000000000e+01 3.900000000000000000e+02
1.360000000000000000e+02 1.310000000000000000e+02 8.800000000000000000e+01 2.300000000000000000e+01 3.900000000000000000e+02
1.360000000000000000e+02 1.310000000000000000e+02 8.800000000000000000e+01 2.300000000000000000e+01 3.900000000000000000e+02
1.360000000000000000e+02 1.310000000000000000e+02 8.800000000000000000e+01 2.300000000000000000e+01 8.700000000000000000e+01
1.360000000000000000e+02 1.310000000000000000e+02 8.800000000000000000e+01 3.900000000000000000e+02 2.300000000000000000e+01
1.360000000000000000e+02 1.310000000000000000e+02 8.800000000000000000e+01 2.300000000000000000e+01 3.900000000000000000e+02
1.360000000000000000e+02 1.310000000000000000e+02 8.800000000000000000e+01 2.300000000000000000e+01 3.900000000000000000e+02
1.360000000000000000e+02 1.310000000000000000e+02 2.300000000000000000e+01 8.800000000000000000e+01 8.700000000000000000e+01
1.360000000000000000e+02 1.310000000000000000e+02 1.000000000000000000e+02 3.900000000000000000e+02 8.700000000000000000e+01
1.360000000000000000e+02 1.310000000000000000e+02 1.000000000000000000e+02 8.700000000000000000e+01 2.300000000000000000e+01
1.360000000000000000e+02 1.310000000000000000e+02 1.000000000000000000e+02 8.700000000000000000e+01 2.300000000000000000e+01
1.360000000000000000e+02 1.310000000000000000e+02 8.700000000000000000e+01 2.300000000000000000e+01 1.000000000000000000e+02
1.360000000000000000e+02 1.310000000000000000e+02 8.700000000000000000e+01 1.000000000000000000e+02 2.300000000000000000e+01
1.360000000000000000e+02 1.310000000000000000e+02 8.700000000000000000e+01 1.000000000000000000e+02 2.300000000000000000e+01
1.360000000000000000e+02 1.310000000000000000e+02 8.700000000000000000e+01 2.300000000000000000e+01 1.000000000000000000e+02
1.360000000000000000e+02 1.310000000000000000e+02 8.700000000000000000e+01 3.900000000000000000e+02 2.300000000000000000e+01
1.360000000000000000e+02 1.310000000000000000e+02 8.700000000000000000e+01 1.000000000000000000e+02 3.900000000000000000e+02
1.360000000000000000e+02 1.310000000000000000e+02 8.700000000000000000e+01 1.000000000000000000e+02 3.900000000000000000e+02
1.360000000000000000e+02 1.310000000000000000e+02 8.700000000000000000e+01 3.900000000000000000e+02 1.000000000000000000e+02
1.360000000000000000e+02 1.310000000000000000e+02 8.700000000000000000e+01 3.900000000000000000e+02 1.000000000000000000e+02
1.360000000000000000e+02 1.310000000000000000e+02 8.700000000000000000e+01 1.000000000000000000e+02 2.300000000000000000e+01
1.360000000000000000e+02 1.310000000000000000e+02 8.700000000000000000e+01 1.000000000000000000e+02 8.800000000000000000e+01
1.360000000000000000e+02 1.310000000000000000e+02 8.700000000000000000e+01 8.800000000000000000e+01 3.900000000000000000e+02
1.360000000000000000e+02 1.310000000000000000e+02 8.700000000000000000e+01 8.800000000000000000e+01 2.300000000000000000e+01
