9.736199378967285156e+00
1.544439697265625000e+01
2.063123130798339844e+01
2.396221733093261719e+01
2.599916458129882812e+01
2.746419525146484375e+01
2.860363388061523438e+01
2.948322105407714844e+01
3.016625404357910156e+01
3.067899703979492188e+01
3.110513877868652344e+01
3.148064804077148438e+01
3.178304290771484375e+01
3.201483917236328125e+01
3.216926574707031250e+01
3.227815246582031250e+01
3.232029342651367188e+01
3.231221008300781250e+01
3.225493621826171875e+01
3.215944290161132812e+01
3.201542663574218750e+01
3.184307479858398438e+01
3.166598892211914062e+01
3.145228576660156250e+01
3.123421859741210938e+01
3.101938056945800781e+01
3.078471374511718750e+01
3.055563545227050781e+01
3.031954193115234375e+01
3.009096336364746094e+01
2.986616134643554688e+01
2.965450859069824219e+01
2.943094253540039062e+01
2.922579193115234375e+01
2.901914596557617188e+01
2.879220199584960938e+01
2.860544776916503906e+01
2.840751266479492188e+01
2.822452163696289062e+01
2.803555870056152344e+01
2.786213684082031250e+01
2.770779991149902344e+01
2.752882575988769531e+01
2.737802886962890625e+01
2.722054290771484375e+01
2.709001922607421875e+01
2.693827247619628906e+01
2.681538391113281250e+01
2.668077278137207031e+01
2.654647445678710938e+01
2.642762184143066406e+01
