6.110000000000000000e+02 7.350000000000000000e+02 9.710000000000000000e+02 1.800000000000000000e+01 6.950000000000000000e+02
3.770000000000000000e+02 5.500000000000000000e+01 5.900000000000000000e+01 9.500000000000000000e+01 3.820000000000000000e+02
3.820000000000000000e+02 3.700000000000000000e+02 3.710000000000000000e+02 3.800000000000000000e+02 3.810000000000000000e+02
3.700000000000000000e+02 3.710000000000000000e+02 3.820000000000000000e+02 2.860000000000000000e+02 3.810000000000000000e+02
3.700000000000000000e+02 3.710000000000000000e+02 2.860000000000000000e+02 3.740000000000000000e+02 3.750000000000000000e+02
3.700000000000000000e+02 3.710000000000000000e+02 3.740000000000000000e+02 2.860000000000000000e+02 3.750000000000000000e+02
3.700000000000000000e+02 3.710000000000000000e+02 3.740000000000000000e+02 3.750000000000000000e+02 2.860000000000000000e+02
3.700000000000000000e+02 3.710000000000000000e+02 3.740000000000000000e+02 3.750000000000000000e+02 3.680000000000000000e+02
3.700000000000000000e+02 3.710000000000000000e+02 3.740000000000000000e+02 3.680000000000000000e+02 3.750000000000000000e+02
3.700000000000000000e+02 3.710000000000000000e+02 3.740000000000000000e+02 3.750000000000000000e+02 3.730000000000000000e+02
3.700000000000000000e+02 3.710000000000000000e+02 3.740000000000000000e+02 3.730000000000000000e+02 3.750000000000000000e+02
3.700000000000000000e+02 3.710000000000000000e+02 3.740000000000000000e+02 3.800000000000000000e+02 3.730000000000000000e+02
3.700000000000000000e+02 3.710000000000000000e+02 3.740000000000000000e+02 3.800000000000000000e+02 3.730000000000000000e+02
3.700000000000000000e+02 3.710000000000000000e+02 3.740000000000000000e+02 3.730000000000000000e+02 3.800000000000000000e+02
3.700000000000000000e+02 3.710000000000000000e+02 3.740000000000000000e+02 3.730000000000000000e+02 3.800000000000000000e+02
3.700000000000000000e+02 3.710000000000000000e+02 3.740000000000000000e+02 3.730000000000000000e+02 3.800000000000000000e+02
3.700000000000000000e+02 3.710000000000000000e+02 3.740000000000000000e+02 3.730000000000000000e+02 3.800000000000000000e+02
3.700000000000000000e+02 3.710000000000000000e+02 3.740000000000000000e+02 3.730000000000000000e+02 3.800000000000000000e+02
3.700000000000000000e+02 3.710000000000000000e+02 3.740000000000000000e+02 3.730000000000000000e+02 3.800000000000000000e+02
3.700000000000000000e+02 3.710000000000000000e+02 3.740000000000000000e+02 3.730000000000000000e+02 3.720000000000000000e+02
3.700000000000000000e+02 3.710000000000000000e+02 3.740000000000000000e+02 3.730000000000000000e+02 3.720000000000000000e+02
3.700000000000000000e+02 3.710000000000000000e+02 3.740000000000000000e+02 3.730000000000000000e+02 3.720000000000000000e+02
3.700000000000000000e+02 3.710000000000000000e+02 3.740000000000000000e+02 3.730000000000000000e+02 3.720000000000000000e+02
3.700000000000000000e+02 3.710000000000000000e+02 3.740000000000000000e+02 3.730000000000000000e+02 3.720000000000000000e+02
3.700000000000000000e+02 3.710000000000000000e+02 3.740000000000000000e+02 3.730000000000000000e+02 3.720000000000000000e+02
3.700000000000000000e+02 3.710000000000000000e+02 3.740000000000000000e+02 3.730000000000000000e+02 3.720000000000000000e+02
3.700000000000000000e+02 3.710000000000000000e+02 3.740000000000000000e+02 3.730000000000000000e+02 3.720000000000000000e+02
3.700000000000000000e+02 3.710000000000000000e+02 3.740000000000000000e+02 3.730000000000000000e+02 3.720000000000000000e+02
3.700000000000000000e+02 3.710000000000000000e+02 3.740000000000000000e+02 3.730000000000000000e+02 3.720000000000000000e+02
3.700000000000000000e+02 3.710000000000000000e+02 3.740000000000000000e+02 3.730000000000000000e+02 3.720000000000000000e+02
3.700000000000000000e+02 3.710000000000000000e+02 3.740000000000000000e+02 3.730000000000000000e+02 3.720000000000000000e+02
3.700000000000000000e+02 3.710000000000000000e+02 3.740000000000000000e+02 3.720000000000000000e+02 3.730000000000000000e+02
3.700000000000000000e+02 3.710000000000000000e+02 3.740000000000000000e+02 3.720000000000000000e+02 3.730000000000000000e+02
3.700000000000000000e+02 3.710000000000000000e+02 3.740000000000000000e+02 3.720000000000000000e+02 3.730000000000000000e+02
3.700000000000000000e+02 3.710000000000000000e+02 3.740000000000000000e+02 3.720000000000000000e+02 3.730000000000000000e+02
3.700000000000000000e+02 3.710000000000000000e+02 3.740000000000000000e+02 3.720000000000000000e+02 3.730000000000000000e+02
3.700000000000000000e+02 3.710000000000000000e+02 3.740000000000000000e+02 3.720000000000000000e+02 3.730000000000000000e+02
3.700000000000000000e+02 3.710000000000000000e+02 3.740000000000000000e+02 3.720000000000000000e+02 3.730000000000000000e+02
3.700000000000000000e+02 3.710000000000000000e+02 3.740000000000000000e+02 3.720000000000000000e+02 3.730000000000000000e+02
3.700000000000000000e+02 3.710000000000000000e+02 3.740000000000000000e+02 3.720000000000000000e+02 3.730000000000000000e+02
3.700000000000000000e+02 3.710000000000000000e+02 3.740000000000000000e+02 3.720000000000000000e+02 3.730000000000000000e+02
3.700000000000000000e+02 3.710000000000000000e+02 3.740000000000000000e+02 3.720000000000000000e+02 3.730000000000000000e+02
3.700000000000000000e+02 3.710000000000000000e+02 3.740000000000000000e+02 3.720000000000000000e+02 3.730000000000000000e+02
3.700000000000000000e+02 3.710000000000000000e+02 3.740000000000000000e+02 3.720000000000000000e+02 3.730000000000000000e+02
3.700000000000000000e+02 3.710000000000000000e+02 3.740000000000000000e+02 3.720000000000000000e+02 3.730000000000000000e+02
3.700000000000000000e+02 3.740000000000000000e+02 3.710000000000000000e+02 3.720000000000000000e+02 3.730000000000000000e+02
3.700000000000000000e+02 3.740000000000000000e+02 3.710000000000000000e+02 3.720000000000000000e+02 3.730000000000000000e+02
3.700000000000000000e+02 3.740000000000000000e+02 3.710000000000000000e+02 3.720000000000000000e+02 3.780000000000000000e+02
3.700000000000000000e+02 3.740000000000000000e+02 3.710000000000000000e+02 3.720000000000000000e+02 3.730000000000000000e+02
3.700000000000000000e+02 3.740000000000000000e+02 3.710000000000000000e+02 3.720000000000000000e+02 3.730000000000000000e+02
3.700000000000000000e+02 3.740000000000000000e+02 3.710000000000000000e+02 3.720000000000000000e+02 3.730000000000000000e+02
