1.252761363983154297e+01
1.883296012878417969e+01
2.232866477966308594e+01
2.277686500549316406e+01
2.270099830627441406e+01
2.265040016174316406e+01
2.264529609680175781e+01
2.265585327148437500e+01
2.267485427856445312e+01
2.268788909912109375e+01
2.270085906982421875e+01
2.270392417907714844e+01
2.270416641235351562e+01
2.270357131958007812e+01
2.269805717468261719e+01
2.268832969665527344e+01
2.268019866943359375e+01
2.266235160827636719e+01
2.264089584350585938e+01
2.261867141723632812e+01
2.259122848510742188e+01
2.256163406372070312e+01
2.253136062622070312e+01
2.249836158752441406e+01
2.246717643737792969e+01
2.243173027038574219e+01
2.239652442932128906e+01
2.235800552368164062e+01
2.232022285461425781e+01
2.227959060668945312e+01
2.223516464233398438e+01
2.219659423828125000e+01
2.220479202270507812e+01
2.212240409851074219e+01
2.207213401794433594e+01
2.202608489990234375e+01
2.201579475402832031e+01
2.194579124450683594e+01
2.190071868896484375e+01
2.185348510742187500e+01
2.181092262268066406e+01
2.176070976257324219e+01
2.174193763732910156e+01
2.167958450317382812e+01
2.164415168762207031e+01
2.158489227294921875e+01
2.155087852478027344e+01
2.150210380554199219e+01
2.145128631591796875e+01
2.140456008911132812e+01
2.136386108398437500e+01
