          0  0.06350172 11.97214508
        100  0.00875622 20.57683563
        200  0.00774436 21.11014557
        300  0.00719837 21.42765808
        400  0.00698460 21.55858421
        500  0.00681520 21.66521645
        600  0.00673129 21.71901703
        700  0.00655805 21.83225632
        800  0.00644880 21.90520859
        900  0.00637231 21.95703125
       1000  0.00630618 22.00233650
       1100  0.00620555 22.07219696
       1200  0.00611386 22.13684273
       1300  0.00603724 22.19161606
       1400  0.00594258 22.26024818
       1500  0.00585755 22.32284164
       1600  0.00583913 22.33651733
       1700  0.00572182 22.42465782
       1800  0.00563991 22.48727989
       1900  0.00559730 22.52021599
       2000  0.00546961 22.62043571
       2100  0.00541168 22.66667747
       2200  0.00539215 22.68237686
       2300  0.00528562 22.76903725
       2400  0.00514757 22.88397789
       2500  0.00507665 22.94422913
       2600  0.00497386 23.03306580
       2700  0.00488824 23.10847664
       2800  0.00483952 23.15197754
       2900  0.00484091 23.15072632
       3000  0.00459896 23.37340164
       3100  0.00452104 23.44761658
       3200  0.00447529 23.49178314
       3300  0.00437562 23.58960152
       3400  0.00425596 23.71002197
       3500  0.00420160 23.76585007
       3600  0.00414996 23.81956291
       3700  0.00408468 23.88842201
       3800  0.00401649 23.96153069
       3900  0.00383732 24.15971947
       4000  0.00375737 24.25116539
       4100  0.00365816 24.36737633
       4200  0.00375872 24.24959946
       4300  0.00345099 24.62055779
       4400  0.00342078 24.65874672
       4500  0.00332834 24.77772903
       4600  0.00313630 25.03581810
       4700  0.00316371 24.99803734
       4800  0.00300561 25.22067261
       4900  0.00303733 25.17508698
       5000  0.00285353 25.44617844
