7.716916553936446505e-04
7.583196866333660191e-01
7.771747627942955372e-01
9.065133722697560348e-01
8.382893484420818053e-01
8.177558341668480502e-01
8.849148044438492899e-01
9.214382736506848692e-01
9.525236357851010194e-01
9.700078077327725090e-01
9.753860039844124419e-01
9.847683751661729934e-01
9.882827900463002635e-01
9.908065879210309346e-01
9.951962244587265749e-01
1.000498300926629058e+00
1.001418097232332105e+00
1.000837691674104191e+00
9.949127546334567418e-01
9.898804950566403305e-01
9.872949160961734805e-01
9.918980122075934380e-01
9.915604293829097804e-01
9.923440080576001465e-01
9.899651557170134897e-01
9.826954981725017912e-01
9.823892734569253937e-01
9.814413608347066775e-01
9.780387254568246869e-01
9.780898460323077526e-01
9.765511790524340485e-01
9.735539547749983980e-01
9.734505291228930934e-01
9.765862776914546739e-01
9.773140601282702677e-01
9.796633622825411392e-01
9.799720183425612019e-01
9.818587416308760529e-01
9.852213533386847688e-01
9.884574727932556870e-01
9.897923432350147488e-01
9.868506034846278308e-01
9.855583127417161249e-01
9.852373752751470981e-01
9.802028090382174375e-01
9.757755178327269796e-01
9.772193623792961858e-01
9.733553326365973479e-01
9.713717919656909006e-01
9.739248906580764142e-01
9.761320526756384064e-01
