1.342670177109539509e-03 1.342670177109539509e-03 7.942252559587359428e-04 6.873025558888912201e-03 3.432094526942819357e-04 4.728978965431451797e-03
5.921015981584787369e-03 5.921015981584787369e-03 1.363801397383213043e-02 5.423973314464092255e-03 8.182437741197645664e-04 3.933047701139003038e-04
2.615461591631174088e-03 2.615461591631174088e-03 5.969736375845968723e-04 1.322855241596698761e-03 1.708045154809951782e-01 1.836974843172356486e-04
1.136948703788220882e-03 1.136948703788220882e-03 3.187996335327625275e-04 4.671313217841088772e-04 8.177393674850463867e-02 4.086485932930372655e-05
1.728133484721183777e-02 1.728133484721183777e-02 1.482164720073342323e-03 3.369078272953629494e-03 8.029699325561523438e-02 1.445170055376365781e-04
1.607711762189865112e-01 1.607711762189865112e-01 8.387525565922260284e-03 1.890720427036285400e-02 9.093417972326278687e-02 7.861400372348725796e-04
3.084399998188018799e-01 3.084399998188018799e-01 2.021810412406921387e-02 3.318443521857261658e-02 9.650827199220657349e-02 1.531172893010079861e-03
4.130280613899230957e-01 4.130280613899230957e-01 4.567243158817291260e-02 3.590700775384902954e-02 1.011195331811904907e-01 2.476607915014028549e-03
5.139576196670532227e-01 5.139576196670532227e-01 9.183976054191589355e-02 3.920122236013412476e-02 6.010799109935760498e-02 3.386833472177386284e-03
5.420866608619689941e-01 5.420866608619689941e-01 1.076939180493354797e-01 3.451186418533325195e-02 4.750275984406471252e-02 3.309906460344791412e-03
6.295172572135925293e-01 6.295172572135925293e-01 1.023919656872749329e-01 3.323191776871681213e-02 2.821082435548305511e-02 2.698909258469939232e-03
6.562452316284179688e-01 6.562452316284179688e-01 1.000855341553688049e-01 3.276882320642471313e-02 2.374654449522495270e-02 2.987298183143138885e-03
6.938326358795166016e-01 6.938326358795166016e-01 9.467558562755584717e-02 3.359953686594963074e-02 1.954002119600772858e-02 3.538842778652906418e-03
6.579796671867370605e-01 6.579796671867370605e-01 1.101428940892219543e-01 3.505891188979148865e-02 2.232087403535842896e-02 4.154315683990716934e-03
6.324275135993957520e-01 6.324275135993957520e-01 1.214185431599617004e-01 3.976616635918617249e-02 2.624142915010452271e-02 4.464909434318542480e-03
6.406415104866027832e-01 6.406415104866027832e-01 1.288567930459976196e-01 3.786504641175270081e-02 2.335324138402938843e-02 3.795392578467726707e-03
6.217419505119323730e-01 6.217419505119323730e-01 1.348436623811721802e-01 4.113111644983291626e-02 2.486182749271392822e-02 3.337594214826822281e-03
6.045219898223876953e-01 6.045219898223876953e-01 1.398153901100158691e-01 3.871551901102066040e-02 2.643913216888904572e-02 3.146872390061616898e-03
5.524219870567321777e-01 5.524219870567321777e-01 1.626748144626617432e-01 4.311300441622734070e-02 3.109396994113922119e-02 2.912639174610376358e-03
5.132000446319580078e-01 5.132000446319580078e-01 1.699524074792861938e-01 4.241728782653808594e-02 3.574050590395927429e-02 3.104725386947393417e-03
5.053037405014038086e-01 5.053037405014038086e-01 1.848293393850326538e-01 4.802938178181648254e-02 2.964622341096401215e-02 3.736208891496062279e-03
4.932689666748046875e-01 4.932689666748046875e-01 1.912510246038436890e-01 5.214743316173553467e-02 2.882055193185806274e-02 4.037151113152503967e-03
4.429229497909545898e-01 4.429229497909545898e-01 2.175054103136062622e-01 5.953842401504516602e-02 3.198313340544700623e-02 4.764884244650602341e-03
4.148418307304382324e-01 4.148418307304382324e-01 2.297790050506591797e-01 6.083000823855400085e-02 2.994759008288383484e-02 5.138278938829898834e-03
3.839075267314910889e-01 3.839075267314910889e-01 2.378767281770706177e-01 6.659927219152450562e-02 3.527702391147613525e-02 6.216831505298614502e-03
3.623752892017364502e-01 3.623752892017364502e-01 2.508219480514526367e-01 7.186299562454223633e-02 3.787567466497421265e-02 7.577836513519287109e-03
3.422588407993316650e-01 3.422588407993316650e-01 2.469223886728286743e-01 7.788779586553573608e-02 4.815907776355743408e-02 8.468159474432468414e-03
3.403553664684295654e-01 3.403553664684295654e-01 2.515654563903808594e-01 7.683639973402023315e-02 4.755994305014610291e-02 9.276564233005046844e-03
3.070854246616363525e-01 3.070854246616363525e-01 2.543235719203948975e-01 7.671251147985458374e-02 5.953633785247802734e-02 9.467424824833869934e-03
3.013750910758972168e-01 3.013750910758972168e-01 2.564564049243927002e-01 7.599280029535293579e-02 6.040840968489646912e-02 1.007092092186212540e-02
3.011730313301086426e-01 3.011730313301086426e-01 2.593423128128051758e-01 7.437122613191604614e-02 6.254370510578155518e-02 1.040954701602458954e-02
3.186527192592620850e-01 3.186527192592620850e-01 2.565963566303253174e-01 7.341317087411880493e-02 5.928929895162582397e-02 1.047953497618436813e-02
3.234539330005645752e-01 3.234539330005645752e-01 2.673940360546112061e-01 7.196400314569473267e-02 5.613672360777854919e-02 1.117272116243839264e-02
3.407695889472961426e-01 3.407695889472961426e-01 2.605950236320495605e-01 6.641323864459991455e-02 5.621590837836265564e-02 1.113104261457920074e-02
3.383447229862213135e-01 3.383447229862213135e-01 2.721117138862609863e-01 6.845778971910476685e-02 5.035485699772834778e-02 1.225219201296567917e-02
3.344858884811401367e-01 3.344858884811401367e-01 2.717795670032501221e-01 6.655462831258773804e-02 5.286620184779167175e-02 1.311259716749191284e-02
3.147484958171844482e-01 3.147484958171844482e-01 2.710407674312591553e-01 6.650912016630172729e-02 5.976372584700584412e-02 1.273902505636215210e-02
3.060383200645446777e-01 3.060383200645446777e-01 2.614381313323974609e-01 6.817147135734558105e-02 7.215802371501922607e-02 1.329587865620851517e-02
2.995515167713165283e-01 2.995515167713165283e-01 2.612151801586151123e-01 6.728968769311904907e-02 7.827574759721755981e-02 1.369110867381095886e-02
3.019172251224517822e-01 3.019172251224517822e-01 2.465880960226058960e-01 6.912855058908462524e-02 8.844476938247680664e-02 1.322202105075120926e-02
2.993627488613128662e-01 2.993627488613128662e-01 2.536378502845764160e-01 6.825958192348480225e-02 8.639524132013320923e-02 1.439445558935403824e-02
3.053034842014312744e-01 3.053034842014312744e-01 2.485086470842361450e-01 6.869331747293472290e-02 8.967427164316177368e-02 1.497865840792655945e-02
3.045488595962524414e-01 3.045488595962524414e-01 2.468874454498291016e-01 6.695673614740371704e-02 8.924070745706558228e-02 1.577594503760337830e-02
3.033790290355682373e-01 3.033790290355682373e-01 2.383575886487960815e-01 7.083330303430557251e-02 1.011609211564064026e-01 1.604663766920566559e-02
3.202457726001739502e-01 3.202457726001739502e-01 2.292070090770721436e-01 7.225558161735534668e-02 9.326636791229248047e-02 1.742445863783359528e-02
3.237953186035156250e-01 3.237953186035156250e-01 2.289501577615737915e-01 7.247816771268844604e-02 9.564408659934997559e-02 1.701847277581691742e-02
3.285200297832489014e-01 3.285200297832489014e-01 2.109595984220504761e-01 7.273478060960769653e-02 1.074042469263076782e-01 1.788483746349811554e-02
3.140486776828765869e-01 3.140486776828765869e-01 2.067957967519760132e-01 7.665073126554489136e-02 1.170381382107734680e-01 1.885618641972541809e-02
3.316611647605895996e-01 3.316611647605895996e-01 2.021022140979766846e-01 7.765302807092666626e-02 1.150155216455459595e-01 1.933379285037517548e-02
3.370087742805480957e-01 3.370087742805480957e-01 1.942036151885986328e-01 7.267586886882781982e-02 1.219817847013473511e-01 2.002764865756034851e-02
3.356106877326965332e-01 3.356106877326965332e-01 1.894922256469726562e-01 7.577134668827056885e-02 1.240632757544517517e-01 2.073303423821926117e-02
