1.280000000000000000e+02 1.800000000000000000e+01 1.400000000000000000e+01 9.710000000000000000e+02 8.600000000000000000e+01
1.490000000000000000e+02 1.280000000000000000e+02 6.000000000000000000e+00 1.400000000000000000e+01 3.670000000000000000e+02
7.300000000000000000e+01 1.830000000000000000e+02 7.700000000000000000e+01 7.600000000000000000e+01 7.400000000000000000e+01
7.300000000000000000e+01 7.700000000000000000e+01 3.100000000000000000e+02 3.030000000000000000e+02 7.600000000000000000e+01
7.300000000000000000e+01 3.030000000000000000e+02 7.700000000000000000e+01 3.100000000000000000e+02 3.070000000000000000e+02
3.030000000000000000e+02 7.300000000000000000e+01 3.070000000000000000e+02 7.700000000000000000e+01 3.100000000000000000e+02
3.030000000000000000e+02 3.070000000000000000e+02 7.300000000000000000e+01 7.700000000000000000e+01 3.100000000000000000e+02
3.030000000000000000e+02 3.070000000000000000e+02 7.300000000000000000e+01 7.700000000000000000e+01 3.100000000000000000e+02
3.030000000000000000e+02 3.070000000000000000e+02 7.300000000000000000e+01 7.700000000000000000e+01 7.400000000000000000e+01
3.030000000000000000e+02 7.700000000000000000e+01 7.300000000000000000e+01 3.070000000000000000e+02 7.400000000000000000e+01
7.700000000000000000e+01 7.300000000000000000e+01 3.030000000000000000e+02 3.070000000000000000e+02 7.400000000000000000e+01
7.700000000000000000e+01 7.300000000000000000e+01 3.030000000000000000e+02 7.400000000000000000e+01 3.070000000000000000e+02
7.700000000000000000e+01 7.300000000000000000e+01 3.030000000000000000e+02 7.400000000000000000e+01 3.070000000000000000e+02
7.700000000000000000e+01 7.300000000000000000e+01 7.400000000000000000e+01 3.030000000000000000e+02 3.070000000000000000e+02
7.700000000000000000e+01 7.300000000000000000e+01 7.400000000000000000e+01 3.030000000000000000e+02 3.070000000000000000e+02
7.700000000000000000e+01 7.300000000000000000e+01 7.400000000000000000e+01 3.070000000000000000e+02 3.030000000000000000e+02
7.700000000000000000e+01 7.300000000000000000e+01 3.070000000000000000e+02 7.400000000000000000e+01 3.030000000000000000e+02
7.700000000000000000e+01 7.300000000000000000e+01 3.070000000000000000e+02 7.400000000000000000e+01 3.030000000000000000e+02
7.700000000000000000e+01 3.070000000000000000e+02 7.300000000000000000e+01 7.400000000000000000e+01 3.030000000000000000e+02
7.700000000000000000e+01 3.070000000000000000e+02 7.300000000000000000e+01 7.400000000000000000e+01 3.030000000000000000e+02
7.700000000000000000e+01 3.070000000000000000e+02 7.300000000000000000e+01 7.400000000000000000e+01 3.030000000000000000e+02
7.700000000000000000e+01 3.070000000000000000e+02 7.300000000000000000e+01 7.400000000000000000e+01 3.030000000000000000e+02
7.700000000000000000e+01 3.070000000000000000e+02 7.300000000000000000e+01 7.400000000000000000e+01 3.030000000000000000e+02
7.700000000000000000e+01 7.300000000000000000e+01 7.400000000000000000e+01 3.070000000000000000e+02 3.030000000000000000e+02
7.700000000000000000e+01 7.400000000000000000e+01 7.300000000000000000e+01 3.070000000000000000e+02 3.100000000000000000e+02
7.700000000000000000e+01 7.400000000000000000e+01 7.300000000000000000e+01 3.070000000000000000e+02 3.100000000000000000e+02
7.700000000000000000e+01 7.400000000000000000e+01 7.300000000000000000e+01 3.070000000000000000e+02 3.030000000000000000e+02
7.700000000000000000e+01 7.400000000000000000e+01 7.300000000000000000e+01 3.070000000000000000e+02 5.620000000000000000e+02
7.700000000000000000e+01 7.400000000000000000e+01 7.300000000000000000e+01 3.070000000000000000e+02 5.620000000000000000e+02
7.700000000000000000e+01 7.400000000000000000e+01 7.300000000000000000e+01 3.070000000000000000e+02 5.620000000000000000e+02
7.700000000000000000e+01 7.400000000000000000e+01 7.300000000000000000e+01 5.620000000000000000e+02 3.070000000000000000e+02
7.700000000000000000e+01 7.400000000000000000e+01 7.300000000000000000e+01 5.620000000000000000e+02 7.600000000000000000e+01
7.700000000000000000e+01 7.400000000000000000e+01 7.300000000000000000e+01 5.620000000000000000e+02 7.600000000000000000e+01
7.700000000000000000e+01 7.400000000000000000e+01 7.300000000000000000e+01 5.620000000000000000e+02 7.600000000000000000e+01
7.700000000000000000e+01 7.400000000000000000e+01 7.300000000000000000e+01 5.620000000000000000e+02 7.600000000000000000e+01
7.700000000000000000e+01 7.400000000000000000e+01 7.300000000000000000e+01 5.620000000000000000e+02 7.600000000000000000e+01
7.700000000000000000e+01 7.400000000000000000e+01 7.300000000000000000e+01 5.620000000000000000e+02 7.600000000000000000e+01
7.700000000000000000e+01 7.400000000000000000e+01 7.300000000000000000e+01 5.620000000000000000e+02 7.600000000000000000e+01
7.700000000000000000e+01 7.400000000000000000e+01 7.300000000000000000e+01 5.620000000000000000e+02 7.600000000000000000e+01
7.700000000000000000e+01 7.400000000000000000e+01 7.300000000000000000e+01 5.620000000000000000e+02 7.600000000000000000e+01
7.700000000000000000e+01 7.400000000000000000e+01 7.300000000000000000e+01 5.620000000000000000e+02 7.600000000000000000e+01
7.700000000000000000e+01 7.400000000000000000e+01 7.300000000000000000e+01 5.620000000000000000e+02 7.600000000000000000e+01
7.700000000000000000e+01 7.400000000000000000e+01 7.300000000000000000e+01 5.620000000000000000e+02 7.600000000000000000e+01
7.700000000000000000e+01 7.400000000000000000e+01 7.300000000000000000e+01 5.620000000000000000e+02 7.600000000000000000e+01
7.700000000000000000e+01 7.400000000000000000e+01 7.300000000000000000e+01 5.620000000000000000e+02 7.600000000000000000e+01
7.700000000000000000e+01 7.400000000000000000e+01 7.300000000000000000e+01 5.620000000000000000e+02 7.600000000000000000e+01
7.700000000000000000e+01 7.400000000000000000e+01 7.300000000000000000e+01 5.620000000000000000e+02 7.600000000000000000e+01
7.700000000000000000e+01 7.400000000000000000e+01 7.300000000000000000e+01 5.620000000000000000e+02 7.600000000000000000e+01
7.700000000000000000e+01 7.400000000000000000e+01 7.300000000000000000e+01 5.620000000000000000e+02 7.600000000000000000e+01
7.700000000000000000e+01 7.400000000000000000e+01 7.300000000000000000e+01 7.600000000000000000e+01 5.620000000000000000e+02
7.700000000000000000e+01 7.400000000000000000e+01 7.300000000000000000e+01 7.600000000000000000e+01 5.620000000000000000e+02
