2.054875216226824484e-03
2.532851287339982563e-03
2.860921734055993024e-02
9.470178192508550696e-02
4.990408558183791476e-01
6.475040609239240963e-01
3.352227533554561489e-01
2.195410980838574111e-01
1.978936950436929465e-01
2.218260659957561054e-01
2.423222195012981195e-01
2.629552118932551030e-01
2.439550320468081568e-01
2.624957702165582885e-01
2.847669395775666024e-01
3.280470349706586242e-01
3.901336194949124314e-01
4.515308295080016077e-01
4.457314267987723122e-01
3.533223183836619596e-01
3.115343069817363975e-01
3.165348714444471967e-01
3.269219439137167615e-01
3.471320685681723028e-01
3.489092228192770540e-01
3.631394346775067006e-01
3.065346826757287535e-01
2.893447837783371668e-01
2.854324414822503320e-01
3.102332407113070900e-01
2.872337079876229882e-01
3.111178359967051166e-01
3.422655593906575033e-01
3.361885339373342219e-01
3.610542408477956933e-01
3.403849510333207262e-01
3.660786226136518717e-01
4.066085568712587972e-01
4.269373256147573903e-01
4.122684108306347017e-01
4.067869285626168896e-01
4.411994659320024326e-01
4.376480332032377518e-01
4.422104109045199571e-01
4.651080195809201845e-01
5.023768636210160787e-01
4.689508271498674108e-01
4.651908639774645637e-01
4.249969896551055171e-01
3.788468723641047475e-01
3.526153942807060404e-01
