3.933909822274811528e-05
4.053732399475772769e-03
1.458384280525945043e-01
2.519310900083033822e-01
4.470702407600607442e-01
5.756379533339028853e-01
6.616126399993015328e-01
8.086172252629265644e-01
8.891965757231178324e-01
9.424505725079793672e-01
1.054288416203197798e+00
1.227493232616394314e+00
1.372367076778942430e+00
1.449214111657219473e+00
1.520335382558926307e+00
1.532229088160748764e+00
1.556123492541396258e+00
1.618538568336157724e+00
1.580764112429368762e+00
1.556441474699599814e+00
1.543091827838986019e+00
1.470192202621358968e+00
1.453690362136717651e+00
1.417095437588084428e+00
1.371947705227672287e+00
1.323895388300849962e+00
1.335803820125573083e+00
1.335411946211754186e+00
1.266206648133780366e+00
1.231666878763372663e+00
1.172852299307483026e+00
1.155889384693446598e+00
1.123230010634808984e+00
1.109784056882837877e+00
1.088601167163937289e+00
1.085553555786613833e+00
1.073288045636695109e+00
1.132040462187066998e+00
1.157115179849210085e+00
1.159213210490570134e+00
1.155333176557703734e+00
1.200306930975000519e+00
1.234208520579538115e+00
1.290546227535912527e+00
1.281716358220715168e+00
1.293245948187283334e+00
1.277991014788581348e+00
1.291112600675073496e+00
1.284605043679215131e+00
1.274296427007814536e+00
1.295874253173615154e+00
