1.050463485717773438e+01
1.535625934600830078e+01
1.937576293945312500e+01
2.167102622985839844e+01
2.299102592468261719e+01
2.383583831787109375e+01
2.448404884338378906e+01
2.498777580261230469e+01
2.541463851928710938e+01
2.581490707397460938e+01
2.615400505065917969e+01
2.645814704895019531e+01
2.670366668701171875e+01
2.693038177490234375e+01
2.713088035583496094e+01
2.730783843994140625e+01
2.746032524108886719e+01
2.759934043884277344e+01
2.772305488586425781e+01
2.783934783935546875e+01
2.793070030212402344e+01
2.803908538818359375e+01
2.812409591674804688e+01
2.821224784851074219e+01
2.828900146484375000e+01
2.836828041076660156e+01
2.843588638305664062e+01
2.850074005126953125e+01
2.857167816162109375e+01
2.862663650512695312e+01
2.867983436584472656e+01
2.873444557189941406e+01
2.878100013732910156e+01
2.883216667175292969e+01
2.888207054138183594e+01
2.893128967285156250e+01
2.897800827026367188e+01
2.901716995239257812e+01
2.905704307556152344e+01
2.909690093994140625e+01
2.913751602172851562e+01
2.917559623718261719e+01
2.920384979248046875e+01
2.922920989990234375e+01
2.926307106018066406e+01
2.928447532653808594e+01
2.931332206726074219e+01
2.933677291870117188e+01
2.936323356628417969e+01
2.938658142089843750e+01
2.940227317810058594e+01
