9.400000000000000000e+01 1.400000000000000000e+01 1.270000000000000000e+02 9.100000000000000000e+01 9.200000000000000000e+01
9.400000000000000000e+01 1.400000000000000000e+01 1.100000000000000000e+01 3.260000000000000000e+02 1.600000000000000000e+01
3.090000000000000000e+02 1.150000000000000000e+02 3.240000000000000000e+02 1.700000000000000000e+01 3.900000000000000000e+02
3.090000000000000000e+02 3.900000000000000000e+02 1.150000000000000000e+02 1.700000000000000000e+01 3.930000000000000000e+02
8.400000000000000000e+01 3.900000000000000000e+02 1.700000000000000000e+01 7.230000000000000000e+02 1.360000000000000000e+02
1.360000000000000000e+02 1.310000000000000000e+02 8.400000000000000000e+01 3.900000000000000000e+02 1.700000000000000000e+01
1.360000000000000000e+02 1.310000000000000000e+02 3.900000000000000000e+02 8.400000000000000000e+01 1.700000000000000000e+01
1.360000000000000000e+02 1.310000000000000000e+02 3.900000000000000000e+02 8.400000000000000000e+01 1.700000000000000000e+01
1.310000000000000000e+02 1.360000000000000000e+02 3.900000000000000000e+02 8.400000000000000000e+01 1.320000000000000000e+02
1.310000000000000000e+02 1.360000000000000000e+02 3.900000000000000000e+02 8.400000000000000000e+01 1.320000000000000000e+02
1.310000000000000000e+02 1.360000000000000000e+02 1.700000000000000000e+01 8.400000000000000000e+01 3.900000000000000000e+02
1.360000000000000000e+02 1.310000000000000000e+02 1.700000000000000000e+01 8.400000000000000000e+01 1.320000000000000000e+02
1.360000000000000000e+02 1.310000000000000000e+02 1.700000000000000000e+01 9.700000000000000000e+01 1.300000000000000000e+02
1.360000000000000000e+02 1.310000000000000000e+02 1.700000000000000000e+01 9.700000000000000000e+01 1.300000000000000000e+02
1.360000000000000000e+02 1.310000000000000000e+02 1.700000000000000000e+01 9.700000000000000000e+01 1.300000000000000000e+02
1.360000000000000000e+02 1.310000000000000000e+02 1.700000000000000000e+01 1.300000000000000000e+02 9.700000000000000000e+01
1.360000000000000000e+02 1.310000000000000000e+02 1.300000000000000000e+02 9.700000000000000000e+01 1.700000000000000000e+01
1.360000000000000000e+02 1.310000000000000000e+02 9.700000000000000000e+01 1.300000000000000000e+02 8.800000000000000000e+01
1.360000000000000000e+02 1.310000000000000000e+02 9.700000000000000000e+01 8.800000000000000000e+01 1.300000000000000000e+02
1.360000000000000000e+02 1.310000000000000000e+02 9.700000000000000000e+01 8.800000000000000000e+01 1.300000000000000000e+02
1.360000000000000000e+02 1.310000000000000000e+02 8.800000000000000000e+01 9.700000000000000000e+01 1.300000000000000000e+02
1.360000000000000000e+02 1.310000000000000000e+02 8.800000000000000000e+01 9.700000000000000000e+01 1.300000000000000000e+02
1.360000000000000000e+02 1.310000000000000000e+02 8.800000000000000000e+01 9.700000000000000000e+01 1.300000000000000000e+02
1.360000000000000000e+02 1.310000000000000000e+02 8.800000000000000000e+01 9.700000000000000000e+01 1.300000000000000000e+02
1.360000000000000000e+02 1.310000000000000000e+02 8.800000000000000000e+01 9.700000000000000000e+01 1.300000000000000000e+02
1.360000000000000000e+02 1.310000000000000000e+02 8.800000000000000000e+01 9.700000000000000000e+01 1.300000000000000000e+02
1.360000000000000000e+02 1.310000000000000000e+02 8.800000000000000000e+01 9.700000000000000000e+01 1.300000000000000000e+02
1.360000000000000000e+02 1.310000000000000000e+02 8.800000000000000000e+01 3.940000000000000000e+02 9.700000000000000000e+01
1.360000000000000000e+02 1.310000000000000000e+02 8.800000000000000000e+01 3.940000000000000000e+02 3.900000000000000000e+02
1.360000000000000000e+02 1.310000000000000000e+02 8.800000000000000000e+01 3.940000000000000000e+02 3.900000000000000000e+02
1.360000000000000000e+02 1.310000000000000000e+02 8.800000000000000000e+01 3.940000000000000000e+02 3.900000000000000000e+02
1.360000000000000000e+02 1.310000000000000000e+02 3.940000000000000000e+02 3.900000000000000000e+02 8.800000000000000000e+01
1.360000000000000000e+02 1.310000000000000000e+02 3.940000000000000000e+02 3.900000000000000000e+02 8.800000000000000000e+01
1.360000000000000000e+02 1.310000000000000000e+02 3.940000000000000000e+02 3.900000000000000000e+02 1.300000000000000000e+02
1.360000000000000000e+02 1.310000000000000000e+02 3.940000000000000000e+02 3.900000000000000000e+02 1.300000000000000000e+02
1.360000000000000000e+02 1.310000000000000000e+02 3.940000000000000000e+02 3.900000000000000000e+02 1.300000000000000000e+02
1.360000000000000000e+02 3.940000000000000000e+02 1.310000000000000000e+02 3.900000000000000000e+02 9.900000000000000000e+01
1.360000000000000000e+02 3.940000000000000000e+02 1.310000000000000000e+02 3.900000000000000000e+02 9.900000000000000000e+01
1.360000000000000000e+02 3.940000000000000000e+02 1.310000000000000000e+02 3.900000000000000000e+02 9.900000000000000000e+01
1.360000000000000000e+02 3.940000000000000000e+02 1.310000000000000000e+02 3.900000000000000000e+02 9.900000000000000000e+01
1.360000000000000000e+02 3.940000000000000000e+02 1.310000000000000000e+02 3.900000000000000000e+02 9.900000000000000000e+01
1.360000000000000000e+02 1.310000000000000000e+02 3.940000000000000000e+02 3.900000000000000000e+02 9.900000000000000000e+01
1.360000000000000000e+02 1.310000000000000000e+02 3.940000000000000000e+02 3.900000000000000000e+02 9.900000000000000000e+01
1.360000000000000000e+02 1.310000000000000000e+02 3.940000000000000000e+02 3.900000000000000000e+02 9.900000000000000000e+01
1.360000000000000000e+02 1.310000000000000000e+02 3.900000000000000000e+02 3.940000000000000000e+02 9.900000000000000000e+01
1.360000000000000000e+02 1.310000000000000000e+02 3.900000000000000000e+02 3.940000000000000000e+02 9.900000000000000000e+01
1.360000000000000000e+02 1.310000000000000000e+02 3.900000000000000000e+02 3.940000000000000000e+02 9.900000000000000000e+01
1.360000000000000000e+02 1.310000000000000000e+02 3.900000000000000000e+02 3.940000000000000000e+02 9.900000000000000000e+01
1.360000000000000000e+02 1.310000000000000000e+02 3.900000000000000000e+02 3.940000000000000000e+02 9.900000000000000000e+01
1.360000000000000000e+02 1.310000000000000000e+02 3.900000000000000000e+02 3.940000000000000000e+02 9.900000000000000000e+01
1.360000000000000000e+02 1.310000000000000000e+02 3.900000000000000000e+02 3.940000000000000000e+02 8.800000000000000000e+01
