1.938088523329556097e-04
1.059223258592970583e-04
2.920531580051286165e-03
4.546372338252844258e-01
7.928650581969549638e-01
9.002122028780570329e-01
9.850679001775962673e-01
1.001733739536082579e+00
1.017774320973170887e+00
1.028916926210946992e+00
1.036879127201672413e+00
1.047565298833401881e+00
1.052374019280712281e+00
1.057037365090031100e+00
1.052746274557774919e+00
1.044265241104438413e+00
1.040790279514141492e+00
1.041860346415202310e+00
1.045817863616810062e+00
1.039162364163067398e+00
1.031773043466816420e+00
1.025579656315916743e+00
1.019549481591769391e+00
1.014689920106080834e+00
1.005578016842747502e+00
1.005753989635242540e+00
9.929089779060613630e-01
9.893710829936191997e-01
9.786334690497329181e-01
9.856466595934600949e-01
9.762112710373168634e-01
9.785265759335627367e-01
9.610263021869730471e-01
9.732611546474153608e-01
9.639054014628188893e-01
9.587196823564160253e-01
9.627574362033489708e-01
9.515190948184029107e-01
9.416563342221718758e-01
9.403060069321521608e-01
9.349510626612123065e-01
9.061783753488974469e-01
9.009124864053669191e-01
9.004456975286913023e-01
9.068470585987394861e-01
9.122994092217894258e-01
9.138245067567473123e-01
9.058177446982184078e-01
9.094374796527283644e-01
9.193669816383681637e-01
9.204626360791123840e-01
