5.665080858006843516e-05
1.678909139342317112e-03
5.602537141058424697e-05
2.807901070312184694e-04
8.432416608235410692e-04
8.020603481911898688e-03
7.048190191930002457e-02
1.721374348411620903e-01
2.214673663305927742e-01
2.868057073943295898e-01
3.936938411815651961e-01
4.997156823719092755e-01
5.857941731037924482e-01
6.356298305877072785e-01
6.791073489539881658e-01
7.179907251618665720e-01
7.556088519178049134e-01
7.861864909656196554e-01
7.965955133025397483e-01
8.201404147066319039e-01
8.218649069128105555e-01
8.460402383343699206e-01
8.239480282052963345e-01
8.260357446687101035e-01
7.868815962992825597e-01
7.723924051014902092e-01
7.518971197468623524e-01
7.372449028580866370e-01
7.245330826244653633e-01
7.323087976810710442e-01
7.214659089069775932e-01
7.120013656573659366e-01
7.083442268604338565e-01
7.028281699615185341e-01
6.699989657436179469e-01
6.912203566895126494e-01
6.714967857122281503e-01
6.393122771170638430e-01
6.002921431355965343e-01
6.183383395548747163e-01
6.036706911219377192e-01
5.874606427039247292e-01
5.833607214665261775e-01
5.560662291698158510e-01
5.524911861878215591e-01
5.516283228229658109e-01
5.346185089095563114e-01
5.069233108494591855e-01
4.968232623189673958e-01
4.675216748040056935e-01
4.441026605079488321e-01
