5.000000000000000000e+01 9.830000000000000000e+02 8.150000000000000000e+02 1.000000000000000000e+00 1.070000000000000000e+02
1.400000000000000000e+01 1.100000000000000000e+01 9.400000000000000000e+01 8.150000000000000000e+02 3.010000000000000000e+02
3.260000000000000000e+02 3.040000000000000000e+02 3.170000000000000000e+02 3.010000000000000000e+02 4.000000000000000000e+01
3.260000000000000000e+02 3.220000000000000000e+02 3.100000000000000000e+01 4.000000000000000000e+01 1.350000000000000000e+02
3.220000000000000000e+02 3.260000000000000000e+02 3.010000000000000000e+02 3.090000000000000000e+02 9.400000000000000000e+01
3.220000000000000000e+02 3.210000000000000000e+02 3.260000000000000000e+02 9.400000000000000000e+01 3.090000000000000000e+02
3.090000000000000000e+02 3.210000000000000000e+02 3.100000000000000000e+02 3.220000000000000000e+02 3.040000000000000000e+02
3.100000000000000000e+02 3.090000000000000000e+02 3.100000000000000000e+01 9.860000000000000000e+02 3.040000000000000000e+02
3.100000000000000000e+02 7.800000000000000000e+01 3.090000000000000000e+02 3.070000000000000000e+02 3.040000000000000000e+02
3.100000000000000000e+02 7.800000000000000000e+01 3.090000000000000000e+02 3.070000000000000000e+02 7.700000000000000000e+01
3.100000000000000000e+02 3.090000000000000000e+02 7.800000000000000000e+01 3.070000000000000000e+02 7.700000000000000000e+01
3.100000000000000000e+02 3.090000000000000000e+02 7.700000000000000000e+01 3.070000000000000000e+02 7.800000000000000000e+01
3.100000000000000000e+02 7.700000000000000000e+01 3.070000000000000000e+02 3.090000000000000000e+02 7.800000000000000000e+01
3.100000000000000000e+02 7.700000000000000000e+01 3.070000000000000000e+02 7.800000000000000000e+01 7.300000000000000000e+01
7.700000000000000000e+01 3.100000000000000000e+02 3.070000000000000000e+02 7.300000000000000000e+01 7.800000000000000000e+01
7.700000000000000000e+01 3.100000000000000000e+02 3.070000000000000000e+02 7.300000000000000000e+01 3.030000000000000000e+02
7.700000000000000000e+01 3.100000000000000000e+02 3.070000000000000000e+02 7.300000000000000000e+01 7.800000000000000000e+01
7.700000000000000000e+01 3.100000000000000000e+02 3.070000000000000000e+02 7.300000000000000000e+01 7.800000000000000000e+01
7.700000000000000000e+01 3.100000000000000000e+02 3.070000000000000000e+02 7.300000000000000000e+01 7.800000000000000000e+01
7.700000000000000000e+01 3.100000000000000000e+02 7.300000000000000000e+01 3.070000000000000000e+02 3.090000000000000000e+02
7.700000000000000000e+01 3.100000000000000000e+02 7.300000000000000000e+01 3.070000000000000000e+02 3.090000000000000000e+02
7.700000000000000000e+01 3.100000000000000000e+02 7.300000000000000000e+01 3.070000000000000000e+02 7.400000000000000000e+01
7.700000000000000000e+01 3.100000000000000000e+02 7.300000000000000000e+01 3.070000000000000000e+02 7.400000000000000000e+01
7.700000000000000000e+01 7.300000000000000000e+01 3.100000000000000000e+02 7.400000000000000000e+01 3.070000000000000000e+02
7.700000000000000000e+01 7.300000000000000000e+01 3.100000000000000000e+02 7.400000000000000000e+01 7.000000000000000000e+01
7.700000000000000000e+01 7.300000000000000000e+01 3.100000000000000000e+02 7.400000000000000000e+01 3.070000000000000000e+02
7.700000000000000000e+01 7.300000000000000000e+01 3.100000000000000000e+02 7.400000000000000000e+01 7.000000000000000000e+01
7.700000000000000000e+01 7.300000000000000000e+01 3.100000000000000000e+02 7.400000000000000000e+01 7.000000000000000000e+01
7.700000000000000000e+01 7.300000000000000000e+01 3.100000000000000000e+02 7.400000000000000000e+01 7.000000000000000000e+01
7.700000000000000000e+01 7.300000000000000000e+01 3.100000000000000000e+02 7.400000000000000000e+01 3.070000000000000000e+02
7.700000000000000000e+01 7.300000000000000000e+01 3.100000000000000000e+02 7.400000000000000000e+01 3.070000000000000000e+02
7.700000000000000000e+01 7.300000000000000000e+01 7.400000000000000000e+01 3.100000000000000000e+02 7.000000000000000000e+01
7.700000000000000000e+01 7.300000000000000000e+01 7.400000000000000000e+01 3.100000000000000000e+02 7.000000000000000000e+01
7.700000000000000000e+01 7.300000000000000000e+01 7.400000000000000000e+01 3.100000000000000000e+02 7.000000000000000000e+01
7.700000000000000000e+01 7.300000000000000000e+01 7.400000000000000000e+01 3.100000000000000000e+02 7.000000000000000000e+01
7.700000000000000000e+01 7.300000000000000000e+01 7.400000000000000000e+01 3.100000000000000000e+02 7.000000000000000000e+01
7.700000000000000000e+01 7.300000000000000000e+01 7.400000000000000000e+01 7.000000000000000000e+01 3.100000000000000000e+02
7.700000000000000000e+01 7.300000000000000000e+01 7.400000000000000000e+01 7.000000000000000000e+01 3.070000000000000000e+02
7.700000000000000000e+01 7.300000000000000000e+01 7.400000000000000000e+01 3.070000000000000000e+02 7.000000000000000000e+01
7.700000000000000000e+01 7.300000000000000000e+01 7.400000000000000000e+01 3.070000000000000000e+02 7.000000000000000000e+01
7.700000000000000000e+01 7.300000000000000000e+01 7.400000000000000000e+01 3.070000000000000000e+02 7.000000000000000000e+01
7.700000000000000000e+01 7.300000000000000000e+01 7.400000000000000000e+01 3.070000000000000000e+02 7.000000000000000000e+01
7.700000000000000000e+01 7.300000000000000000e+01 7.400000000000000000e+01 3.070000000000000000e+02 3.100000000000000000e+02
7.700000000000000000e+01 7.300000000000000000e+01 7.400000000000000000e+01 3.070000000000000000e+02 3.100000000000000000e+02
7.700000000000000000e+01 7.300000000000000000e+01 7.400000000000000000e+01 3.070000000000000000e+02 3.100000000000000000e+02
7.700000000000000000e+01 7.300000000000000000e+01 7.400000000000000000e+01 3.070000000000000000e+02 7.000000000000000000e+01
7.700000000000000000e+01 7.300000000000000000e+01 7.400000000000000000e+01 3.070000000000000000e+02 7.000000000000000000e+01
7.700000000000000000e+01 7.300000000000000000e+01 7.400000000000000000e+01 3.070000000000000000e+02 3.100000000000000000e+02
7.700000000000000000e+01 7.300000000000000000e+01 7.400000000000000000e+01 3.070000000000000000e+02 3.100000000000000000e+02
7.700000000000000000e+01 7.300000000000000000e+01 7.400000000000000000e+01 3.070000000000000000e+02 7.000000000000000000e+01
7.700000000000000000e+01 7.300000000000000000e+01 7.400000000000000000e+01 3.070000000000000000e+02 7.000000000000000000e+01
