          0  0.09652390 10.15365124
        100  0.01362914 18.65531540
        200  0.01077690 19.67506027
        300  0.00968899 20.13721466
        400  0.00911731 20.40133286
        500  0.00872485 20.59242249
        600  0.00839441 20.76009560
        700  0.00813220 20.89791870
        800  0.00784719 21.05285835
        900  0.00762579 21.17715263
       1000  0.00745218 21.27716637
       1100  0.00735441 21.33451843
       1200  0.00723217 21.40731239
       1300  0.00708363 21.49744225
       1400  0.00692575 21.59533310
       1500  0.00687669 21.62620354
       1600  0.00677697 21.68964195
       1700  0.00674219 21.71198845
       1800  0.00661914 21.79198456
       1900  0.00658841 21.81219292
       2000  0.00653435 21.84797859
       2100  0.00642474 21.92144585
       2200  0.00642858 21.91884995
       2300  0.00633292 21.98395920
       2400  0.00629540 22.00976372
       2500  0.00624823 22.04243088
       2600  0.00618030 22.08990288
       2700  0.00612725 22.12734413
       2800  0.00615041 22.11096191
       2900  0.00610898 22.14031219
       3000  0.00602320 22.20173073
       3100  0.00599655 22.22098351
       3200  0.00592993 22.26950455
       3300  0.00594526 22.25829124
       3400  0.00592083 22.27617073
       3500  0.00582092 22.35008621
       3600  0.00582903 22.34403801
       3700  0.00579477 22.36963844
       3800  0.00578385 22.37783241
       3900  0.00572019 22.42589188
       4000  0.00569111 22.44803238
       4100  0.00565310 22.47713089
       4200  0.00568784 22.45052338
       4300  0.00564462 22.48365402
       4400  0.00561443 22.50694656
       4500  0.00562582 22.49814034
       4600  0.00554974 22.55727386
       4700  0.00557316 22.53898811
       4800  0.00552613 22.57578850
       4900  0.00554649 22.55981445
       5000  0.00545491 22.63212013
