5.426309641561452221e-04
6.360774394597303808e-05
2.240140052063127520e-03
7.297536111384516711e-04
4.403394560214485623e-03
3.613358091932369204e-02
1.488173003476217782e-01
2.869130320903553466e-01
5.268344528025635798e-01
5.829618207840997490e-01
6.417892986851304604e-01
7.269623177780262235e-01
8.169465750707408658e-01
8.865451086372831968e-01
9.668066825134851161e-01
9.951026645888265687e-01
9.729438314670033616e-01
9.677577929962760672e-01
9.644399338729580107e-01
9.464647265821064526e-01
9.710822275629433786e-01
9.790276234375102637e-01
9.782982286851524822e-01
1.003813483165769016e+00
1.020223118491681014e+00
1.061945744921017898e+00
1.070705947817281567e+00
1.080798088956981262e+00
1.070666974616596878e+00
1.064511469217061856e+00
1.069806824433470860e+00
1.076929673441565205e+00
1.082197904954158130e+00
1.078383188892761080e+00
1.082967300320224036e+00
1.087707236056224325e+00
1.081912147145271286e+00
1.083557788831828628e+00
1.078419148348577439e+00
1.084748012572247733e+00
1.083228331722349669e+00
1.082342290731035828e+00
1.079504096501206600e+00
1.084749587938883542e+00
1.087650385868933922e+00
1.077781878297310758e+00
1.076667340649609894e+00
1.074081684540913573e+00
1.065164561428887602e+00
1.059121112543096599e+00
1.063157475840725175e+00
