9.110000000000000000e+02 8.850000000000000000e+02 7.350000000000000000e+02 5.910000000000000000e+02 9.730000000000000000e+02
7.800000000000000000e+01 6.290000000000000000e+02 4.190000000000000000e+02 3.330000000000000000e+02 3.010000000000000000e+02
1.950000000000000000e+02 4.780000000000000000e+02 1.600000000000000000e+01 2.840000000000000000e+02 1.800000000000000000e+01
2.640000000000000000e+02 2.530000000000000000e+02 1.950000000000000000e+02 3.310000000000000000e+02 2.630000000000000000e+02
2.530000000000000000e+02 2.640000000000000000e+02 3.310000000000000000e+02 3.530000000000000000e+02 1.580000000000000000e+02
3.530000000000000000e+02 2.530000000000000000e+02 3.310000000000000000e+02 2.640000000000000000e+02 7.730000000000000000e+02
1.480000000000000000e+02 3.530000000000000000e+02 1.450000000000000000e+02 3.310000000000000000e+02 2.530000000000000000e+02
1.480000000000000000e+02 1.450000000000000000e+02 7.250000000000000000e+02 2.530000000000000000e+02 5.620000000000000000e+02
1.480000000000000000e+02 1.450000000000000000e+02 5.620000000000000000e+02 2.530000000000000000e+02 9.900000000000000000e+01
1.480000000000000000e+02 1.450000000000000000e+02 5.620000000000000000e+02 7.250000000000000000e+02 9.680000000000000000e+02
1.480000000000000000e+02 5.620000000000000000e+02 1.450000000000000000e+02 2.530000000000000000e+02 9.680000000000000000e+02
1.480000000000000000e+02 1.450000000000000000e+02 5.620000000000000000e+02 7.250000000000000000e+02 2.530000000000000000e+02
1.480000000000000000e+02 1.450000000000000000e+02 5.620000000000000000e+02 2.530000000000000000e+02 7.730000000000000000e+02
1.480000000000000000e+02 1.450000000000000000e+02 5.620000000000000000e+02 2.530000000000000000e+02 9.900000000000000000e+01
1.480000000000000000e+02 1.450000000000000000e+02 5.620000000000000000e+02 9.900000000000000000e+01 2.530000000000000000e+02
1.480000000000000000e+02 1.450000000000000000e+02 5.620000000000000000e+02 9.900000000000000000e+01 2.530000000000000000e+02
1.480000000000000000e+02 1.450000000000000000e+02 5.620000000000000000e+02 9.900000000000000000e+01 2.530000000000000000e+02
1.480000000000000000e+02 5.620000000000000000e+02 1.450000000000000000e+02 9.900000000000000000e+01 2.530000000000000000e+02
1.480000000000000000e+02 5.620000000000000000e+02 1.450000000000000000e+02 9.900000000000000000e+01 2.530000000000000000e+02
1.480000000000000000e+02 5.620000000000000000e+02 1.450000000000000000e+02 9.900000000000000000e+01 2.530000000000000000e+02
1.480000000000000000e+02 5.620000000000000000e+02 1.450000000000000000e+02 1.470000000000000000e+02 9.900000000000000000e+01
1.480000000000000000e+02 5.620000000000000000e+02 1.450000000000000000e+02 9.900000000000000000e+01 1.470000000000000000e+02
1.480000000000000000e+02 5.620000000000000000e+02 1.450000000000000000e+02 1.470000000000000000e+02 9.900000000000000000e+01
1.480000000000000000e+02 5.620000000000000000e+02 1.470000000000000000e+02 1.450000000000000000e+02 9.900000000000000000e+01
1.480000000000000000e+02 5.620000000000000000e+02 1.470000000000000000e+02 1.450000000000000000e+02 9.900000000000000000e+01
1.480000000000000000e+02 5.620000000000000000e+02 1.470000000000000000e+02 1.450000000000000000e+02 9.900000000000000000e+01
1.480000000000000000e+02 5.620000000000000000e+02 1.470000000000000000e+02 1.450000000000000000e+02 9.900000000000000000e+01
1.480000000000000000e+02 1.470000000000000000e+02 5.620000000000000000e+02 1.450000000000000000e+02 9.900000000000000000e+01
1.480000000000000000e+02 1.470000000000000000e+02 5.620000000000000000e+02 1.450000000000000000e+02 9.900000000000000000e+01
1.480000000000000000e+02 1.470000000000000000e+02 5.620000000000000000e+02 1.450000000000000000e+02 3.310000000000000000e+02
1.480000000000000000e+02 1.470000000000000000e+02 5.620000000000000000e+02 1.450000000000000000e+02 3.310000000000000000e+02
1.480000000000000000e+02 1.470000000000000000e+02 5.620000000000000000e+02 1.450000000000000000e+02 9.900000000000000000e+01
1.480000000000000000e+02 1.470000000000000000e+02 5.620000000000000000e+02 1.450000000000000000e+02 9.900000000000000000e+01
1.480000000000000000e+02 1.470000000000000000e+02 5.620000000000000000e+02 1.450000000000000000e+02 9.900000000000000000e+01
1.480000000000000000e+02 1.470000000000000000e+02 5.620000000000000000e+02 1.450000000000000000e+02 9.900000000000000000e+01
1.480000000000000000e+02 1.470000000000000000e+02 5.620000000000000000e+02 9.900000000000000000e+01 1.450000000000000000e+02
1.480000000000000000e+02 1.470000000000000000e+02 5.620000000000000000e+02 9.900000000000000000e+01 1.450000000000000000e+02
1.480000000000000000e+02 1.470000000000000000e+02 5.620000000000000000e+02 9.900000000000000000e+01 9.800000000000000000e+01
1.480000000000000000e+02 1.470000000000000000e+02 5.620000000000000000e+02 9.900000000000000000e+01 9.800000000000000000e+01
1.480000000000000000e+02 1.470000000000000000e+02 5.620000000000000000e+02 9.900000000000000000e+01 9.800000000000000000e+01
1.480000000000000000e+02 1.470000000000000000e+02 5.620000000000000000e+02 9.900000000000000000e+01 9.800000000000000000e+01
1.480000000000000000e+02 1.470000000000000000e+02 5.620000000000000000e+02 9.900000000000000000e+01 9.800000000000000000e+01
1.480000000000000000e+02 1.470000000000000000e+02 5.620000000000000000e+02 9.900000000000000000e+01 9.800000000000000000e+01
1.480000000000000000e+02 1.470000000000000000e+02 5.620000000000000000e+02 9.800000000000000000e+01 9.900000000000000000e+01
1.480000000000000000e+02 1.470000000000000000e+02 5.620000000000000000e+02 9.800000000000000000e+01 9.900000000000000000e+01
1.480000000000000000e+02 1.470000000000000000e+02 5.620000000000000000e+02 9.800000000000000000e+01 9.900000000000000000e+01
1.480000000000000000e+02 1.470000000000000000e+02 5.620000000000000000e+02 9.800000000000000000e+01 9.900000000000000000e+01
1.480000000000000000e+02 1.470000000000000000e+02 5.620000000000000000e+02 9.800000000000000000e+01 9.900000000000000000e+01
1.480000000000000000e+02 1.470000000000000000e+02 5.620000000000000000e+02 9.800000000000000000e+01 1.440000000000000000e+02
1.480000000000000000e+02 1.470000000000000000e+02 5.620000000000000000e+02 9.800000000000000000e+01 1.440000000000000000e+02
1.480000000000000000e+02 1.470000000000000000e+02 5.620000000000000000e+02 9.800000000000000000e+01 1.440000000000000000e+02
