 Iterations  Total_Loss        PSNR
        100  0.02187426 16.60066605
        200  0.01122054 19.49986076
        300  0.00978112 20.09611511
        400  0.00861077 20.64958000
        500  0.00749173 21.25418091
        600  0.00708822 21.49462700
        700  0.00678990 21.68136978
        800  0.00649049 21.87722588
        900  0.00618615 22.08579254
       1000  0.00580300 22.36347198
       1100  0.00557447 22.53796768
       1200  0.00589475 22.29534912
       1300  0.00524066 22.80613899
       1400  0.00506440 22.95471954
       1500  0.00474425 23.23832703
       1600  0.00489309 23.10416985
       1700  0.00448495 23.48242188
       1800  0.00444581 23.52048683
       1900  0.00456679 23.40389061
       2000  0.00407945 23.89398575
       2100  0.00410732 23.86441040
       2200  0.00390736 24.08116913
       2300  0.00386050 24.13356781
       2400  0.00401796 23.95993996
       2500  0.00375533 24.25351715
       2600  0.00372741 24.28592682
       2700  0.00347923 24.58516693
       2800  0.00364440 24.38373566
       2900  0.00329373 24.82312393
       3000  0.00339573 24.69066429
       3100  0.00333485 24.76923943
       3200  0.00329442 24.82220650
       3300  0.00313144 25.04255676
       3400  0.00306366 25.13759804
       3500  0.00305860 25.14477921
       3600  0.00292466 25.33924484
       3700  0.00289980 25.37632179
       3800  0.00294734 25.30569267
       3900  0.00279645 25.53392601
       4000  0.00292934 25.33229828
       4100  0.00268654 25.70806885
       4200  0.00267677 25.72389603
       4300  0.00257800 25.88716507
       4400  0.00263020 25.80010796
       4500  0.00233178 26.32313156
       4600  0.00252648 25.97484779
       4700  0.00242160 26.15898132
       4800  0.00228599 26.40925789
       4900  0.00236376 26.26396561
       5000  0.00223805 26.50130463
       5100  0.00225718 26.46433830
       5200  0.00219857 26.57859230
       5300  0.00214031 26.69523811
       5400  0.00207782 26.82391548
       5500  0.00217339 26.62861443
       5600  0.00199562 26.99921799
       5700  0.00189419 27.22576904
       5800  0.00193514 27.13287354
       5900  0.00194802 27.10405540
       6000  0.00182854 27.37894440
       6100  0.00178902 27.47384644
       6200  0.00175214 27.56430054
       6300  0.00183442 27.36502075
       6400  0.00169315 27.71304321
       6500  0.00170812 27.67480469
       6600  0.00170175 27.69104576
       6700  0.00169092 27.71876144
       6800  0.00185726 27.31127739
       6900  0.00166030 27.79813766
       7000  0.00155749 28.07575226
       7100  0.00165190 27.82015228
       7200  0.00157215 28.03506279
       7300  0.00154688 28.10542297
       7400  0.00150777 28.21665764
       7500  0.00148884 28.27150917
       7600  0.00152476 28.16799164
       7700  0.00145553 28.36978149
       7800  0.00142242 28.46973228
       7900  0.00146052 28.35494041
       8000  0.00143349 28.43604469
       8100  0.00144918 28.38877487
       8200  0.00140042 28.53741455
       8300  0.00145249 28.37885666
       8400  0.00136134 28.66032219
       8500  0.00133770 28.73641205
       8600  0.00134154 28.72395897
       8700  0.00132020 28.79359627
       8800  0.00130069 28.85825539
       8900  0.00130585 28.84106255
       9000  0.00135141 28.69213295
       9100  0.00123631 29.07872581
       9200  0.00122337 29.12443542
       9300  0.00125730 29.00561523
       9400  0.00118777 29.25266457
       9500  0.00127143 28.95708466
       9600  0.00120458 29.19165993
       9700  0.00118112 29.27706146
       9800  0.00115564 29.37176704
       9900  0.00118714 29.25497818
      10000  0.00116143 29.35006905
