7.350000000000000000e+02 7.000000000000000000e+02 8.240000000000000000e+02 4.740000000000000000e+02 9.110000000000000000e+02
5.900000000000000000e+01 1.400000000000000000e+01 3.100000000000000000e+01 1.200000000000000000e+01 3.130000000000000000e+02
3.710000000000000000e+02 3.700000000000000000e+02 3.750000000000000000e+02 9.010000000000000000e+02 2.920000000000000000e+02
3.710000000000000000e+02 3.700000000000000000e+02 3.800000000000000000e+02 2.920000000000000000e+02 3.750000000000000000e+02
3.710000000000000000e+02 3.700000000000000000e+02 3.800000000000000000e+02 3.820000000000000000e+02 2.920000000000000000e+02
3.710000000000000000e+02 3.700000000000000000e+02 3.800000000000000000e+02 3.820000000000000000e+02 3.770000000000000000e+02
3.710000000000000000e+02 3.700000000000000000e+02 3.800000000000000000e+02 3.820000000000000000e+02 3.770000000000000000e+02
3.700000000000000000e+02 3.710000000000000000e+02 3.800000000000000000e+02 3.820000000000000000e+02 3.770000000000000000e+02
3.700000000000000000e+02 3.710000000000000000e+02 3.800000000000000000e+02 3.820000000000000000e+02 3.770000000000000000e+02
3.700000000000000000e+02 3.710000000000000000e+02 3.800000000000000000e+02 3.820000000000000000e+02 3.770000000000000000e+02
3.700000000000000000e+02 3.710000000000000000e+02 3.800000000000000000e+02 3.820000000000000000e+02 3.770000000000000000e+02
3.700000000000000000e+02 3.710000000000000000e+02 3.800000000000000000e+02 3.820000000000000000e+02 3.770000000000000000e+02
3.700000000000000000e+02 3.710000000000000000e+02 3.800000000000000000e+02 3.820000000000000000e+02 3.770000000000000000e+02
3.700000000000000000e+02 3.710000000000000000e+02 3.800000000000000000e+02 3.820000000000000000e+02 3.770000000000000000e+02
3.700000000000000000e+02 3.710000000000000000e+02 3.800000000000000000e+02 3.820000000000000000e+02 3.770000000000000000e+02
3.700000000000000000e+02 3.710000000000000000e+02 3.800000000000000000e+02 3.820000000000000000e+02 3.750000000000000000e+02
3.700000000000000000e+02 3.710000000000000000e+02 3.800000000000000000e+02 3.820000000000000000e+02 3.750000000000000000e+02
3.700000000000000000e+02 3.710000000000000000e+02 3.800000000000000000e+02 3.820000000000000000e+02 3.750000000000000000e+02
3.700000000000000000e+02 3.710000000000000000e+02 3.800000000000000000e+02 3.750000000000000000e+02 3.820000000000000000e+02
3.700000000000000000e+02 3.710000000000000000e+02 3.800000000000000000e+02 3.750000000000000000e+02 3.820000000000000000e+02
3.700000000000000000e+02 3.710000000000000000e+02 3.800000000000000000e+02 3.750000000000000000e+02 3.820000000000000000e+02
3.700000000000000000e+02 3.710000000000000000e+02 3.800000000000000000e+02 3.750000000000000000e+02 3.820000000000000000e+02
3.700000000000000000e+02 3.710000000000000000e+02 3.800000000000000000e+02 3.750000000000000000e+02 3.820000000000000000e+02
3.700000000000000000e+02 3.710000000000000000e+02 3.800000000000000000e+02 3.750000000000000000e+02 3.820000000000000000e+02
3.700000000000000000e+02 3.710000000000000000e+02 3.800000000000000000e+02 3.750000000000000000e+02 3.820000000000000000e+02
3.700000000000000000e+02 3.710000000000000000e+02 3.800000000000000000e+02 3.750000000000000000e+02 3.820000000000000000e+02
3.700000000000000000e+02 3.710000000000000000e+02 3.800000000000000000e+02 3.750000000000000000e+02 3.820000000000000000e+02
3.700000000000000000e+02 3.710000000000000000e+02 3.800000000000000000e+02 3.750000000000000000e+02 3.820000000000000000e+02
3.700000000000000000e+02 3.710000000000000000e+02 3.800000000000000000e+02 3.750000000000000000e+02 3.820000000000000000e+02
3.700000000000000000e+02 3.710000000000000000e+02 3.800000000000000000e+02 3.750000000000000000e+02 3.820000000000000000e+02
3.700000000000000000e+02 3.710000000000000000e+02 3.800000000000000000e+02 3.750000000000000000e+02 3.820000000000000000e+02
3.700000000000000000e+02 3.710000000000000000e+02 3.800000000000000000e+02 3.750000000000000000e+02 3.820000000000000000e+02
3.700000000000000000e+02 3.710000000000000000e+02 3.800000000000000000e+02 3.750000000000000000e+02 3.820000000000000000e+02
3.700000000000000000e+02 3.710000000000000000e+02 3.800000000000000000e+02 3.750000000000000000e+02 3.820000000000000000e+02
3.700000000000000000e+02 3.710000000000000000e+02 3.800000000000000000e+02 3.750000000000000000e+02 3.820000000000000000e+02
3.700000000000000000e+02 3.710000000000000000e+02 3.800000000000000000e+02 3.750000000000000000e+02 3.820000000000000000e+02
3.700000000000000000e+02 3.710000000000000000e+02 3.800000000000000000e+02 3.750000000000000000e+02 3.820000000000000000e+02
3.700000000000000000e+02 3.710000000000000000e+02 3.800000000000000000e+02 3.750000000000000000e+02 3.820000000000000000e+02
3.700000000000000000e+02 3.710000000000000000e+02 3.800000000000000000e+02 3.750000000000000000e+02 3.820000000000000000e+02
3.700000000000000000e+02 3.710000000000000000e+02 3.800000000000000000e+02 3.750000000000000000e+02 3.820000000000000000e+02
3.700000000000000000e+02 3.710000000000000000e+02 3.800000000000000000e+02 3.750000000000000000e+02 3.820000000000000000e+02
3.700000000000000000e+02 3.710000000000000000e+02 3.800000000000000000e+02 3.750000000000000000e+02 3.820000000000000000e+02
3.700000000000000000e+02 3.710000000000000000e+02 3.800000000000000000e+02 3.750000000000000000e+02 3.820000000000000000e+02
3.700000000000000000e+02 3.710000000000000000e+02 3.800000000000000000e+02 3.750000000000000000e+02 3.820000000000000000e+02
3.700000000000000000e+02 3.710000000000000000e+02 3.800000000000000000e+02 3.750000000000000000e+02 3.820000000000000000e+02
3.700000000000000000e+02 3.710000000000000000e+02 3.800000000000000000e+02 3.750000000000000000e+02 3.820000000000000000e+02
3.700000000000000000e+02 3.710000000000000000e+02 3.800000000000000000e+02 3.750000000000000000e+02 3.820000000000000000e+02
3.700000000000000000e+02 3.710000000000000000e+02 3.800000000000000000e+02 3.750000000000000000e+02 3.820000000000000000e+02
3.700000000000000000e+02 3.710000000000000000e+02 3.800000000000000000e+02 3.750000000000000000e+02 3.820000000000000000e+02
3.700000000000000000e+02 3.710000000000000000e+02 3.800000000000000000e+02 3.750000000000000000e+02 3.820000000000000000e+02
3.700000000000000000e+02 3.710000000000000000e+02 3.800000000000000000e+02 3.750000000000000000e+02 3.820000000000000000e+02
3.700000000000000000e+02 3.710000000000000000e+02 3.800000000000000000e+02 3.750000000000000000e+02 3.820000000000000000e+02
3.700000000000000000e+02 3.710000000000000000e+02 3.800000000000000000e+02 3.750000000000000000e+02 3.820000000000000000e+02
3.700000000000000000e+02 3.710000000000000000e+02 3.800000000000000000e+02 3.750000000000000000e+02 3.820000000000000000e+02
3.700000000000000000e+02 3.710000000000000000e+02 3.800000000000000000e+02 3.750000000000000000e+02 3.820000000000000000e+02
3.700000000000000000e+02 3.710000000000000000e+02 3.800000000000000000e+02 3.750000000000000000e+02 3.820000000000000000e+02
3.700000000000000000e+02 3.710000000000000000e+02 3.800000000000000000e+02 3.750000000000000000e+02 3.820000000000000000e+02
3.700000000000000000e+02 3.710000000000000000e+02 3.800000000000000000e+02 3.750000000000000000e+02 3.820000000000000000e+02
3.700000000000000000e+02 3.710000000000000000e+02 3.800000000000000000e+02 3.750000000000000000e+02 3.820000000000000000e+02
3.700000000000000000e+02 3.710000000000000000e+02 3.800000000000000000e+02 3.750000000000000000e+02 3.820000000000000000e+02
3.700000000000000000e+02 3.710000000000000000e+02 3.800000000000000000e+02 3.750000000000000000e+02 3.820000000000000000e+02
3.700000000000000000e+02 3.710000000000000000e+02 3.800000000000000000e+02 3.750000000000000000e+02 3.820000000000000000e+02
3.700000000000000000e+02 3.710000000000000000e+02 3.800000000000000000e+02 3.750000000000000000e+02 3.820000000000000000e+02
3.700000000000000000e+02 3.710000000000000000e+02 3.800000000000000000e+02 3.750000000000000000e+02 3.820000000000000000e+02
3.700000000000000000e+02 3.710000000000000000e+02 3.800000000000000000e+02 3.750000000000000000e+02 3.820000000000000000e+02
3.700000000000000000e+02 3.710000000000000000e+02 3.800000000000000000e+02 3.750000000000000000e+02 3.820000000000000000e+02
3.700000000000000000e+02 3.710000000000000000e+02 3.800000000000000000e+02 3.750000000000000000e+02 3.820000000000000000e+02
3.700000000000000000e+02 3.710000000000000000e+02 3.800000000000000000e+02 3.750000000000000000e+02 3.820000000000000000e+02
3.700000000000000000e+02 3.710000000000000000e+02 3.800000000000000000e+02 3.750000000000000000e+02 3.820000000000000000e+02
3.700000000000000000e+02 3.710000000000000000e+02 3.800000000000000000e+02 3.750000000000000000e+02 3.820000000000000000e+02
3.700000000000000000e+02 3.710000000000000000e+02 3.800000000000000000e+02 3.750000000000000000e+02 3.820000000000000000e+02
3.700000000000000000e+02 3.710000000000000000e+02 3.800000000000000000e+02 3.750000000000000000e+02 3.820000000000000000e+02
3.700000000000000000e+02 3.710000000000000000e+02 3.800000000000000000e+02 3.750000000000000000e+02 3.820000000000000000e+02
3.700000000000000000e+02 3.710000000000000000e+02 3.800000000000000000e+02 3.750000000000000000e+02 3.820000000000000000e+02
3.700000000000000000e+02 3.710000000000000000e+02 3.800000000000000000e+02 3.750000000000000000e+02 3.820000000000000000e+02
3.700000000000000000e+02 3.710000000000000000e+02 3.800000000000000000e+02 3.750000000000000000e+02 3.820000000000000000e+02
3.700000000000000000e+02 3.710000000000000000e+02 3.800000000000000000e+02 3.750000000000000000e+02 3.820000000000000000e+02
3.700000000000000000e+02 3.710000000000000000e+02 3.800000000000000000e+02 3.750000000000000000e+02 3.820000000000000000e+02
3.700000000000000000e+02 3.710000000000000000e+02 3.800000000000000000e+02 3.750000000000000000e+02 3.820000000000000000e+02
3.700000000000000000e+02 3.710000000000000000e+02 3.800000000000000000e+02 3.750000000000000000e+02 3.820000000000000000e+02
3.700000000000000000e+02 3.710000000000000000e+02 3.800000000000000000e+02 3.750000000000000000e+02 3.820000000000000000e+02
3.700000000000000000e+02 3.710000000000000000e+02 3.800000000000000000e+02 3.750000000000000000e+02 3.820000000000000000e+02
3.700000000000000000e+02 3.710000000000000000e+02 3.800000000000000000e+02 3.750000000000000000e+02 3.820000000000000000e+02
3.700000000000000000e+02 3.710000000000000000e+02 3.800000000000000000e+02 3.750000000000000000e+02 3.820000000000000000e+02
3.700000000000000000e+02 3.710000000000000000e+02 3.750000000000000000e+02 3.740000000000000000e+02 3.800000000000000000e+02
3.700000000000000000e+02 3.750000000000000000e+02 3.710000000000000000e+02 3.730000000000000000e+02 3.740000000000000000e+02
3.750000000000000000e+02 3.700000000000000000e+02 3.710000000000000000e+02 3.730000000000000000e+02 3.830000000000000000e+02
3.710000000000000000e+02 3.700000000000000000e+02 3.750000000000000000e+02 3.800000000000000000e+02 3.740000000000000000e+02
3.710000000000000000e+02 3.700000000000000000e+02 3.750000000000000000e+02 3.800000000000000000e+02 3.730000000000000000e+02
3.710000000000000000e+02 3.700000000000000000e+02 3.800000000000000000e+02 3.750000000000000000e+02 3.820000000000000000e+02
3.700000000000000000e+02 3.710000000000000000e+02 3.800000000000000000e+02 3.820000000000000000e+02 3.750000000000000000e+02
3.700000000000000000e+02 3.710000000000000000e+02 3.800000000000000000e+02 3.820000000000000000e+02 3.770000000000000000e+02
3.700000000000000000e+02 3.710000000000000000e+02 3.800000000000000000e+02 3.820000000000000000e+02 3.770000000000000000e+02
3.700000000000000000e+02 3.710000000000000000e+02 3.800000000000000000e+02 3.820000000000000000e+02 3.770000000000000000e+02
3.700000000000000000e+02 3.710000000000000000e+02 3.800000000000000000e+02 3.820000000000000000e+02 3.770000000000000000e+02
3.700000000000000000e+02 3.710000000000000000e+02 3.800000000000000000e+02 3.820000000000000000e+02 3.770000000000000000e+02
3.700000000000000000e+02 3.710000000000000000e+02 3.800000000000000000e+02 3.820000000000000000e+02 3.770000000000000000e+02
3.700000000000000000e+02 3.710000000000000000e+02 3.800000000000000000e+02 3.820000000000000000e+02 3.770000000000000000e+02
3.700000000000000000e+02 3.710000000000000000e+02 3.800000000000000000e+02 3.820000000000000000e+02 3.770000000000000000e+02
3.700000000000000000e+02 3.710000000000000000e+02 3.800000000000000000e+02 3.820000000000000000e+02 3.770000000000000000e+02
3.700000000000000000e+02 3.710000000000000000e+02 3.800000000000000000e+02 3.820000000000000000e+02 3.770000000000000000e+02
