          0  0.14874725  8.27551079
        100  0.02049948 16.88257027
        200  0.01162975 19.34429550
        300  0.00734828 21.33814430
        400  0.00562406 22.49950027
        500  0.00429031 23.67511559
        600  0.00372136 24.29298592
        700  0.00302018 25.19966888
        800  0.00268755 25.70643616
        900  0.00239004 26.21593857
       1000  0.00227615 26.42799187
       1100  0.00211865 26.73940659
       1200  0.00188652 27.24337959
       1300  0.00178863 27.47479439
       1400  0.00156344 28.05919838
       1500  0.00144476 28.40204239
       1600  0.00131048 28.82570839
       1700  0.00122729 29.11051559
       1800  0.00122165 29.13054085
       1900  0.00123054 29.09904099
       2000  0.00113904 29.43461418
       2100  0.00104620 29.80386734
       2200  0.00094578 30.24208260
       2300  0.00096186 30.16888237
       2400  0.00081981 30.86285782
       2500  0.00084053 30.75445747
       2600  0.00085995 30.65527153
       2700  0.00087875 30.56134987
       2800  0.00073738 31.32310867
       2900  0.00070815 31.49877548
       3000  0.00070276 31.53194046
       3100  0.00062473 32.04306030
       3200  0.00063171 31.99481583
       3300  0.00064071 31.93335915
       3400  0.00063160 31.99560165
       3500  0.00054396 32.64433670
       3600  0.00057760 32.38376617
       3700  0.00052919 32.76388931
       3800  0.00049291 33.07230377
       3900  0.00056513 32.47850418
       4000  0.00049761 33.03114319
       4100  0.00053225 32.73888016
       4200  0.00044803 33.48688126
       4300  0.00047463 33.23640442
       4400  0.00044518 33.51461792
       4500  0.00046249 33.34893799
       4600  0.00038012 34.20083237
       4700  0.00047448 33.23782349
       4800  0.00040522 33.92314148
       4900  0.00037042 34.31308365
       5000  0.00033514 34.74775696
