1.056903973221778870e-03 1.056903973221778870e-03 6.637172191403806210e-04 5.930006154812872410e-04 2.656864933669567108e-03 9.412157814949750900e-04
1.264896476641297340e-03 1.264896476641297340e-03 6.678525242023169994e-04 1.340163144050166011e-04 2.843679627403616905e-03 2.851067809388041496e-03
3.885877085849642754e-03 3.885877085849642754e-03 1.314924447797238827e-03 3.293539921287447214e-04 1.003532786853611469e-03 1.748751150444149971e-03
4.031651467084884644e-02 4.031651467084884644e-02 6.275191437453031540e-03 5.689676385372877121e-03 1.155201578512787819e-03 1.791570801287889481e-03
1.178826987743377686e-01 1.178826987743377686e-01 8.563795126974582672e-03 2.218837291002273560e-02 1.239701290614902973e-03 1.674774335697293282e-03
4.217284023761749268e-01 4.217284023761749268e-01 8.251471444964408875e-03 2.558834105730056763e-02 1.868689316324889660e-03 3.022840013727545738e-03
6.953313350677490234e-01 6.953313350677490234e-01 4.489286802709102631e-03 1.984992809593677521e-02 2.247470896691083908e-03 4.695738200098276138e-03
8.124703168869018555e-01 8.124703168869018555e-01 4.335913341492414474e-03 1.879770494997501373e-02 2.037766622379422188e-03 4.632445052266120911e-03
8.795298337936401367e-01 8.795298337936401367e-01 5.007365252822637558e-03 1.824829727411270142e-02 1.480327569879591465e-03 3.271623980253934860e-03
8.983650207519531250e-01 8.983650207519531250e-01 5.288951564580202103e-03 1.541540678590536118e-02 1.273925183340907097e-03 2.536851214244961739e-03
8.990066647529602051e-01 8.990066647529602051e-01 5.590284243226051331e-03 1.457259804010391235e-02 1.328344107605516911e-03 2.339371014386415482e-03
8.982235193252563477e-01 8.982235193252563477e-01 5.540645681321620941e-03 1.545086130499839783e-02 1.324395183473825455e-03 2.178807277232408524e-03
9.015647172927856445e-01 9.015647172927856445e-01 6.535055581480264664e-03 1.578240469098091125e-02 1.313419896177947521e-03 2.214411040768027306e-03
9.078119397163391113e-01 9.078119397163391113e-01 6.653815042227506638e-03 1.596435904502868652e-02 1.046690740622580051e-03 1.685639377683401108e-03
9.050189256668090820e-01 9.050189256668090820e-01 7.269614376127719879e-03 1.648337207734584808e-02 1.015565707348287106e-03 1.545475213788449764e-03
9.030761718750000000e-01 9.030761718750000000e-01 8.013582788407802582e-03 1.755107007920742035e-02 1.001128694042563438e-03 1.457719015888869762e-03
8.928134441375732422e-01 8.928134441375732422e-01 9.473592974245548248e-03 1.947595924139022827e-02 1.083224313333630562e-03 1.496735378168523312e-03
8.819289803504943848e-01 8.819289803504943848e-01 1.135276537388563156e-02 2.032800577580928802e-02 1.127793453633785248e-03 1.474673626944422722e-03
8.696906566619873047e-01 8.696906566619873047e-01 1.309653557837009430e-02 2.326644770801067352e-02 1.201438251882791519e-03 1.460603438317775726e-03
8.622356653213500977e-01 8.622356653213500977e-01 1.404286175966262817e-02 2.497544512152671814e-02 1.188887399621307850e-03 1.443567336536943913e-03
8.425404429435729980e-01 8.425404429435729980e-01 1.689513213932514191e-02 2.700561657547950745e-02 1.240542274899780750e-03 1.473702955991029739e-03
8.324810266494750977e-01 8.324810266494750977e-01 1.962646469473838806e-02 2.958213537931442261e-02 1.328852609731256962e-03 1.557934097945690155e-03
8.247329592704772949e-01 8.247329592704772949e-01 2.126672305166721344e-02 3.158991038799285889e-02 1.309888088144361973e-03 1.470196992158889771e-03
8.147198557853698730e-01 8.147198557853698730e-01 2.312700264155864716e-02 3.488952293992042542e-02 1.362026785500347614e-03 1.519388519227504730e-03
8.000174164772033691e-01 8.000174164772033691e-01 2.721270546317100525e-02 3.865842893719673157e-02 1.439383020624518394e-03 1.561578246764838696e-03
7.930272817611694336e-01 7.930272817611694336e-01 2.793670259416103363e-02 3.869413211941719055e-02 1.509467023424804211e-03 1.581352786161005497e-03
7.872651219367980957e-01 7.872651219367980957e-01 2.865266241133213043e-02 4.144178703427314758e-02 1.524178427644073963e-03 1.567987725138664246e-03
7.821328043937683105e-01 7.821328043937683105e-01 3.026485256850719452e-02 4.424093291163444519e-02 1.548967789858579636e-03 1.584905199706554413e-03
7.692878842353820801e-01 7.692878842353820801e-01 3.321513906121253967e-02 4.746763408184051514e-02 1.593910856172442436e-03 1.618327456526458263e-03
7.582211494445800781e-01 7.582211494445800781e-01 3.673167899250984192e-02 4.926311597228050232e-02 1.677796244621276855e-03 1.676603103987872601e-03
7.611660957336425781e-01 7.611660957336425781e-01 3.570651635527610779e-02 5.029472708702087402e-02 1.682057394646108150e-03 1.675942330621182919e-03
7.470179796218872070e-01 7.470179796218872070e-01 3.939589112997055054e-02 5.299611389636993408e-02 1.781453611329197884e-03 1.762309228070080280e-03
7.428799271583557129e-01 7.428799271583557129e-01 4.019802436232566833e-02 5.384101346135139465e-02 1.764727290719747543e-03 1.708422321826219559e-03
7.349114418029785156e-01 7.349114418029785156e-01 4.074408486485481262e-02 5.424537882208824158e-02 1.855733338743448257e-03 1.799544319510459900e-03
7.296405434608459473e-01 7.296405434608459473e-01 4.175166413187980652e-02 5.355929955840110779e-02 1.934808096848428249e-03 1.880599535070359707e-03
7.319450974464416504e-01 7.319450974464416504e-01 4.209474474191665649e-02 5.227040499448776245e-02 1.946418778970837593e-03 1.880979165434837341e-03
7.180006504058837891e-01 7.180006504058837891e-01 4.223315790295600891e-02 5.525462329387664795e-02 2.106632106006145477e-03 1.995069207623600960e-03
7.244573235511779785e-01 7.244573235511779785e-01 4.196061193943023682e-02 5.206994712352752686e-02 2.169859362766146660e-03 2.019700594246387482e-03
7.119744420051574707e-01 7.119744420051574707e-01 4.183195158839225769e-02 5.173150822520256042e-02 2.277691150084137917e-03 2.104700542986392975e-03
7.022763490676879883e-01 7.022763490676879883e-01 4.400556161999702454e-02 5.201431736350059509e-02 2.384687541052699089e-03 2.182087395340204239e-03
6.948337554931640625e-01 6.948337554931640625e-01 4.421195760369300842e-02 5.319707468152046204e-02 2.431605476886034012e-03 2.181518590077757835e-03
6.822974085807800293e-01 6.822974085807800293e-01 4.713024571537971497e-02 5.485823750495910645e-02 2.528377110138535500e-03 2.244856441393494606e-03
6.646445989608764648e-01 6.646445989608764648e-01 4.898310080170631409e-02 5.834868922829627991e-02 2.625188790261745453e-03 2.316642785444855690e-03
6.605756282806396484e-01 6.605756282806396484e-01 4.901956394314765930e-02 5.809833854436874390e-02 2.627043286338448524e-03 2.275584498420357704e-03
6.515246033668518066e-01 6.515246033668518066e-01 4.995214939117431641e-02 5.801949277520179749e-02 2.689551562070846558e-03 2.351412316784262657e-03
6.458888649940490723e-01 6.458888649940490723e-01 5.061026290059089661e-02 5.782054364681243896e-02 2.792227780446410179e-03 2.425238024443387985e-03
6.463686227798461914e-01 6.463686227798461914e-01 5.075725540518760681e-02 5.789870768785476685e-02 2.793457591906189919e-03 2.436378272250294685e-03
6.301363110542297363e-01 6.301363110542297363e-01 5.141002312302589417e-02 5.962160229682922363e-02 2.858856460079550743e-03 2.482240553945302963e-03
6.168147921562194824e-01 6.168147921562194824e-01 5.605420470237731934e-02 6.194005534052848816e-02 2.879918087273836136e-03 2.484762109816074371e-03
6.175709962844848633e-01 6.175709962844848633e-01 5.695487186312675476e-02 6.311713159084320068e-02 2.906300825998187065e-03 2.470857696607708931e-03
6.250616312026977539e-01 6.250616312026977539e-01 5.384201928973197937e-02 6.427005678415298462e-02 2.881675260141491890e-03 2.404973609372973442e-03
