5.107885808683931828e-04 5.107885808683931828e-04 3.450259566307067871e-03 1.373791252262890339e-03 1.301268348470330238e-03 8.159282617270946503e-03
8.258348330855369568e-03 8.258348330855369568e-03 7.861630991101264954e-03 4.506611730903387070e-04 5.895866197533905506e-04 2.142529701814055443e-03
7.379912734031677246e-01 7.379912734031677246e-01 1.104727853089570999e-02 4.059372004121541977e-03 3.864579834043979645e-03 1.012733788229525089e-03
8.571313023567199707e-01 8.571313023567199707e-01 2.251866739243268967e-03 2.159624127671122551e-03 2.702629193663597107e-03 6.085716886445879936e-04
8.944632411003112793e-01 8.944632411003112793e-01 1.147558097727596760e-03 1.696810824796557426e-03 2.669987734407186508e-03 4.085006949026137590e-04
9.079389572143554688e-01 9.079389572143554688e-01 8.139390847645699978e-04 1.290120766498148441e-03 2.112451009452342987e-03 3.185542300343513489e-04
9.273986220359802246e-01 9.273986220359802246e-01 5.299633485265076160e-04 8.382340311072766781e-04 1.441200496628880501e-03 2.352633309783414006e-04
9.358739852905273438e-01 9.358739852905273438e-01 4.746997437905520201e-04 6.206000689417123795e-04 1.131618861109018326e-03 1.892714353743940592e-04
9.423972964286804199e-01 9.423972964286804199e-01 4.508415295276790857e-04 4.868775722570717335e-04 9.418500703759491444e-04 1.633662177482619882e-04
9.464351534843444824e-01 9.464351534843444824e-01 3.723294357769191265e-04 4.065676184836775064e-04 8.502000709995627403e-04 1.464808010496199131e-04
9.474785923957824707e-01 9.474785923957824707e-01 3.940689493902027607e-04 3.881299053318798542e-04 8.095311350189149380e-04 1.453521690564230084e-04
9.461519718170166016e-01 9.461519718170166016e-01 3.783973807003349066e-04 3.659334615804255009e-04 7.755456026643514633e-04 1.424300135113298893e-04
9.434376358985900879e-01 9.434376358985900879e-01 3.773994685616344213e-04 3.693013568408787251e-04 7.660958217456936836e-04 1.481349463574588299e-04
9.404376745223999023e-01 9.404376745223999023e-01 3.828517510555684566e-04 3.791376657318323851e-04 7.686692406423389912e-04 1.490977592766284943e-04
9.394608139991760254e-01 9.394608139991760254e-01 3.557399322744458914e-04 3.703056136146187782e-04 7.178167579695582390e-04 1.480068021919578314e-04
9.382795691490173340e-01 9.382795691490173340e-01 3.267084248363971710e-04 3.519689489621669054e-04 6.714171613566577435e-04 1.442988432245329022e-04
9.393939971923828125e-01 9.393939971923828125e-01 3.341551637277007103e-04 3.509490052238106728e-04 6.280888919718563557e-04 1.394084247294813395e-04
9.359630346298217773e-01 9.359630346298217773e-01 3.314748464617878199e-04 3.513481351546943188e-04 6.758704548701643944e-04 1.361368631478399038e-04
9.328526258468627930e-01 9.328526258468627930e-01 3.298292867839336395e-04 3.497558063827455044e-04 6.787873571738600731e-04 1.349106605630367994e-04
9.325982928276062012e-01 9.325982928276062012e-01 3.355746739543974400e-04 3.512738039717078209e-04 6.566696683876216412e-04 1.319864823017269373e-04
9.317516684532165527e-01 9.317516684532165527e-01 3.348378522787243128e-04 3.602770739234983921e-04 6.570264813490211964e-04 1.351544196950271726e-04
9.303409457206726074e-01 9.303409457206726074e-01 3.416605468373745680e-04 3.719495143741369247e-04 6.678361678496003151e-04 1.396829466102644801e-04
9.285894632339477539e-01 9.285894632339477539e-01 3.398072440177202225e-04 3.608840634115040302e-04 6.575892912223935127e-04 1.381048496114090085e-04
9.279353618621826172e-01 9.279353618621826172e-01 3.522436600178480148e-04 3.685167466755956411e-04 6.601942004635930061e-04 1.363622577628120780e-04
9.254227876663208008e-01 9.254227876663208008e-01 3.602812939789146185e-04 3.759039100259542465e-04 6.790469633415341377e-04 1.392732665408402681e-04
9.229963421821594238e-01 9.229963421821594238e-01 3.679750370793044567e-04 3.763950371649116278e-04 6.885839975439012051e-04 1.427376701030880213e-04
9.208216667175292969e-01 9.208216667175292969e-01 3.506417269818484783e-04 3.759136016014963388e-04 6.875373655930161476e-04 1.422530040144920349e-04
9.209671616554260254e-01 9.209671616554260254e-01 3.563113568816334009e-04 3.758093516808003187e-04 6.924017798155546188e-04 1.454082230338826776e-04
9.219932556152343750e-01 9.219932556152343750e-01 3.471403615549206734e-04 3.682430251501500607e-04 6.888745119795203209e-04 1.436979509890079498e-04
9.208238720893859863e-01 9.208238720893859863e-01 3.444321046117693186e-04 3.697221109177917242e-04 7.005087682045996189e-04 1.431923737982288003e-04
9.199832677841186523e-01 9.199832677841186523e-01 3.234033938497304916e-04 3.689024306368082762e-04 7.149481680244207382e-04 1.479750062571838498e-04
9.182261228561401367e-01 9.182261228561401367e-01 3.314357309136539698e-04 3.711934259627014399e-04 7.277122931554913521e-04 1.509629801148548722e-04
9.189368486404418945e-01 9.189368486404418945e-01 3.336138615850359201e-04 3.618083719629794359e-04 7.082350784912705421e-04 1.526545820524916053e-04
9.180882573127746582e-01 9.180882573127746582e-01 3.207896079402416945e-04 3.729029267560690641e-04 7.239974802359938622e-04 1.556802744744345546e-04
9.146949648857116699e-01 9.146949648857116699e-01 3.319106181152164936e-04 3.830876958090811968e-04 7.350869709625840187e-04 1.544828119222074747e-04
9.118704199790954590e-01 9.118704199790954590e-01 3.372352221049368382e-04 3.810234775301069021e-04 7.613031193614006042e-04 1.600734976818785071e-04
9.108290672302246094e-01 9.108290672302246094e-01 3.343621210660785437e-04 3.824300656560808420e-04 7.488327682949602604e-04 1.612703199498355389e-04
9.094501137733459473e-01 9.094501137733459473e-01 3.327253216411918402e-04 3.817067481577396393e-04 7.415441214106976986e-04 1.620047260075807571e-04
9.071248769760131836e-01 9.071248769760131836e-01 3.400546847842633724e-04 3.798440739046782255e-04 7.408630917780101299e-04 1.633336796658113599e-04
9.078318476676940918e-01 9.078318476676940918e-01 3.355351800564676523e-04 3.760727122426033020e-04 7.369426311925053596e-04 1.656228414503857493e-04
9.055169820785522461e-01 9.055169820785522461e-01 3.388794430065900087e-04 3.843310114461928606e-04 7.429636316373944283e-04 1.685116731096059084e-04
9.039664268493652344e-01 9.039664268493652344e-01 3.332014020998030901e-04 3.910950326826423407e-04 7.575374329462647438e-04 1.692533405730500817e-04
9.023070335388183594e-01 9.023070335388183594e-01 3.377406392246484756e-04 3.831139765679836273e-04 7.362698088400065899e-04 1.706329348962754011e-04
9.005934000015258789e-01 9.005934000015258789e-01 3.366031742189079523e-04 3.892511304002255201e-04 7.577491924166679382e-04 1.710266515146940947e-04
8.965604901313781738e-01 8.965604901313781738e-01 3.351350023876875639e-04 3.975725849159061909e-04 7.795096025802195072e-04 1.787833170965313911e-04
8.953849077224731445e-01 8.953849077224731445e-01 3.273320326115936041e-04 3.898660361301153898e-04 7.802423206157982349e-04 1.798418961698189378e-04
8.953769803047180176e-01 8.953769803047180176e-01 3.378994297236204147e-04 3.955790889449417591e-04 7.770591182634234428e-04 1.831485860748216510e-04
8.918516039848327637e-01 8.918516039848327637e-01 3.379748086445033550e-04 4.079100908711552620e-04 7.726915064267814159e-04 1.902211806736886501e-04
8.913608193397521973e-01 8.913608193397521973e-01 3.437820996623486280e-04 4.018874897155910730e-04 7.765371701680123806e-04 1.909975107992067933e-04
8.894174098968505859e-01 8.894174098968505859e-01 3.461964661255478859e-04 4.039969062432646751e-04 7.780474261380732059e-04 1.953590253833681345e-04
8.908686637878417969e-01 8.908686637878417969e-01 3.421631699893623590e-04 4.000531043857336044e-04 7.599072996526956558e-04 1.940445072250440717e-04
