5.111367477366706834e-04
8.263977437266891574e-03
7.384943075744486718e-01
8.577155454906145726e-01
8.950729306609388480e-01
9.085578321758571718e-01
9.280307612144446106e-01
9.365119014984563117e-01
9.430396590962500936e-01
9.470802684609873623e-01
9.481244186077028013e-01
9.467968937696218390e-01
9.440807076887767213e-01
9.410787014603787526e-01
9.401011750834497027e-01
9.389191250658781573e-01
9.400343127325718751e-01
9.366010115361115274e-01
9.334884826171009342e-01
9.332339762378004666e-01
9.323867747820741014e-01
9.309750904639852997e-01
9.292224141209467492e-01
9.285678668965634541e-01
9.260535800643548976e-01
9.236254806514313520e-01
9.214493228710752826e-01
9.215949169821304743e-01
9.226217103544431808e-01
9.214515297461711718e-01
9.206103524630038226e-01
9.188520098190433583e-01
9.195632200526453470e-01
9.187140503029145311e-01
9.153184449189026850e-01
9.124919747285364924e-01
9.114499121663711678e-01
9.100700187787177375e-01
9.077431970391132143e-01
9.084506496205247972e-01
9.061342061583982366e-01
9.045825940301762680e-01
9.029220696337088015e-01
9.012072680389373591e-01
8.971716092318475777e-01
8.959952255151979461e-01
8.959872926939074222e-01
8.924595133852342155e-01
8.919683942084917216e-01
8.900236600868387526e-01
8.914759031904733177e-01
