1.458922951577659906e-04
5.231102385693298107e-02
7.608200401220066578e-01
8.975312586228755274e-01
9.014025400660745646e-01
9.276271785578450446e-01
9.481183375468897889e-01
9.510898718034767052e-01
9.551039816244192293e-01
9.560036094890783653e-01
9.592820994697630610e-01
9.613340790955395843e-01
9.602725910016332023e-01
9.600286969296969453e-01
9.608100170779545479e-01
9.640306955724098348e-01
9.656926117338225923e-01
9.680708175791067349e-01
9.660403755658470981e-01
9.668411451924439071e-01
9.657601479592217153e-01
9.658952204100200722e-01
9.650977917981072851e-01
9.641361165178871095e-01
9.646766449649865072e-01
9.630575653847014417e-01
9.611269958461045038e-01
9.594357861452297298e-01
9.563766099141627341e-01
9.529439559701993190e-01
9.513823299102848186e-01
9.505883019740325457e-01
9.468349106203995946e-01
9.440943240038481843e-01
9.409742339157736168e-01
9.411353782133029533e-01
9.386315263515075946e-01
9.365047915221752506e-01
9.330710040196582566e-01
9.319736000178983071e-01
9.277609981281368379e-01
9.236688517499309636e-01
9.213248913051584887e-01
9.213877143134140413e-01
9.185795318104869045e-01
9.143019591173158211e-01
9.116999649491762669e-01
9.079007539655905568e-01
9.026615656531757903e-01
8.999815945887493784e-01
8.981227375439067018e-01
