2.100000000000000000e+01 1.280000000000000000e+02 9.200000000000000000e+01 1.340000000000000000e+02 1.800000000000000000e+01
9.740000000000000000e+02 5.620000000000000000e+02 4.690000000000000000e+02 5.560000000000000000e+02 5.050000000000000000e+02
5.620000000000000000e+02 9.740000000000000000e+02 5.540000000000000000e+02 6.040000000000000000e+02 8.070000000000000000e+02
5.620000000000000000e+02 9.740000000000000000e+02 5.540000000000000000e+02 6.040000000000000000e+02 9.800000000000000000e+02
5.620000000000000000e+02 9.740000000000000000e+02 5.540000000000000000e+02 9.750000000000000000e+02 9.800000000000000000e+02
5.620000000000000000e+02 9.740000000000000000e+02 5.540000000000000000e+02 9.750000000000000000e+02 6.040000000000000000e+02
5.620000000000000000e+02 9.740000000000000000e+02 5.540000000000000000e+02 9.750000000000000000e+02 8.070000000000000000e+02
5.620000000000000000e+02 9.740000000000000000e+02 5.540000000000000000e+02 9.750000000000000000e+02 8.070000000000000000e+02
5.620000000000000000e+02 9.740000000000000000e+02 5.540000000000000000e+02 9.750000000000000000e+02 6.820000000000000000e+02
5.620000000000000000e+02 9.740000000000000000e+02 6.820000000000000000e+02 6.980000000000000000e+02 8.070000000000000000e+02
5.620000000000000000e+02 9.740000000000000000e+02 6.820000000000000000e+02 6.980000000000000000e+02 8.070000000000000000e+02
5.620000000000000000e+02 9.740000000000000000e+02 6.820000000000000000e+02 6.980000000000000000e+02 8.070000000000000000e+02
5.620000000000000000e+02 9.740000000000000000e+02 6.820000000000000000e+02 6.980000000000000000e+02 8.070000000000000000e+02
5.620000000000000000e+02 9.740000000000000000e+02 6.820000000000000000e+02 6.980000000000000000e+02 8.070000000000000000e+02
5.620000000000000000e+02 9.740000000000000000e+02 6.820000000000000000e+02 6.980000000000000000e+02 8.070000000000000000e+02
5.620000000000000000e+02 9.740000000000000000e+02 6.820000000000000000e+02 6.980000000000000000e+02 8.070000000000000000e+02
5.620000000000000000e+02 9.740000000000000000e+02 6.820000000000000000e+02 6.980000000000000000e+02 8.070000000000000000e+02
5.620000000000000000e+02 9.740000000000000000e+02 6.820000000000000000e+02 6.980000000000000000e+02 8.070000000000000000e+02
5.620000000000000000e+02 9.740000000000000000e+02 6.820000000000000000e+02 6.980000000000000000e+02 8.070000000000000000e+02
5.620000000000000000e+02 9.740000000000000000e+02 6.820000000000000000e+02 8.070000000000000000e+02 6.980000000000000000e+02
5.620000000000000000e+02 9.740000000000000000e+02 6.820000000000000000e+02 8.070000000000000000e+02 6.980000000000000000e+02
5.620000000000000000e+02 9.740000000000000000e+02 6.820000000000000000e+02 8.070000000000000000e+02 6.980000000000000000e+02
5.620000000000000000e+02 9.740000000000000000e+02 6.820000000000000000e+02 8.070000000000000000e+02 6.980000000000000000e+02
5.620000000000000000e+02 9.740000000000000000e+02 6.820000000000000000e+02 8.070000000000000000e+02 6.980000000000000000e+02
5.620000000000000000e+02 9.740000000000000000e+02 6.820000000000000000e+02 8.070000000000000000e+02 8.350000000000000000e+02
5.620000000000000000e+02 9.740000000000000000e+02 6.820000000000000000e+02 8.070000000000000000e+02 8.350000000000000000e+02
5.620000000000000000e+02 9.740000000000000000e+02 6.820000000000000000e+02 8.070000000000000000e+02 8.350000000000000000e+02
5.620000000000000000e+02 9.740000000000000000e+02 6.820000000000000000e+02 8.070000000000000000e+02 8.350000000000000000e+02
5.620000000000000000e+02 9.740000000000000000e+02 6.820000000000000000e+02 8.350000000000000000e+02 8.070000000000000000e+02
5.620000000000000000e+02 9.740000000000000000e+02 6.820000000000000000e+02 8.350000000000000000e+02 8.070000000000000000e+02
5.620000000000000000e+02 9.740000000000000000e+02 6.820000000000000000e+02 8.350000000000000000e+02 8.070000000000000000e+02
5.620000000000000000e+02 9.740000000000000000e+02 6.820000000000000000e+02 8.350000000000000000e+02 8.070000000000000000e+02
5.620000000000000000e+02 9.740000000000000000e+02 6.820000000000000000e+02 8.350000000000000000e+02 8.070000000000000000e+02
5.620000000000000000e+02 9.740000000000000000e+02 6.820000000000000000e+02 8.350000000000000000e+02 8.070000000000000000e+02
5.620000000000000000e+02 9.740000000000000000e+02 8.350000000000000000e+02 6.820000000000000000e+02 8.070000000000000000e+02
5.620000000000000000e+02 9.740000000000000000e+02 6.820000000000000000e+02 8.350000000000000000e+02 8.070000000000000000e+02
5.620000000000000000e+02 9.740000000000000000e+02 6.820000000000000000e+02 8.350000000000000000e+02 8.070000000000000000e+02
5.620000000000000000e+02 9.740000000000000000e+02 8.350000000000000000e+02 6.820000000000000000e+02 8.070000000000000000e+02
5.620000000000000000e+02 9.740000000000000000e+02 6.820000000000000000e+02 8.350000000000000000e+02 8.070000000000000000e+02
5.620000000000000000e+02 9.740000000000000000e+02 8.350000000000000000e+02 6.820000000000000000e+02 8.070000000000000000e+02
5.620000000000000000e+02 9.740000000000000000e+02 6.820000000000000000e+02 8.350000000000000000e+02 8.070000000000000000e+02
5.620000000000000000e+02 9.740000000000000000e+02 6.820000000000000000e+02 8.350000000000000000e+02 8.070000000000000000e+02
5.620000000000000000e+02 9.740000000000000000e+02 6.820000000000000000e+02 8.350000000000000000e+02 8.070000000000000000e+02
5.620000000000000000e+02 9.740000000000000000e+02 6.820000000000000000e+02 8.350000000000000000e+02 8.070000000000000000e+02
5.620000000000000000e+02 9.740000000000000000e+02 6.820000000000000000e+02 8.350000000000000000e+02 8.070000000000000000e+02
5.620000000000000000e+02 9.740000000000000000e+02 6.820000000000000000e+02 8.350000000000000000e+02 8.070000000000000000e+02
5.620000000000000000e+02 9.740000000000000000e+02 6.820000000000000000e+02 8.350000000000000000e+02 8.070000000000000000e+02
5.620000000000000000e+02 9.740000000000000000e+02 6.820000000000000000e+02 8.350000000000000000e+02 6.980000000000000000e+02
5.620000000000000000e+02 9.740000000000000000e+02 6.820000000000000000e+02 8.350000000000000000e+02 8.070000000000000000e+02
5.620000000000000000e+02 9.740000000000000000e+02 6.820000000000000000e+02 8.350000000000000000e+02 6.980000000000000000e+02
5.620000000000000000e+02 9.740000000000000000e+02 6.820000000000000000e+02 8.350000000000000000e+02 6.980000000000000000e+02
