1.457545440644025803e-04 1.457545440644025803e-04 2.222935436293482780e-03 1.976619969354942441e-04 7.634843350388109684e-04 6.177641917020082474e-04
5.226163193583488464e-02 5.226163193583488464e-02 7.170923948287963867e-01 1.168550297734327614e-04 2.349678194150328636e-03 5.065018194727599621e-04
7.601016759872436523e-01 7.601016759872436523e-01 1.162306815385818481e-01 7.066123071126639843e-04 2.828366355970501900e-03 1.162831671535968781e-03
8.966838121414184570e-01 8.966838121414184570e-01 2.060028724372386932e-02 5.541478167288005352e-04 1.897044363431632519e-03 6.429474451579153538e-04
9.005514383316040039e-01 9.005514383316040039e-01 1.574275456368923187e-02 4.056612669955939054e-04 1.716131460852921009e-03 5.068042082712054253e-04
9.267513155937194824e-01 9.267513155937194824e-01 6.314869504421949387e-03 3.168477851431816816e-04 1.200082595460116863e-03 4.355556447990238667e-04
9.472231268882751465e-01 9.472231268882751465e-01 2.381356898695230484e-03 2.387228014413267374e-04 6.725075654685497284e-04 3.701708337757736444e-04
9.501918554306030273e-01 9.501918554306030273e-01 1.791502698324620724e-03 2.158183197025209665e-04 5.470531759783625603e-04 3.532427945174276829e-04
9.542021751403808594e-01 9.542021751403808594e-01 1.466305111534893513e-03 2.067665627691894770e-04 4.155594797339290380e-04 3.571979177650064230e-04
9.551009535789489746e-01 9.551009535789489746e-01 1.276793773286044598e-03 2.160896547138690948e-04 3.555701696313917637e-04 3.389021148905158043e-04
9.583763480186462402e-01 9.583763480186462402e-01 1.217502518557012081e-03 2.035568904830142856e-04 3.223935200367122889e-04 3.343779826536774635e-04
9.604263901710510254e-01 9.604263901710510254e-01 1.266162376850843430e-03 2.006577851716428995e-04 3.068165970034897327e-04 3.257888602092862129e-04
9.593659043312072754e-01 9.593659043312072754e-01 1.311135594733059406e-03 2.003857516683638096e-04 3.127297386527061462e-04 3.130711265839636326e-04
9.591222405433654785e-01 9.591222405433654785e-01 1.497717690654098988e-03 2.094026567647233605e-04 3.264694823883473873e-04 2.897168451454490423e-04
9.599028229713439941e-01 9.599028229713439941e-01 1.536733005195856094e-03 2.085468731820583344e-04 3.268479777034372091e-04 2.821625676006078720e-04
9.631204605102539062e-01 9.631204605102539062e-01 1.325751421973109245e-03 2.241479669464752078e-04 3.056519781239330769e-04 2.878399973269551992e-04
9.647808074951171875e-01 9.647808074951171875e-01 1.251810113899409771e-03 2.360544604016467929e-04 2.827331190928816795e-04 2.829208387993276119e-04
9.671567678451538086e-01 9.671567678451538086e-01 1.159213483333587646e-03 2.450333267915993929e-04 2.689848188310861588e-04 2.829729346558451653e-04
9.651282429695129395e-01 9.651282429695129395e-01 1.284914673306047916e-03 2.887135779019445181e-04 2.705517108552157879e-04 3.042645985260605812e-04
9.659282565116882324e-01 9.659282565116882324e-01 1.261442201212048531e-03 3.242847742512822151e-04 2.614835102576762438e-04 3.240797959733754396e-04
9.648482799530029297e-01 9.648482799530029297e-01 1.342995441518723965e-03 3.663808456622064114e-04 2.673493872862309217e-04 3.479621664155274630e-04
9.649832248687744141e-01 9.649832248687744141e-01 1.423468347638845444e-03 3.582670760806649923e-04 2.677100710570812225e-04 3.625906829256564379e-04
9.641865491867065430e-01 9.641865491867065430e-01 1.426989096216857433e-03 3.791697963606566191e-04 2.666714426595717669e-04 3.776429512072354555e-04
9.632257819175720215e-01 9.632257819175720215e-01 1.535007730126380920e-03 4.015744780190289021e-04 2.700995246414095163e-04 3.844057209789752960e-04
9.637657999992370605e-01 9.637657999992370605e-01 1.557048526592552662e-03 4.279382992535829544e-04 2.734496083576232195e-04 3.654368629213422537e-04
9.621482491493225098e-01 9.621482491493225098e-01 1.667568576522171497e-03 4.641961422748863697e-04 2.761738433036953211e-04 3.880575532093644142e-04
9.602195024490356445e-01 9.602195024490356445e-01 1.793895266018807888e-03 5.128200282342731953e-04 2.901240659411996603e-04 4.149934102315455675e-04
9.585298895835876465e-01 9.585298895835876465e-01 1.907923724502325058e-03 5.461270338855683804e-04 3.053207765333354473e-04 4.352725809440016747e-04
9.554736018180847168e-01 9.554736018180847168e-01 2.072602743282914162e-03 6.128805107437074184e-04 3.137828316539525986e-04 4.558635118883103132e-04
9.520441889762878418e-01 9.520441889762878418e-01 2.220454160124063492e-03 6.517057190649211407e-04 3.313880879431962967e-04 4.627031157724559307e-04
9.504840373992919922e-01 9.504840373992919922e-01 2.248422708362340927e-03 6.768846651539206505e-04 3.508387599140405655e-04 4.545125120785087347e-04
9.496907591819763184e-01 9.496907591819763184e-01 2.243987284600734711e-03 7.090906728990375996e-04 3.678570210468024015e-04 4.523808020167052746e-04
9.459409117698669434e-01 9.459409117698669434e-01 2.290691481903195381e-03 7.466797833330929279e-04 3.987743402831256390e-04 4.644201253540813923e-04
9.432029128074645996e-01 9.432029128074645996e-01 2.287794137373566628e-03 8.226961945183575153e-04 4.090254078619182110e-04 4.880374181084334850e-04
9.400857686996459961e-01 9.400857686996459961e-01 2.367870183661580086e-03 9.324189741164445877e-04 4.227852623444050550e-04 4.980946541763842106e-04
9.402467608451843262e-01 9.402467608451843262e-01 2.224453026428818703e-03 8.884519920684397221e-04 4.222981224302202463e-04 4.811384424101561308e-04
9.377452731132507324e-01 9.377452731132507324e-01 2.248117234557867050e-03 9.375601657666265965e-04 4.530461737886071205e-04 4.857181629631668329e-04
9.356205463409423828e-01 9.356205463409423828e-01 2.286887960508465767e-03 1.026807585731148720e-03 4.576633509714156389e-04 4.826658405363559723e-04
9.321900010108947754e-01 9.321900010108947754e-01 2.318535000085830688e-03 1.042875228449702263e-03 4.883393994532525539e-04 5.072524654679000378e-04
9.310936331748962402e-01 9.310936331748962402e-01 2.218637848272919655e-03 1.152078388258814812e-03 4.697402473539113998e-04 5.280626355670392513e-04
9.268850088119506836e-01 9.268850088119506836e-01 2.152076689526438713e-03 1.232998794876039028e-03 4.903426743112504482e-04 5.584516329690814018e-04
9.227967262268066406e-01 9.227967262268066406e-01 2.175308298319578171e-03 1.328015699982643127e-03 5.060269031673669815e-04 5.944716394878923893e-04
9.204549789428710938e-01 9.204549789428710938e-01 2.159191528335213661e-03 1.367708784528076649e-03 5.075621884316205978e-04 6.081906030885875225e-04
9.205177426338195801e-01 9.205177426338195801e-01 2.099819015711545944e-03 1.400178414769470692e-03 4.916161997243762016e-04 6.030595395714044571e-04
9.177122116088867188e-01 9.177122116088867188e-01 2.137719420716166496e-03 1.460915314964950085e-03 4.855400475207716227e-04 6.197626353241503239e-04
9.134386777877807617e-01 9.134386777877807617e-01 2.075237687677145004e-03 1.537434407509863377e-03 4.808232188224792480e-04 6.515614804811775684e-04
9.108391404151916504e-01 9.108391404151916504e-01 2.109867986291646957e-03 1.560737495310604572e-03 4.848676035180687904e-04 6.745984428562223911e-04
9.070435166358947754e-01 9.070435166358947754e-01 2.143597928807139397e-03 1.624999102205038071e-03 5.009886226616799831e-04 6.836968241259455681e-04
9.018092751502990723e-01 9.018092751502990723e-01 2.222839510068297386e-03 1.731665106490254402e-03 4.831139813177287579e-04 7.232949719764292240e-04
8.991318345069885254e-01 8.991318345069885254e-01 2.245616167783737183e-03 1.745693152770400047e-03 4.894302692264318466e-04 7.431900012306869030e-04
8.972747325897216797e-01 8.972747325897216797e-01 2.256734762340784073e-03 1.716139144264161587e-03 4.946481785736978054e-04 7.519260980188846588e-04
