2.100000000000000000e+01 7.000000000000000000e+02 1.280000000000000000e+02 5.490000000000000000e+02 8.000000000000000000e+01
1.000000000000000000e+00 1.070000000000000000e+02 2.900000000000000000e+01 3.270000000000000000e+02 4.070000000000000000e+02
1.000000000000000000e+00 4.070000000000000000e+02 3.510000000000000000e+02 2.700000000000000000e+01 4.800000000000000000e+02
1.000000000000000000e+00 4.070000000000000000e+02 3.510000000000000000e+02 2.900000000000000000e+01 3.930000000000000000e+02
1.000000000000000000e+00 4.070000000000000000e+02 3.920000000000000000e+02 3.930000000000000000e+02 3.510000000000000000e+02
1.000000000000000000e+00 4.070000000000000000e+02 3.930000000000000000e+02 3.920000000000000000e+02 1.150000000000000000e+02
1.000000000000000000e+00 4.070000000000000000e+02 3.930000000000000000e+02 1.150000000000000000e+02 3.920000000000000000e+02
1.000000000000000000e+00 4.070000000000000000e+02 3.930000000000000000e+02 1.150000000000000000e+02 3.920000000000000000e+02
1.000000000000000000e+00 4.070000000000000000e+02 3.930000000000000000e+02 1.150000000000000000e+02 3.970000000000000000e+02
1.000000000000000000e+00 4.070000000000000000e+02 3.930000000000000000e+02 1.150000000000000000e+02 3.970000000000000000e+02
1.000000000000000000e+00 4.070000000000000000e+02 3.930000000000000000e+02 1.150000000000000000e+02 3.970000000000000000e+02
1.000000000000000000e+00 4.070000000000000000e+02 3.930000000000000000e+02 3.970000000000000000e+02 1.150000000000000000e+02
1.000000000000000000e+00 4.070000000000000000e+02 3.930000000000000000e+02 3.970000000000000000e+02 3.510000000000000000e+02
1.000000000000000000e+00 4.070000000000000000e+02 3.930000000000000000e+02 3.970000000000000000e+02 3.510000000000000000e+02
1.000000000000000000e+00 4.070000000000000000e+02 3.930000000000000000e+02 3.510000000000000000e+02 3.970000000000000000e+02
1.000000000000000000e+00 4.070000000000000000e+02 3.930000000000000000e+02 3.510000000000000000e+02 3.970000000000000000e+02
1.000000000000000000e+00 4.070000000000000000e+02 3.930000000000000000e+02 3.510000000000000000e+02 3.920000000000000000e+02
1.000000000000000000e+00 4.070000000000000000e+02 3.930000000000000000e+02 3.510000000000000000e+02 3.920000000000000000e+02
1.000000000000000000e+00 4.070000000000000000e+02 3.930000000000000000e+02 3.510000000000000000e+02 3.920000000000000000e+02
1.000000000000000000e+00 4.070000000000000000e+02 3.930000000000000000e+02 3.510000000000000000e+02 4.800000000000000000e+02
1.000000000000000000e+00 4.070000000000000000e+02 3.930000000000000000e+02 3.510000000000000000e+02 4.800000000000000000e+02
1.000000000000000000e+00 4.070000000000000000e+02 3.930000000000000000e+02 3.510000000000000000e+02 4.800000000000000000e+02
1.000000000000000000e+00 4.070000000000000000e+02 3.930000000000000000e+02 3.510000000000000000e+02 4.800000000000000000e+02
1.000000000000000000e+00 4.070000000000000000e+02 3.930000000000000000e+02 3.510000000000000000e+02 4.800000000000000000e+02
1.000000000000000000e+00 4.070000000000000000e+02 3.930000000000000000e+02 3.510000000000000000e+02 4.800000000000000000e+02
1.000000000000000000e+00 4.070000000000000000e+02 3.930000000000000000e+02 3.510000000000000000e+02 4.800000000000000000e+02
1.000000000000000000e+00 4.070000000000000000e+02 3.930000000000000000e+02 3.510000000000000000e+02 4.800000000000000000e+02
1.000000000000000000e+00 4.070000000000000000e+02 3.930000000000000000e+02 3.510000000000000000e+02 4.800000000000000000e+02
1.000000000000000000e+00 4.070000000000000000e+02 3.930000000000000000e+02 3.510000000000000000e+02 4.800000000000000000e+02
1.000000000000000000e+00 4.070000000000000000e+02 3.510000000000000000e+02 3.930000000000000000e+02 4.800000000000000000e+02
1.000000000000000000e+00 4.070000000000000000e+02 3.510000000000000000e+02 3.930000000000000000e+02 4.800000000000000000e+02
1.000000000000000000e+00 4.070000000000000000e+02 3.510000000000000000e+02 3.930000000000000000e+02 4.800000000000000000e+02
1.000000000000000000e+00 4.070000000000000000e+02 3.510000000000000000e+02 3.930000000000000000e+02 4.800000000000000000e+02
1.000000000000000000e+00 4.070000000000000000e+02 3.510000000000000000e+02 3.930000000000000000e+02 4.800000000000000000e+02
1.000000000000000000e+00 4.070000000000000000e+02 3.510000000000000000e+02 3.930000000000000000e+02 4.800000000000000000e+02
1.000000000000000000e+00 4.070000000000000000e+02 3.510000000000000000e+02 3.930000000000000000e+02 4.800000000000000000e+02
1.000000000000000000e+00 4.070000000000000000e+02 3.510000000000000000e+02 3.930000000000000000e+02 4.800000000000000000e+02
1.000000000000000000e+00 4.070000000000000000e+02 3.510000000000000000e+02 3.930000000000000000e+02 4.800000000000000000e+02
1.000000000000000000e+00 4.070000000000000000e+02 3.510000000000000000e+02 3.930000000000000000e+02 4.800000000000000000e+02
1.000000000000000000e+00 4.070000000000000000e+02 3.510000000000000000e+02 3.930000000000000000e+02 4.800000000000000000e+02
1.000000000000000000e+00 4.070000000000000000e+02 3.510000000000000000e+02 3.930000000000000000e+02 4.800000000000000000e+02
1.000000000000000000e+00 4.070000000000000000e+02 3.510000000000000000e+02 3.930000000000000000e+02 4.800000000000000000e+02
1.000000000000000000e+00 4.070000000000000000e+02 3.510000000000000000e+02 3.930000000000000000e+02 4.800000000000000000e+02
1.000000000000000000e+00 4.070000000000000000e+02 3.510000000000000000e+02 3.930000000000000000e+02 4.800000000000000000e+02
1.000000000000000000e+00 4.070000000000000000e+02 3.510000000000000000e+02 3.930000000000000000e+02 4.800000000000000000e+02
1.000000000000000000e+00 4.070000000000000000e+02 3.510000000000000000e+02 3.930000000000000000e+02 4.800000000000000000e+02
1.000000000000000000e+00 4.070000000000000000e+02 3.510000000000000000e+02 3.930000000000000000e+02 4.800000000000000000e+02
1.000000000000000000e+00 4.070000000000000000e+02 3.510000000000000000e+02 3.930000000000000000e+02 4.800000000000000000e+02
1.000000000000000000e+00 4.070000000000000000e+02 3.510000000000000000e+02 3.930000000000000000e+02 4.800000000000000000e+02
1.000000000000000000e+00 4.070000000000000000e+02 3.510000000000000000e+02 3.930000000000000000e+02 4.800000000000000000e+02
1.000000000000000000e+00 4.070000000000000000e+02 3.510000000000000000e+02 3.930000000000000000e+02 4.800000000000000000e+02
