          0  0.16796522  7.74780655
        100  0.00361375 24.42042160
        200  0.00217497 26.62547684
        300  0.00138243 28.59356117
        400  0.00111955 29.50955963
        500  0.00089007 30.50576401
        600  0.00074913 31.25440788
        700  0.00064002 31.93808174
        800  0.00057667 32.39076233
        900  0.00053825 32.69016647
       1000  0.00053940 32.68085098
       1100  0.00046898 33.28846741
       1200  0.00044021 33.56335068
       1300  0.00042198 33.74706650
       1400  0.00040159 33.96212769
       1500  0.00037377 34.27392578
       1600  0.00036056 34.43021393
       1700  0.00035761 34.46588135
       1800  0.00036074 34.42807007
       1900  0.00033427 34.75902557
       2000  0.00033345 34.76972961
       2100  0.00030660 35.13428497
       2200  0.00030121 35.21136475
       2300  0.00030311 35.18393707
       2400  0.00029987 35.23073196
       2500  0.00028785 35.40836334
       2600  0.00027592 35.59223557
       2700  0.00026920 35.69927979
       2800  0.00026368 35.78921890
       2900  0.00025570 35.92277145
       3000  0.00024401 36.12587357
       3100  0.00024568 36.09622192
       3200  0.00024430 36.12076187
       3300  0.00023390 36.30971909
       3400  0.00024908 36.03659821
       3500  0.00022748 36.43064117
       3600  0.00022335 36.51008987
       3700  0.00020830 36.81315231
       3800  0.00020296 36.92590714
       3900  0.00020514 36.87942123
       4000  0.00020054 36.97791672
       4100  0.00019002 37.21189880
       4200  0.00021854 36.60475540
       4300  0.00018774 37.26451874
       4400  0.00017931 37.46383667
       4500  0.00018096 37.42424011
       4600  0.00018681 37.28597260
       4700  0.00017040 37.68530273
       4800  0.00019866 37.01882172
       4900  0.00017157 37.65549850
       5000  0.00016021 37.95313644
