7.408501696772873402e-04
9.951565265655517578e-01
9.959858059883117676e-01
9.973600506782531738e-01
9.974524378776550293e-01
9.990195035934448242e-01
9.991977810859680176e-01
9.991624355316162109e-01
9.990447163581848145e-01
9.990167617797851562e-01
9.990424513816833496e-01
9.990223646163940430e-01
9.989638328552246094e-01
9.989194869995117188e-01
9.989259839057922363e-01
9.989672899246215820e-01
9.989934563636779785e-01
9.989588260650634766e-01
9.989610910415649414e-01
9.989650249481201172e-01
9.989221096038818359e-01
9.989346861839294434e-01
9.989728927612304688e-01
9.989878535270690918e-01
9.989734888076782227e-01
9.990301132202148438e-01
9.990498423576354980e-01
9.990963935852050781e-01
9.990851879119873047e-01
9.990710020065307617e-01
9.990830421447753906e-01
9.990707039833068848e-01
9.990879297256469727e-01
9.990923404693603516e-01
9.990577101707458496e-01
9.990541338920593262e-01
9.990451931953430176e-01
9.990190267562866211e-01
9.989728927612304688e-01
9.989688396453857422e-01
9.989691972732543945e-01
9.989762306213378906e-01
9.989331364631652832e-01
9.989332556724548340e-01
9.989359974861145020e-01
9.989137649536132812e-01
9.989013671875000000e-01
9.989113807678222656e-01
9.989113807678222656e-01
9.988440275192260742e-01
9.988589286804199219e-01
