4.063714129000524085e-04
2.130189957014019808e-02
4.907250278419714520e-03
1.107465586975674432e-01
1.683144398169273692e-01
1.873282980142797483e-01
2.307644581940872797e-01
3.873159793269521090e-01
6.253022175313202036e-01
7.443503967275308941e-01
8.374246749049064631e-01
8.855570048575169828e-01
8.921671957174047707e-01
9.144840388112208673e-01
9.299772788655956690e-01
9.308060977781607015e-01
9.243892069552506197e-01
9.306468766494362388e-01
9.326940320506855731e-01
9.388525066713032663e-01
9.331685917111528505e-01
9.284601777404393186e-01
9.237710689436178235e-01
9.181481732308499621e-01
9.075188438050658668e-01
9.014686892115921779e-01
8.934413371942853122e-01
8.953360375888496092e-01
8.931215292975256403e-01
8.831490723801870280e-01
8.733367677092847003e-01
8.731033054616695877e-01
8.709689353680779567e-01
8.717187954986790333e-01
8.683518117781549028e-01
8.591539206480380830e-01
8.564329463959878819e-01
8.499414420071024212e-01
8.414950249449538733e-01
8.441931557758070026e-01
8.402885446884669207e-01
8.281251677951709800e-01
8.370563868126170703e-01
8.276843145958722170e-01
8.303362619882180828e-01
8.218430407424210937e-01
8.163570193332936320e-01
8.111687693684123124e-01
8.079365494180483775e-01
8.046918524903456937e-01
7.939352082360962015e-01
