9.767621771208862328e-05
7.650750108311439313e-01
9.550846755441789737e-01
9.446417711893712044e-01
9.008171131156668121e-01
8.888699868314080543e-01
8.862352900529892885e-01
8.727043249055771446e-01
8.782921250475056452e-01
8.923894588891969626e-01
8.991594053923656071e-01
9.140888646056561928e-01
9.240838472712397111e-01
9.291059513657942137e-01
9.271275745178115812e-01
9.306817184660837183e-01
9.320746479075636692e-01
9.318200204790407781e-01
9.291898487798032624e-01
9.271206645996022955e-01
9.270996902461000611e-01
9.260417389634694185e-01
9.266883972383563872e-01
9.289976552140377652e-01
9.320034696350371073e-01
9.316292945065233200e-01
9.323986191170531290e-01
9.345198417078383057e-01
9.340130328395391812e-01
9.321907712233092891e-01
9.328663533151250187e-01
9.311898114784747937e-01
9.303374455499974216e-01
9.306748696975932766e-01
9.324197157699927185e-01
9.346092425965271122e-01
9.331626237020590464e-01
9.315757273529723381e-01
9.323018191124057275e-01
9.319347373512570920e-01
9.331831700075305935e-01
9.325174330204200057e-01
9.330953590115270702e-01
9.333595869458803929e-01
9.308371610509312832e-01
9.286933130642399670e-01
9.287571533705266669e-01
9.273963886810647761e-01
9.258412901856841737e-01
9.256373558739349194e-01
9.238191301391369681e-01
