2.055199816823005676e-03 2.055199816823005676e-03 5.702520138584077358e-04 2.964806335512548685e-04 2.372212329646572471e-04 2.815444488078355789e-03
2.607561182230710983e-03 2.607561182230710983e-03 8.714135037735104561e-04 6.207275437191128731e-04 1.182822743430733681e-04 4.971863236278295517e-03
8.450693488121032715e-01 8.450693488121032715e-01 9.730677265906706452e-05 1.457621459849178791e-03 8.502940181642770767e-05 6.685156258754432201e-04
8.295382261276245117e-01 8.295382261276245117e-01 1.956898049684241414e-04 1.452952506951987743e-03 2.029452589340507984e-04 6.511445390060544014e-04
9.277165532112121582e-01 9.277165532112121582e-01 9.544343629386276007e-05 7.713770610280334949e-04 7.075209578033536673e-05 3.091467951890081167e-04
9.322708845138549805e-01 9.322708845138549805e-01 8.628016803413629532e-05 8.273923886008560658e-04 5.868246444151736796e-05 1.546231651445850730e-04
8.970175981521606445e-01 8.970175981521606445e-01 1.338059519184753299e-04 1.792310387827455997e-03 8.373666787520051003e-05 2.230415266240015626e-04
9.002304077148437500e-01 9.002304077148437500e-01 1.274613750865682960e-04 1.883014221675693989e-03 7.887883839430287480e-05 2.452534681651741266e-04
9.088405966758728027e-01 9.088405966758728027e-01 1.222652063006535172e-04 2.027663402259349823e-03 7.309664943022653461e-05 2.275667502544820309e-04
9.085438251495361328e-01 9.085438251495361328e-01 1.304024044657126069e-04 1.953237224370241165e-03 7.309277862077578902e-05 2.196843124693259597e-04
9.015080332756042480e-01 9.015080332756042480e-01 1.494666357757523656e-04 1.790430396795272827e-03 7.863954670028761029e-05 2.370902366237714887e-04
8.965380787849426270e-01 8.965380787849426270e-01 1.679684937698766589e-04 1.609867787919938564e-03 8.255293505499139428e-05 2.459787647239863873e-04
8.982009887695312500e-01 8.982009887695312500e-01 1.727730123093351722e-04 1.363712130114436150e-03 8.052319026319310069e-05 2.383312967140227556e-04
8.984363079071044922e-01 8.984363079071044922e-01 1.779003796400502324e-04 1.197571051307022572e-03 7.960796210682019591e-05 2.436763461446389556e-04
9.015690088272094727e-01 9.015690088272094727e-01 1.734309480525553226e-04 1.097147352993488312e-03 7.700804417254403234e-05 2.382254897383973002e-04
9.000297784805297852e-01 9.000297784805297852e-01 1.767713692970573902e-04 1.061779796145856380e-03 7.762063614791259170e-05 2.445337886456400156e-04
8.993220329284667969e-01 8.993220329284667969e-01 1.827493688324466348e-04 9.983464842662215233e-04 7.905689562903717160e-05 2.400246448814868927e-04
8.979169726371765137e-01 8.979169726371765137e-01 1.878573821159079671e-04 9.605770464986562729e-04 8.054941281443461776e-05 2.345741813769564033e-04
8.964658975601196289e-01 8.964658975601196289e-01 1.928640122059732676e-04 9.092970867641270161e-04 8.078259270405396819e-05 2.335745666641741991e-04
8.990676999092102051e-01 8.990676999092102051e-01 1.900018105516210198e-04 8.242219337262213230e-04 7.817039295332506299e-05 2.230450772913172841e-04
9.018883705139160156e-01 9.018883705139160156e-01 1.887652615550905466e-04 7.649238687008619308e-04 7.575079507660120726e-05 2.111497888108715415e-04
9.019259810447692871e-01 9.019259810447692871e-01 1.902332151075825095e-04 7.468786789104342461e-04 7.563037070212885737e-05 2.121144789271056652e-04
9.008434414863586426e-01 9.008434414863586426e-01 1.952798338606953621e-04 7.372645195573568344e-04 7.702603033976629376e-05 2.116399555234238505e-04
9.007374048233032227e-01 9.007374048233032227e-01 1.966931449715048075e-04 7.225575973279774189e-04 7.792012911522760987e-05 2.098511467920616269e-04
8.976457118988037109e-01 8.976457118988037109e-01 2.025512512773275375e-04 7.328442297875881195e-04 8.058799721766263247e-05 2.154549729311838746e-04
8.974840044975280762e-01 8.974840044975280762e-01 2.058603131445124745e-04 7.298235432244837284e-04 8.140694262692704797e-05 2.193487744079902768e-04
8.942367434501647949e-01 8.942367434501647949e-01 2.145106991520151496e-04 7.287585758604109287e-04 8.421222446486353874e-05 2.240172761958092451e-04
8.947839140892028809e-01 8.947839140892028809e-01 2.164618053939193487e-04 6.998770404607057571e-04 8.361605432583019137e-05 2.244097413495182991e-04
8.930949568748474121e-01 8.930949568748474121e-01 2.205541677540168166e-04 7.109370199032127857e-04 8.528539183316752315e-05 2.283411449752748013e-04
8.919313549995422363e-01 8.919313549995422363e-01 2.248115197289735079e-04 7.070134743116796017e-04 8.622974564787000418e-05 2.265602815896272659e-04
8.919880390167236328e-01 8.919880390167236328e-01 2.272381534567102790e-04 6.886884220875799656e-04 8.638232247903943062e-05 2.245804644189774990e-04
8.924635648727416992e-01 8.924635648727416992e-01 2.262695488752797246e-04 6.963613559491932392e-04 8.522420830558985472e-05 2.228078810730949044e-04
8.920676112174987793e-01 8.920676112174987793e-01 2.301553613506257534e-04 6.660245126113295555e-04 8.568741031922399998e-05 2.203258773079141974e-04
8.927323818206787109e-01 8.927323818206787109e-01 2.289377880515530705e-04 6.544431089423596859e-04 8.502165292156860232e-05 2.167165075661614537e-04
8.936857581138610840e-01 8.936857581138610840e-01 2.275690494570881128e-04 6.352815544232726097e-04 8.466653525829315186e-05 2.138196578016504645e-04
8.932333588600158691e-01 8.932333588600158691e-01 2.299081825185567141e-04 6.264099502004683018e-04 8.503747812937945127e-05 2.123708982253447175e-04
8.938147425651550293e-01 8.938147425651550293e-01 2.280599292134866118e-04 6.290835444815456867e-04 8.469822205370292068e-05 2.091330970870330930e-04
8.969233036041259766e-01 8.969233036041259766e-01 2.232061815448105335e-04 6.115986034274101257e-04 8.235206769313663244e-05 1.996758364839479327e-04
8.983346819877624512e-01 8.983346819877624512e-01 2.194622793467715383e-04 6.044298643246293068e-04 8.124659507302567363e-05 1.974149927264079452e-04
8.988079428672790527e-01 8.988079428672790527e-01 2.199343871325254440e-04 6.020503351464867592e-04 8.061718835961073637e-05 1.951234735315665603e-04
8.990691900253295898e-01 8.990691900253295898e-01 2.183103933930397034e-04 6.000479916110634804e-04 8.050469477893784642e-05 1.953597238752990961e-04
8.989642858505249023e-01 8.989642858505249023e-01 2.177906571887433529e-04 6.080028251744806767e-04 8.039495151024311781e-05 1.948893914232030511e-04
8.993855118751525879e-01 8.993855118751525879e-01 2.171388769056648016e-04 6.093048723414540291e-04 8.051189070101827383e-05 1.949295983649790287e-04
9.005764126777648926e-01 9.005764126777648926e-01 2.135182730853557587e-04 6.023705354891717434e-04 7.952713349368423223e-05 1.930277940118685365e-04
8.988022804260253906e-01 8.988022804260253906e-01 2.153641980839893222e-04 6.167931715026497841e-04 8.136209362419322133e-05 1.965164992725476623e-04
8.995141386985778809e-01 8.995141386985778809e-01 2.168508071918040514e-04 6.109800306148827076e-04 8.075928053585812449e-05 1.944802206708118320e-04
9.004371762275695801e-01 9.004371762275695801e-01 2.148902131011709571e-04 6.062713218852877617e-04 8.004820119822397828e-05 1.918257621582597494e-04
8.993810415267944336e-01 8.993810415267944336e-01 2.163700555684044957e-04 6.066333735361695290e-04 8.119420090224593878e-05 1.945775875356048346e-04
9.005470871925354004e-01 9.005470871925354004e-01 2.139971038559451699e-04 6.100103491917252541e-04 8.030029130168259144e-05 1.926279946928843856e-04
8.998493552207946777e-01 8.998493552207946777e-01 2.149622014258056879e-04 6.098110461607575417e-04 8.110008639050647616e-05 1.955995394382625818e-04
9.002784490585327148e-01 9.002784490585327148e-01 2.139063290087506175e-04 6.121763144619762897e-04 8.099734986899420619e-05 1.937376364367082715e-04
