9.215773789533711000e-04
1.041828346200437093e-03
8.414838193867396621e-02
1.283085612339901482e-01
2.107143263095630492e-01
2.033527233600135320e-01
8.223882622372248596e-02
4.160707772017512712e-02
2.855373318229921867e-02
2.834554629950428173e-02
3.434194391149816145e-02
6.383766513236201201e-02
7.307306766110825691e-02
7.804325817991147884e-02
8.442952268663383997e-02
7.545485716588573588e-02
6.609709216766528062e-02
6.619600163827776829e-02
7.318146627779835434e-02
7.924948226259476147e-02
8.649881159170834388e-02
8.575343616879782527e-02
9.576189733173884333e-02
1.005629623894350733e-01
1.076013438955848167e-01
1.134646950992052594e-01
1.196795275949719128e-01
1.170915233075201511e-01
1.246477990643009987e-01
1.226518584444155485e-01
1.216488229510050423e-01
1.295887240786237626e-01
1.395167604614398760e-01
1.372342171835528035e-01
1.365698108865314730e-01
1.343339706299811198e-01
1.324435131477769978e-01
1.393439445205749416e-01
1.335938818193238564e-01
1.234191737694870228e-01
1.213382506269756050e-01
1.232152378580632646e-01
1.197742529841588355e-01
1.217159435516025762e-01
1.233129709882529040e-01
1.270015040181205479e-01
1.274834991269062912e-01
1.306926111576193483e-01
1.316168456819984400e-01
1.342048222908520105e-01
1.321555819170625312e-01
