2.100000000000000000e+01 5.490000000000000000e+02 9.200000000000000000e+01 7.800000000000000000e+01 1.280000000000000000e+02
1.030000000000000000e+02 3.620000000000000000e+02 2.970000000000000000e+02 8.000000000000000000e+01 3.510000000000000000e+02
7.300000000000000000e+01 3.100000000000000000e+02 7.700000000000000000e+01 7.400000000000000000e+01 1.260000000000000000e+02
7.300000000000000000e+01 1.260000000000000000e+02 7.700000000000000000e+01 7.400000000000000000e+01 7.000000000000000000e+01
7.300000000000000000e+01 7.700000000000000000e+01 1.260000000000000000e+02 7.400000000000000000e+01 3.100000000000000000e+02
7.300000000000000000e+01 7.700000000000000000e+01 3.100000000000000000e+02 3.030000000000000000e+02 1.260000000000000000e+02
7.300000000000000000e+01 3.100000000000000000e+02 7.700000000000000000e+01 3.030000000000000000e+02 7.000000000000000000e+01
3.100000000000000000e+02 7.300000000000000000e+01 7.700000000000000000e+01 3.030000000000000000e+02 7.000000000000000000e+01
3.100000000000000000e+02 7.300000000000000000e+01 7.700000000000000000e+01 7.000000000000000000e+01 3.030000000000000000e+02
3.100000000000000000e+02 7.300000000000000000e+01 7.000000000000000000e+01 3.030000000000000000e+02 7.700000000000000000e+01
3.100000000000000000e+02 7.300000000000000000e+01 7.000000000000000000e+01 7.700000000000000000e+01 3.030000000000000000e+02
3.100000000000000000e+02 7.300000000000000000e+01 7.700000000000000000e+01 7.000000000000000000e+01 3.030000000000000000e+02
3.100000000000000000e+02 7.300000000000000000e+01 7.700000000000000000e+01 7.000000000000000000e+01 3.030000000000000000e+02
3.100000000000000000e+02 7.300000000000000000e+01 7.700000000000000000e+01 7.000000000000000000e+01 7.400000000000000000e+01
3.100000000000000000e+02 7.300000000000000000e+01 7.700000000000000000e+01 7.400000000000000000e+01 7.000000000000000000e+01
3.100000000000000000e+02 7.300000000000000000e+01 7.700000000000000000e+01 7.400000000000000000e+01 7.000000000000000000e+01
3.100000000000000000e+02 7.300000000000000000e+01 7.700000000000000000e+01 7.400000000000000000e+01 7.000000000000000000e+01
3.100000000000000000e+02 7.300000000000000000e+01 7.700000000000000000e+01 7.400000000000000000e+01 7.000000000000000000e+01
7.300000000000000000e+01 3.100000000000000000e+02 7.700000000000000000e+01 7.400000000000000000e+01 7.000000000000000000e+01
7.300000000000000000e+01 3.100000000000000000e+02 7.700000000000000000e+01 7.400000000000000000e+01 7.000000000000000000e+01
7.300000000000000000e+01 3.100000000000000000e+02 7.700000000000000000e+01 7.400000000000000000e+01 7.000000000000000000e+01
7.300000000000000000e+01 3.100000000000000000e+02 7.700000000000000000e+01 7.400000000000000000e+01 7.000000000000000000e+01
7.300000000000000000e+01 3.100000000000000000e+02 7.700000000000000000e+01 7.400000000000000000e+01 7.000000000000000000e+01
7.300000000000000000e+01 3.100000000000000000e+02 7.700000000000000000e+01 7.400000000000000000e+01 7.000000000000000000e+01
7.300000000000000000e+01 7.700000000000000000e+01 3.100000000000000000e+02 7.400000000000000000e+01 8.150000000000000000e+02
7.300000000000000000e+01 7.700000000000000000e+01 3.100000000000000000e+02 7.400000000000000000e+01 8.150000000000000000e+02
7.300000000000000000e+01 7.700000000000000000e+01 3.100000000000000000e+02 7.400000000000000000e+01 8.150000000000000000e+02
7.300000000000000000e+01 7.700000000000000000e+01 3.100000000000000000e+02 7.400000000000000000e+01 8.150000000000000000e+02
7.300000000000000000e+01 7.700000000000000000e+01 7.400000000000000000e+01 3.100000000000000000e+02 8.150000000000000000e+02
7.300000000000000000e+01 7.700000000000000000e+01 7.400000000000000000e+01 3.100000000000000000e+02 8.150000000000000000e+02
7.300000000000000000e+01 7.700000000000000000e+01 7.400000000000000000e+01 3.100000000000000000e+02 8.150000000000000000e+02
7.300000000000000000e+01 7.700000000000000000e+01 7.400000000000000000e+01 3.100000000000000000e+02 8.150000000000000000e+02
7.300000000000000000e+01 7.700000000000000000e+01 7.400000000000000000e+01 3.100000000000000000e+02 8.150000000000000000e+02
7.300000000000000000e+01 7.700000000000000000e+01 7.400000000000000000e+01 3.100000000000000000e+02 8.150000000000000000e+02
7.300000000000000000e+01 7.700000000000000000e+01 7.400000000000000000e+01 3.100000000000000000e+02 8.150000000000000000e+02
7.300000000000000000e+01 7.700000000000000000e+01 7.400000000000000000e+01 3.100000000000000000e+02 8.150000000000000000e+02
7.300000000000000000e+01 7.700000000000000000e+01 7.400000000000000000e+01 3.100000000000000000e+02 8.150000000000000000e+02
7.300000000000000000e+01 7.700000000000000000e+01 7.400000000000000000e+01 3.100000000000000000e+02 8.150000000000000000e+02
7.300000000000000000e+01 7.700000000000000000e+01 7.400000000000000000e+01 3.100000000000000000e+02 8.150000000000000000e+02
7.300000000000000000e+01 7.700000000000000000e+01 7.400000000000000000e+01 3.100000000000000000e+02 8.150000000000000000e+02
7.300000000000000000e+01 7.700000000000000000e+01 7.400000000000000000e+01 3.100000000000000000e+02 8.150000000000000000e+02
7.300000000000000000e+01 7.700000000000000000e+01 7.400000000000000000e+01 3.100000000000000000e+02 8.150000000000000000e+02
7.300000000000000000e+01 7.700000000000000000e+01 7.400000000000000000e+01 3.100000000000000000e+02 8.150000000000000000e+02
7.300000000000000000e+01 7.700000000000000000e+01 7.400000000000000000e+01 3.100000000000000000e+02 8.150000000000000000e+02
7.300000000000000000e+01 7.700000000000000000e+01 7.400000000000000000e+01 3.100000000000000000e+02 8.150000000000000000e+02
7.300000000000000000e+01 7.700000000000000000e+01 7.400000000000000000e+01 3.100000000000000000e+02 8.150000000000000000e+02
7.300000000000000000e+01 7.700000000000000000e+01 7.400000000000000000e+01 3.100000000000000000e+02 8.150000000000000000e+02
7.300000000000000000e+01 7.700000000000000000e+01 7.400000000000000000e+01 3.100000000000000000e+02 8.150000000000000000e+02
7.300000000000000000e+01 7.700000000000000000e+01 7.400000000000000000e+01 3.100000000000000000e+02 8.150000000000000000e+02
7.300000000000000000e+01 7.700000000000000000e+01 7.400000000000000000e+01 3.100000000000000000e+02 8.150000000000000000e+02
7.300000000000000000e+01 7.700000000000000000e+01 7.400000000000000000e+01 8.150000000000000000e+02 3.100000000000000000e+02
