       1    0.0000000000
       2    0.0000000000
       3    0.0000000000
       4    0.0000000001
       5    0.0000000021
       6    0.0000000409
       7    0.0000004783
       8    0.0000052748
       9    0.0000401224
      10    0.0001711182
      11    0.0012195939
      12    0.0034138681
      13    0.0125871180
      14    0.0604452640
      15    0.0964602232
      16    0.1694909930
      17    0.2376164347
      18    0.3897483349
      19    0.5763770342
      20    0.6285302043
      21    0.7325850725
      22    0.7778432369
      23    0.8279376030
      24    0.8205633759
      25    0.8886911273
      26    0.8928139210
      27    0.8759683371
      28    0.9361696243
      29    0.9225745201
      30    0.9344690442
      31    0.9444053769
      32    0.9488752484
      33    0.9564390182
      34    0.9536598325
      35    0.9354962707
      36    0.9576294422
      37    0.9525833726
      38    0.9618788362
      39    0.9581257701
      40    0.9699276686
      41    0.9593316317
      42    0.9625790715
      43    0.9549321532
      44    0.9654116631
      45    0.9665912390
      46    0.9616595507
      47    0.9704803824
      48    0.9617354870
      49    0.9649943113
      50    0.9651391506
      51    0.9684734941
      52    0.9626571536
      53    0.9677870274
      54    0.9464872479
      55    0.9649467468
      56    0.9553848505
      57    0.9567865729
      58    0.9595060349
      59    0.9579276443
      60    0.9742057323
      61    0.9572653770
      62    0.9614474177
      63    0.9490684867
      64    0.9354037642
      65    0.9398237467
      66    0.9486677647
      67    0.9413222075
      68    0.9444115162
      69    0.9261959791
      70    0.9107682109
      71    0.9246765375
      72    0.9210704565
      73    0.9119089842
      74    0.9140228629
      75    0.8839740753
      76    0.8733117580
      77    0.8646998405
      78    0.8663606644
      79    0.7868512869
      80    0.8012101650
      81    0.7897062898
      82    0.6817355156
      83    0.7389399409
      84    0.6836999655
      85    0.7060118318
      86    0.6509849429
      87    0.4683619142
      88    0.6778787374
      89    0.5724887848
      90    0.5741063952
      91    0.4032247961
      92    0.4642905891
      93    0.3846829236
      94    0.3195808530
      95    0.2981131971
      96    0.3439243436
      97    0.2830500305
      98    0.1849978268
      99    0.1481084377
     100    0.1983044297
     101    0.1782640219
     102    0.0973336995
     103    0.1016119868
     104    0.0877283141
     105    0.1112255007
     106    0.0734654590
     107    0.0631373078
     108    0.0525966957
     109    0.0337906890
     110    0.0442379117
     111    0.0173936691
     112    0.0403384902
     113    0.0147433458
     114    0.0149571467
     115    0.0233208984
     116    0.0130371591
     117    0.0054278751
     118    0.0046667103
     119    0.0050401515
     120    0.0026390855
     121    0.0030634557
     122    0.0028164163
     123    0.0017255573
     124    0.0016609990
     125    0.0011296939
     126    0.0008378054
     127    0.0009846168
     128    0.0008631673
