       1    0.0000000000
       2    0.0000000000
       3    0.0000000000
       4    0.0000000000
       5    0.0000000000
       6    0.0000000000
       7    0.0000000000
       8    0.0000000000
       9    0.0000000000
      10    0.0000000000
      11    0.0000000001
      12    0.0000000015
      13    0.0000000176
      14    0.0000002084
      15    0.0000013965
      16    0.0000045203
      17    0.0000218152
      18    0.0000522746
      19    0.0000458781
      20    0.0002642021
      21    0.0002900142
      22    0.0004719071
      23    0.0007192793
      24    0.0010538006
      25    0.0010631031
      26    0.0019682439
      27    0.0045372224
      28    0.0039323252
      29    0.0023587628
      30    0.0035947270
      31    0.0056374967
      32    0.0023436686
      33    0.0155131817
      34    0.0138335107
      35    0.0094789891
      36    0.0037680781
      37    0.0085432064
      38    0.0075931167
      39    0.0089199292
      40    0.0077133048
      41    0.0077900714
      42    0.0051773675
      43    0.0089385957
      44    0.0163829476
      45    0.0090988502
      46    0.0295150131
      47    0.0086088115
      48    0.0221691262
      49    0.0236454625
      50    0.0324660912
      51    0.0113205742
      52    0.0059636822
      53    0.0520806015
      54    0.0089806132
      55    0.0065629650
      56    0.0166858844
      57    0.0154031068
      58    0.0264247470
      59    0.0087529458
      60    0.0067654173
      61    0.0046653235
      62    0.0049207811
      63    0.0071243835
      64    0.0040703765
      65    0.0013293542
      66    0.0056357663
      67    0.0037575047
      68    0.0061751967
      69    0.0023087016
      70    0.0057792244
      71    0.0057081631
      72    0.0020256909
      73    0.0037236819
      74    0.0032998431
      75    0.0044763205
      76    0.0055475957
      77    0.0030087605
      78    0.0042913258
      79    0.0018282570
      80    0.0023100004
      81    0.0011044876
      82    0.0020926869
      83    0.0017602446
      84    0.0009542502
      85    0.0009228350
      86    0.0009351672
      87    0.0004904165
      88    0.0006402064
      89    0.0009356567
      90    0.0011820002
      91    0.0004977323
      92    0.0008726403
      93    0.0003255632
      94    0.0003610521
      95    0.0006075504
      96    0.0004950226
      97    0.0003000218
      98    0.0002877561
      99    0.0003680180
     100    0.0003580543
     101    0.0002013280
     102    0.0002769603
     103    0.0001331107
     104    0.0001809017
     105    0.0002151758
     106    0.0001611871
     107    0.0001911018
     108    0.0001529011
     109    0.0000943874
     110    0.0001435910
     111    0.0001907942
     112    0.0001906291
     113    0.0001254788
     114    0.0001366561
     115    0.0001346372
     116    0.0001088671
     117    0.0001165409
     118    0.0001442651
     119    0.0000992386
     120    0.0001619126
     121    0.0001353575
     122    0.0001998173
     123    0.0001437433
     124    0.0001573140
     125    0.0001658989
     126    0.0001264470
     127    0.0001481936
     128    0.0001429403
