 Iterations  Total_Loss        PSNR
        100  0.01414327 18.49450302
        200  0.00658547 21.81413269
        300  0.00395574 24.02772141
        400  0.00327404 24.84915543
        500  0.00323184 24.90550804
        600  0.00274022 25.62214279
        700  0.00242675 26.14975739
        800  0.00213650 26.70296860
        900  0.00238788 26.21986961
       1000  0.00230753 26.36852074
       1100  0.00198492 27.02256966
       1200  0.00186459 27.29417229
       1300  0.00198442 27.02367020
       1400  0.00176431 27.53426361
       1500  0.00168678 27.72941017
       1600  0.00177507 27.50785637
       1700  0.00171302 27.66238594
       1800  0.00156771 28.04735184
       1900  0.00146307 28.34736061
       2000  0.00136367 28.65291405
       2100  0.00142361 28.46610451
       2200  0.00143638 28.42731476
       2300  0.00135557 28.67879486
       2400  0.00129458 28.87870979
       2500  0.00128349 28.91606140
       2600  0.00124501 29.04828262
       2700  0.00118083 29.27813721
       2800  0.00124295 29.05545807
       2900  0.00119316 29.23301506
       3000  0.00129212 28.88697243
       3100  0.00115289 29.38211632
       3200  0.00111680 29.52026176
       3300  0.00106904 29.71007729
       3400  0.00124472 29.04928780
       3500  0.00118145 29.27584457
       3600  0.00103209 29.86283493
       3700  0.00097090 30.12825584
       3800  0.00096163 30.16991043
       3900  0.00102097 29.90987206
       4000  0.00095921 30.18083954
       4100  0.00102108 29.90938950
       4200  0.00100263 29.98859215
       4300  0.00101008 29.95643616
       4400  0.00098581 30.06208801
       4500  0.00095966 30.17880821
       4600  0.00096653 30.14786148
       4700  0.00105584 29.76402664
       4800  0.00093174 30.30707359
       4900  0.00086746 30.61752701
       5000  0.00086877 30.61096191
       5100  0.00088895 30.51121902
       5200  0.00091020 30.40864944
       5300  0.00096849 30.13906288
       5400  0.00091480 30.38672447
       5500  0.00085690 30.67069054
       5600  0.00079392 31.00223351
       5700  0.00090385 30.43902016
       5800  0.00086901 30.60976410
       5900  0.00084353 30.73898506
       6000  0.00091862 30.36862183
       6100  0.00084392 30.73700333
       6200  0.00087072 30.60122299
       6300  0.00085132 30.69908333
       6400  0.00089209 30.49593353
       6500  0.00081771 30.87402916
       6600  0.00075399 31.22635651
       6700  0.00078862 31.03129578
       6800  0.00086259 30.64193726
       6900  0.00082066 30.85836792
       7000  0.00085992 30.65540695
       7100  0.00077588 31.10205269
       7200  0.00077755 31.09270287
       7300  0.00076386 31.16984367
       7400  0.00077528 31.10542488
       7500  0.00073400 31.34302711
       7600  0.00077236 31.12182808
       7700  0.00072702 31.38453293
       7800  0.00077383 31.11352348
       7900  0.00072163 31.41687775
       8000  0.00068165 31.66438484
       8100  0.00077945 31.08210945
       8200  0.00082624 30.82891655
       8300  0.00070888 31.49424744
       8400  0.00077181 31.12490845
       8500  0.00070877 31.49496460
       8600  0.00075406 31.22591972
       8700  0.00069874 31.55683708
       8800  0.00068537 31.64076996
       8900  0.00069629 31.57209015
       9000  0.00074506 31.27808571
       9100  0.00072012 31.42592430
       9200  0.00067794 31.68805695
       9300  0.00071510 31.45631218
       9400  0.00065824 31.81613159
       9500  0.00066470 31.77372360
       9600  0.00071426 31.46142578
       9700  0.00066504 31.77154541
       9800  0.00070962 31.48974800
       9900  0.00065341 31.84813118
      10000  0.00072757 31.38124275
