3.900000000000000000e+02 3.970000000000000000e+02 6.500000000000000000e+01 7.410000000000000000e+02 1.800000000000000000e+01
8.500000000000000000e+01 1.800000000000000000e+01 1.380000000000000000e+02 1.400000000000000000e+01 8.000000000000000000e+01
1.900000000000000000e+01 1.100000000000000000e+01 1.000000000000000000e+01 1.200000000000000000e+01 2.000000000000000000e+01
2.900000000000000000e+01 1.000000000000000000e+01 1.500000000000000000e+01 1.100000000000000000e+01 1.900000000000000000e+01
2.900000000000000000e+01 1.000000000000000000e+00 3.060000000000000000e+02 3.210000000000000000e+02 3.010000000000000000e+02
1.000000000000000000e+00 2.900000000000000000e+01 3.210000000000000000e+02 2.700000000000000000e+01 3.010000000000000000e+02
1.000000000000000000e+00 2.900000000000000000e+01 3.210000000000000000e+02 2.700000000000000000e+01 9.600000000000000000e+01
1.000000000000000000e+00 2.700000000000000000e+01 2.900000000000000000e+01 3.210000000000000000e+02 9.600000000000000000e+01
1.000000000000000000e+00 2.700000000000000000e+01 2.900000000000000000e+01 3.210000000000000000e+02 9.600000000000000000e+01
1.000000000000000000e+00 2.900000000000000000e+01 2.700000000000000000e+01 3.930000000000000000e+02 1.150000000000000000e+02
1.000000000000000000e+00 2.900000000000000000e+01 2.700000000000000000e+01 3.930000000000000000e+02 1.150000000000000000e+02
1.000000000000000000e+00 2.900000000000000000e+01 2.700000000000000000e+01 1.150000000000000000e+02 3.930000000000000000e+02
1.000000000000000000e+00 2.900000000000000000e+01 1.150000000000000000e+02 2.700000000000000000e+01 3.930000000000000000e+02
1.000000000000000000e+00 2.900000000000000000e+01 1.150000000000000000e+02 2.700000000000000000e+01 3.930000000000000000e+02
1.000000000000000000e+00 2.900000000000000000e+01 1.150000000000000000e+02 2.700000000000000000e+01 3.930000000000000000e+02
1.000000000000000000e+00 2.900000000000000000e+01 1.150000000000000000e+02 2.700000000000000000e+01 3.930000000000000000e+02
1.000000000000000000e+00 2.900000000000000000e+01 1.150000000000000000e+02 3.930000000000000000e+02 2.700000000000000000e+01
1.000000000000000000e+00 2.900000000000000000e+01 1.150000000000000000e+02 3.930000000000000000e+02 3.270000000000000000e+02
1.000000000000000000e+00 2.900000000000000000e+01 1.150000000000000000e+02 3.930000000000000000e+02 3.270000000000000000e+02
1.000000000000000000e+00 1.150000000000000000e+02 2.900000000000000000e+01 3.930000000000000000e+02 3.270000000000000000e+02
1.000000000000000000e+00 1.150000000000000000e+02 2.900000000000000000e+01 3.930000000000000000e+02 3.270000000000000000e+02
1.000000000000000000e+00 1.150000000000000000e+02 2.900000000000000000e+01 3.930000000000000000e+02 3.270000000000000000e+02
1.000000000000000000e+00 1.150000000000000000e+02 2.900000000000000000e+01 3.930000000000000000e+02 3.270000000000000000e+02
1.000000000000000000e+00 1.150000000000000000e+02 2.900000000000000000e+01 3.930000000000000000e+02 3.270000000000000000e+02
1.000000000000000000e+00 1.150000000000000000e+02 2.900000000000000000e+01 3.930000000000000000e+02 3.270000000000000000e+02
1.000000000000000000e+00 1.150000000000000000e+02 2.900000000000000000e+01 3.930000000000000000e+02 3.270000000000000000e+02
1.000000000000000000e+00 1.150000000000000000e+02 2.900000000000000000e+01 3.930000000000000000e+02 3.270000000000000000e+02
1.000000000000000000e+00 1.150000000000000000e+02 2.900000000000000000e+01 3.930000000000000000e+02 3.270000000000000000e+02
1.000000000000000000e+00 1.150000000000000000e+02 2.900000000000000000e+01 3.930000000000000000e+02 3.270000000000000000e+02
1.000000000000000000e+00 1.150000000000000000e+02 2.900000000000000000e+01 3.930000000000000000e+02 3.270000000000000000e+02
1.000000000000000000e+00 1.150000000000000000e+02 2.900000000000000000e+01 3.930000000000000000e+02 3.270000000000000000e+02
1.000000000000000000e+00 1.150000000000000000e+02 2.900000000000000000e+01 3.930000000000000000e+02 3.270000000000000000e+02
1.000000000000000000e+00 1.150000000000000000e+02 2.900000000000000000e+01 3.930000000000000000e+02 3.270000000000000000e+02
1.000000000000000000e+00 1.150000000000000000e+02 2.900000000000000000e+01 3.270000000000000000e+02 3.930000000000000000e+02
1.000000000000000000e+00 1.150000000000000000e+02 2.900000000000000000e+01 3.930000000000000000e+02 3.270000000000000000e+02
1.000000000000000000e+00 1.150000000000000000e+02 2.900000000000000000e+01 3.930000000000000000e+02 3.270000000000000000e+02
1.000000000000000000e+00 1.150000000000000000e+02 2.900000000000000000e+01 3.930000000000000000e+02 3.270000000000000000e+02
1.000000000000000000e+00 1.150000000000000000e+02 2.900000000000000000e+01 3.930000000000000000e+02 3.270000000000000000e+02
1.000000000000000000e+00 1.150000000000000000e+02 2.900000000000000000e+01 3.930000000000000000e+02 3.270000000000000000e+02
1.000000000000000000e+00 1.150000000000000000e+02 3.930000000000000000e+02 2.900000000000000000e+01 3.270000000000000000e+02
1.000000000000000000e+00 1.150000000000000000e+02 2.900000000000000000e+01 3.930000000000000000e+02 3.270000000000000000e+02
1.000000000000000000e+00 1.150000000000000000e+02 2.900000000000000000e+01 3.930000000000000000e+02 3.270000000000000000e+02
1.000000000000000000e+00 1.150000000000000000e+02 2.900000000000000000e+01 3.930000000000000000e+02 3.270000000000000000e+02
1.000000000000000000e+00 1.150000000000000000e+02 3.930000000000000000e+02 3.270000000000000000e+02 2.900000000000000000e+01
1.000000000000000000e+00 1.150000000000000000e+02 3.930000000000000000e+02 2.900000000000000000e+01 3.270000000000000000e+02
1.000000000000000000e+00 1.150000000000000000e+02 3.930000000000000000e+02 3.270000000000000000e+02 2.900000000000000000e+01
1.000000000000000000e+00 1.150000000000000000e+02 3.930000000000000000e+02 3.270000000000000000e+02 2.900000000000000000e+01
1.000000000000000000e+00 1.150000000000000000e+02 3.930000000000000000e+02 3.270000000000000000e+02 2.900000000000000000e+01
1.000000000000000000e+00 1.150000000000000000e+02 3.930000000000000000e+02 3.270000000000000000e+02 2.900000000000000000e+01
1.000000000000000000e+00 1.150000000000000000e+02 3.930000000000000000e+02 3.270000000000000000e+02 2.900000000000000000e+01
1.000000000000000000e+00 1.150000000000000000e+02 3.930000000000000000e+02 3.270000000000000000e+02 2.900000000000000000e+01
1.000000000000000000e+00 1.150000000000000000e+02 3.930000000000000000e+02 3.270000000000000000e+02 2.900000000000000000e+01
1.000000000000000000e+00 1.150000000000000000e+02 3.930000000000000000e+02 3.270000000000000000e+02 2.900000000000000000e+01
1.000000000000000000e+00 1.150000000000000000e+02 3.930000000000000000e+02 3.270000000000000000e+02 9.910000000000000000e+02
1.000000000000000000e+00 1.150000000000000000e+02 3.930000000000000000e+02 3.270000000000000000e+02 9.910000000000000000e+02
1.000000000000000000e+00 1.150000000000000000e+02 3.930000000000000000e+02 3.270000000000000000e+02 9.910000000000000000e+02
1.000000000000000000e+00 1.150000000000000000e+02 3.930000000000000000e+02 3.270000000000000000e+02 9.910000000000000000e+02
1.000000000000000000e+00 1.150000000000000000e+02 3.930000000000000000e+02 3.270000000000000000e+02 9.910000000000000000e+02
1.000000000000000000e+00 1.150000000000000000e+02 3.930000000000000000e+02 3.270000000000000000e+02 9.910000000000000000e+02
1.000000000000000000e+00 1.150000000000000000e+02 3.930000000000000000e+02 9.910000000000000000e+02 3.270000000000000000e+02
1.000000000000000000e+00 1.150000000000000000e+02 3.930000000000000000e+02 9.910000000000000000e+02 3.270000000000000000e+02
1.000000000000000000e+00 1.150000000000000000e+02 3.930000000000000000e+02 9.910000000000000000e+02 3.270000000000000000e+02
1.000000000000000000e+00 1.150000000000000000e+02 3.930000000000000000e+02 9.910000000000000000e+02 3.270000000000000000e+02
1.000000000000000000e+00 1.150000000000000000e+02 3.930000000000000000e+02 9.910000000000000000e+02 3.270000000000000000e+02
1.000000000000000000e+00 1.150000000000000000e+02 3.930000000000000000e+02 3.270000000000000000e+02 9.910000000000000000e+02
1.000000000000000000e+00 1.150000000000000000e+02 3.930000000000000000e+02 9.910000000000000000e+02 3.270000000000000000e+02
1.000000000000000000e+00 1.150000000000000000e+02 3.930000000000000000e+02 9.910000000000000000e+02 3.270000000000000000e+02
1.000000000000000000e+00 1.150000000000000000e+02 3.930000000000000000e+02 9.910000000000000000e+02 3.270000000000000000e+02
1.000000000000000000e+00 1.150000000000000000e+02 3.930000000000000000e+02 9.910000000000000000e+02 3.270000000000000000e+02
1.000000000000000000e+00 1.150000000000000000e+02 3.930000000000000000e+02 9.910000000000000000e+02 3.270000000000000000e+02
1.000000000000000000e+00 1.150000000000000000e+02 3.930000000000000000e+02 9.910000000000000000e+02 3.270000000000000000e+02
1.000000000000000000e+00 1.150000000000000000e+02 3.930000000000000000e+02 9.910000000000000000e+02 1.100000000000000000e+02
1.000000000000000000e+00 1.150000000000000000e+02 3.930000000000000000e+02 9.910000000000000000e+02 3.270000000000000000e+02
1.000000000000000000e+00 1.150000000000000000e+02 3.930000000000000000e+02 9.910000000000000000e+02 1.100000000000000000e+02
1.000000000000000000e+00 1.150000000000000000e+02 3.930000000000000000e+02 9.910000000000000000e+02 1.100000000000000000e+02
1.000000000000000000e+00 1.150000000000000000e+02 3.930000000000000000e+02 9.910000000000000000e+02 1.100000000000000000e+02
1.000000000000000000e+00 1.150000000000000000e+02 3.930000000000000000e+02 9.910000000000000000e+02 1.100000000000000000e+02
1.150000000000000000e+02 1.000000000000000000e+00 3.930000000000000000e+02 9.910000000000000000e+02 1.100000000000000000e+02
1.150000000000000000e+02 1.000000000000000000e+00 3.930000000000000000e+02 9.910000000000000000e+02 3.270000000000000000e+02
1.150000000000000000e+02 1.000000000000000000e+00 3.930000000000000000e+02 9.910000000000000000e+02 1.100000000000000000e+02
1.150000000000000000e+02 1.000000000000000000e+00 3.930000000000000000e+02 9.910000000000000000e+02 1.100000000000000000e+02
1.150000000000000000e+02 1.000000000000000000e+00 3.930000000000000000e+02 9.910000000000000000e+02 1.100000000000000000e+02
1.000000000000000000e+00 1.150000000000000000e+02 3.930000000000000000e+02 9.910000000000000000e+02 1.100000000000000000e+02
1.150000000000000000e+02 1.000000000000000000e+00 3.930000000000000000e+02 9.910000000000000000e+02 1.100000000000000000e+02
1.000000000000000000e+00 1.150000000000000000e+02 3.930000000000000000e+02 9.910000000000000000e+02 1.100000000000000000e+02
1.000000000000000000e+00 1.150000000000000000e+02 3.930000000000000000e+02 9.910000000000000000e+02 1.100000000000000000e+02
1.150000000000000000e+02 1.000000000000000000e+00 3.930000000000000000e+02 9.910000000000000000e+02 1.100000000000000000e+02
1.150000000000000000e+02 1.000000000000000000e+00 3.930000000000000000e+02 9.910000000000000000e+02 1.100000000000000000e+02
1.150000000000000000e+02 1.000000000000000000e+00 3.930000000000000000e+02 9.910000000000000000e+02 1.100000000000000000e+02
1.000000000000000000e+00 1.150000000000000000e+02 3.930000000000000000e+02 9.910000000000000000e+02 3.270000000000000000e+02
1.000000000000000000e+00 1.150000000000000000e+02 3.930000000000000000e+02 9.910000000000000000e+02 1.100000000000000000e+02
1.000000000000000000e+00 1.150000000000000000e+02 3.930000000000000000e+02 9.910000000000000000e+02 1.100000000000000000e+02
1.150000000000000000e+02 1.000000000000000000e+00 3.930000000000000000e+02 9.910000000000000000e+02 1.100000000000000000e+02
1.150000000000000000e+02 1.000000000000000000e+00 3.930000000000000000e+02 9.910000000000000000e+02 1.100000000000000000e+02
1.150000000000000000e+02 1.000000000000000000e+00 3.930000000000000000e+02 1.100000000000000000e+02 9.910000000000000000e+02
1.150000000000000000e+02 1.000000000000000000e+00 3.930000000000000000e+02 9.910000000000000000e+02 3.270000000000000000e+02
1.150000000000000000e+02 1.000000000000000000e+00 3.930000000000000000e+02 9.910000000000000000e+02 3.270000000000000000e+02
1.150000000000000000e+02 1.000000000000000000e+00 3.930000000000000000e+02 9.910000000000000000e+02 1.100000000000000000e+02
1.150000000000000000e+02 1.000000000000000000e+00 3.930000000000000000e+02 9.910000000000000000e+02 3.270000000000000000e+02
1.150000000000000000e+02 1.000000000000000000e+00 3.930000000000000000e+02 9.910000000000000000e+02 1.100000000000000000e+02
1.150000000000000000e+02 1.000000000000000000e+00 3.930000000000000000e+02 9.910000000000000000e+02 3.270000000000000000e+02
