3.360174378030933440e-05 3.360174378030933440e-05 1.997219442273490131e-05 1.526762753201182932e-05 6.421710713766515255e-05 8.738604265090543777e-06
1.876491936855018139e-03 1.876491936855018139e-03 3.104946808889508247e-03 6.756678340025246143e-05 1.010381820378825068e-04 1.697117295407224447e-05
5.192611217498779297e-01 5.192611217498779297e-01 9.321770071983337402e-02 1.165408547967672348e-02 1.142040546983480453e-02 2.433537542819976807e-01
7.188626527786254883e-01 7.188626527786254883e-01 2.832345105707645416e-02 9.128515608608722687e-03 3.796385601162910461e-03 1.911247074604034424e-01
7.678586244583129883e-01 7.678586244583129883e-01 6.465086247771978378e-03 8.310056291520595551e-03 2.620327286422252655e-03 1.736942529678344727e-01
8.054713010787963867e-01 8.054713010787963867e-01 4.118368495255708694e-03 8.517392911016941071e-03 2.008011331781744957e-03 1.451608985662460327e-01
8.562935590744018555e-01 8.562935590744018555e-01 2.914206124842166901e-03 7.985987700521945953e-03 1.556763541884720325e-03 1.086938157677650452e-01
8.594782948493957520e-01 8.594782948493957520e-01 2.790279919281601906e-03 9.518602862954139709e-03 1.782704377546906471e-03 1.074522584676742554e-01
8.572077155113220215e-01 8.572077155113220215e-01 2.594762481749057770e-03 1.119918655604124069e-02 2.025198191404342651e-03 1.079100742936134338e-01
8.551261425018310547e-01 8.551261425018310547e-01 2.940870122984051704e-03 1.373599283397197723e-02 2.387399319559335709e-03 1.071574166417121887e-01
8.629438281059265137e-01 8.629438281059265137e-01 3.467564238235354424e-03 1.590992882847785950e-02 2.648280933499336243e-03 9.757470339536666870e-02
8.705960512161254883e-01 8.705960512161254883e-01 3.718278137966990471e-03 1.664187014102935791e-02 2.859755419194698334e-03 9.053616970777511597e-02
8.828588724136352539e-01 8.828588724136352539e-01 3.691942431032657623e-03 1.794878020882606506e-02 3.052996471524238586e-03 7.895972579717636108e-02
8.821404576301574707e-01 8.821404576301574707e-01 3.950393758714199066e-03 1.837595365941524506e-02 3.150015370920300484e-03 7.910529524087905884e-02
8.826474547386169434e-01 8.826474547386169434e-01 4.363633226603269577e-03 1.956034637987613678e-02 3.443635301664471626e-03 7.696866244077682495e-02
8.845480680465698242e-01 8.845480680465698242e-01 4.387478809803724289e-03 1.915385387837886810e-02 3.545584389939904213e-03 7.528918236494064331e-02
8.854189515113830566e-01 8.854189515113830566e-01 4.837336018681526184e-03 1.932446658611297607e-02 3.774693701416254044e-03 7.308190315961837769e-02
8.936497569084167480e-01 8.936497569084167480e-01 5.711405538022518158e-03 1.904452033340930939e-02 3.755503101274371147e-03 6.520462781190872192e-02
8.915613293647766113e-01 8.915613293647766113e-01 6.136324256658554077e-03 1.911802962422370911e-02 4.173864610493183136e-03 6.628861278295516968e-02
8.965573310852050781e-01 8.965573310852050781e-01 7.362637668848037720e-03 1.889463886618614197e-02 4.571220837533473969e-03 6.040399894118309021e-02
8.945693969726562500e-01 8.945693969726562500e-01 8.896645158529281616e-03 1.897636055946350098e-02 5.163829773664474487e-03 5.966233089566230774e-02
8.964948654174804688e-01 8.964948654174804688e-01 1.056646369397640228e-02 1.797075010836124420e-02 5.559724755585193634e-03 5.655591562390327454e-02
8.970732092857360840e-01 8.970732092857360840e-01 1.176485698670148849e-02 1.731708459556102753e-02 5.997822619974613190e-03 5.447973683476448059e-02
8.971619009971618652e-01 8.971619009971618652e-01 1.376212947070598602e-02 1.644631288945674896e-02 6.318164058029651642e-03 5.239728093147277832e-02
8.962392807006835938e-01 8.962392807006835938e-01 1.496497541666030884e-02 1.590954512357711792e-02 6.440383382141590118e-03 5.172958225011825562e-02
8.986256122589111328e-01 8.986256122589111328e-01 1.601124182343482971e-02 1.490852609276771545e-02 6.919930223375558853e-03 4.847728461027145386e-02
8.967787027359008789e-01 8.967787027359008789e-01 1.768225431442260742e-02 1.415252219885587692e-02 7.322365883737802505e-03 4.757491871714591980e-02
8.929433226585388184e-01 8.929433226585388184e-01 2.016684040427207947e-02 1.436035800725221634e-02 7.455457001924514771e-03 4.765024036169052124e-02
8.969212174415588379e-01 8.969212174415588379e-01 2.101100981235504150e-02 1.363081485033035278e-02 7.649958133697509766e-03 4.369171336293220520e-02
8.958381414413452148e-01 8.958381414413452148e-01 2.390473894774913788e-02 1.344181410968303680e-02 8.010705001652240753e-03 4.082673043012619019e-02
9.013016223907470703e-01 9.013016223907470703e-01 2.383448183536529541e-02 1.176578737795352936e-02 8.030849508941173553e-03 3.647404164075851440e-02
9.032695889472961426e-01 9.032695889472961426e-01 2.586063928902149200e-02 1.179403066635131836e-02 8.866007439792156219e-03 3.119986504316329956e-02
9.087157845497131348e-01 9.087157845497131348e-01 2.584647014737129211e-02 1.108352746814489365e-02 8.969741873443126678e-03 2.673981152474880219e-02
9.117712378501892090e-01 9.117712378501892090e-01 2.604746818542480469e-02 1.051461789757013321e-02 9.290806017816066742e-03 2.356165833771228790e-02
9.098885059356689453e-01 9.098885059356689453e-01 2.907014824450016022e-02 1.037465687841176987e-02 9.755619801580905914e-03 2.105080708861351013e-02
9.112491607666015625e-01 9.112491607666015625e-01 3.077569790184497833e-02 9.572139009833335876e-03 9.905052371323108673e-03 1.895692013204097748e-02
9.138524532318115234e-01 9.138524532318115234e-01 3.025889769196510315e-02 8.932460099458694458e-03 9.994982741773128510e-03 1.738931983709335327e-02
9.152837991714477539e-01 9.152837991714477539e-01 2.987960167229175568e-02 8.641213178634643555e-03 1.016476284712553024e-02 1.637008041143417358e-02
9.177930355072021484e-01 9.177930355072021484e-01 2.925473451614379883e-02 8.257091976702213287e-03 1.001414936035871506e-02 1.554071716964244843e-02
9.176791906356811523e-01 9.176791906356811523e-01 3.048949502408504486e-02 7.831797935068607330e-03 1.023975573480129242e-02 1.467051263898611069e-02
9.231935143470764160e-01 9.231935143470764160e-01 2.752505801618099213e-02 7.678985595703125000e-03 1.034769043326377869e-02 1.361383870244026184e-02
9.255422949790954590e-01 9.255422949790954590e-01 2.768827416002750397e-02 7.230381947010755539e-03 9.832475334405899048e-03 1.263090409338474274e-02
9.284739494323730469e-01 9.284739494323730469e-01 2.587159723043441772e-02 7.133046165108680725e-03 1.014184579253196716e-02 1.186854578554630280e-02
9.290351867675781250e-01 9.290351867675781250e-01 2.602672576904296875e-02 7.136200554668903351e-03 1.042588613927364349e-02 1.101411599665880203e-02
9.316234588623046875e-01 9.316234588623046875e-01 2.407322637736797333e-02 7.098734378814697266e-03 1.057226210832595825e-02 1.092749927192926407e-02
9.335692524909973145e-01 9.335692524909973145e-01 2.336750365793704987e-02 7.063083816319704056e-03 1.098996307700872421e-02 1.017985586076974869e-02
9.345697164535522461e-01 9.345697164535522461e-01 2.319147437810897827e-02 7.101299706846475601e-03 1.074307318776845932e-02 9.563656523823738098e-03
9.360930919647216797e-01 9.360930919647216797e-01 2.347961813211441040e-02 6.612702272832393646e-03 1.006042119115591049e-02 9.156519547104835510e-03
9.376828074455261230e-01 9.376828074455261230e-01 2.228584699332714081e-02 6.637540645897388458e-03 1.045498251914978027e-02 8.738213218748569489e-03
9.382190704345703125e-01 9.382190704345703125e-01 2.236892096698284149e-02 6.372479256242513657e-03 1.009724289178848267e-02 8.607126772403717041e-03
9.367907643318176270e-01 9.367907643318176270e-01 2.230181172490119934e-02 6.784804631024599075e-03 1.086520031094551086e-02 8.865719661116600037e-03
