5.698118184227496386e-05 2.780805574730038643e-03 9.892397065414115787e-05 6.347175803966820240e-04 3.002661287609953433e-05 1.892214268445968628e-02
7.191223558038473129e-04 4.377915058284997940e-03 6.524853524751961231e-04 8.220266900025308132e-04 5.733915022574365139e-04 3.517049178481101990e-02
5.314221605658531189e-02 2.172053605318069458e-02 2.891669515520334244e-03 8.664689958095550537e-03 4.649765323847532272e-03 2.928572241216897964e-03
1.146741881966590881e-01 1.551893074065446854e-02 2.224852563813328743e-03 7.055196166038513184e-02 2.077962737530469894e-03 6.075591081753373146e-04
9.502573311328887939e-02 5.917875096201896667e-03 9.860181016847491264e-04 4.280201345682144165e-02 1.142513006925582886e-03 1.874604058684781194e-04
7.900764793157577515e-02 2.184773096814751625e-03 4.547900462057441473e-04 2.520448155701160431e-02 6.684132968075573444e-04 7.429959805449470878e-05
9.824190288782119751e-02 1.558915944769978523e-03 5.861980025656521320e-04 3.528168424963951111e-02 9.661504300311207771e-04 5.765165406046435237e-05
1.718521863222122192e-01 1.365091884508728981e-03 8.556118118576705456e-04 4.452227428555488586e-02 1.472685253247618675e-03 3.806421591434627771e-05
3.032497465610504150e-01 1.456387923099100590e-03 1.061297836713492870e-03 3.516887873411178589e-02 1.762989442795515060e-03 2.782510273391380906e-05
3.937609195709228516e-01 1.715019578114151955e-03 1.208172063343226910e-03 2.361013554036617279e-02 1.987699652090668678e-03 3.012741763086523861e-05
3.895226120948791504e-01 2.946687862277030945e-03 1.642766525037586689e-03 2.086554653942584991e-02 2.591364551335573196e-03 5.993594095343723893e-05
3.405347466468811035e-01 4.802309442311525345e-03 2.055708318948745728e-03 1.797022297978401184e-02 2.548119286075234413e-03 8.840475493343546987e-05
2.758012712001800537e-01 8.366624824702739716e-03 2.683126134797930717e-03 1.863051950931549072e-02 2.855982165783643723e-03 1.733553654048591852e-04
2.435885965824127197e-01 1.295074820518493652e-02 5.279225762933492661e-03 3.221189975738525391e-02 4.034934565424919128e-03 2.871449105441570282e-04
2.172819823026657104e-01 1.413217000663280487e-02 1.249271351844072342e-02 6.237398087978363037e-02 6.669009570032358170e-03 4.890520940534770489e-04
1.688764244318008423e-01 1.101759728044271469e-02 2.831208892166614532e-02 1.235384792089462280e-01 1.180622074753046036e-02 8.717473829165101051e-04
1.487687528133392334e-01 9.542956948280334473e-03 5.424814298748970032e-02 1.833821088075637817e-01 1.708504930138587952e-02 9.505652706138789654e-04
1.369525492191314697e-01 7.568537723273038864e-03 1.083912998437881470e-01 2.641212046146392822e-01 2.660568058490753174e-02 6.227761041373014450e-04
1.127906888723373413e-01 5.847328342497348785e-03 1.660110354423522949e-01 3.053468465805053711e-01 3.993295505642890930e-02 5.131498910486698151e-04
1.129548847675323486e-01 7.799165323376655579e-03 1.749566197395324707e-01 2.768320143222808838e-01 4.741116613149642944e-02 6.570468540303409100e-04
1.102935224771499634e-01 7.835438475012779236e-03 1.793795377016067505e-01 2.667814493179321289e-01 5.892051011323928833e-02 9.267534478567540646e-04
8.994676917791366577e-02 1.134020369499921799e-02 1.834766864776611328e-01 2.325861603021621704e-01 7.066778838634490967e-02 1.427423674613237381e-03
8.172561973333358765e-02 1.459608413279056549e-02 1.473961025476455688e-01 2.162631303071975708e-01 8.018130064010620117e-02 2.987828338518738747e-03
7.098998129367828369e-02 1.920710131525993347e-02 1.477644741535186768e-01 1.884330362081527710e-01 9.063241630792617798e-02 4.554544575512409210e-03
7.360277324914932251e-02 1.957922056317329407e-02 1.537937819957733154e-01 1.633998900651931763e-01 9.583539515733718872e-02 5.831280257552862167e-03
7.268277555704116821e-02 2.588212862610816956e-02 1.319230198860168457e-01 1.208134815096855164e-01 8.950737863779067993e-02 9.604027494788169861e-03
6.400502473115921021e-02 3.430541977286338806e-02 1.058207154273986816e-01 9.769070893526077271e-02 6.556285917758941650e-02 1.777978986501693726e-02
5.723969265818595886e-02 3.447072207927703857e-02 8.530625700950622559e-02 8.958658576011657715e-02 5.733257159590721130e-02 2.241951413452625275e-02
5.133118107914924622e-02 3.484109416604042053e-02 7.317252457141876221e-02 8.030615746974945068e-02 4.943448305130004883e-02 2.799533866345882416e-02
5.715561285614967346e-02 3.609000518918037415e-02 4.710163176059722900e-02 5.970477312803268433e-02 3.514981269836425781e-02 3.848049789667129517e-02
5.901882424950599670e-02 3.615708649158477783e-02 4.404303431510925293e-02 5.077319592237472534e-02 3.037208877503871918e-02 5.563335865736007690e-02
7.191650569438934326e-02 3.782404214143753052e-02 3.771525993943214417e-02 4.781675711274147034e-02 2.809570915997028351e-02 6.872492283582687378e-02
7.691281288862228394e-02 3.591304272413253784e-02 3.846874833106994629e-02 4.668923467397689819e-02 2.685648947954177856e-02 8.347070962190628052e-02
8.500573784112930298e-02 3.639197349548339844e-02 4.077309370040893555e-02 5.238205939531326294e-02 2.748975902795791626e-02 1.141156628727912903e-01
8.039829134941101074e-02 3.967804834246635437e-02 4.189242795109748840e-02 5.185342580080032349e-02 2.983277291059494019e-02 1.133141517639160156e-01
7.614172250032424927e-02 4.381463304162025452e-02 4.106213897466659546e-02 4.663091525435447693e-02 2.878548949956893921e-02 1.222646832466125488e-01
6.492607295513153076e-02 4.757813736796379089e-02 3.723384067416191101e-02 3.699943795800209045e-02 2.278567478060722351e-02 1.482473611831665039e-01
5.443773418664932251e-02 5.008290708065032959e-02 3.094957582652568817e-02 2.776176109910011292e-02 1.801913790404796600e-02 1.823815703392028809e-01
4.012355953454971313e-02 5.104464292526245117e-02 2.101667411625385284e-02 1.797666959464550018e-02 1.299154851585626602e-02 2.397136092185974121e-01
3.898785263299942017e-02 5.263834819197654724e-02 1.996116898953914642e-02 1.721572875976562500e-02 1.244266983121633530e-02 2.448733597993850708e-01
4.139685258269309998e-02 5.657356232404708862e-02 2.082895115017890930e-02 1.695805788040161133e-02 1.264986488968133926e-02 2.438417226076126099e-01
3.930196166038513184e-02 5.588769912719726562e-02 2.281344868242740631e-02 1.739044673740863800e-02 1.512652728706598282e-02 2.359607070684432983e-01
3.577886894345283508e-02 5.595878884196281433e-02 2.475915476679801941e-02 1.777985878288745880e-02 1.692945510149002075e-02 2.180363684892654419e-01
3.288175910711288452e-02 5.615144595503807068e-02 2.711874991655349731e-02 1.957599818706512451e-02 1.774469017982482910e-02 2.143520265817642212e-01
3.479050844907760620e-02 5.784855782985687256e-02 3.105678781867027283e-02 2.269871719181537628e-02 2.105853147804737091e-02 1.922248303890228271e-01
3.101352788507938385e-02 6.179092079401016235e-02 3.211157023906707764e-02 2.352054044604301453e-02 2.275167219340801239e-02 1.845485866069793701e-01
2.630169130861759186e-02 6.966360658407211304e-02 2.752705477178096771e-02 2.045151032507419586e-02 1.806656457483768463e-02 1.880562156438827515e-01
2.820030786097049713e-02 7.032393664121627808e-02 2.975386381149291992e-02 2.244156040251255035e-02 1.977343112230300903e-02 1.715911030769348145e-01
2.862951904535293579e-02 7.868701219558715820e-02 3.102129139006137848e-02 2.273068577051162720e-02 1.992817409336566925e-02 1.728025525808334351e-01
2.545774541795253754e-02 7.766961306333541870e-02 2.916123904287815094e-02 2.111376821994781494e-02 1.821214333176612854e-02 1.750188320875167847e-01
2.531726099550724030e-02 7.997811585664749146e-02 2.912565320730209351e-02 2.011979930102825165e-02 1.765248179435729980e-02 1.751886010169982910e-01
