2.114048818489407101e-04
1.702651382158967136e-02
8.975980726777077479e-01
9.793274641810320036e-01
9.957035855993672246e-01
9.965427542919694792e-01
9.992638566548058821e-01
1.001803632011657674e+00
1.002806408068854127e+00
1.002797727839119135e+00
1.002183287301177117e+00
1.001408531899574905e+00
1.001571001854755671e+00
1.000865209381807786e+00
9.993139625326563635e-01
9.989021005976368439e-01
9.979211747739114013e-01
9.970961937671520836e-01
9.972714745441487727e-01
9.959581857170470842e-01
9.929731445066088957e-01
9.932096059373249908e-01
9.879413649882754500e-01
9.850743749022351503e-01
9.794318663924671542e-01
9.725252769786478790e-01
9.718871304339810058e-01
9.593990335731531482e-01
9.309628404154129955e-01
9.041915751845281957e-01
8.718249740027119721e-01
8.786683473985980042e-01
8.549905963180142177e-01
8.497838353409506995e-01
8.414609317526215992e-01
8.163934459596134952e-01
8.095200210097477367e-01
7.935030815114878511e-01
7.581005550138892879e-01
7.558855399764388139e-01
7.410031364363897088e-01
7.260757752926778608e-01
7.081303282018808209e-01
1.001866608574977446e+00
9.914155521102027135e-01
9.871621796763255796e-01
9.926659841012912544e-01
9.946059256516173175e-01
9.962225436102224441e-01
9.950939341536928495e-01
9.936858811633447752e-01
