1.060141181945800781e+01
1.571340179443359375e+01
2.036097145080566406e+01
2.341398048400878906e+01
2.515304756164550781e+01
2.639028167724609375e+01
2.745144271850585938e+01
2.825588417053222656e+01
2.894725036621093750e+01
2.951500892639160156e+01
2.999123573303222656e+01
3.040936660766601562e+01
3.075923538208007812e+01
3.107254981994628906e+01
3.131867599487304688e+01
3.154182624816894531e+01
3.172682380676269531e+01
3.187221527099609375e+01
3.197920799255371094e+01
3.204248809814453125e+01
3.207139205932617188e+01
3.205834197998046875e+01
3.201166152954101562e+01
3.190760993957519531e+01
3.178362846374511719e+01
3.163609123229980469e+01
3.145348930358886719e+01
3.127968978881835938e+01
3.110948181152343750e+01
3.091255950927734375e+01
3.070520591735839844e+01
3.050749588012695312e+01
3.030501747131347656e+01
3.012689781188964844e+01
2.991670036315917969e+01
2.971024322509765625e+01
2.953816223144531250e+01
2.933144378662109375e+01
2.916400909423828125e+01
2.897240257263183594e+01
2.878820419311523438e+01
2.860993194580078125e+01
2.844882583618164062e+01
2.828373718261718750e+01
2.812586402893066406e+01
2.795615768432617188e+01
2.786539268493652344e+01
2.768671035766601562e+01
2.752677536010742188e+01
2.740474510192871094e+01
2.723981857299804688e+01
