          0  0.08954924 10.47938156
        100  0.01456983 18.36545563
        200  0.01211941 19.16518593
        300  0.01125234 19.48757172
        400  0.01003671 19.98408508
        500  0.00959503 20.17953873
        600  0.00900746 20.45397758
        700  0.00866752 20.62105179
        800  0.00834769 20.78433990
        900  0.00809473 20.91797829
       1000  0.00777712 21.09181404
       1100  0.00760435 21.18938065
       1200  0.00748488 21.25815010
       1300  0.00729906 21.36733246
       1400  0.00704787 21.51942253
       1500  0.00686256 21.63513756
       1600  0.00666802 21.76003075
       1700  0.00644883 21.90519333
       1800  0.00640384 21.93559647
       1900  0.00624005 22.04811859
       2000  0.00604720 22.18445778
       2100  0.00588861 22.29987335
       2200  0.00569296 22.44662285
       2300  0.00554680 22.55957603
       2400  0.00542774 22.65381241
       2500  0.00536998 22.70027542
       2600  0.00524238 22.80471420
       2700  0.00508785 22.93465996
       2800  0.00491362 23.08598137
       2900  0.00478954 23.19706345
       3000  0.00461785 23.35560226
       3100  0.00454037 23.42909050
       3200  0.00452710 23.44180107
       3300  0.00440450 23.56103134
       3400  0.00426323 23.70261192
       3500  0.00407979 23.89362144
       3600  0.00400480 23.97419167
       3700  0.00390168 24.08748055
       3800  0.00381317 24.18713951
       3900  0.00383383 24.16367531
       4000  0.00363603 24.39372826
       4100  0.00365692 24.36884689
       4200  0.00351626 24.53919411
       4300  0.00344240 24.63139153
       4400  0.00335569 24.74217987
       4500  0.00338713 24.70168686
       4600  0.00323847 24.89659691
       4700  0.00309432 25.09434128
       4800  0.00350548 24.55252457
       4900  0.00302962 25.18611336
       5000  0.00299216 25.24015617
