          0  0.12769823  8.93815136
        100  0.01222421 19.12779236
        200  0.00894401 20.48468018
        300  0.00789301 21.02757645
        400  0.00725222 21.39528847
        500  0.00690606 21.60769653
        600  0.00656806 21.82562637
        700  0.00634448 21.97603798
        800  0.00617470 22.09383965
        900  0.00612200 22.13106537
       1000  0.00597540 22.23632622
       1100  0.00587866 22.30722046
       1200  0.00579852 22.36683083
       1300  0.00571811 22.42747498
       1400  0.00565406 22.47639465
       1500  0.00560086 22.51745415
       1600  0.00554089 22.56420135
       1700  0.00558507 22.52971649
       1800  0.00545593 22.63130951
       1900  0.00539476 22.68027878
       2000  0.00530256 22.75514603
       2100  0.00529034 22.76516342
       2200  0.00519026 22.84810638
       2300  0.00513334 22.89600372
       2400  0.00506822 22.95144272
       2500  0.00509219 22.93095589
       2600  0.00501348 22.99860764
       2700  0.00494793 23.05576324
       2800  0.00484545 23.14665604
       2900  0.00479553 23.19163513
       3000  0.00478392 23.20215988
       3100  0.00465474 23.32104111
       3200  0.00459635 23.37587166
       3300  0.00459022 23.38166618
       3400  0.00446498 23.50180817
       3500  0.00445867 23.50794983
       3600  0.00431540 23.64978600
       3700  0.00422687 23.73981476
       3800  0.00420569 23.76162529
       3900  0.00422582 23.74088860
       4000  0.00406022 23.91449928
       4100  0.00398251 23.99843597
       4200  0.00383172 24.16605949
       4300  0.00381935 24.18010330
       4400  0.00374776 24.26228142
       4500  0.00373526 24.27679253
       4600  0.00363040 24.40045547
       4700  0.00355568 24.49077606
       4800  0.00362093 24.41179848
       4900  0.00342226 24.65686989
       5000  0.00323419 24.90234756
