1.769960654200986028e-04 1.769960654200986028e-04 1.320108567597344518e-04 5.794991157017648220e-04 4.428729007486253977e-04 3.892842505592852831e-04
7.606724649667739868e-02 7.606724649667739868e-02 3.199949562549591064e-01 6.559676839970052242e-04 2.163135213777422905e-04 1.288045663386583328e-03
8.215794563293457031e-01 8.215794563293457031e-01 3.036189079284667969e-02 1.680821529589593410e-03 6.145592196844518185e-04 1.179827726446092129e-03
8.755445480346679688e-01 8.755445480346679688e-01 7.187037914991378784e-02 1.065476564690470695e-03 7.541258353739976883e-03 1.099496497772634029e-03
7.985564470291137695e-01 7.985564470291137695e-01 1.560376137495040894e-01 3.605526871979236603e-04 1.656365208327770233e-02 1.006773556582629681e-03
7.626814246177673340e-01 7.626814246177673340e-01 1.816719174385070801e-01 4.781231982633471489e-04 2.604354545474052429e-02 1.744045177474617958e-03
8.315933346748352051e-01 8.315933346748352051e-01 1.100814118981361389e-01 4.368937516119331121e-04 4.018636792898178101e-02 1.042032963596284389e-03
8.799464702606201172e-01 8.799464702606201172e-01 5.817729979753494263e-02 4.262126167304813862e-04 4.823514074087142944e-02 7.243886939249932766e-04
9.140610694885253906e-01 9.140610694885253906e-01 3.097872249782085419e-02 3.589600382838398218e-04 4.594467207789421082e-02 4.536066262517124414e-04
9.228135943412780762e-01 9.228135943412780762e-01 2.049138769507408142e-02 4.137889482080936432e-04 4.763036221265792847e-02 4.464066878426820040e-04
9.222559928894042969e-01 9.222559928894042969e-01 1.635727286338806152e-02 5.375893670134246349e-04 5.180385336279869080e-02 5.033826455473899841e-04
9.190191030502319336e-01 9.190191030502319336e-01 1.383311767131090164e-02 6.613177247345447540e-04 5.765173211693763733e-02 6.058195722289383411e-04
9.305782914161682129e-01 9.305782914161682129e-01 9.537462145090103149e-03 7.128118304535746574e-04 5.153066664934158325e-02 5.743827787227928638e-04
9.360130429267883301e-01 9.360130429267883301e-01 6.190935615450143814e-03 7.196525693871080875e-04 5.098105594515800476e-02 5.495102959685027599e-04
9.441392421722412109e-01 9.441392421722412109e-01 4.036221653223037720e-03 7.354018744081258774e-04 4.559908807277679443e-02 5.552338552661240101e-04
9.570459127426147461e-01 9.570459127426147461e-01 2.896568970754742622e-03 7.178364321589469910e-04 3.391912579536437988e-02 6.354512297548353672e-04
9.636061787605285645e-01 9.636061787605285645e-01 2.309115370735526085e-03 6.837654509581625462e-04 2.715153433382511139e-02 7.680944399908185005e-04
9.721160531044006348e-01 9.721160531044006348e-01 1.738289953209459782e-03 5.450370372273027897e-04 2.001265995204448700e-02 6.325073190964758396e-04
9.753804206848144531e-01 9.753804206848144531e-01 1.605447963811457157e-03 5.464986898005008698e-04 1.645837537944316864e-02 6.697827484458684921e-04
9.789577722549438477e-01 9.789577722549438477e-01 1.438330393284559250e-03 5.157069535925984383e-04 1.370226219296455383e-02 5.950657068751752377e-04
9.809453487396240234e-01 9.809453487396240234e-01 1.198902260512113571e-03 5.103310104459524155e-04 1.258806884288787842e-02 5.395523039624094963e-04
9.835256338119506836e-01 9.835256338119506836e-01 9.904858889058232307e-04 4.483913653530180454e-04 1.099343970417976379e-02 4.500875074882060289e-04
9.850791692733764648e-01 9.850791692733764648e-01 8.656737627461552620e-04 4.020665364805608988e-04 9.516506455838680267e-03 4.305763868615031242e-04
9.872375726699829102e-01 9.872375726699829102e-01 6.939955055713653564e-04 4.079046193510293961e-04 8.325726725161075592e-03 3.699579974636435509e-04
9.877403378486633301e-01 9.877403378486633301e-01 6.607817485928535461e-04 4.650865448638796806e-04 7.987217977643013000e-03 3.753283817786723375e-04
9.880084991455078125e-01 9.880084991455078125e-01 5.847515421919524670e-04 4.667708999477326870e-04 8.187253959476947784e-03 3.429524949751794338e-04
9.893115162849426270e-01 9.893115162849426270e-01 4.902846412733197212e-04 5.027660517953336239e-04 7.150003686547279358e-03 3.502583422232419252e-04
9.907274246215820312e-01 9.907274246215820312e-01 3.762444539461284876e-04 4.887881805188953876e-04 6.397836375981569290e-03 3.098275046795606613e-04
9.918762445449829102e-01 9.918762445449829102e-01 3.069489321205765009e-04 4.887780523858964443e-04 5.639808252453804016e-03 2.728800463955849409e-04
9.925917387008666992e-01 9.925917387008666992e-01 2.698192547541111708e-04 4.719155258499085903e-04 5.209651775658130646e-03 2.538079570513218641e-04
9.930633902549743652e-01 9.930633902549743652e-01 2.371988084632903337e-04 4.919980419799685478e-04 4.919237457215785980e-03 2.250918623758479953e-04
9.932684302330017090e-01 9.932684302330017090e-01 2.086027088807895780e-04 6.234507309272885323e-04 4.657531157135963440e-03 2.182456955779343843e-04
9.934219717979431152e-01 9.934219717979431152e-01 1.950428995769470930e-04 7.409198442474007607e-04 4.422485828399658203e-03 2.135487738996744156e-04
9.934027791023254395e-01 9.934027791023254395e-01 1.922808442031964660e-04 8.971072384156286716e-04 4.283706191927194595e-03 2.175013796659186482e-04
9.936419129371643066e-01 9.936419129371643066e-01 1.882549695437774062e-04 9.713348117657005787e-04 3.950312733650207520e-03 2.272120764246210456e-04
9.927608966827392578e-01 9.927608966827392578e-01 2.077658864436671138e-04 1.178803853690624237e-03 4.433917813003063202e-03 2.691463450901210308e-04
9.922629594802856445e-01 9.922629594802856445e-01 2.080904814647510648e-04 1.464510685764253139e-03 4.682105034589767456e-03 2.650057140272110701e-04
9.913183450698852539e-01 9.913183450698852539e-01 2.036665537161752582e-04 1.840004813857376575e-03 5.258539225906133652e-03 2.596608537714928389e-04
9.909580945968627930e-01 9.909580945968627930e-01 2.084766601910814643e-04 2.173742512241005898e-03 5.275702103972434998e-03 2.530482888687402010e-04
9.905443191528320312e-01 9.905443191528320312e-01 2.169729705201461911e-04 2.462348667904734612e-03 5.291348323225975037e-03 2.770047285594046116e-04
9.903606176376342773e-01 9.903606176376342773e-01 2.198682341258972883e-04 2.845961600542068481e-03 5.040738265961408615e-03 2.773921296466141939e-04
9.899165034294128418e-01 9.899165034294128418e-01 2.410736487945541739e-04 3.251230809837579727e-03 4.910766612738370895e-03 2.967669570352882147e-04
9.893389344215393066e-01 9.893389344215393066e-01 2.510453632567077875e-04 3.668466350063681602e-03 4.928510636091232300e-03 3.108688397333025932e-04
9.886785149574279785e-01 9.886785149574279785e-01 2.740329946391284466e-04 4.064034204930067062e-03 5.123828072100877762e-03 3.183522494509816170e-04
9.891265034675598145e-01 9.891265034675598145e-01 2.808208519127219915e-04 4.001740831881761551e-03 4.737126175314188004e-03 3.153390716761350632e-04
9.894257783889770508e-01 9.894257783889770508e-01 2.683227648958563805e-04 4.048913251608610153e-03 4.494600463658571243e-03 2.995995746459811926e-04
9.896218776702880859e-01 9.896218776702880859e-01 2.535183739382773638e-04 4.241961520165205002e-03 4.191741347312927246e-03 2.740946947596967220e-04
9.896668195724487305e-01 9.896668195724487305e-01 2.496616507414728403e-04 4.363798070698976517e-03 4.138821270316839218e-03 2.620362211018800735e-04
9.898207187652587891e-01 9.898207187652587891e-01 2.491450577508658171e-04 4.436742980033159256e-03 3.934888169169425964e-03 2.415001654298976064e-04
9.894882440567016602e-01 9.894882440567016602e-01 2.568723575677722692e-04 4.646491724997758865e-03 4.105135798454284668e-03 2.284809597767889500e-04
9.886450767517089844e-01 9.886450767517089844e-01 2.699743199627846479e-04 5.287230014801025391e-03 4.211666528135538101e-03 2.497542591299861670e-04
