1.851273978151500349e-04
7.956183302419553294e-02
8.593234346065089513e-01
9.157677232213438101e-01
8.352427309393981592e-01
7.977195830106047492e-01
8.697973580563769236e-01
9.203718730658106972e-01
9.560537226457939131e-01
9.652083450745846394e-01
9.646251269925423255e-01
9.612395319991281495e-01
9.733297581742799132e-01
9.790141862577236287e-01
9.875137092096463176e-01
1.001013321935383837e+00
1.007874971509282291e+00
1.016775795882274513e+00
1.020190130965033637e+00
1.023931828757445706e+00
1.026010716001035439e+00
1.028709541310667719e+00
1.030334447359876782e+00
1.032592009432235391e+00
1.033117872021442007e+00
1.033398352849994373e+00
1.034761231577041585e+00
1.036242187807818294e+00
1.037443785382728301e+00
1.038192149878381487e+00
1.038685469459696309e+00
1.038899929128560551e+00
1.039060524508500727e+00
1.039040450086008205e+00
1.039290569909113948e+00
1.038369079105194492e+00
1.037848266293074584e+00
1.036860255586050883e+00
1.036483454935290593e+00
1.036050670336088331e+00
1.035858529435088382e+00
1.035394012286045218e+00
1.034789909323459600e+00
1.034099149692350172e+00
1.034567719131647801e+00
1.034880742968091960e+00
1.035085851197906859e+00
1.035132857764861525e+00
1.035293827202363737e+00
1.034946078355583055e+00
1.034064175310305700e+00
