          0  0.09032019 10.44215202
         10  0.02382516 16.22964096
         20  0.01688414 17.72521019
         30  0.01425346 18.46079826
         40  0.01267937 18.96902275
         50  0.01081909 19.65809250
         60  0.00966020 20.15013695
         70  0.00774877 21.10767174
         80  0.00728123 21.37795258
         90  0.00652157 21.85647774
        100  0.00566390 22.46884155
        110  0.00576626 22.39105988
        120  0.00556642 22.54424286
        130  0.00496159 23.04378891
        140  0.00437100 23.59419632
        150  0.00401441 23.96378708
        160  0.00376138 24.24652481
        170  0.00371966 24.29496956
        180  0.00334812 24.75198936
        190  0.00332608 24.78067589
        200  0.00303458 25.17901993
        210  0.00282356 25.49202919
        220  0.00255719 25.92237473
        230  0.00246509 26.08167458
        240  0.00231800 26.34885788
        250  0.00226641 26.44661140
        260  0.00212136 26.73385429
        270  0.00205452 26.87289619
        280  0.00202218 26.94179726
        290  0.00188676 27.24283409
        300  0.00203343 26.91771507
        310  0.00175792 27.55000305
        320  0.00184926 27.33001328
        330  0.00160595 27.94268799
        340  0.00157006 28.04083443
        350  0.00146182 28.35105515
        360  0.00142555 28.46016693
        370  0.00182149 27.39572525
        380  0.00142062 28.47520638
        390  0.00140178 28.53320694
        400  0.00128422 28.91360474
        410  0.00118251 29.27194786
        420  0.00114542 29.41037178
        430  0.00113443 29.45222092
        440  0.00117118 29.31375122
        450  0.00102420 29.89615822
        460  0.00121358 29.15932274
        470  0.00116290 29.34458733
        480  0.00096643 30.14831161
        490  0.00094792 30.23229408
        500  0.00098860 30.04980278
        510  0.00092753 30.32673073
        520  0.00088932 30.50943184
        530  0.00084192 30.74727058
        540  0.00079112 31.01757431
        550  0.00090765 30.42079926
        560  0.00085114 30.69999504
        570  0.00083516 30.78231049
        580  0.00076184 31.18138885
        590  0.00076361 31.17126656
        600  0.00074820 31.25983620
        610  0.00068684 31.63145065
        620  0.00066755 31.75516891
        630  0.00072818 31.37763214
        640  0.00065537 31.83511543
        650  0.00065075 31.86586380
        660  0.00056335 32.49223709
        670  0.00062193 32.06256866
        680  0.00059981 32.21987152
        690  0.00077080 31.13060188
        700  0.00056918 32.44752502
        710  0.00056139 32.50737000
        720  0.00057195 32.42642212
        730  0.00051748 32.86104965
        740  0.00049171 33.08292770
        750  0.00048947 33.10272980
        760  0.00055529 32.55479431
        770  0.00058462 32.33129883
        780  0.00051820 32.85506058
        790  0.00043548 33.61027145
        800  0.00043834 33.58184433
        810  0.00047037 33.27561188
        820  0.00041254 33.84532928
        830  0.00041211 33.84991455
        840  0.00047303 33.25114059
        850  0.00043820 33.58324432
        860  0.00050183 32.99447632
        870  0.00070576 31.51345253
        880  0.00044729 33.49407959
        890  0.00039246 34.06204605
        900  0.00036306 34.40024567
        910  0.00041504 33.81907272
        920  0.00040044 33.97466278
        930  0.00039315 34.05442810
        940  0.00038492 34.14632797
        950  0.00038855 34.10557556
        960  0.00035370 34.51369858
        970  0.00036381 34.39122772
        980  0.00030937 35.09514999
        990  0.00031570 35.00727844
       1000  0.00041080 33.86366272
