       1    0.0759000629
       2    0.0951872095
       3    0.1213726923
       4    0.1589620560
       5    0.2410052866
       6    0.3170406222
       7    0.3573132157
       8    0.3858473897
       9    0.4971065521
      10    0.5355353355
      11    0.5913598537
      12    0.6306083202
      13    0.5334094763
      14    0.5938305855
      15    0.6264290810
      16    0.6299475431
      17    0.5813869834
      18    0.6166658401
      19    0.6231929064
      20    0.6473843455
      21    0.6278028488
      22    0.5820710063
      23    0.6126694679
      24    0.5848950744
      25    0.6244273782
      26    0.5386590362
      27    0.4953203201
      28    0.5703316927
      29    0.4750174284
      30    0.5219126344
      31    0.4358320236
      32    0.3821478784
      33    0.4434523582
      34    0.3426649272
      35    0.4066857398
      36    0.3492052257
      37    0.3335922360
      38    0.3576081097
      39    0.3145160675
      40    0.2834067047
      41    0.2857663929
      42    0.1983795762
      43    0.2738334835
      44    0.2169466913
      45    0.1908442080
      46    0.2869615555
      47    0.1426056474
      48    0.1791585535
      49    0.1865872592
      50    0.1678327024
      51    0.2238539606
      52    0.1594697088
      53    0.1098690182
      54    0.1066185087
      55    0.1015990898
      56    0.0902692005
      57    0.0818448067
      58    0.0709273890
      59    0.0662008375
      60    0.0440397337
      61    0.0924507976
      62    0.0654716417
      63    0.0475303568
      64    0.0451133139
      65    0.0161277540
      66    0.0465502664
      67    0.0359848514
      68    0.0337373130
      69    0.0179685410
      70    0.0150829162
      71    0.0375845730
      72    0.0197515190
      73    0.0213466454
      74    0.0086412262
      75    0.0066008121
      76    0.0162080713
      77    0.0074357758
      78    0.0039551677
      79    0.0068924851
      80    0.0020666376
      81    0.0045062723
      82    0.0024188047
      83    0.0025647429
      84    0.0013885896
      85    0.0015046584
      86    0.0016242545
      87    0.0002882271
      88    0.0006514409
      89    0.0004368924
      90    0.0016129500
      91    0.0010058919
      92    0.0002245132
      93    0.0001824496
      94    0.0003054845
      95    0.0000480346
      96    0.0002983405
      97    0.0000189328
      98    0.0000151634
      99    0.0000675975
     100    0.0000222588
     101    0.0000069790
     102    0.0000119868
     103    0.0000300380
     104    0.0000086403
     105    0.0000047028
     106    0.0000064358
     107    0.0000046006
     108    0.0000078841
     109    0.0000048741
     110    0.0000050797
     111    0.0000022558
     112    0.0000066138
     113    0.0000053066
     114    0.0000030952
     115    0.0000037580
     116    0.0000027672
     117    0.0000030855
     118    0.0000031979
     119    0.0000027450
     120    0.0000039388
     121    0.0000027792
     122    0.0000025302
     123    0.0000047701
     124    0.0000038359
     125    0.0000026464
     126    0.0000021914
     127    0.0000029301
     128    0.0000036085
