1.367800589650869370e-02 6.747940642526373267e-05 2.197814901592209935e-04 7.871962152421474457e-03 3.673365572467446327e-04 6.908711511641740799e-04
4.756328463554382324e-02 2.077201133943162858e-05 5.992508886265568435e-05 9.628484025597572327e-03 1.049212645739316940e-03 4.521380178630352020e-04
6.444193124771118164e-01 4.447404222673867480e-08 1.232513966442638775e-07 4.428665124578401446e-05 5.827391578350216150e-05 4.156582508585415781e-05
4.937382042407989502e-01 5.188423468638347913e-09 1.497727808441595698e-08 1.072262421075720340e-05 1.107852767745498568e-05 1.929660174937453121e-05
4.456164836883544922e-01 3.872844711594325418e-09 1.526050574796045112e-08 9.185112503473646939e-06 7.284346338565228507e-06 2.215161111962515861e-05
4.220142662525177002e-01 3.384691860119914963e-09 1.716958308861649130e-08 6.466732429544208571e-06 4.552987775241490453e-06 2.203900476160924882e-05
4.057629704475402832e-01 3.823950489589833523e-09 2.188572700845270447e-08 6.525782737298868597e-06 5.474994850374059752e-06 2.026085348916240036e-05
3.837693929672241211e-01 4.282476595562911825e-09 2.593360726166338281e-08 6.195749392645666376e-06 5.833654995512915775e-06 2.148210296581964940e-05
3.605999946594238281e-01 5.036920658341159651e-09 3.059813025174662471e-08 6.398904133675387129e-06 6.982799732213607058e-06 2.693764508876483887e-05
4.021832048892974854e-01 6.317026457480778845e-09 3.606275811307568802e-08 6.300388577074045315e-06 9.526695066597312689e-06 3.142647983622737229e-05
4.179655909538269043e-01 9.624759655935122282e-09 5.379232348445839307e-08 7.815049684722907841e-06 1.535642695671413094e-05 3.993903374066576362e-05
4.554145336151123047e-01 1.305820518382461159e-08 7.246134003935367218e-08 9.561796105117537081e-06 2.248502460133749992e-05 5.129433702677488327e-05
4.605664312839508057e-01 1.657775605679034925e-08 8.993579569960274966e-08 1.137656545324716717e-05 3.198048216290771961e-05 6.354767538141459227e-05
4.952633380889892578e-01 1.758488288317039405e-08 9.286119961871008854e-08 1.110231460188515484e-05 3.290344830020330846e-05 6.343697168631479144e-05
5.303996205329895020e-01 1.657853410108600656e-08 8.653548633219543262e-08 1.031562987918732688e-05 3.247553104301914573e-05 5.800137660116888583e-05
5.777013301849365234e-01 1.844952102203478717e-08 9.693196290072592092e-08 1.101123598346021026e-05 3.546716470737010241e-05 5.819835496367886662e-05
6.300515532493591309e-01 1.641573632582549180e-08 8.160398579093453009e-08 1.117243482440244406e-05 3.166720489389263093e-05 5.257895099930465221e-05
6.724194288253784180e-01 1.355040435413457089e-08 6.561192833487439202e-08 9.934723493643105030e-06 2.802910967147909105e-05 4.849831748288124800e-05
7.503179311752319336e-01 1.138401373168562714e-08 5.331228791760622698e-08 9.144273462879937142e-06 2.224584932264406234e-05 4.064797758474014699e-05
7.524024844169616699e-01 1.066669952365373319e-08 5.116145018746465212e-08 9.830275303102098405e-06 2.365956970606930554e-05 4.222507413942366838e-05
7.841311693191528320e-01 8.371952020524986438e-09 4.132972719617100665e-08 8.732864444027654827e-06 2.157259405066724867e-05 3.723608097061514854e-05
8.037055730819702148e-01 8.552331287603465171e-09 4.156976629587916250e-08 9.463703463552519679e-06 2.308032344444654882e-05 3.793417272390797734e-05
8.179639577865600586e-01 7.609412655540381820e-09 3.632235845429931942e-08 9.680707080406136811e-06 2.218613008153624833e-05 3.742968692677095532e-05
8.331614136695861816e-01 7.504048049611355964e-09 3.678344739910244243e-08 1.056296059687156230e-05 2.385674815741367638e-05 3.558284515747800469e-05
8.571922183036804199e-01 7.002111335197014341e-09 3.339959775416900811e-08 9.747189324116334319e-06 2.326824323972687125e-05 3.157791434205137193e-05
8.591703772544860840e-01 7.385138722781903198e-09 3.510567836428890587e-08 1.017993690766161308e-05 2.358429628657177091e-05 3.291606481070630252e-05
8.656187057495117188e-01 7.420526415558015287e-09 3.536180415153467038e-08 1.049540878739207983e-05 2.676073927432298660e-05 3.453453246038407087e-05
8.863860964775085449e-01 6.315821199365245775e-09 2.921442465719792381e-08 9.070507985597942024e-06 2.291417331434786320e-05 2.787929952319245785e-05
8.931000828742980957e-01 6.020214105006971295e-09 2.693383471807919705e-08 9.266629604098852724e-06 2.301918721059337258e-05 2.689114262466318905e-05
9.029603004455566406e-01 6.240655547884443877e-09 2.779727026336331619e-08 9.047345884027890861e-06 2.430599488434381783e-05 2.787607991194818169e-05
9.058940410614013672e-01 6.120132844955605833e-09 2.699098722303006070e-08 9.502849025011528283e-06 2.645279892021790147e-05 2.733519431785680354e-05
9.060288667678833008e-01 6.650847428346651213e-09 2.958195466362667503e-08 1.033505759551189840e-05 3.104193456238135695e-05 3.072361869271844625e-05
9.108634591102600098e-01 6.545977093708188477e-09 2.854397607165992667e-08 9.741845133248716593e-06 2.976061659865081310e-05 2.931822928076144308e-05
9.218991994857788086e-01 5.978168182707577216e-09 2.657750464152286440e-08 9.437049811822362244e-06 2.815333573380485177e-05 2.673161543498281389e-05
9.224295020103454590e-01 5.565504501703344431e-09 2.479392335885677312e-08 9.225653229805175215e-06 2.897737613238859922e-05 2.672389200597535819e-05
9.262824058532714844e-01 5.563439042788331790e-09 2.445274205342684581e-08 9.028282875078730285e-06 2.925054832303430885e-05 2.565539216448087245e-05
9.307270050048828125e-01 5.589899210178828071e-09 2.410266120023152325e-08 9.025521649164147675e-06 3.065999044338241220e-05 2.521995884308125824e-05
9.316751360893249512e-01 5.137283931588854102e-09 2.248530428516914981e-08 8.167239684553351253e-06 2.936323835456278175e-05 2.475811015756335109e-05
9.357914924621582031e-01 5.273930625548928219e-09 2.364085283090844314e-08 8.820417860988527536e-06 3.051741077797487378e-05 2.532536200305912644e-05
9.344953894615173340e-01 5.284184645404366165e-09 2.245070618300815113e-08 8.637308383185882121e-06 3.004527570737991482e-05 2.463555028953123838e-05
9.375328421592712402e-01 5.225923693785716750e-09 2.227222850592625036e-08 8.040879947657231241e-06 3.060590825043618679e-05 2.543475056882016361e-05
9.423245191574096680e-01 4.797358954533592623e-09 2.144387600822028617e-08 7.666586498089600354e-06 2.742751894402317703e-05 2.329522067157085985e-05
9.442595243453979492e-01 4.897724892316546175e-09 2.097049645044535282e-08 7.683127478230744600e-06 2.666374348336830735e-05 2.266713090648408979e-05
9.484508037567138672e-01 4.546819809547741897e-09 1.935071658465403743e-08 7.132441169233061373e-06 2.602626409498043358e-05 2.156556547561194748e-05
9.475361704826354980e-01 4.965194921879856338e-09 2.251313091505835473e-08 7.550307145720580593e-06 2.828681135724764317e-05 2.352134470129385591e-05
9.482620954513549805e-01 4.898637495642788053e-09 2.230245144119180623e-08 7.505344910896383226e-06 2.777532426989637315e-05 2.319206396350637078e-05
9.527279734611511230e-01 4.938728537240422156e-09 2.177399061054074991e-08 7.772842764097731560e-06 2.775805296550970525e-05 2.323498301848303527e-05
9.512798190116882324e-01 5.285526682996533054e-09 2.448388514153521101e-08 7.798204933351371437e-06 3.021035081474110484e-05 2.523232797102537006e-05
9.518594741821289062e-01 5.093496735497637928e-09 2.331449344694647152e-08 7.531374649261124432e-06 2.888503149733878672e-05 2.411660716461483389e-05
9.531083703041076660e-01 5.104880518302934433e-09 2.398006238024663617e-08 7.284115326910978183e-06 3.054034095839597285e-05 2.476045301591511816e-05
9.543582797050476074e-01 5.141663095287185570e-09 2.462071790887421230e-08 7.739274224149994552e-06 2.929218317149206996e-05 2.399886579951271415e-05
9.532821178436279297e-01 5.236282074605469461e-09 2.490587824865997391e-08 7.728328455414157361e-06 3.084243508055806160e-05 2.534164013923145831e-05
9.556376934051513672e-01 5.258399937702051830e-09 2.507647245408861636e-08 8.026529940252657980e-06 2.998401760123670101e-05 2.423300793452654034e-05
9.553447365760803223e-01 5.187405172080161719e-09 2.479620420103856304e-08 7.788031325617339462e-06 3.050429040740709752e-05 2.400503035460133106e-05
9.548054933547973633e-01 5.615163001237988283e-09 2.752500805058843980e-08 8.220907147915568203e-06 3.265203486080281436e-05 2.720037809922359884e-05
9.564270973205566406e-01 5.602076136312916788e-09 2.681930588721570530e-08 8.159190656442660838e-06 3.364955045981332660e-05 2.764625969575718045e-05
9.559375047683715820e-01 5.420525361898853589e-09 2.665334442042421870e-08 7.839504178264178336e-06 3.374522566446103156e-05 2.721601049415767193e-05
9.573509693145751953e-01 5.171656436431248949e-09 2.503413654153519019e-08 7.951865882205311209e-06 3.449050564086064696e-05 2.552866135374642909e-05
9.574717283248901367e-01 5.678113534912654359e-09 2.738999604900982376e-08 8.242291187343653291e-06 3.598821422201581299e-05 2.673407288966700435e-05
9.589649438858032227e-01 5.105647460368345492e-09 2.514900465655500739e-08 7.581837508041644469e-06 3.278405347373336554e-05 2.482117815816309303e-05
9.587517380714416504e-01 5.144528358869138174e-09 2.525520947926906956e-08 8.216775313485413790e-06 3.555635339580476284e-05 2.599731305963359773e-05
9.627917408943176270e-01 4.909866291313846887e-09 2.444322433348133927e-08 7.304619884962448850e-06 3.318686140119098127e-05 2.432160363241564482e-05
9.595280885696411133e-01 5.530731872482874678e-09 2.725407632908627420e-08 7.941065632621757686e-06 3.693010876304470003e-05 2.780348040687385947e-05
9.630634188652038574e-01 5.005014180881062202e-09 2.450039993107111513e-08 7.561019629065413028e-06 3.462725726421922445e-05 2.464385215716902167e-05
9.644493460655212402e-01 5.111200795937520525e-09 2.588764935751441953e-08 7.034537247818661854e-06 3.271723835496231914e-05 2.410663182672578841e-05
9.634264707565307617e-01 5.180351259070903325e-09 2.614925875832341262e-08 7.406219538097502664e-06 3.442870365688577294e-05 2.503418545529711992e-05
9.656643271446228027e-01 4.983666812563569692e-09 2.499611539974466723e-08 7.300273409782676026e-06 3.186603862559422851e-05 2.298672552569769323e-05
9.653546810150146484e-01 4.906906436730196219e-09 2.520335407041329745e-08 7.517539870605105534e-06 3.423780071898363531e-05 2.353814124944619834e-05
9.658370614051818848e-01 5.157617888329468769e-09 2.664208764713293931e-08 7.982149327290244401e-06 3.502710023894906044e-05 2.365815453231334686e-05
9.659712314605712891e-01 4.896366867512824683e-09 2.569430712640041747e-08 7.269505204021697864e-06 3.440841828705742955e-05 2.329140625079162419e-05
9.654019474983215332e-01 5.181002737941753367e-09 2.690383382741856622e-08 7.520059170929016545e-06 3.659879439510405064e-05 2.539697925385553390e-05
9.689078927040100098e-01 4.969704647805883724e-09 2.453922043343936821e-08 7.056880804157117382e-06 3.363472205819562078e-05 2.230360951216425747e-05
9.686265587806701660e-01 4.964557209774511648e-09 2.470187965286640974e-08 7.331332199100870639e-06 3.485974229988642037e-05 2.267945092171430588e-05
9.676572084426879883e-01 5.527146740291755123e-09 2.771174401061671233e-08 7.551368980784900486e-06 3.625185854616574943e-05 2.415894232399296016e-05
9.685512781143188477e-01 5.304003458661554760e-09 2.658423525758735195e-08 7.574798473797272891e-06 3.531288530211895704e-05 2.414319715171586722e-05
9.698016643524169922e-01 4.916580031988360133e-09 2.436388335524952709e-08 6.795504305046051741e-06 3.263453982071951032e-05 2.232388578704558313e-05
9.695196747779846191e-01 4.967125821764284410e-09 2.506338248053907591e-08 6.953590855118818581e-06 3.369812839082442224e-05 2.223030242021195590e-05
9.706502556800842285e-01 5.270009761915162017e-09 2.646438446163301705e-08 7.395229658868629485e-06 3.668962381198070943e-05 2.401011261099483818e-05
9.723646044731140137e-01 4.980846401991811945e-09 2.430191337055020995e-08 6.610804121010005474e-06 3.458031278569251299e-05 2.261803820147179067e-05
9.730597734451293945e-01 4.623163185613066162e-09 2.251917941009651258e-08 6.312884124781703576e-06 3.187180845998227596e-05 2.171885353163816035e-05
9.735977649688720703e-01 4.439889789153994570e-09 2.172713919890156831e-08 6.175719136081170291e-06 3.191702489857561886e-05 2.028928065556101501e-05
9.745303392410278320e-01 4.324764546481674188e-09 2.108237673326129880e-08 5.971281098027247936e-06 3.018688767042476684e-05 1.903280463011469692e-05
9.748734831809997559e-01 4.228512207049561766e-09 2.057879022743236419e-08 5.638521543005481362e-06 3.000749893544707447e-05 1.973418329725973308e-05
9.759846925735473633e-01 4.436722544909343924e-09 2.159072387541982607e-08 5.655613222188549116e-06 3.229816866223700345e-05 2.056615812762174755e-05
9.755644798278808594e-01 4.809390663496060370e-09 2.320628134100388706e-08 5.960733233223436400e-06 3.369779005879536271e-05 2.150595537386834621e-05
9.783008694648742676e-01 4.258061014894565233e-09 2.050603242764736933e-08 5.219920240051578730e-06 2.903906533902045339e-05 1.850737135100644082e-05
9.779290556907653809e-01 4.450821489143663712e-09 2.084416550474088581e-08 5.560919817071408033e-06 3.156373350066132843e-05 1.928238089021760970e-05
9.765045642852783203e-01 4.830959188240058211e-09 2.296165568793639977e-08 5.918414444749942049e-06 3.319177631055936217e-05 2.088188921334221959e-05
9.779003262519836426e-01 4.797899411101980149e-09 2.271782761908980319e-08 5.918960596318356693e-06 3.349078178871423006e-05 2.167801176256034523e-05
9.769773483276367188e-01 5.017482873626022410e-09 2.371005614065779810e-08 5.764256457041483372e-06 3.390220444998703897e-05 2.160360781999770552e-05
9.774721264839172363e-01 4.686706134293672221e-09 2.283518263368478074e-08 5.581774530583061278e-06 3.341704359627328813e-05 2.089546433126088232e-05
9.776945114135742188e-01 4.877971804262415390e-09 2.389121789292403264e-08 5.799730843136785552e-06 3.348165773786604404e-05 2.187224345107097179e-05
9.780649542808532715e-01 4.836427258680942032e-09 2.329959869484810042e-08 5.654283995681907982e-06 3.381174974492751062e-05 2.129074891854543239e-05
9.778457283973693848e-01 4.949632259609870744e-09 2.344629024264577311e-08 5.498055998032214120e-06 3.497552461340092123e-05 2.209129343100357801e-05
9.782937765121459961e-01 5.002498859596471448e-09 2.349576533333674888e-08 5.590170530922478065e-06 3.296799695817753673e-05 2.107301406795158982e-05
9.794640541076660156e-01 4.879424420067834944e-09 2.270252430491837004e-08 5.613262601400492713e-06 3.271420064265839756e-05 1.994434751395601779e-05
9.779363274574279785e-01 5.042439799041176229e-09 2.306758517534035491e-08 5.471724762173835188e-06 3.463391840341500938e-05 2.096920434269122779e-05
9.771529436111450195e-01 5.237569045135614942e-09 2.460768122602985386e-08 5.887194220122182742e-06 3.791769631789065897e-05 2.306229180248919874e-05
9.785200953483581543e-01 5.018968352032970870e-09 2.380722463612983120e-08 5.360233899409649894e-06 3.408945121918804944e-05 2.143116216757334769e-05
9.786430001258850098e-01 4.984271217978175628e-09 2.348730099299700669e-08 5.665265689458465204e-06 3.401098729227669537e-05 2.135546492354478687e-05
9.778419733047485352e-01 5.304228167801738891e-09 2.477503535658343026e-08 5.855161361978389323e-06 3.601250500651076436e-05 2.218397276010364294e-05
