1.371673799280351790e-02
4.769796989116813213e-02
6.462441187430222334e-01
4.951363258541234269e-01
4.468783387195168766e-01
4.232092867344473541e-01
4.069119720317740940e-01
3.848561151982188289e-01
3.616211079578635634e-01
4.033220696286312634e-01
4.191491467761619960e-01
4.567041338465718803e-01
4.618706201768074115e-01
4.966657784335321013e-01
5.319015565120100986e-01
5.793372107160366102e-01
6.318356742400794701e-01
6.743235231988443656e-01
7.524426112332680550e-01
7.545330673176710023e-01
7.863515985387070639e-01
8.059814312651607526e-01
8.202801915284076983e-01
8.355206821439198350e-01
8.596195349603421576e-01
8.616032954764306639e-01
8.680698837442696325e-01
8.888960816246800345e-01
8.956290800594530754e-01
9.055172188715231441e-01
9.084592669793295494e-01
9.085944744726219824e-01
9.134427569608846165e-01
9.245097473126165921e-01
9.250415514982149867e-01
9.289053656334590459e-01
9.333625505847574777e-01
9.343133664980218800e-01
9.384413791833777774e-01
9.371416059996262593e-01
9.401876598715038780e-01
9.449929054918749793e-01
9.469333900463614562e-01
9.511365379302446632e-01
9.502193146833066706e-01
9.509472952583771788e-01
9.554258193233384766e-01
9.539735641257102161e-01
9.545548607093838900e-01
9.558072933384547110e-01
9.570607421157952821e-01
9.559815328799877721e-01
9.583437787398111363e-01
9.580499923430239040e-01
9.575092221432814910e-01
9.591354180153046638e-01
9.586444390807755678e-01
9.600619061435248236e-01
9.601830071078973905e-01
9.616804510168117659e-01
9.614666414661895422e-01
9.655180843907551491e-01
9.622451903610327317e-01
9.657905316738795154e-01
9.671803834130651145e-01
9.661546116215562474e-01
9.683988049618161842e-01
9.680882820052932880e-01
9.685720283550794951e-01
9.687065783406680897e-01
9.681356823334016370e-01
9.716515553464282196e-01
9.713694247680283445e-01
9.703973295145286171e-01
9.712939309289352341e-01
9.725478578936967988e-01
9.722650698075929743e-01
9.733988521828239593e-01
9.751180555082349377e-01
9.758151929946499159e-01
9.763547079524121930e-01
9.772899230010659855e-01
9.776340386239152913e-01
9.787483946351674957e-01
9.783269919703964090e-01
9.810711302593294603e-01
9.806982636177914436e-01
9.792697384709311281e-01
9.806694528256751919e-01
9.797438612988693674e-01
9.802400405216020740e-01
9.804630551800788130e-01
9.808345470327812787e-01
9.806147003659687611e-01
9.810640172214417642e-01
9.822376086994725197e-01
9.807055559759619845e-01
9.799199538166588619e-01
9.812909769261418669e-01
9.814142297339090160e-01
9.806109346400282423e-01
