8.122192230075597763e-04 5.143644739291630685e-05 1.122984122048364952e-05 3.082102921325713396e-05 2.482941199559718370e-04 1.627820134162902832e-01
4.169519525021314621e-03 7.619489770149812102e-05 5.972458166070282459e-05 6.021508306730538607e-05 3.785355365835130215e-04 1.876379479654133320e-03
6.718286313116550446e-03 4.204063316137762740e-06 1.503935618529794738e-05 2.567094952610204928e-06 1.440312771592289209e-04 5.355081520974636078e-04
1.530910283327102661e-02 4.795738277607597411e-07 5.640538802254013717e-06 4.386984358006884577e-07 3.308272061985917389e-05 1.090765115804970264e-03
2.761945500969886780e-02 2.628340567412124074e-08 6.725924208694777917e-07 4.425440280897419143e-08 5.083881205791840330e-06 3.682955575641244650e-04
5.390844494104385376e-02 2.765218720668372043e-09 1.389400097195903072e-07 6.906954119756392174e-09 1.177099647975410335e-06 9.767102164914831519e-05
8.765982836484909058e-02 1.450196185359686751e-09 9.253574972944988986e-08 3.972702167232000647e-09 4.371919715140393237e-07 4.087310298928059638e-05
9.186471253633499146e-02 1.685542927454264372e-09 1.186030544886307325e-07 4.632872752097227931e-09 3.323017097045521950e-07 2.591890734038315713e-05
1.031842455267906189e-01 1.554881001730734624e-09 1.031011080954158388e-07 4.551850452116923407e-09 3.053969237498677103e-07 1.441239874111488461e-05
1.177425682544708252e-01 1.532385440761174777e-09 1.103072904129476228e-07 4.848741852470084268e-09 3.227285958473657956e-07 9.770466931513510644e-06
1.078900024294853210e-01 1.524164572330732881e-09 1.008697623205989657e-07 4.966641320436337992e-09 3.151968428483087337e-07 7.168745014496380463e-06
1.531181037425994873e-01 1.618034373151999716e-09 9.547760271289007505e-08 5.527825308604406018e-09 3.678794371353433235e-07 7.496167654608143494e-06
2.248500883579254150e-01 2.304560764443408516e-09 1.292656577334128087e-07 7.317763284220291098e-09 5.194428922550287098e-07 8.655004421598277986e-06
4.450781047344207764e-01 2.846750168927769664e-09 1.662292987703040126e-07 9.586063498545627226e-09 5.902311954741890077e-07 8.501992851961404085e-06
5.796470642089843750e-01 3.214023047704017699e-09 1.995718008629410178e-07 1.080713030177093970e-08 6.744058964613941498e-07 9.993690582632552832e-06
7.381184101104736328e-01 2.500456730558653362e-09 1.922766159623279236e-07 9.462056027587095741e-09 7.383231377389165573e-07 6.326772108877776191e-06
8.147498965263366699e-01 3.001094928123393402e-09 2.369151559378224192e-07 1.175649799733946566e-08 8.377755875699222088e-07 5.143516773387091234e-06
8.435138463973999023e-01 3.361158240622330595e-09 2.426339449357328704e-07 1.236577062968535756e-08 7.999742592801339924e-07 3.926103090634569526e-06
8.560524582862854004e-01 3.381542823532868169e-09 2.178776696837303462e-07 1.168291774433782848e-08 8.955016141953819897e-07 3.033253051398787647e-06
8.528991937637329102e-01 3.919025104437423579e-09 2.156995009272577590e-07 1.119494896784090088e-08 9.138375958173128311e-07 2.643318566697416827e-06
8.665249347686767578e-01 3.675470594544094638e-09 1.936050182393955765e-07 1.049945819175945871e-08 8.966491691353439819e-07 1.995625098061282188e-06
8.737965226173400879e-01 3.676138504715709132e-09 1.600289607495142263e-07 9.976973913694564544e-09 7.436266287186299451e-07 1.798057496671390254e-06
8.531725406646728516e-01 5.240625711167012923e-09 2.016333695564753725e-07 1.343934563635684754e-08 9.320347658103855792e-07 2.225169509983970784e-06
8.503656387329101562e-01 6.349075487577238164e-09 2.081965533307084115e-07 1.464920362792554442e-08 1.154368078459810931e-06 2.415468998151482083e-06
8.457526564598083496e-01 6.304573307858163389e-09 2.092829447519761743e-07 1.376740588199254489e-08 1.078171408153139055e-06 2.256790139654185623e-06
8.416094183921813965e-01 7.972148274859591766e-09 2.394207285760785453e-07 1.659030424150387262e-08 1.122605340242444072e-06 2.440017397020710632e-06
8.382855653762817383e-01 9.269527367905538995e-09 2.443808568841632223e-07 1.788364123456176458e-08 1.139676669481559657e-06 2.819296241796109825e-06
8.442736268043518066e-01 9.625862773532389838e-09 2.327234227550434298e-07 1.862471776803431567e-08 1.082055518963898066e-06 2.957547621917910874e-06
8.515653610229492188e-01 1.042154185171284553e-08 2.384683455147751374e-07 1.932128590453885408e-08 1.130461441789520904e-06 3.413196736801182851e-06
8.538358211517333984e-01 1.112323033680695517e-08 2.302641490814494318e-07 1.883300271288135264e-08 1.103650106415443588e-06 3.468074282864108682e-06
8.420143127441406250e-01 1.478759159567744064e-08 2.752599073119199602e-07 2.231737816771328653e-08 1.265444666387338657e-06 3.965718406107043847e-06
8.495238423347473145e-01 1.410060335160778777e-08 2.630141011650266591e-07 2.228097706336029660e-08 1.181110519610228948e-06 3.989092874689958990e-06
8.405433297157287598e-01 1.941492122625732009e-08 3.469513103482313454e-07 2.857242797915660049e-08 1.452522269573819358e-06 4.758056547871092334e-06
8.501175642013549805e-01 1.643047475852199568e-08 2.999915409418463241e-07 2.566282830684940564e-08 1.257620851902174763e-06 4.466803147806786001e-06
8.462410569190979004e-01 1.867225130069982697e-08 3.262203733811475104e-07 2.697763257231144962e-08 1.300768985856848303e-06 4.729252395918592811e-06
8.511533141136169434e-01 1.979337582724838285e-08 3.370267620539380005e-07 2.756931394287676085e-08 1.336872514912101906e-06 5.232819603406824172e-06
8.421218395233154297e-01 2.182310865350700624e-08 3.784235218518006150e-07 2.973640178538516921e-08 1.381933884658792522e-06 5.497532129083992913e-06
8.355925679206848145e-01 2.320932779298345849e-08 3.933760126528795809e-07 3.022359251758643950e-08 1.448862462893885095e-06 5.691963906429009512e-06
8.477538824081420898e-01 2.431813506120761303e-08 3.620730240072589368e-07 2.878375227055585128e-08 1.399950747327238787e-06 5.808464720757910982e-06
8.312448263168334961e-01 2.623658090783465013e-08 3.802997809998487355e-07 3.156705474793852773e-08 1.407068452863313723e-06 5.748664989368990064e-06
8.387604951858520508e-01 2.678458521643278800e-08 3.737613099019654328e-07 3.096405265523571870e-08 1.396030711475759745e-06 5.672055067407200113e-06
8.349018692970275879e-01 2.758955375270488730e-08 3.877306653521372937e-07 3.091239264563228062e-08 1.402583052367845085e-06 6.138401204225374386e-06
8.410990238189697266e-01 2.677629495906330703e-08 3.444969820520782378e-07 2.952074140694094240e-08 1.397252731294429395e-06 5.795147899334551767e-06
8.477418422698974609e-01 2.482510019774508692e-08 3.151195073769486044e-07 2.711464297533439094e-08 1.269568315365177114e-06 5.048831098974915221e-06
8.468793630599975586e-01 2.782816999058468355e-08 3.334802443077933276e-07 3.089694899927053484e-08 1.372629412799142301e-06 5.090126705908915028e-06
8.333846330642700195e-01 3.243395241270263796e-08 3.805866981565486640e-07 3.470461962251647492e-08 1.589164639881346375e-06 5.464048626890871674e-06
8.344178795814514160e-01 3.235428636116921552e-08 3.535550092692574253e-07 3.633141432146658190e-08 1.701325913927576039e-06 4.940167855238541961e-06
8.398556113243103027e-01 3.606288956348180363e-08 3.708544795699708629e-07 3.714390217623986246e-08 1.749302555253962055e-06 5.460863121697911993e-06
8.453679084777832031e-01 3.397889258849318139e-08 3.324888098177325446e-07 3.526116287844160979e-08 1.730466124172380660e-06 5.033051365899154916e-06
8.375526070594787598e-01 3.882987797965142818e-08 3.593515316424600314e-07 3.775693713237160409e-08 1.859272629189945292e-06 5.285246970743173733e-06
8.367362618446350098e-01 4.074779269558348460e-08 3.571602746887947433e-07 3.785606850215117447e-08 1.982823050639126450e-06 5.621790478471666574e-06
8.336735367774963379e-01 3.848834495556729962e-08 3.417589482523908373e-07 3.617218169438274344e-08 1.908095327962655574e-06 5.414910447143483907e-06
8.398706316947937012e-01 4.332959591124563303e-08 3.639229078089556424e-07 4.105032758161542006e-08 2.130900384145206772e-06 5.861320460098795593e-06
8.285258412361145020e-01 5.516826817597575427e-08 4.149645178586069960e-07 5.054439355944850831e-08 2.434111138427397236e-06 6.724784725520294160e-06
8.294606804847717285e-01 5.111261813794953923e-08 3.747281311916594859e-07 4.551924348561442457e-08 2.376191559960716404e-06 6.451093668147223070e-06
8.302224278450012207e-01 5.145480486135056708e-08 3.980192104791058227e-07 4.703807121586578432e-08 2.414673645034781657e-06 6.128010227257618681e-06
8.229926228523254395e-01 5.603606112458692223e-08 4.300830482861783821e-07 5.041352935108989186e-08 2.542037691455334425e-06 6.398744517355225980e-06
8.244854211807250977e-01 5.537826552881597308e-08 4.185414752555516316e-07 4.861158942048859899e-08 2.334247710678027943e-06 6.353565822792006657e-06
8.183482289314270020e-01 6.842097377557365689e-08 4.531742376912006876e-07 5.587116191918539698e-08 2.694347813303465955e-06 6.313830454018898308e-06
8.213921189308166504e-01 6.542492769767704885e-08 4.541442137906415155e-07 5.599977725978533272e-08 2.645668473633122630e-06 6.347058842948172241e-06
8.182302713394165039e-01 7.253186851130521973e-08 4.764803236412262777e-07 6.169027955138517427e-08 2.820341705955797806e-06 6.810412287450162694e-06
8.301455378532409668e-01 7.216711139790277230e-08 4.506312905050435802e-07 5.895941157518791442e-08 2.788106939988210797e-06 6.690770987916039303e-06
8.349493145942687988e-01 7.773505927843871177e-08 4.848221806241781451e-07 6.244996342275044299e-08 2.956458729386213236e-06 6.850674253655597568e-06
8.378801345825195312e-01 8.346886204435577383e-08 4.930661816615611315e-07 6.961140286421141354e-08 3.126642695860937238e-06 6.722831585648236796e-06
8.424139618873596191e-01 8.941679396912149969e-08 4.734417302643123548e-07 7.198160290045052534e-08 3.212803449059720151e-06 6.865526756882900372e-06
8.394336104393005371e-01 1.106420199903368484e-07 5.373690328269731253e-07 8.213376645471726079e-08 3.469543571554822847e-06 8.460136086796410382e-06
8.420792222023010254e-01 1.088357706180431705e-07 4.937554649586672895e-07 7.997717688112970791e-08 3.403123173484345898e-06 7.975248990987893194e-06
8.411343693733215332e-01 1.153204181036926457e-07 5.310975552674790379e-07 8.753458757837506710e-08 3.536150416039163247e-06 8.297050953842699528e-06
8.420026302337646484e-01 1.197188481683042482e-07 5.212838232182548381e-07 9.411979107198931160e-08 3.487318281258922070e-06 9.000231329991947860e-06
8.274055123329162598e-01 1.563586380370907136e-07 6.126768994363374077e-07 1.139936429694898834e-07 4.423769041750347242e-06 1.045773387886583805e-05
8.257654905319213867e-01 1.567394178891845513e-07 6.614897642975847702e-07 1.118804888733393454e-07 4.359509148343931884e-06 1.027414600685006008e-05
8.290461301803588867e-01 1.570231802361377049e-07 6.183195750963932369e-07 1.080419522736519866e-07 4.255608473613392562e-06 1.034450724546331912e-05
8.293905854225158691e-01 1.694737932211864972e-07 6.734503585903439671e-07 1.121370800660770328e-07 4.616391834133537486e-06 1.127416544477455318e-05
8.237116932868957520e-01 1.951110846221126849e-07 7.276046858351037372e-07 1.218603244979021838e-07 5.157347459316952154e-06 1.233844068337930366e-05
8.307022452354431152e-01 1.920448369219229789e-07 6.326878860818396788e-07 1.197391696905469871e-07 4.432919467944884673e-06 1.147392140410374850e-05
8.313169479370117188e-01 2.040602993247375707e-07 6.818617634962720331e-07 1.309685160322260344e-07 4.855383849644567817e-06 1.270396842301124707e-05
8.273267745971679688e-01 2.370965717091166880e-07 7.788805760355899110e-07 1.475690112329175463e-07 5.358058388083009049e-06 1.464918568672146648e-05
8.297430276870727539e-01 2.572336370576522313e-07 8.337493682120111771e-07 1.551936463783931686e-07 5.596965820586774498e-06 1.439482275600312278e-05
8.370420932769775391e-01 2.402246650490269531e-07 7.744126833131304011e-07 1.445296362589942873e-07 5.228649570199195296e-06 1.424913898517843336e-05
8.357577323913574219e-01 2.485820971287466818e-07 8.029005016396695282e-07 1.411891332736558979e-07 5.299255462887231261e-06 1.542811696708668023e-05
8.278585076332092285e-01 3.151610314944264246e-07 8.711257919458148535e-07 1.693440907502008486e-07 6.118404598964843899e-06 1.757382233336102217e-05
8.206952810287475586e-01 3.127380807654844830e-07 8.768723773755482398e-07 1.736984955869047553e-07 6.202164513524621725e-06 1.869784500740934163e-05
8.301724791526794434e-01 2.577683630988758523e-07 7.587130426145449746e-07 1.415543522398365894e-07 5.327616690919967368e-06 1.644276744627859443e-05
8.171725273132324219e-01 3.186464994087145897e-07 8.343941999555681832e-07 1.692890236881794408e-07 5.837960088683757931e-06 1.879181036201771349e-05
8.079366087913513184e-01 3.575096911845321301e-07 9.565210348227992654e-07 1.905640090171800693e-07 6.628298251598607749e-06 2.098978984577115625e-05
8.011964559555053711e-01 4.133225957048125565e-07 1.041266273205110338e-06 1.984376893915396067e-07 7.244728749355999753e-06 2.251406840514391661e-05
8.120188713073730469e-01 3.783952422509173630e-07 9.764028163772309199e-07 1.802864773026158218e-07 6.639596449531381950e-06 2.302473512827418745e-05
7.984782457351684570e-01 4.657366048377298284e-07 1.066587060449819546e-06 2.132157135292800376e-07 8.025713214010465890e-06 2.447348379064351320e-05
7.834721207618713379e-01 5.028831537856603973e-07 1.114714450523024425e-06 2.259381517433212139e-07 7.658481990802101791e-06 2.508281068003270775e-05
7.919959425926208496e-01 4.681553775753855007e-07 1.029178406497521792e-06 2.147871072111229296e-07 7.045973688946105540e-06 2.336493707844056189e-05
7.849209308624267578e-01 5.354987138161959592e-07 1.118756358664541040e-06 2.217303034512951854e-07 7.543785159214166924e-06 2.495571243343874812e-05
7.872282862663269043e-01 5.313465862855082378e-07 1.170921109405753668e-06 2.279377184777331422e-07 7.711831131018698215e-06 2.461820258758962154e-05
7.816759943962097168e-01 5.583482334259315394e-07 1.165187995866290294e-06 2.337025932774849935e-07 8.200041520467493683e-06 2.505240809114184231e-05
7.729468345642089844e-01 5.959242344033555128e-07 1.179874857371032704e-06 2.359034141363736126e-07 7.621147688041673973e-06 2.840855813701637089e-05
7.828384041786193848e-01 5.791509352093271445e-07 1.100114445762301330e-06 2.153893490230984753e-07 7.390500741166761145e-06 2.569383650552481413e-05
7.684352397918701172e-01 6.642328571615507826e-07 1.223432036567828618e-06 2.397275409293797566e-07 8.089003131317440420e-06 2.689651955734007061e-05
7.627376914024353027e-01 6.605811222470947541e-07 1.205130274684051983e-06 2.451036209549783962e-07 7.984534022398293018e-06 2.743590994214173406e-05
7.734273076057434082e-01 6.702301220684603322e-07 1.125985818362096325e-06 2.277348301049642032e-07 7.991401616891380399e-06 2.773908818198833615e-05
7.596836686134338379e-01 7.307965574909758288e-07 1.239912194250791799e-06 2.535853695917467121e-07 8.485294529236853123e-06 2.802505150611978024e-05
7.609663605690002441e-01 7.995105875124863815e-07 1.270161078537057620e-06 2.593792203242628602e-07 9.327372936240863055e-06 3.017417839146219194e-05
7.596425414085388184e-01 8.561431741327396594e-07 1.376636987515666988e-06 2.684305684397259029e-07 8.739366421650629491e-06 3.050533632631413639e-05
