8.360340004423499720e-04
4.291772454631514848e-03
6.915270684771318913e-03
1.575797533760631489e-02
2.842927476684595917e-02
5.548907438413037269e-02
9.023006955509159377e-02
9.455824356981983037e-02
1.062096723726341785e-01
1.211948542607018398e-01
1.110534050214395524e-01
1.576076226539651071e-01
2.314428340831605757e-01
4.581280741331995032e-01
5.966426799662071234e-01
7.597605051992998293e-01
8.386388748971582707e-01
8.682462018330837639e-01
8.811524536928250217e-01
8.779067334752207463e-01
8.919319897590757273e-01
8.994167851277139469e-01
8.781880950788714113e-01
8.752988930206248019e-01
8.705506552117849850e-01
8.662859348033751239e-01
8.628646243307231956e-01
8.690282594784687342e-01
8.765337919212531359e-01
8.788708233661425284e-01
8.667027009118790648e-01
8.744324146236864825e-01
8.651885877377630818e-01
8.750435447880922091e-01
8.710533758791015879e-01
8.761096635379043152e-01
8.668133804437120338e-01
8.600926664993794324e-01
8.726105583610594962e-01
8.556174463826996535e-01
8.633534793804155116e-01
8.593817161585367570e-01
8.657605751409108708e-01
8.725981651984040521e-01
8.717103975567064289e-01
8.578199936070913800e-01
8.588835355607077338e-01
8.644807050114391433e-01
8.701546261774271152e-01
8.621101752160060805e-01
8.612698942470571328e-01
8.581173681585294588e-01
8.644961657886131023e-01
8.528187389527531748e-01
8.537809882749637369e-01
8.545650705459311158e-01
8.471232831328442403e-01
8.486598512452367959e-01
8.423427126669779108e-01
8.454758514317477491e-01
8.422212964843297511e-01
8.544859260913498789e-01
8.594305525816736679e-01
8.624473060516059109e-01
8.671140680188302863e-01
8.640463307955981165e-01
8.667695135560953279e-01
8.657969570491020894e-01
8.666906758629659979e-01
8.516655613029018301e-01
8.499774530332878664e-01
8.533542830954193859e-01
8.537088379814851136e-01
8.478634371639044431e-01
8.550589564834339962e-01
8.556916826540510446e-01
8.515845149273190140e-01
8.540716140744608609e-01
8.615846928489611090e-01
8.602626736960030662e-01
8.521318387097367442e-01
8.447585818049966333e-01
8.545136573265984525e-01
8.411325387393699948e-01
8.316258172891981548e-01
8.246880389415257584e-01
8.358277743045564590e-01
8.218901290913541713e-01
8.064440151147502789e-01
8.152177607518354963e-01
8.079353052368474231e-01
8.103103137494777064e-01
8.045952251966493884e-01
7.956101209192291135e-01
8.057917175635042062e-01
7.909662433563138251e-01
7.851016392718465076e-01
7.961046817319260560e-01
7.819580706177132745e-01
7.832783719065408157e-01
7.819157375373558816e-01
