 Iterations  Total_Loss        PSNR
        100  0.01025657 19.88998032
        200  0.00762376 21.17830658
        300  0.00739495 21.31064987
        400  0.00660231 21.80303955
        500  0.00614699 22.11337662
        600  0.00593087 22.26881218
        700  0.00551094 22.58774376
        800  0.00549077 22.60367203
        900  0.00514844 22.88324165
       1000  0.00500418 23.00667381
       1100  0.00496612 23.03983116
       1200  0.00475828 23.22549629
       1300  0.00477572 23.20961189
       1400  0.00464049 23.33436012
       1500  0.00444251 23.52371979
       1600  0.00434643 23.61867714
       1700  0.00436145 23.60369301
       1800  0.00421145 23.75568390
       1900  0.00415687 23.81233215
       2000  0.00407953 23.89389801
       2100  0.00408761 23.88531113
       2200  0.00390918 24.07913780
       2300  0.00384099 24.15556335
       2400  0.00388974 24.10079193
       2500  0.00380048 24.20161819
       2600  0.00371353 24.30212593
       2700  0.00359761 24.43986320
       2800  0.00368311 24.33785248
       2900  0.00349396 24.56682396
       3000  0.00354285 24.50646973
       3100  0.00346399 24.60422707
       3200  0.00346605 24.60165405
       3300  0.00337347 24.71922874
       3400  0.00340111 24.68379593
       3500  0.00331053 24.80102730
       3600  0.00326807 24.85708046
       3700  0.00319768 24.95164680
       3800  0.00315392 25.01149368
       3900  0.00309179 25.09790039
       4000  0.00303108 25.18403053
       4100  0.00308938 25.10129166
       4200  0.00360037 24.43652344
       4300  0.00300473 25.22194290
       4400  0.00308887 25.10200119
       4500  0.00295262 25.29792404
       4600  0.00293790 25.31962585
       4700  0.00297124 25.27062416
       4800  0.00286757 25.42485809
       4900  0.00280504 25.52061272
       5000  0.00276823 25.57798576
       5100  0.00276894 25.57686996
       5200  0.00272254 25.65026283
       5300  0.00275519 25.59848785
       5400  0.00268708 25.70720100
       5500  0.00275427 25.59994125
       5600  0.00266058 25.75024223
       5700  0.00260218 25.84661865
       5800  0.00261207 25.83014870
       5900  0.00265690 25.75625420
       6000  0.00254273 25.94699478
       6100  0.00249820 26.02372169
       6200  0.00254165 25.94883728
       6300  0.00242813 26.14728546
       6400  0.00246354 26.08440590
       6500  0.00246179 26.08748627
       6600  0.00249706 26.02571678
       6700  0.00239143 26.21341515
       6800  0.00239000 26.21602249
       6900  0.00234376 26.30086327
       7000  0.00238405 26.22685051
       7100  0.00227854 26.42342949
       7200  0.00223832 26.50077629
       7300  0.00225980 26.45929337
       7400  0.00220255 26.57073402
       7500  0.00216345 26.64852333
       7600  0.00216613 26.64315033
       7700  0.00218262 26.61021614
       7800  0.00217445 26.62651253
       7900  0.00215270 26.67017365
       8000  0.00218384 26.60779572
       8100  0.00209761 26.78275490
       8200  0.00201541 26.95635986
       8300  0.00208243 26.81430054
       8400  0.00200216 26.98500443
       8500  0.00202149 26.94328117
       8600  0.00215315 26.66925812
       8700  0.00195467 27.08925629
       8800  0.00197391 27.04672813
       8900  0.00194200 27.11749649
       9000  0.00196132 27.07452393
       9100  0.00278975 25.54434586
       9200  0.00193782 27.12687492
       9300  0.00188351 27.25032043
       9400  0.00271357 25.66459274
       9500  0.00181450 27.41243172
       9600  0.00179726 27.45389557
       9700  0.00190905 27.19183540
       9800  0.00177936 27.49735069
       9900  0.00174957 27.57069206
      10000  0.00176389 27.53529739
