5.176273771212436259e-05 4.598184488713741302e-03 1.597881200723350048e-04 2.421587560093030334e-04 9.689704165793955326e-05 1.195247936993837357e-02
2.724235819187015295e-04 4.003304056823253632e-03 2.367103115830104798e-05 3.093762788921594620e-04 9.482554014539346099e-05 1.080756355077028275e-02
1.218218728899955750e-02 5.663181582349352539e-05 2.871528267860412598e-04 1.883853401523083448e-04 1.610457984497770667e-04 6.545903743244707584e-04
2.570186927914619446e-02 1.465674995415611193e-05 2.765003591775894165e-04 2.263238275190815330e-04 2.644937776494771242e-04 1.201725608552806079e-04
5.951490253210067749e-02 8.638926374260336161e-06 8.431112655671313405e-05 1.780822349246591330e-04 2.374291652813553810e-04 7.236369128804653883e-05
1.413986980915069580e-01 2.716123162826988846e-06 2.951726673927623779e-05 9.874504758045077324e-05 1.516859047114849091e-04 3.995537554146721959e-05
2.406117171049118042e-01 1.208897515425633173e-06 1.801852522476110607e-05 7.664525764994323254e-05 1.020537674776278436e-04 2.048659371212124825e-05
2.893949747085571289e-01 7.514584012824343517e-07 1.517868440714664757e-05 7.838015881134197116e-05 7.512722368119284511e-05 1.461271403968567029e-05
2.946099340915679932e-01 5.520375339074234944e-07 9.750874596647918224e-06 5.357097688829526305e-05 6.474582187365740538e-05 1.207276818604441360e-05
3.135035037994384766e-01 3.801326613483979600e-07 5.943712494627106935e-06 3.325693978695198894e-05 4.494020322454161942e-05 1.078681088984012604e-05
2.953379452228546143e-01 3.436024655911751324e-07 5.728062660637078807e-06 2.964695158880203962e-05 4.911277210339903831e-05 1.085030544345499948e-05
3.283593356609344482e-01 3.045408618618239416e-07 4.520888523984467611e-06 2.783296440611593425e-05 5.019435775466263294e-05 1.016991336655337363e-05
3.431168198585510254e-01 3.170144395880925003e-07 5.310691904014674947e-06 2.824291914294008166e-05 5.332806904334574938e-05 1.158225222752662376e-05
3.710445761680603027e-01 3.107696784354629926e-07 5.509528364200377837e-06 2.861729990399908274e-05 5.607143248198553920e-05 1.269234780920669436e-05
4.149086773395538330e-01 2.793084661334432894e-07 4.535996140475617722e-06 3.079982707276940346e-05 4.891966455033980310e-05 1.083219103747978806e-05
4.462635517120361328e-01 2.306659894202311989e-07 4.019720563519513234e-06 2.849102747859433293e-05 4.245713716954924166e-05 8.015811545192264020e-06
4.908895790576934814e-01 2.088724926352369948e-07 3.952626684622373432e-06 2.145709549949970096e-05 3.376113090780563653e-05 6.789256985939573497e-06
5.155811309814453125e-01 2.097670801504136762e-07 3.204704626114107668e-06 1.864568730525206774e-05 2.983268495881929994e-05 7.631797416252084076e-06
5.640975832939147949e-01 1.542574494806103758e-07 2.607422857181518339e-06 1.610522849659901112e-05 2.270858931296970695e-05 5.864105787622975186e-06
5.782989859580993652e-01 1.650909240424880409e-07 2.830458697644644417e-06 1.508669174654642120e-05 2.025448702624998987e-05 6.118439614510862157e-06
5.938841104507446289e-01 1.348115432620033971e-07 2.199850314354989678e-06 1.186390272778226063e-05 1.665696072450373322e-05 4.909211384074296802e-06
6.207072138786315918e-01 9.080942220407450804e-08 1.384775487167644314e-06 8.264232747023925185e-06 1.162300304713426158e-05 3.448825054874760099e-06
6.412119865417480469e-01 7.464740292562055402e-08 1.045936869559227489e-06 6.974931238801218569e-06 1.091073772840900347e-05 2.577303575890255161e-06
6.469635963439941406e-01 6.099331528730544960e-08 7.987766821315744892e-07 5.047754711995366961e-06 8.883612281351815909e-06 2.175173676732811145e-06
6.402501463890075684e-01 5.098857158714054094e-08 6.694077683278010227e-07 4.559963144856737927e-06 7.500641459046164528e-06 1.835485477386100683e-06
6.594623327255249023e-01 3.814907501009656698e-08 5.336816570888913702e-07 4.023202109237900004e-06 6.041390861355466768e-06 1.422742684553668369e-06
6.742855906486511230e-01 3.370784185108277597e-08 5.088244847684109118e-07 3.584730166039662436e-06 5.710568075301125646e-06 1.327738573309034109e-06
6.739009618759155273e-01 3.107384927147904818e-08 4.127208228510426125e-07 3.298667934359400533e-06 5.610757398244459182e-06 1.319060174864716828e-06
6.673827171325683594e-01 2.404501664443614573e-08 3.401483468223887030e-07 2.694499016797635704e-06 4.945230102748610079e-06 9.767022675077896565e-07
6.884626150131225586e-01 2.164427748141406482e-08 3.166665862863737857e-07 2.753159151325235143e-06 4.640503448172239587e-06 9.348804042019764893e-07
6.710807085037231445e-01 2.003231891478662874e-08 2.975012307615543250e-07 2.752185991994338110e-06 4.590514890878694132e-06 8.110610565381648485e-07
6.849068403244018555e-01 1.846681918493686680e-08 2.772733580513886409e-07 2.415202743577538058e-06 4.135166818741708994e-06 7.768948080411064439e-07
6.931095719337463379e-01 1.604638732999319473e-08 2.518861208500311477e-07 2.133331918230396695e-06 3.332994083393714391e-06 6.495519073723698966e-07
7.365776300430297852e-01 1.083507505938996474e-08 1.893562711074991967e-07 1.726388290990144014e-06 2.763297288765897974e-06 5.022375262342393398e-07
7.128534913063049316e-01 1.212481759438333029e-08 2.253869979540468194e-07 1.891378019536205102e-06 2.900874960687360726e-06 5.611158258034265600e-07
7.384289503097534180e-01 9.902136000050631992e-09 1.930542055106343469e-07 1.426450353392283432e-06 2.484570131855434738e-06 4.673340185945562553e-07
7.378544807434082031e-01 9.583192017714736721e-09 2.011594943951422465e-07 1.471155201215879060e-06 2.381477770541096106e-06 4.850753612117841840e-07
7.684214711189270020e-01 7.472353402704356995e-09 1.580206259177430184e-07 1.148924752669699956e-06 2.107817863361560740e-06 3.482425086076545995e-07
7.660054564476013184e-01 6.747310710153442415e-09 1.376795921714801807e-07 9.322217238150187768e-07 1.809121386031620204e-06 3.540798729773086961e-07
7.811099886894226074e-01 5.588667750799913847e-09 1.317902871278420207e-07 7.953529461701691616e-07 1.738455239319591783e-06 2.799993410462775500e-07
8.010053038597106934e-01 4.746178561276792607e-09 1.103428601822997734e-07 6.250555202313989867e-07 1.413144332218507770e-06 2.403831445008108858e-07
7.935431599617004395e-01 4.521928609335645888e-09 1.101309834439234692e-07 5.667616846949385945e-07 1.240574533767357934e-06 2.274358479326110682e-07
8.253300786018371582e-01 3.187421215855579248e-09 8.488825642416486517e-08 4.325593181420117617e-07 9.118944035435561091e-07 1.570172400988667505e-07
8.261074423789978027e-01 3.267278225749237208e-09 7.898697873542914749e-08 3.733477740297530545e-07 8.916314300222438760e-07 1.517609717893719790e-07
8.244773149490356445e-01 2.736066484487764683e-09 7.237952104333089665e-08 3.370793422163842479e-07 8.055509965743112843e-07 1.440300962940455065e-07
8.368659615516662598e-01 2.135991605811682348e-09 5.456248786117612326e-08 2.551658724314620486e-07 5.544104624277679250e-07 1.105563427472588955e-07
8.347147107124328613e-01 2.460568415685315813e-09 6.282985509642458055e-08 2.508178056359611219e-07 6.475228246927144937e-07 1.148440347265022865e-07
8.330627083778381348e-01 2.147908295668798928e-09 5.302921124439308187e-08 1.989797482337962720e-07 5.592042953139753081e-07 1.021796478539727104e-07
8.461048007011413574e-01 2.087396477890024471e-09 5.380386980391449470e-08 1.992809046669208328e-07 4.729783142920496175e-07 1.044055224497242307e-07
8.502537012100219727e-01 1.947392247458878956e-09 4.503278816514466598e-08 1.591250509136443725e-07 4.145421428347617621e-07 9.771179776407734607e-08
8.492802977561950684e-01 2.081671057752032539e-09 4.242676610033413453e-08 1.349747833501169225e-07 4.372403168417804409e-07 1.023760773932735901e-07
