1.074545860290527344e+01
1.665015983581542969e+01
2.060495567321777344e+01
2.248166465759277344e+01
2.343685340881347656e+01
2.405982589721679688e+01
2.455834770202636719e+01
2.498199653625488281e+01
2.535726737976074219e+01
2.570176124572753906e+01
2.600659751892089844e+01
2.627568244934082031e+01
2.652132415771484375e+01
2.674007415771484375e+01
2.694182014465332031e+01
2.712314605712890625e+01
2.730041122436523438e+01
2.745612144470214844e+01
2.760547447204589844e+01
2.774063301086425781e+01
2.787387657165527344e+01
2.799722480773925781e+01
2.812151908874511719e+01
2.824074172973632812e+01
2.834570121765136719e+01
2.845160293579101562e+01
2.854944229125976562e+01
2.865576744079589844e+01
2.875445175170898438e+01
2.885286140441894531e+01
2.893522834777832031e+01
2.903430938720703125e+01
2.911512565612792969e+01
2.920183181762695312e+01
2.927549552917480469e+01
2.935572624206542969e+01
2.943539810180664062e+01
2.951399040222167969e+01
2.958478736877441406e+01
2.965810012817382812e+01
2.972027206420898438e+01
2.979306793212890625e+01
2.986266899108886719e+01
2.993033790588378906e+01
2.999824333190917969e+01
3.006230163574218750e+01
3.012352752685546875e+01
3.018626403808593750e+01
3.024573898315429688e+01
3.030492210388183594e+01
3.036318778991699219e+01
