          0  0.04982110 13.02586651
        100  0.00468524 23.29268265
        200  0.00373174 24.28088188
        300  0.00359337 24.44498253
        400  0.00318048 24.97507286
        500  0.00290255 25.37220192
        600  0.00276242 25.58710861
        700  0.00257107 25.89886665
        800  0.00245277 26.10343933
        900  0.00242419 26.15433311
       1000  0.00237353 26.24605751
       1100  0.00233305 26.32076263
       1200  0.00223814 26.50111961
       1300  0.00212537 26.72566032
       1400  0.00214969 26.67623138
       1500  0.00202055 26.94531250
       1600  0.00199781 26.99445724
       1700  0.00203076 26.92341805
       1800  0.00191814 27.17120361
       1900  0.00188141 27.25516891
       2000  0.00189851 27.21586609
       2100  0.00182746 27.38151169
       2200  0.00185186 27.32393074
       2300  0.00182539 27.38643456
       2400  0.00181936 27.40081978
       2500  0.00171469 27.65813828
       2600  0.00166724 27.78002739
       2700  0.00177040 27.51929474
       2800  0.00168740 27.72782516
       2900  0.00164736 27.83210754
       3000  0.00161256 27.92485046
       3100  0.00159909 27.96127892
       3200  0.00157398 28.03000450
       3300  0.00154547 28.10939789
       3400  0.00156323 28.05977631
       3500  0.00158686 27.99461174
       3600  0.00152784 28.15922165
       3700  0.00152169 28.17673302
       3800  0.00162874 27.88149452
       3900  0.00150359 28.22869301
       4000  0.00145175 28.38108826
       4100  0.00142210 28.47068787
       4200  0.00145784 28.36288834
       4300  0.00140426 28.52553368
       4400  0.00144157 28.41163063
       4500  0.00147323 28.31728363
       4600  0.00141084 28.50522614
       4700  0.00140518 28.52266502
       4800  0.00136553 28.64698410
       4900  0.00140411 28.52598381
       5000  0.00136001 28.66458321
