1.312820339202880859e+01
1.933359718322753906e+01
2.318567276000976562e+01
2.470710182189941406e+01
2.532337760925292969e+01
2.569065666198730469e+01
2.597866249084472656e+01
2.621730232238769531e+01
2.643814277648925781e+01
2.662159729003906250e+01
2.678472900390625000e+01
2.693121719360351562e+01
2.705977439880371094e+01
2.718688774108886719e+01
2.730776023864746094e+01
2.743211174011230469e+01
2.753890419006347656e+01
2.764660072326660156e+01
2.774124526977539062e+01
2.783042526245117188e+01
2.792025184631347656e+01
2.800682830810546875e+01
2.807812118530273438e+01
2.815697860717773438e+01
2.823554229736328125e+01
2.829743576049804688e+01
2.836693382263183594e+01
2.842705535888671875e+01
2.848871231079101562e+01
2.854859924316406250e+01
2.860351753234863281e+01
2.865235519409179688e+01
2.870546913146972656e+01
2.875819396972656250e+01
2.880681991577148438e+01
2.885881423950195312e+01
2.890187072753906250e+01
2.894488143920898438e+01
2.898545074462890625e+01
2.902980804443359375e+01
2.907151985168457031e+01
2.911181068420410156e+01
2.915349769592285156e+01
2.919238090515136719e+01
2.923508644104003906e+01
2.926983261108398438e+01
2.930285072326660156e+01
2.933990859985351562e+01
2.937404060363769531e+01
2.940686798095703125e+01
2.944586753845214844e+01
