1.776912249624729156e-04 1.706982875475659966e-04 4.546832642517983913e-04 1.184935081255389377e-05 3.895309055224061012e-05 2.009453019127249718e-03
2.907352463807910681e-04 4.851336780120618641e-05 8.145069296006113291e-05 9.984978532884269953e-07 9.801927808439359069e-05 1.046653604134917259e-03
4.029397293925285339e-02 2.565546424193598796e-07 1.433695274499768857e-06 1.554041944018536014e-07 2.079566684187739156e-06 1.298840797971934080e-04
4.817049205303192139e-01 5.652428924918240227e-08 2.407211923127761111e-07 7.168286231262754882e-08 3.290924439625086961e-07 5.132349906489253044e-05
6.653897166252136230e-01 4.919846219308965374e-08 1.818985424506536219e-07 5.989037532572183409e-08 2.953896114377130289e-07 2.776413748506456614e-05
8.214632868766784668e-01 3.607292242691073625e-08 1.153295841049839510e-07 3.778917445629303984e-08 1.937829523512846208e-07 1.760012492013629526e-05
8.701843023300170898e-01 3.106060475488447992e-08 8.691577590980159584e-08 2.685662359169782576e-08 1.581565953756580711e-07 1.180631534225540236e-05
8.876075148582458496e-01 2.496307693888866197e-08 7.433219906261001597e-08 2.213707617215732171e-08 1.566896372651171987e-07 9.160481567960232496e-06
8.973761796951293945e-01 1.800743021362904983e-08 5.712368178478754999e-08 1.745969235855682200e-08 1.567261165291711222e-07 6.777630005672108382e-06
9.059101939201354980e-01 1.487767242736026674e-08 4.828730837402872567e-08 1.441267460933204347e-08 1.536446205818720045e-07 5.925291134190047160e-06
9.103662371635437012e-01 1.524453985268792167e-08 4.607532844147499418e-08 1.625747003686228709e-08 2.039866160430392483e-07 6.145688985270680860e-06
9.129208922386169434e-01 1.707474162060407252e-08 4.481954718471570231e-08 1.881829092553743976e-08 2.596932802134688245e-07 5.962462637398857623e-06
9.184328913688659668e-01 1.407227578908987198e-08 3.704624162992331549e-08 1.571883245787830674e-08 2.573020196905417833e-07 5.123627943248720840e-06
9.244157671928405762e-01 1.355557976978616352e-08 3.160091566201117530e-08 1.472410104952359688e-08 2.760581025995634263e-07 4.814261046703904867e-06
9.264567494392395020e-01 1.323604248426590857e-08 2.956021738498293416e-08 1.469955623889518392e-08 3.180797421009629034e-07 4.522905783232999966e-06
9.251782894134521484e-01 1.388239745381270041e-08 2.804433485437130003e-08 1.608967714616937883e-08 3.909877648311521625e-07 4.171144610154442489e-06
9.271844029426574707e-01 1.305070096435656524e-08 2.466537374345989519e-08 1.613678080047975527e-08 4.080970654740667669e-07 3.716739001902169548e-06
9.223985671997070312e-01 1.462975163235569198e-08 2.786738129145760468e-08 1.939721272492533899e-08 5.065274422122456599e-07 3.693244480018620379e-06
9.236006736755371094e-01 1.332859334013392072e-08 2.408589594438126369e-08 1.955347883608737902e-08 4.872536010225303471e-07 3.177631924700108357e-06
9.242161512374877930e-01 1.149054096316604046e-08 2.184163783169879025e-08 1.784312253505504486e-08 4.327534384174214210e-07 2.683630327737773769e-06
9.245624542236328125e-01 1.034280128209275063e-08 2.068091831120000279e-08 1.668905369456297194e-08 4.503494892560411245e-07 2.088602286676177755e-06
9.264493584632873535e-01 9.123747091166478640e-09 1.892802359293455083e-08 1.556094986199241248e-08 3.658274749795964453e-07 1.778240516614459921e-06
9.260911941528320312e-01 8.836298803771569510e-09 1.931929283216504700e-08 1.465040710968423809e-08 3.950729876578407129e-07 1.584357278261450119e-06
9.269886016845703125e-01 7.621752118325275660e-09 1.645747538248087949e-08 1.240525548951154633e-08 3.521774658565846039e-07 1.352852905256440863e-06
9.269698262214660645e-01 7.799556556165043730e-09 1.742482780286991328e-08 1.272626537485166409e-08 3.295351405085966690e-07 1.302101850342296530e-06
9.246277213096618652e-01 7.885697428378080076e-09 1.790125736533809686e-08 1.221863854539151362e-08 3.489519144750374835e-07 1.343971007372601889e-06
9.267633557319641113e-01 6.932350249400087705e-09 1.693721429774086573e-08 1.153700956990633131e-08 3.187854815678292653e-07 1.207128093483333942e-06
9.295704364776611328e-01 6.479847769469415653e-09 1.655899595220944320e-08 1.021905315923277158e-08 2.965208523164619692e-07 1.188937403640011325e-06
9.325466752052307129e-01 5.929887247901888259e-09 1.466099952551758179e-08 9.238132925304398668e-09 2.612705145565996645e-07 1.105994215322425589e-06
9.277122616767883301e-01 6.221667625538884749e-09 1.560461804217538884e-08 9.522769239822537202e-09 2.731432857672189130e-07 1.199451162392506376e-06
9.262932538986206055e-01 6.071245284289261690e-09 1.471466060110060425e-08 9.228911856951071968e-09 2.635062799072329653e-07 1.185391170110960957e-06
9.200422167778015137e-01 6.437338662124147959e-09 1.544853134305412823e-08 9.570609194042845047e-09 2.596751471628522268e-07 1.216158011629886460e-06
9.236779808998107910e-01 6.121788409529926867e-09 1.423744055983888757e-08 8.687996100320560799e-09 2.435664612221444258e-07 1.192963736684760079e-06
9.245841503143310547e-01 6.025270948839533958e-09 1.458102438789410371e-08 8.619532643194816046e-09 2.330917823201161809e-07 1.151171545643592253e-06
9.204916357994079590e-01 6.472081981456767608e-09 1.524625936610846111e-08 8.947235841105793952e-09 2.398793981228664052e-07 1.283562596654519439e-06
9.156926274299621582e-01 7.127163303977113173e-09 1.617604716841469781e-08 9.242200782466625242e-09 2.436980821585166268e-07 1.386560256833035965e-06
9.133602976799011230e-01 7.081726760560513867e-09 1.564573715029382583e-08 9.356655006342862180e-09 2.512938408472109586e-07 1.436055526937707327e-06
9.125214219093322754e-01 6.968295274134561623e-09 1.565514651247212896e-08 8.760211223091118882e-09 2.526321338791603921e-07 1.492251385570853017e-06
9.184874892234802246e-01 7.122797907044287058e-09 1.603338972699930309e-08 8.651476868237750750e-09 2.576569215761992382e-07 1.488187194809142966e-06
9.147995114326477051e-01 8.501403137017859990e-09 1.967191387564071192e-08 1.011293448982542031e-08 2.741457763022481231e-07 1.854642164289543871e-06
9.113876819610595703e-01 7.772705146180669544e-09 1.809515559614283120e-08 8.750195235052160569e-09 2.469115827352652559e-07 1.814584152270981576e-06
9.063658118247985840e-01 8.754788005660429917e-09 2.014941102856937505e-08 9.635338749092170474e-09 2.630600306474661920e-07 2.067458808596711606e-06
9.036341905593872070e-01 9.917078713783666899e-09 2.227915274488623254e-08 1.016279504995054594e-08 2.869504953650903190e-07 2.172434278691071086e-06
8.995993137359619141e-01 1.079607514498093224e-08 2.455744940732529358e-08 1.077572786556402207e-08 2.862585688490071334e-07 2.474172561051091179e-06
8.941323757171630859e-01 1.248634085015964956e-08 2.823512268435024453e-08 1.188436371535317448e-08 3.369970329458737979e-07 2.773747837636619806e-06
8.925912976264953613e-01 1.167569330107198766e-08 2.722484104822342488e-08 1.119632653256985577e-08 3.299996080841083312e-07 2.861316261260071769e-06
8.808496594429016113e-01 1.508883507028713211e-08 3.308490192921453854e-08 1.362330870335881627e-08 3.951397786750021623e-07 3.443528612478985451e-06
8.820939660072326660e-01 1.405032001855488488e-08 3.225684963581443299e-08 1.255351822493366853e-08 3.695824659644131316e-07 3.378993369551608339e-06
8.708598613739013672e-01 1.531815030375582865e-08 3.375507873215610744e-08 1.346598033080681489e-08 3.885865851316339104e-07 3.790411255977232940e-06
8.660646080970764160e-01 1.670427529631979269e-08 3.671082282608040259e-08 1.437155816574886558e-08 4.293455049264593981e-07 3.885768819600343704e-06
8.614131212234497070e-01 1.870774113399420457e-08 4.115642582291911822e-08 1.550828621077471325e-08 4.548392951164714759e-07 4.715598151960875839e-06
