3.058277489932350528e-04
5.678106363676275331e-03
2.850746562477860652e-03
4.122546956064845718e-03
8.057395585983050459e-03
1.200257312393543385e-02
1.275870678410736224e-02
1.518841257466496675e-02
1.709791772547746350e-02
2.117485822648804139e-02
2.566955066098514787e-02
3.885827787854526094e-02
5.890726349221284824e-02
7.565178067585727473e-02
1.300333118516693032e-01
1.897866552091713177e-01
2.551160563767854716e-01
3.262386855409891706e-01
3.930130386224089944e-01
4.225176847616862186e-01
4.540770279041892454e-01
5.089483758959317816e-01
5.535228515760165502e-01
5.613569801229870704e-01
6.127523400288470423e-01
6.320581421843625147e-01
6.690516465339890750e-01
7.014502995351808989e-01
7.242938746347957757e-01
7.392309026319870968e-01
7.425933392435263292e-01
7.746445336231352341e-01
7.747800705229536122e-01
7.749895304241360972e-01
7.889748596146812787e-01
7.951737238400790053e-01
7.956563774419550539e-01
7.929606839046990929e-01
8.116342084740788554e-01
8.249004125190688708e-01
8.336821368383823261e-01
8.456304462651582643e-01
8.374716309369880651e-01
8.436808895159541022e-01
8.588908376782187215e-01
8.441508237114899726e-01
8.410950889141209919e-01
8.434301941200236241e-01
8.276187411288978835e-01
8.278128146514431851e-01
8.279772779430997209e-01
