9.902487754821777344e+00
1.646654129028320312e+01
2.122278022766113281e+01
2.328507232666015625e+01
2.425952720642089844e+01
2.505741119384765625e+01
2.556288528442382812e+01
2.594248008728027344e+01
2.629014587402343750e+01
2.662248039245605469e+01
2.697892951965332031e+01
2.742226791381835938e+01
2.787230110168457031e+01
2.830204772949218750e+01
2.868538093566894531e+01
2.906862258911132812e+01
2.940888786315917969e+01
2.977168464660644531e+01
3.012254142761230469e+01
3.047348976135253906e+01
3.082710075378417969e+01
3.119054031372070312e+01
3.151694488525390625e+01
3.184996604919433594e+01
3.214387130737304688e+01
3.243532562255859375e+01
3.272687149047851562e+01
3.298521423339843750e+01
3.323156356811523438e+01
3.346798706054687500e+01
3.367064666748046875e+01
3.387032699584960938e+01
3.404483413696289062e+01
3.423033142089843750e+01
3.438483047485351562e+01
3.452792358398437500e+01
3.466976165771484375e+01
3.480122756958007812e+01
3.492252731323242188e+01
3.503257751464843750e+01
3.514471054077148438e+01
3.524578475952148438e+01
3.533874130249023438e+01
3.543526077270507812e+01
3.552521514892578125e+01
3.560373306274414062e+01
3.570569992065429688e+01
3.577642822265625000e+01
3.585100936889648438e+01
3.592462158203125000e+01
3.598530960083007812e+01
