3.492500693331276776e-04
9.349070641518694158e-01
9.151394935460108737e-01
6.905085137994821931e-01
9.266064774799891435e-01
9.601982180895234364e-01
9.618885842120776797e-01
9.763598114550390283e-01
9.886993469952455316e-01
9.933375984207788445e-01
1.002350640062362963e+00
1.001767546666174624e+00
1.000037966842540316e+00
1.000800483182621381e+00
1.000877788412095626e+00
9.956856824231349323e-01
9.884401874477254379e-01
9.858002762041037093e-01
9.805399047100828991e-01
9.789408086326499836e-01
9.681259317150439081e-01
9.656048460902755259e-01
9.596947366111082678e-01
9.549627837663008378e-01
9.450723901131100613e-01
9.423144637086859898e-01
9.328961306987045843e-01
9.271413174506829558e-01
9.226702697553513799e-01
9.121501501965797454e-01
9.018155631885464985e-01
8.985684318359892231e-01
9.021613794045901802e-01
8.947690044931794207e-01
8.938836725869172550e-01
8.909788039035649865e-01
8.885641376551778325e-01
8.872320563340663213e-01
8.879627154384528431e-01
8.848822267297543620e-01
8.777462059341488709e-01
8.763458591079774651e-01
8.736524576329937064e-01
8.743362348562796482e-01
8.691765471893564410e-01
8.648969546228277849e-01
8.631017900399942100e-01
8.625811019137283875e-01
8.573285232855819560e-01
8.625918872400986093e-01
8.560898316691096799e-01
