1.288224160671234131e-01 6.387909501791000366e-02 1.649141758680343628e-01 1.435854285955429077e-01 1.224377751350402832e-01 5.278559774160385132e-02 5.223377048969268799e-02 1.458254456520080566e-01 4.489816352725028992e-02 8.061814308166503906e-02
1.360809504985809326e-01 5.005953833460807800e-02 1.598939299583435059e-01 1.764659434556961060e-01 9.947367012500762939e-02 6.638760864734649658e-02 8.867300301790237427e-02 1.020948961377143860e-01 4.056563600897789001e-02 8.030492067337036133e-02
1.275337338447570801e-01 5.038647726178169250e-02 1.467902362346649170e-01 1.681851297616958618e-01 1.030712276697158813e-01 7.452592998743057251e-02 7.991934567689895630e-02 1.214528828859329224e-01 3.573957085609436035e-02 9.239543974399566650e-02
1.283369213342666626e-01 5.809635296463966370e-02 1.499744653701782227e-01 1.573197245597839355e-01 1.060296744108200073e-01 7.066711783409118652e-02 7.412958890199661255e-02 1.269134879112243652e-01 3.530601412057876587e-02 9.322665631771087646e-02
1.306075453758239746e-01 6.028615310788154602e-02 1.515273004770278931e-01 1.520145833492279053e-01 1.095132380723953247e-01 6.835217028856277466e-02 7.431498914957046509e-02 1.259029805660247803e-01 3.633696585893630981e-02 9.114414453506469727e-02
1.320133954286575317e-01 6.073891371488571167e-02 1.536432653665542603e-01 1.520028263330459595e-01 1.094516888260841370e-01 6.711699068546295166e-02 7.425423711538314819e-02 1.235443502664566040e-01 3.722486644983291626e-02 9.000949561595916748e-02
1.329987049102783203e-01 6.059527024626731873e-02 1.550895571708679199e-01 1.524434089660644531e-01 1.093480810523033142e-01 6.664066761732101440e-02 7.386448234319686890e-02 1.216265857219696045e-01 3.775485232472419739e-02 8.963841944932937622e-02
1.329206675291061401e-01 6.038089469075202942e-02 1.562542617321014404e-01 1.532748639583587646e-01 1.094932258129119873e-01 6.650068610906600952e-02 7.367895543575286865e-02 1.199792474508285522e-01 3.812422603368759155e-02 8.939301222562789917e-02
1.335047930479049683e-01 6.050666421651840210e-02 1.569691002368927002e-01 1.533851921558380127e-01 1.091325953602790833e-01 6.629601120948791504e-02 7.346601784229278564e-02 1.186913326382637024e-01 3.838693350553512573e-02 8.966135233640670776e-02
1.338897794485092163e-01 6.062033399939537048e-02 1.572651714086532593e-01 1.537264883518218994e-01 1.085538268089294434e-01 6.615690141916275024e-02 7.351523637771606445e-02 1.178401932120323181e-01 3.860179334878921509e-02 8.983028680086135864e-02
1.339507102966308594e-01 6.063064187765121460e-02 1.575426161289215088e-01 1.537762880325317383e-01 1.083961054682731628e-01 6.609643995761871338e-02 7.331863045692443848e-02 1.177883222699165344e-01 3.874247148633003235e-02 8.975775539875030518e-02
