1.250102221965789795e-01 4.852177947759628296e-02 1.588135212659835815e-01 1.835773736238479614e-01 1.187425330281257629e-01 7.214219868183135986e-02 5.942906439304351807e-02 1.125248298048973083e-01 5.829086899757385254e-02 6.294753402471542358e-02
1.124541461467742920e-01 5.765152722597122192e-02 1.810295879840850830e-01 1.646438241004943848e-01 9.868457913398742676e-02 6.582674384117126465e-02 6.019179150462150574e-02 1.424306035041809082e-01 4.616440087556838989e-02 7.092271745204925537e-02
1.041074842214584351e-01 6.084008514881134033e-02 1.565624326467514038e-01 1.706205159425735474e-01 1.073480769991874695e-01 7.198502868413925171e-02 7.455746829509735107e-02 1.458493024110794067e-01 3.200505301356315613e-02 7.612462341785430908e-02
1.046695187687873840e-01 5.965840443968772888e-02 1.553702503442764282e-01 1.702589690685272217e-01 1.119789928197860718e-01 7.116087526082992554e-02 7.749466598033905029e-02 1.402745693922042847e-01 3.358992189168930054e-02 7.554382830858230591e-02
1.037110462784767151e-01 5.967925488948822021e-02 1.537478864192962646e-01 1.706687510013580322e-01 1.123215034604072571e-01 7.135745137929916382e-02 7.892867922782897949e-02 1.390258222818374634e-01 3.413655236363410950e-02 7.642308622598648071e-02
1.033138781785964966e-01 6.052047759294509888e-02 1.519877016544342041e-01 1.702288687229156494e-01 1.123360693454742432e-01 7.143271714448928833e-02 7.937382161617279053e-02 1.389866024255752563e-01 3.487590327858924866e-02 7.694397121667861938e-02
1.035073697566986084e-01 6.119782105088233948e-02 1.518972367048263550e-01 1.698990911245346069e-01 1.116917282342910767e-01 7.114731520414352417e-02 7.975199073553085327e-02 1.379846185445785522e-01 3.531405702233314514e-02 7.760877907276153564e-02
1.042438820004463196e-01 6.121816486120223999e-02 1.532058566808700562e-01 1.689985692501068115e-01 1.109948232769966125e-01 7.078944146633148193e-02 8.009691536426544189e-02 1.369246244430541992e-01 3.556062281131744385e-02 7.796704769134521484e-02
1.045355349779129028e-01 6.130743399262428284e-02 1.539342701435089111e-01 1.686337441205978394e-01 1.108818799257278442e-01 7.060355693101882935e-02 8.014933764934539795e-02 1.362899094820022583e-01 3.574288636445999146e-02 7.792142778635025024e-02
1.049685105681419373e-01 6.144353002309799194e-02 1.545346230268478394e-01 1.681997776031494141e-01 1.103739440441131592e-01 7.028633356094360352e-02 8.027366548776626587e-02 1.357984989881515503e-01 3.591744974255561829e-02 7.820361852645874023e-02
1.053453236818313599e-01 6.174222379922866821e-02 1.549774408340454102e-01 1.676622480154037476e-01 1.103712618350982666e-01 7.016619294881820679e-02 8.034253865480422974e-02 1.350333541631698608e-01 3.602714836597442627e-02 7.833228260278701782e-02
