          0  0.08102553 10.91378117
        100  0.02552491 15.93035793
        200  0.01880457 17.25736618
        300  0.01629774 17.87872696
        400  0.01525515 18.16583633
        500  0.01494086 18.25624466
        600  0.01437205 18.42481232
        700  0.01397772 18.54563713
        800  0.01308675 18.83168221
        900  0.01249543 19.03248978
       1000  0.01239958 19.06592941
       1100  0.01228551 19.10606956
       1200  0.01190211 19.24376106
       1300  0.01165736 19.33399963
       1400  0.01209851 19.17267990
       1500  0.01153146 19.38115501
       1600  0.01117863 19.51611519
       1700  0.01149629 19.39442444
       1800  0.01067017 19.71828651
       1900  0.01123756 19.49327850
       2000  0.01033839 19.85546875
       2100  0.01037720 19.83919716
       2200  0.01022339 19.90405273
       2300  0.00996678 20.01445389
       2400  0.00982586 20.07629585
       2500  0.00976987 20.10111427
       2600  0.00944415 20.24837303
       2700  0.00945907 20.24151802
       2800  0.00917370 20.37455368
       2900  0.00918842 20.36759186
       3000  0.00913603 20.39242554
       3100  0.00900910 20.45318604
       3200  0.00936396 20.28540421
       3300  0.00884047 20.53524780
       3400  0.00881719 20.54669952
       3500  0.00858388 20.66316414
       3600  0.00856736 20.67152977
       3700  0.00904615 20.43535995
       3800  0.00858558 20.66230583
       3900  0.00821936 20.85161972
       4000  0.00827168 20.82406235
       4100  0.00819268 20.86574173
       4200  0.00804977 20.94216347
       4300  0.00810768 20.91103554
       4400  0.00812981 20.89919662
       4500  0.00790779 21.01944733
       4600  0.00768442 21.14389038
       4700  0.00789417 21.02693367
       4800  0.00762458 21.17784309
       4900  0.00757630 21.20542526
       5000  0.00764301 21.16735649
