1.246730244020000100e-04 1.246730244020000100e-04 2.050124166999012232e-04 1.966240233741700649e-04 1.981475506909191608e-04 9.902001693262718618e-06
2.708614105358719826e-03 2.708614105358719826e-03 4.758317489176988602e-03 1.518188975751399994e-03 4.515448119491338730e-03 6.243877578526735306e-04
5.112145841121673584e-02 5.112145841121673584e-02 5.399138666689395905e-03 2.456190995872020721e-04 1.303636934608221054e-02 3.280268516391515732e-03
5.972784161567687988e-01 5.972784161567687988e-01 6.011181394569575787e-04 1.210082264151424170e-04 5.304477177560329437e-03 1.758412458002567291e-03
4.664021432399749756e-01 4.664021432399749756e-01 8.012010366655886173e-04 1.126728820963762701e-04 2.924635307863354683e-03 1.173571217805147171e-03
9.670087099075317383e-01 9.670087099075317383e-01 5.869064261787571013e-05 1.049768434313591570e-05 6.317091174423694611e-04 1.663181319599971175e-04
9.980086684226989746e-01 9.980086684226989746e-01 2.744247467489913106e-06 6.197502671057009138e-07 5.234696800471283495e-05 6.234984084585448727e-06
9.997965693473815918e-01 9.997965693473815918e-01 3.338213332426676061e-07 1.047606232873476984e-07 7.666388228244613856e-06 2.753389196641364833e-07
9.999649524688720703e-01 9.999649524688720703e-01 1.262517912437033374e-07 4.797647790155679104e-08 2.449291287121013738e-06 4.220718352598851197e-08
9.999949932098388672e-01 9.999949932098388672e-01 3.882095711560396012e-08 2.291574929813577910e-08 9.545876764605054632e-07 7.304280291720033347e-09
9.999995231628417969e-01 9.999995231628417969e-01 7.203631025021195455e-09 8.926416938948023017e-09 1.994014695583246066e-07 1.209597089157909977e-09
1.000000000000000000e+00 1.000000000000000000e+00 1.714250408291206895e-09 3.407302218150221051e-09 4.649315599181136349e-08 1.765194379554912985e-10
1.000000000000000000e+00 1.000000000000000000e+00 1.228456225632612586e-09 2.528327769368843292e-09 3.527540215486624220e-08 1.007278704889813525e-10
1.000000000000000000e+00 1.000000000000000000e+00 3.958241234780501827e-10 8.689469699341145770e-10 1.595662091347094247e-08 2.820706689055096916e-11
1.000000000000000000e+00 1.000000000000000000e+00 1.571101720942991165e-10 3.346187216202167747e-10 7.274022273406899330e-09 1.060933285668141934e-11
1.000000000000000000e+00 1.000000000000000000e+00 6.718490347390471129e-11 1.673619298703243885e-10 3.088992617250596595e-09 4.103624558216001361e-12
1.000000000000000000e+00 1.000000000000000000e+00 2.677129525008314914e-11 7.874811913666235341e-11 1.413105965575311984e-09 1.921738592911004240e-12
1.000000000000000000e+00 1.000000000000000000e+00 1.755208825504617209e-11 5.574054065538014413e-11 1.106792657523669732e-09 1.437751718895430297e-12
1.000000000000000000e+00 1.000000000000000000e+00 1.693110929235075446e-11 5.148514600761266991e-11 1.043160113844976422e-09 1.392005217690228669e-12
1.000000000000000000e+00 1.000000000000000000e+00 2.183792903454051526e-11 5.837103023154099901e-11 1.345653810602698286e-09 1.991355648087167474e-12
1.000000000000000000e+00 1.000000000000000000e+00 2.830229280104124001e-11 6.486322590149029566e-11 1.504191882162331240e-09 2.440688710164673481e-12
1.000000000000000000e+00 1.000000000000000000e+00 3.749694998944619329e-11 7.949725600031598560e-11 1.839778329681962532e-09 3.101562843360605726e-12
1.000000000000000000e+00 1.000000000000000000e+00 4.197048958376470296e-11 9.864274674864503822e-11 2.179862512718955259e-09 3.432848623419193501e-12
1.000000000000000000e+00 1.000000000000000000e+00 4.876728881830771911e-11 9.878508427929588720e-11 2.093220707877208042e-09 3.621864093361626402e-12
1.000000000000000000e+00 1.000000000000000000e+00 6.032348925932851103e-11 1.302205981934534407e-10 3.020701022649063816e-09 5.024970457095934151e-12
1.000000000000000000e+00 1.000000000000000000e+00 8.713962884598913661e-11 2.110087798934401349e-10 4.947110721076342088e-09 7.837766026475012637e-12
1.000000000000000000e+00 1.000000000000000000e+00 1.273137428814408167e-10 3.250028857149089845e-10 7.125415812936353177e-09 1.206628460342917819e-11
1.000000000000000000e+00 1.000000000000000000e+00 1.649511915946533236e-10 4.278654930356395880e-10 9.497505892852586840e-09 1.588008370634330646e-11
1.000000000000000000e+00 1.000000000000000000e+00 2.178381641737558994e-10 5.981961037626604138e-10 1.305114061267431680e-08 2.047558823881079348e-11
1.000000000000000000e+00 1.000000000000000000e+00 2.761569584119882848e-10 7.730461271115984800e-10 1.910690095030531666e-08 2.813549393465564208e-11
1.000000000000000000e+00 1.000000000000000000e+00 3.567899864442836133e-10 9.930957167725296131e-10 1.958038886584745342e-08 3.347647159479549828e-11
1.000000000000000000e+00 1.000000000000000000e+00 4.002486675425132034e-10 1.066180144171369193e-09 2.099059059901264845e-08 3.650216934270034130e-11
1.000000000000000000e+00 1.000000000000000000e+00 4.184389779116060026e-10 1.151134743082593559e-09 2.144300381701214064e-08 3.872059617382461738e-11
1.000000000000000000e+00 1.000000000000000000e+00 4.874657344444699447e-10 1.399383942057852437e-09 2.361201723033445887e-08 4.616392684786418954e-11
1.000000000000000000e+00 1.000000000000000000e+00 4.142176601718006168e-10 1.158423024172350324e-09 2.199845283712420496e-08 3.930523614914527286e-11
1.000000000000000000e+00 1.000000000000000000e+00 5.140608494436094134e-10 1.439147689907827043e-09 2.247160324486685568e-08 4.513042370368758327e-11
1.000000000000000000e+00 1.000000000000000000e+00 5.180244566638236847e-10 1.534593785379456676e-09 2.174796875920037564e-08 4.334656938942416105e-11
1.000000000000000000e+00 1.000000000000000000e+00 7.092557652299547044e-10 1.893687873177896108e-09 2.557668743463636929e-08 5.529494917499988560e-11
1.000000000000000000e+00 1.000000000000000000e+00 8.394506201270246493e-10 2.083962780119463787e-09 3.023856010031522601e-08 6.007043473754691831e-11
1.000000000000000000e+00 1.000000000000000000e+00 8.274329554858184110e-10 2.030987378276449817e-09 2.959713008010567137e-08 5.821992887788951521e-11
1.000000000000000000e+00 1.000000000000000000e+00 8.723845534852614492e-10 2.078559990792427925e-09 3.152371164105716161e-08 5.975651917733415530e-11
1.000000000000000000e+00 1.000000000000000000e+00 1.030578289373806911e-09 2.152240163866281364e-09 3.356398536880078609e-08 6.214038311691538752e-11
1.000000000000000000e+00 1.000000000000000000e+00 3.736788378727595727e-10 1.036622676586773650e-09 1.584096231965759216e-08 2.574462344695493954e-11
1.000000000000000000e+00 1.000000000000000000e+00 8.347628699389986195e-10 1.961895756963372150e-09 2.604659243843343575e-08 4.806399722667720198e-11
1.000000000000000000e+00 1.000000000000000000e+00 1.391978088349787868e-09 2.625451855919891386e-09 4.256535390823046328e-08 7.246872546495808365e-11
1.000000000000000000e+00 1.000000000000000000e+00 1.735062982177737467e-09 3.008723714614802702e-09 5.192090668515447760e-08 8.852234223422073001e-11
1.000000000000000000e+00 1.000000000000000000e+00 1.728971188441619233e-09 3.144898785834016053e-09 4.724820001911211875e-08 8.737045809059651447e-11
1.000000000000000000e+00 1.000000000000000000e+00 1.958460060791367141e-09 3.573936036005420647e-09 5.238824485331861069e-08 9.079702961711788589e-11
1.000000000000000000e+00 1.000000000000000000e+00 3.209586485475313111e-10 9.195817440854625602e-10 1.495621582137118821e-08 2.177973426609192131e-11
1.000000000000000000e+00 1.000000000000000000e+00 6.786056161445230828e-10 1.520048753533842500e-09 2.120778219705243828e-08 3.363122280664043728e-11
1.000000000000000000e+00 1.000000000000000000e+00 1.316458830835642857e-09 2.215998495813664704e-09 3.339712506544856296e-08 5.498763250288973836e-11
