5.556685937335714698e-05 5.556685937335714698e-05 7.379889575531706214e-05 3.521779217408038676e-05 8.349755808012560010e-05 5.076776506030000746e-05
6.428973574656993151e-05 6.428973574656993151e-05 1.415031147189438343e-04 1.144080742960795760e-04 1.967355638043954968e-04 2.107685722876340151e-04
6.608576222788542509e-05 6.608576222788542509e-05 3.403022128622978926e-05 2.655518437677528709e-05 1.832491943787317723e-05 7.030349661363288760e-05
6.150710978545248508e-04 6.150710978545248508e-04 9.275364573113620281e-05 5.917032831348478794e-05 1.880100899143144488e-05 4.290744254831224680e-05
6.274939980357885361e-03 6.274939980357885361e-03 1.377247972413897514e-03 2.121577563229948282e-04 1.820603756641503423e-05 2.274489634146448225e-05
6.714944541454315186e-02 6.714944541454315186e-02 4.453579708933830261e-02 6.240247748792171478e-04 1.436865422874689102e-04 8.547622564947232604e-05
2.117426097393035889e-01 2.117426097393035889e-01 1.294445544481277466e-01 1.028595608659088612e-03 2.120294229825958610e-04 1.335938723059371114e-04
4.714232385158538818e-01 4.714232385158538818e-01 1.593800038099288940e-01 1.482188468798995018e-03 2.279789478052407503e-04 1.178803577204234898e-04
6.616601347923278809e-01 6.616601347923278809e-01 1.517356187105178833e-01 1.514536212198436260e-03 1.945762196555733681e-04 9.553890413371846080e-05
7.285917401313781738e-01 7.285917401313781738e-01 1.021651104092597961e-01 2.375153824687004089e-03 1.650036283535882831e-04 1.328867947449907660e-04
7.706131935119628906e-01 7.706131935119628906e-01 7.625717669725418091e-02 3.485244931653141975e-03 1.583655248396098614e-04 1.614280336070805788e-04
7.782420516014099121e-01 7.782420516014099121e-01 6.446622312068939209e-02 4.971240647137165070e-03 1.909130223793908954e-04 2.347137487959116697e-04
7.847743034362792969e-01 7.847743034362792969e-01 6.357826292514801025e-02 5.931132938712835312e-03 2.232298575108870864e-04 2.613779506646096706e-04
8.189165592193603516e-01 8.189165592193603516e-01 5.373882874846458435e-02 7.112355902791023254e-03 2.292834396939724684e-04 2.646910434123128653e-04
8.425328135490417480e-01 8.425328135490417480e-01 5.218213051557540894e-02 8.579474873840808868e-03 2.039836690528318286e-04 2.227365475846454501e-04
8.731459975242614746e-01 8.731459975242614746e-01 4.598609358072280884e-02 8.938920684158802032e-03 1.503650710219517350e-04 1.811529364204034209e-04
8.843855857849121094e-01 8.843855857849121094e-01 4.812194779515266418e-02 9.512107819318771362e-03 1.383953203912824392e-04 1.767441281117498875e-04
8.986304998397827148e-01 8.986304998397827148e-01 4.656934365630149841e-02 9.728983044624328613e-03 1.309231447521597147e-04 1.692888763500377536e-04
9.032143950462341309e-01 9.032143950462341309e-01 4.739776998758316040e-02 1.051394455134868622e-02 1.464772940380498767e-04 1.787868095561861992e-04
9.019855260848999023e-01 9.019855260848999023e-01 4.631783440709114075e-02 1.216357853263616562e-02 1.844041398726403713e-04 2.238361921627074480e-04
9.036102294921875000e-01 9.036102294921875000e-01 4.732425138354301453e-02 1.220855396240949631e-02 1.779866288416087627e-04 2.259959583170711994e-04
9.090563058853149414e-01 9.090563058853149414e-01 4.696756601333618164e-02 1.133019942790269852e-02 1.856088201748207211e-04 2.164369361707940698e-04
9.158141016960144043e-01 9.158141016960144043e-01 4.435589164495468140e-02 1.098389085382223129e-02 1.638951653148978949e-04 2.047363523161038756e-04
9.176344871520996094e-01 9.176344871520996094e-01 4.425664618611335754e-02 1.046311669051647186e-02 1.605159341124817729e-04 2.146155165974050760e-04
9.220508337020874023e-01 9.220508337020874023e-01 4.249693080782890320e-02 9.741918183863162994e-03 1.386968651786446571e-04 1.861307973740622401e-04
9.255927205085754395e-01 9.255927205085754395e-01 4.110394418239593506e-02 9.049812331795692444e-03 1.189756803796626627e-04 1.722502929624170065e-04
9.263997673988342285e-01 9.263997673988342285e-01 4.243938252329826355e-02 8.299474604427814484e-03 1.065616670530289412e-04 1.779697631718590856e-04
9.293352961540222168e-01 9.293352961540222168e-01 4.138123989105224609e-02 7.801025640219449997e-03 9.870838403003290296e-05 1.797415316104888916e-04
9.319226741790771484e-01 9.319226741790771484e-01 3.906623274087905884e-02 8.181148208677768707e-03 9.487961506238207221e-05 1.889676204882562160e-04
9.345116019248962402e-01 9.345116019248962402e-01 3.683899343013763428e-02 8.392171934247016907e-03 8.778135816100984812e-05 1.983942056540399790e-04
9.391601085662841797e-01 9.391601085662841797e-01 3.349005803465843201e-02 8.443106897175312042e-03 8.056461228989064693e-05 2.118594420608133078e-04
9.385765790939331055e-01 9.385765790939331055e-01 3.190507367253303528e-02 9.849423542618751526e-03 7.612539775436744094e-05 2.402075042482465506e-04
9.373836517333984375e-01 9.373836517333984375e-01 3.250988572835922241e-02 1.000785361975431442e-02 7.716069376328960061e-05 2.554613165557384491e-04
9.368416070938110352e-01 9.368416070938110352e-01 3.209859132766723633e-02 1.044287346303462982e-02 7.420530891977250576e-05 2.643857733346521854e-04
9.371820688247680664e-01 9.371820688247680664e-01 3.044432215392589569e-02 1.106040924787521362e-02 7.476057362509891391e-05 2.697893651202321053e-04
9.404366016387939453e-01 9.404366016387939453e-01 2.954340912401676178e-02 1.008759345859289169e-02 7.532587915193289518e-05 2.492104831617325544e-04
9.399533271789550781e-01 9.399533271789550781e-01 2.998951077461242676e-02 1.008148584514856339e-02 8.416274067712947726e-05 2.651453251019120216e-04
9.373191595077514648e-01 9.373191595077514648e-01 3.008207120001316071e-02 1.110314112156629562e-02 9.183712245430797338e-05 2.874332712963223457e-04
9.357529878616333008e-01 9.357529878616333008e-01 3.189660608768463135e-02 1.103834249079227448e-02 9.688307909527793527e-05 2.895021752920001745e-04
9.358580708503723145e-01 9.358580708503723145e-01 3.192432597279548645e-02 1.118002925068140030e-02 9.802068234421312809e-05 2.876447397284209728e-04
9.348090291023254395e-01 9.348090291023254395e-01 3.214873000979423523e-02 1.165978796780109406e-02 1.019422998069785535e-04 2.837848442140966654e-04
9.321254491806030273e-01 9.321254491806030273e-01 3.088025189936161041e-02 1.357389986515045166e-02 1.080593647202476859e-04 3.092011902481317520e-04
9.329195022583007812e-01 9.329195022583007812e-01 2.989458851516246796e-02 1.380321942269802094e-02 1.037233232636936009e-04 3.108595556113868952e-04
9.317321181297302246e-01 9.317321181297302246e-01 2.958114258944988251e-02 1.481781248003244400e-02 1.031382489600218832e-04 3.192592994309961796e-04
9.268065690994262695e-01 9.268065690994262695e-01 2.925073727965354919e-02 1.675979420542716980e-02 1.051813014782965183e-04 3.633282613009214401e-04
9.242740869522094727e-01 9.242740869522094727e-01 2.875796891748905182e-02 1.831370405852794647e-02 1.136120918090455234e-04 3.993158752564340830e-04
9.256884455680847168e-01 9.256884455680847168e-01 2.791263721883296967e-02 1.866820268332958221e-02 1.175846919068135321e-04 3.923212643712759018e-04
9.225721359252929688e-01 9.225721359252929688e-01 2.841055393218994141e-02 1.993611082434654236e-02 1.247725740540772676e-04 4.195811343379318714e-04
9.191664457321166992e-01 9.191664457321166992e-01 2.783684991300106049e-02 2.166819944977760315e-02 1.331436069449409842e-04 4.412286798469722271e-04
9.197832345962524414e-01 9.197832345962524414e-01 2.786094881594181061e-02 2.152822539210319519e-02 1.362616894766688347e-04 4.344845074228942394e-04
9.200844764709472656e-01 9.200844764709472656e-01 2.814005874097347260e-02 2.157133072614669800e-02 1.406814408255741000e-04 4.476412432268261909e-04
