1.069610500335693359e+01
1.477002906799316406e+01
1.789611816406250000e+01
1.971480751037597656e+01
2.052208518981933594e+01
2.112937545776367188e+01
2.178572463989257812e+01
2.222754478454589844e+01
2.255016136169433594e+01
2.281853103637695312e+01
2.306116867065429688e+01
2.326358032226562500e+01
2.344595718383789062e+01
2.363646125793457031e+01
2.380703163146972656e+01
2.396327209472656250e+01
2.411082839965820312e+01
2.425111007690429688e+01
2.439147377014160156e+01
2.452863121032714844e+01
2.465825271606445312e+01
2.480278396606445312e+01
2.493527984619140625e+01
2.506738281250000000e+01
2.519214439392089844e+01
2.530965232849121094e+01
2.541695976257324219e+01
2.551487159729003906e+01
2.561998748779296875e+01
2.571061325073242188e+01
2.578884696960449219e+01
2.588221549987792969e+01
2.596708106994628906e+01
2.604677581787109375e+01
2.612835311889648438e+01
2.619353103637695312e+01
2.626996231079101562e+01
2.633785057067871094e+01
2.638972091674804688e+01
2.646328163146972656e+01
2.651405334472656250e+01
2.658170127868652344e+01
2.663334846496582031e+01
2.668304252624511719e+01
2.673194694519042969e+01
2.678135490417480469e+01
2.682664489746093750e+01
2.686063003540039062e+01
2.690846252441406250e+01
2.694300270080566406e+01
2.695708656311035156e+01
