1.482552136198084702e-04
8.153534890466034501e-04
4.993822151226842438e-04
6.014857022989360388e-04
2.872051262811330780e-04
4.203415080460601565e-04
3.822416064786206269e-03
5.232741551486424364e-02
1.862796244426351833e-01
2.784243015836826984e-01
3.604009602115649247e-01
4.031716537055793359e-01
3.707039525583171735e-01
3.893592799832416573e-01
4.446513494761009655e-01
5.036844925708859888e-01
5.035239739751937726e-01
5.025137218255619764e-01
5.126673945484145900e-01
4.871560442516726930e-01
4.849967097235766689e-01
5.101022746870226277e-01
5.118543430260485971e-01
5.025853273724775194e-01
4.834543367324115049e-01
4.604356060664490657e-01
4.225578451574010796e-01
4.307963702990927346e-01
4.551797404121530333e-01
4.720914218652674244e-01
4.696233289082483164e-01
4.785299976645670528e-01
4.839850384204945621e-01
5.407605243340082302e-01
5.995084792876096413e-01
6.816261277256615569e-01
7.355523545761065707e-01
7.781256006335595110e-01
8.149938498208627591e-01
8.236308794216270490e-01
8.445060096520945470e-01
8.549035916614244890e-01
8.663231492619322127e-01
8.833049245550259609e-01
8.944096151965419406e-01
9.053685032466219917e-01
9.123903511139891398e-01
9.204394809723915882e-01
9.293644753189161944e-01
9.309925528380138537e-01
9.414712117009819137e-01
