5.757904727943241596e-04 5.757904727943241596e-04 7.085790275596082211e-04 1.311503350734710693e-03 5.943165160715579987e-05 2.516100939828902483e-04
2.232665428891777992e-04 2.232665428891777992e-04 9.168793330900371075e-04 1.080815796740353107e-03 5.657150177285075188e-05 1.208202098496258259e-03
1.675176172284409404e-04 1.675176172284409404e-04 4.612823540810495615e-04 1.210408867336809635e-03 3.466277121333405375e-05 1.669172925176098943e-04
1.716959231998771429e-04 1.716959231998771429e-04 2.134047244908288121e-04 3.752352204173803329e-04 8.660647290525957942e-05 9.246528497897088528e-05
7.671224884688854218e-04 7.671224884688854218e-04 5.442849942483007908e-04 3.753419732674956322e-04 1.254431990673765540e-04 1.368916418869048357e-04
2.240705536678433418e-03 2.240705536678433418e-03 9.370236657559871674e-04 3.677193017210811377e-04 3.958704764954745770e-04 1.751896634232252836e-04
3.293963521718978882e-02 3.293963521718978882e-02 1.965715317055583000e-03 1.199758029542863369e-03 3.167819231748580933e-03 2.233146515209227800e-04
1.182980984449386597e-01 1.182980984449386597e-01 5.578594747930765152e-03 1.140810782089829445e-03 8.115638978779315948e-03 3.689836012199521065e-04
1.976038068532943726e-01 1.976038068532943726e-01 4.877368453890085220e-03 5.652547115460038185e-04 7.660078816115856171e-03 3.182505024597048759e-04
2.358975857496261597e-01 2.358975857496261597e-01 4.244785755872726440e-03 5.878134979866445065e-04 5.769014358520507812e-03 3.336889785714447498e-04
3.052965700626373291e-01 3.052965700626373291e-01 3.111173631623387337e-03 6.426744512282311916e-04 5.264891777187585831e-03 2.628781658131629229e-04
4.129738509654998779e-01 4.129738509654998779e-01 3.366788849234580994e-03 7.389339152723550797e-04 4.973023198544979095e-03 2.526070747990161180e-04
5.929009318351745605e-01 5.929009318351745605e-01 3.591125365346670151e-03 8.910127216950058937e-04 4.088819958269596100e-03 2.659571473486721516e-04
7.056121826171875000e-01 7.056121826171875000e-01 3.038266208022832870e-03 8.064974681474268436e-04 3.406726522371172905e-03 2.462189295329153538e-04
7.576540708541870117e-01 7.576540708541870117e-01 3.027770202606916428e-03 7.490848656743764877e-04 2.888507209718227386e-03 2.547307522036135197e-04
8.189352750778198242e-01 8.189352750778198242e-01 2.556713763624429703e-03 6.571979029104113579e-04 2.255935687571763992e-03 2.057417004834860563e-04
8.626036047935485840e-01 8.626036047935485840e-01 2.141740871593356133e-03 4.805900971405208111e-04 1.767724985256791115e-03 1.696961699053645134e-04
8.728370070457458496e-01 8.728370070457458496e-01 2.045242581516504288e-03 4.283501475583761930e-04 1.927903154864907265e-03 1.438395120203495026e-04
9.019188880920410156e-01 9.019188880920410156e-01 1.993406098335981369e-03 4.011550918221473694e-04 1.779085607267916203e-03 1.177515805466100574e-04
9.310058951377868652e-01 9.310058951377868652e-01 1.925605814903974533e-03 3.747251175809651613e-04 1.464742701500654221e-03 8.493808854836970568e-05
9.463886022567749023e-01 9.463886022567749023e-01 1.842597499489784241e-03 3.155136946588754654e-04 1.365909120067954063e-03 7.340499723795801401e-05
9.675968289375305176e-01 9.675968289375305176e-01 1.436007209122180939e-03 2.105860767187550664e-04 9.155955631285905838e-04 4.653621726902201772e-05
9.744746088981628418e-01 9.744746088981628418e-01 1.148699549958109856e-03 1.589249150129035115e-04 8.546160534024238586e-04 3.416260733501985669e-05
9.800831079483032227e-01 9.800831079483032227e-01 1.127906725741922855e-03 1.348422811133787036e-04 7.571956375613808632e-04 2.757999391178600490e-05
9.846271872520446777e-01 9.846271872520446777e-01 9.811060735955834389e-04 1.194124342873692513e-04 6.086018984206020832e-04 2.254017454106360674e-05
9.852622151374816895e-01 9.852622151374816895e-01 8.597621927037835121e-04 9.696069173514842987e-05 6.220442010089755058e-04 1.897627953439950943e-05
9.868859052658081055e-01 9.868859052658081055e-01 7.210240000858902931e-04 8.389116555918008089e-05 5.705439834855496883e-04 1.719842475722543895e-05
9.870518445968627930e-01 9.870518445968627930e-01 6.988673121668398380e-04 7.588021253468468785e-05 5.858264048583805561e-04 1.765402885212097317e-05
9.886781573295593262e-01 9.886781573295593262e-01 5.885410355404019356e-04 6.563173519680276513e-05 5.465680151246488094e-04 1.520074238214874640e-05
9.901496171951293945e-01 9.901496171951293945e-01 5.281136836856603622e-04 6.101204417063854635e-05 5.032128538005053997e-04 1.365006755804643035e-05
9.909755587577819824e-01 9.909755587577819824e-01 5.008118459954857826e-04 5.790261639049276710e-05 4.698309057857841253e-04 1.241468362422892824e-05
9.926326870918273926e-01 9.926326870918273926e-01 4.298183193895965815e-04 5.337220864021219313e-05 4.001310735475271940e-04 1.063966192305088043e-05
9.935192465782165527e-01 9.935192465782165527e-01 4.045245295856148005e-04 5.060833063907921314e-05 3.408860648050904274e-04 9.708722245704848319e-06
9.932671785354614258e-01 9.932671785354614258e-01 5.698247114196419716e-04 5.942346251686103642e-05 3.953845880459994078e-04 1.347037050436483696e-05
9.944662451744079590e-01 9.944662451744079590e-01 4.485061217565089464e-04 5.710912955692037940e-05 3.175506426487118006e-04 1.097427229979075491e-05
9.948528409004211426e-01 9.948528409004211426e-01 3.973900456912815571e-04 6.149707769509404898e-05 2.611516683828085661e-04 1.088576118490891531e-05
9.952648878097534180e-01 9.952648878097534180e-01 3.745809081010520458e-04 6.921950262039899826e-05 2.156788686988875270e-04 1.107395746657857671e-05
9.954637885093688965e-01 9.954637885093688965e-01 3.505977510940283537e-04 6.873676466057077050e-05 1.993576879613101482e-04 1.132313354901270941e-05
9.954278469085693359e-01 9.954278469085693359e-01 3.505177155602723360e-04 6.950822717044502497e-05 2.048692549578845501e-04 1.148042974818963557e-05
9.950157999992370605e-01 9.950157999992370605e-01 3.485529741737991571e-04 7.101107621565461159e-05 2.125886676367372274e-04 1.230518500960897654e-05
9.947063326835632324e-01 9.947063326835632324e-01 3.734271740540862083e-04 7.457540050381794572e-05 2.438626543153077364e-04 1.327635254710912704e-05
9.945498108863830566e-01 9.945498108863830566e-01 3.826909232884645462e-04 7.382257172139361501e-05 2.726263192016631365e-04 1.542687277833465487e-05
9.939785003662109375e-01 9.939785003662109375e-01 4.624867287930101156e-04 7.639937393832951784e-05 3.205793618690222502e-04 1.849025284172967076e-05
9.935942292213439941e-01 9.935942292213439941e-01 4.586901050060987473e-04 7.478843326680362225e-05 3.647659614216536283e-04 1.975695340661332011e-05
9.930281043052673340e-01 9.930281043052673340e-01 4.588991869240999222e-04 7.502763037336990237e-05 4.441940982360392809e-04 2.187008794862776995e-05
9.921590089797973633e-01 9.921590089797973633e-01 4.796394496224820614e-04 7.363029726548120379e-05 5.281193880364298820e-04 2.233508530480321497e-05
9.921189546585083008e-01 9.921189546585083008e-01 4.317383863963186741e-04 6.561921327374875546e-05 6.087076035328209400e-04 2.110723835357930511e-05
9.910400509834289551e-01 9.910400509834289551e-01 4.875392769463360310e-04 7.502059452235698700e-05 6.652530864812433720e-04 2.333683914912398905e-05
9.910893440246582031e-01 9.910893440246582031e-01 5.119531415402889252e-04 7.373034895863384008e-05 7.695058593526482582e-04 2.415915150777436793e-05
9.895552396774291992e-01 9.895552396774291992e-01 5.267437663860619068e-04 7.657883543288335204e-05 1.086157863028347492e-03 2.701753146538976580e-05
9.887776970863342285e-01 9.887776970863342285e-01 5.340919597074389458e-04 7.626121077919378877e-05 1.296792994253337383e-03 2.732414031925145537e-05
