          0  0.10527105  9.77691078
        100  0.01695926 17.70593262
        200  0.01276253 18.94063187
        300  0.01101431 19.58042526
        400  0.00977607 20.09835434
        500  0.00954896 20.20043755
        600  0.00919595 20.36403465
        700  0.00930909 20.31092834
        800  0.01081395 19.66015625
        900  0.00803088 20.95236778
       1000  0.00799718 20.97062874
       1100  0.00768918 21.14120102
       1200  0.00726912 21.38518143
       1300  0.00693012 21.59259224
       1400  0.00666545 21.76170731
       1500  0.00645818 21.89889908
       1600  0.00628121 22.01956367
       1700  0.00655960 21.83122444
       1800  0.00602847 22.19792938
       1900  0.00592012 22.27669716
       2000  0.00619546 22.07926178
       2100  0.00585399 22.32547951
       2200  0.00571634 22.42881775
       2300  0.00565526 22.47547722
       2400  0.00573808 22.41233635
       2500  0.00557734 22.53572845
       2600  0.00551867 22.58165359
       2700  0.00557147 22.54030418
       2800  0.00755469 21.21783447
       2900  0.00672760 21.72139740
       3000  0.00604124 22.18873978
       3100  0.00597451 22.23697662
       3200  0.00575279 22.40121651
       3300  0.00570777 22.43533707
       3400  0.00557067 22.54092979
       3500  0.00576430 22.39253426
       3600  0.00563395 22.49187088
       3700  0.00555732 22.55134773
       3800  0.00571235 22.43185043
       3900  0.00549384 22.60124016
       4000  0.00545365 22.63312531
       4100  0.00603685 22.19189453
       4200  0.00563870 22.48820686
       4300  0.00552211 22.57895088
       4400  0.00555840 22.55050468
       4500  0.00544664 22.63871193
       4600  0.00543927 22.64459610
       4700  0.00558406 22.53050041
       4800  0.00539645 22.67892265
       4900  0.00548552 22.60782433
       5000  0.00533842 22.72587013
