9.917409896850585938e+00
1.525829601287841797e+01
1.927517509460449219e+01
2.142112922668457031e+01
2.278708267211914062e+01
2.349954986572265625e+01
2.391941642761230469e+01
2.410098838806152344e+01
2.454888725280761719e+01
2.518727684020996094e+01
2.574168968200683594e+01
2.619300270080566406e+01
2.670592117309570312e+01
2.761139297485351562e+01
2.853792381286621094e+01
2.928126716613769531e+01
2.996293067932128906e+01
3.027036857604980469e+01
3.089428901672363281e+01
3.134738349914550781e+01
3.177068519592285156e+01
3.215424346923828125e+01
3.245304870605468750e+01
3.259174346923828125e+01
3.297313690185546875e+01
3.324332427978515625e+01
3.336199188232421875e+01
3.350869369506835938e+01
3.079404258728027344e+01
2.984391593933105469e+01
3.076517105102539062e+01
3.154680061340332031e+01
3.214529037475585938e+01
3.278863906860351562e+01
3.315773010253906250e+01
3.338525009155273438e+01
3.354987335205078125e+01
3.365254974365234375e+01
3.372227096557617188e+01
3.376463699340820312e+01
3.378742980957031250e+01
3.256486892700195312e+01
3.294233703613281250e+01
3.333224487304687500e+01
3.364980697631835938e+01
3.377312088012695312e+01
3.383928680419921875e+01
3.385419082641601562e+01
3.383808517456054688e+01
3.381480026245117188e+01
3.380957794189453125e+01
