3.037220740225166082e-04 3.037220740225166082e-04 8.433141047134995461e-04 2.218177774921059608e-03 7.846804219298064709e-04 4.636696539819240570e-03
4.173742234706878662e-02 4.173742234706878662e-02 3.938017785549163818e-02 3.082191688008606434e-04 1.840254059061408043e-03 4.066083114594221115e-03
4.996962100267410278e-02 4.996962100267410278e-02 6.127517297863960266e-02 5.200276500545442104e-04 2.510886406525969505e-04 7.026960956864058971e-04
2.521246373653411865e-01 2.521246373653411865e-01 1.577885635197162628e-02 3.019129799213260412e-04 2.930607588496059179e-04 4.433493304532021284e-04
6.298685073852539062e-01 6.298685073852539062e-01 3.229892626404762268e-02 2.255585277453064919e-04 8.458082447759807110e-04 5.488364258781075478e-04
6.469534635543823242e-01 6.469534635543823242e-01 8.072128146886825562e-02 3.226859262213110924e-04 1.774396165274083614e-03 9.563174680806696415e-04
4.775901734828948975e-01 4.775901734828948975e-01 2.299826443195343018e-01 7.631315384060144424e-04 2.929466543719172478e-03 2.168539445847272873e-03
3.577922284603118896e-01 3.577922284603118896e-01 4.473405182361602783e-01 4.760840674862265587e-04 2.481359988451004028e-03 1.688911230303347111e-03
5.353227853775024414e-01 5.353227853775024414e-01 3.941681683063507080e-01 1.357143046334385872e-04 1.872958382591605186e-03 5.850564921274781227e-04
5.027511715888977051e-01 5.027511715888977051e-01 4.458446502685546875e-01 1.536261697765439749e-04 2.066500252112746239e-03 1.294124871492385864e-03
5.315362215042114258e-01 5.315362215042114258e-01 4.305106699466705322e-01 1.734443503664806485e-04 5.103929899632930756e-03 2.145887818187475204e-03
7.054126858711242676e-01 7.054126858711242676e-01 2.604514658451080322e-01 2.088068285956978798e-04 7.141302339732646942e-03 1.526731997728347778e-03
7.929291129112243652e-01 7.929291129112243652e-01 1.760850846767425537e-01 2.094451920129358768e-04 8.978554047644138336e-03 1.630361424759030342e-03
8.699606657028198242e-01 8.699606657028198242e-01 1.071692183613777161e-01 1.667693868512287736e-04 9.742241352796554565e-03 1.451011863537132740e-03
8.967367410659790039e-01 8.967367410659790039e-01 7.938001304864883423e-02 2.139362768502905965e-04 1.163473166525363922e-02 1.879509771242737770e-03
8.983922004699707031e-01 8.983922004699707031e-01 6.669420748949050903e-02 3.851786023005843163e-04 1.701718382537364960e-02 3.693349659442901611e-03
8.945674896240234375e-01 8.945674896240234375e-01 6.335812807083129883e-02 5.017324001528322697e-04 2.053238824009895325e-02 4.849820397794246674e-03
9.108545780181884766e-01 9.108545780181884766e-01 4.634417220950126648e-02 5.923638818785548210e-04 2.144804596900939941e-02 4.586156923323869705e-03
9.265516996383666992e-01 9.265516996383666992e-01 3.170316293835639954e-02 6.729244487360119820e-04 2.246361412107944489e-02 4.029067698866128922e-03
9.272379875183105469e-01 9.272379875183105469e-01 2.821766957640647888e-02 7.960475631989538670e-04 2.396986819803714752e-02 4.281994421035051346e-03
9.283267259597778320e-01 9.283267259597778320e-01 2.817659452557563782e-02 7.953540189191699028e-04 2.262429706752300262e-02 4.019238986074924469e-03
9.298686385154724121e-01 9.298686385154724121e-01 2.507926709949970245e-02 8.446000865660607815e-04 2.259594760835170746e-02 4.117665812373161316e-03
9.265857934951782227e-01 9.265857934951782227e-01 2.575691044330596924e-02 9.024403989315032959e-04 2.245574444532394409e-02 4.774492233991622925e-03
9.407639503479003906e-01 9.407639503479003906e-01 1.886831410229206085e-02 8.469071472063660622e-04 1.985322311520576477e-02 3.856691997498273849e-03
9.303765296936035156e-01 9.303765296936035156e-01 2.295842766761779785e-02 9.853859664872288704e-04 2.184791490435600281e-02 4.856071434915065765e-03
9.509552121162414551e-01 9.509552121162414551e-01 1.459005475044250488e-02 8.269135723821818829e-04 1.652322337031364441e-02 3.486617701128125191e-03
9.604164958000183105e-01 9.604164958000183105e-01 1.121487934142351151e-02 7.338064606301486492e-04 1.270273048430681229e-02 3.400612156838178635e-03
9.666913151741027832e-01 9.666913151741027832e-01 8.563682436943054199e-03 6.845107418484985828e-04 1.042223535478115082e-02 3.231522627174854279e-03
9.702905416488647461e-01 9.702905416488647461e-01 7.122511044144630432e-03 6.248377030715346336e-04 9.094439446926116943e-03 3.315751673653721809e-03
9.724866747856140137e-01 9.724866747856140137e-01 6.111896596848964691e-03 5.793405580334365368e-04 8.399588055908679962e-03 3.291196189820766449e-03
9.751604199409484863e-01 9.751604199409484863e-01 4.872350487858057022e-03 5.209770752117037773e-04 7.954208180308341980e-03 3.241091966629028320e-03
9.799435734748840332e-01 9.799435734748840332e-01 3.799898084253072739e-03 4.207373422104865313e-04 6.908183917403221130e-03 2.515224972739815712e-03
9.823468923568725586e-01 9.823468923568725586e-01 3.049132646992802620e-03 3.817168762907385826e-04 6.351926829665899277e-03 2.213642001152038574e-03
9.762890934944152832e-01 9.762890934944152832e-01 4.916487261652946472e-03 4.821303882636129856e-04 8.185355924069881439e-03 2.951182657852768898e-03
9.799774289131164551e-01 9.799774289131164551e-01 3.432058263570070267e-03 4.297640407457947731e-04 7.708055898547172546e-03 2.525426214560866356e-03
9.812614917755126953e-01 9.812614917755126953e-01 2.798496978357434273e-03 4.024495428893715143e-04 7.730008568614721298e-03 2.223969670012593269e-03
9.816319942474365234e-01 9.816319942474365234e-01 2.349253278225660324e-03 4.202281124889850616e-04 8.020278066396713257e-03 1.997584011405706406e-03
9.826185703277587891e-01 9.826185703277587891e-01 2.204658230766654015e-03 3.990415134467184544e-04 7.790480740368366241e-03 1.841237302869558334e-03
9.825524091720581055e-01 9.825524091720581055e-01 1.993564190343022346e-03 4.025378439109772444e-04 8.298987522721290588e-03 1.737075508572161198e-03
9.836524724960327148e-01 9.836524724960327148e-01 1.705631962977349758e-03 3.910991945303976536e-04 8.165948092937469482e-03 1.507741981185972691e-03
9.855425357818603516e-01 9.855425357818603516e-01 1.326515455730259418e-03 3.576937306206673384e-04 7.596242241561412811e-03 1.283525838516652584e-03
9.855028390884399414e-01 9.855028390884399414e-01 1.206822576932609081e-03 3.417895641177892685e-04 7.909099571406841278e-03 1.246705534867942333e-03
9.861673712730407715e-01 9.861673712730407715e-01 1.059600035659968853e-03 3.283270343672484159e-04 7.901528850197792053e-03 1.112291123718023300e-03
9.854736328125000000e-01 9.854736328125000000e-01 1.117630163207650185e-03 3.319888492114841938e-04 8.373541757464408875e-03 1.156956190243363380e-03
9.855338335037231445e-01 9.855338335037231445e-01 9.031953522935509682e-04 3.090955142397433519e-04 8.641901426017284393e-03 1.141590182669460773e-03
9.837946295738220215e-01 9.837946295738220215e-01 1.297553419135510921e-03 3.542645135894417763e-04 9.315943345427513123e-03 1.296071917749941349e-03
9.852194786071777344e-01 9.852194786071777344e-01 9.612121502868831158e-04 3.223098465241491795e-04 8.767370134592056274e-03 1.162737491540610790e-03
9.861752390861511230e-01 9.861752390861511230e-01 8.824286633171141148e-04 3.068958467338234186e-04 8.045488968491554260e-03 1.180183957330882549e-03
9.860603809356689453e-01 9.860603809356689453e-01 8.417221833951771259e-04 3.191744326613843441e-04 8.101254701614379883e-03 1.206241548061370850e-03
9.869881868362426758e-01 9.869881868362426758e-01 7.740641012787818909e-04 3.100042231380939484e-04 7.506905589252710342e-03 1.183171523734927177e-03
9.862918853759765625e-01 9.862918853759765625e-01 8.370721479877829552e-04 3.352557250764220953e-04 7.718661800026893616e-03 1.292153727263212204e-03
