1.142261028289794922e+01
1.474113082885742188e+01
1.769009017944335938e+01
1.947444343566894531e+01
2.043280601501464844e+01
2.100994491577148438e+01
2.141983795166015625e+01
2.184294891357421875e+01
2.241966056823730469e+01
2.309588813781738281e+01
2.392513847351074219e+01
2.476214981079101562e+01
2.549493408203125000e+01
2.600828361511230469e+01
2.638293075561523438e+01
2.674461364746093750e+01
2.699991226196289062e+01
2.724627494812011719e+01
2.745189285278320312e+01
2.759771347045898438e+01
2.773515319824218750e+01
2.791642379760742188e+01
2.804503631591796875e+01
2.817397880554199219e+01
2.810727119445800781e+01
2.831777191162109375e+01
2.843121528625488281e+01
2.851639175415039062e+01
2.857342529296875000e+01
2.863069915771484375e+01
2.870396995544433594e+01
2.877829170227050781e+01
2.884549140930175781e+01
2.882387351989746094e+01
2.893664360046386719e+01
2.901579856872558594e+01
2.907906150817871094e+01
2.913825225830078125e+01
2.915955924987792969e+01
2.920126914978027344e+01
2.922656822204589844e+01
2.925152015686035156e+01
2.926532363891601562e+01
2.927527236938476562e+01
2.928626823425292969e+01
2.931066894531250000e+01
2.931954193115234375e+01
2.929980278015136719e+01
2.928386688232421875e+01
2.928060150146484375e+01
2.927227020263671875e+01
