3.176752945855261219e-04
4.365487092769766708e-02
5.226526298241580132e-02
2.637074328728767902e-01
6.588051404486396923e-01
6.766749923567570990e-01
4.995310253316768145e-01
3.742294725937999056e-01
5.599159168475027482e-01
5.258479386186503124e-01
5.559553953813367588e-01
7.378198753241208552e-01
8.293568728588321948e-01
9.099273131345574361e-01
9.379335015428627020e-01
9.396650139972340110e-01
9.356645930577909276e-01
9.526999225451474596e-01
9.691181817411033128e-01
9.698359982025287485e-01
9.709747541070273824e-01
9.725875032854722768e-01
9.691538418953447032e-01
9.839833539397487838e-01
9.731187273664003712e-01
9.946428099403552547e-01
1.004538752114048750e+00
1.011101841410566138e+00
1.014866419057185443e+00
1.017163444202332290e+00
1.019960023221493373e+00
1.024962918427023029e+00
1.027476647586406111e+00
1.021140548887079058e+00
1.024998329209556580e+00
1.026341382885819220e+00
1.026728906520022910e+00
1.027760806647651348e+00
1.027691605998686253e+00
1.028842207059313951e+00
1.030819101274339289e+00
1.030777580884960409e+00
1.031472642178032473e+00
1.030747032850732658e+00
1.030809999206997896e+00
1.028990894940198242e+00
1.030481202610024072e+00
1.031480871444395930e+00
1.031360736624075569e+00
1.032331166625686691e+00
1.031602876552525805e+00
