1.141962146759033203e+01
1.721868133544921875e+01
2.114539146423339844e+01
2.338613891601562500e+01
2.540739822387695312e+01
2.669145584106445312e+01
2.751191139221191406e+01
2.806742477416992188e+01
2.844346618652343750e+01
2.872403717041015625e+01
2.897429084777832031e+01
2.918019866943359375e+01
2.938360023498535156e+01
2.954854774475097656e+01
2.968907546997070312e+01
2.982913589477539062e+01
2.993801689147949219e+01
3.001498413085937500e+01
3.011432456970214844e+01
3.019725227355957031e+01
3.026020431518554688e+01
3.032381820678710938e+01
3.038407325744628906e+01
3.044043159484863281e+01
3.049112701416015625e+01
3.053286361694335938e+01
3.053734207153320312e+01
3.061446952819824219e+01
3.065871238708496094e+01
3.069340705871582031e+01
3.071708869934082031e+01
3.075437164306640625e+01
3.077955245971679688e+01
3.079524040222167969e+01
3.080595588684082031e+01
3.082294082641601562e+01
3.083133316040039062e+01
3.084150886535644531e+01
3.083995437622070312e+01
3.084558486938476562e+01
3.084013557434082031e+01
3.089163398742675781e+01
3.086561012268066406e+01
3.083718490600585938e+01
3.083786773681640625e+01
3.081851196289062500e+01
3.079444503784179688e+01
3.078908729553222656e+01
3.077369117736816406e+01
3.075642585754394531e+01
3.074302864074707031e+01
