          0  0.05955725 12.25065327
        100  0.03517622 14.53750896
        200  0.03109497 15.07309914
        300  0.02610341 15.83302784
        400  0.02323756 16.33809471
        500  0.02074637 16.83057976
        600  0.02014024 16.95935440
        700  0.01839711 17.35250473
        800  0.01718976 17.64730263
        900  0.01504613 18.22575188
       1000  0.01420392 18.47591782
       1100  0.01266517 18.97389030
       1200  0.01192067 19.23699379
       1300  0.01205212 19.18936539
       1400  0.01142978 19.41962242
       1500  0.01063205 19.73383141
       1600  0.01096795 19.59874344
       1700  0.00974696 20.11130714
       1800  0.00939458 20.27122879
       1900  0.00913479 20.39301300
       2000  0.00912593 20.39723015
       2100  0.00869270 20.60845375
       2200  0.00841387 20.75004005
       2300  0.00820477 20.85933876
       2400  0.00793953 21.00205421
       2500  0.00785847 21.04661942
       2600  0.00779924 21.07947922
       2700  0.00794856 20.99711609
       2800  0.00749246 21.25375366
       2900  0.00797162 20.98453712
       3000  0.00718510 21.43566895
       3100  0.00736564 21.32789612
       3200  0.00734604 21.33946800
       3300  0.00703985 21.52436447
       3400  0.00745918 21.27308846
       3500  0.00698408 21.55890656
       3600  0.00689874 21.61230469
       3700  0.00691867 21.59977341
       3800  0.00698579 21.55784416
       3900  0.00673494 21.71666336
       4000  0.00661622 21.79389954
       4100  0.00658472 21.81462669
       4200  0.00690526 21.60820007
       4300  0.00631355 21.99726105
       4400  0.00648338 21.88198280
       4500  0.00632032 21.99260521
       4600  0.00664883 21.77254486
       4700  0.00646186 21.89642715
       4800  0.00720225 21.42531967
       4900  0.00611590 22.13539696
       5000  0.00604857 22.18347549
