6.431308795317359930e-05
1.562305074075459252e-04
3.010857381449102976e-01
4.992008137312811678e-01
6.944473773487382928e-01
7.729424875997354949e-01
8.830021826728575718e-01
9.275807052482496484e-01
9.374186201289420595e-01
9.500252843760449428e-01
9.568574273668718488e-01
9.564489039500925216e-01
9.493753966410428680e-01
9.543689211172858844e-01
9.506185972095284598e-01
9.605578864195698507e-01
9.618072049715918892e-01
9.637385142259892179e-01
9.504172300309839949e-01
9.542464956617905392e-01
9.549964420307573976e-01
9.530016504740747019e-01
9.560411041657744802e-01
9.558769711666014190e-01
9.563904212902669677e-01
9.518621267018602117e-01
9.574755410583466464e-01
9.489061538822848307e-01
9.475430934643028769e-01
9.447356626535984292e-01
9.381785657828285441e-01
9.452332586478848775e-01
9.514468274538524506e-01
9.580221467056928564e-01
9.649761888738614957e-01
9.687809167857535098e-01
9.732454001480288497e-01
9.805969138917499661e-01
9.816201301920053357e-01
9.827270247186927765e-01
9.872305184491082519e-01
9.886547587024533401e-01
9.893070146891469463e-01
9.926808523627290715e-01
9.907636868337112990e-01
9.910135373871618025e-01
9.890871619904549883e-01
9.882474194115197230e-01
9.901695187982280100e-01
9.913525263028887258e-01
9.909267672765770252e-01
