1.357048797607421875e+01
1.925978660583496094e+01
2.328809547424316406e+01
2.538581848144531250e+01
2.646255874633789062e+01
2.713671493530273438e+01
2.765794754028320312e+01
2.803240776062011719e+01
2.834645843505859375e+01
2.859185600280761719e+01
2.881645393371582031e+01
2.900261688232421875e+01
2.916581344604492188e+01
2.931075096130371094e+01
2.943536758422851562e+01
2.953140640258789062e+01
2.961800193786621094e+01
2.968297004699707031e+01
2.973765182495117188e+01
2.977374458312988281e+01
2.980922126770019531e+01
2.983445549011230469e+01
2.984192466735839844e+01
2.984649848937988281e+01
2.984878540039062500e+01
2.983261299133300781e+01
2.980983924865722656e+01
2.977975654602050781e+01
2.974411010742187500e+01
2.970439910888671875e+01
2.964915275573730469e+01
2.959720802307128906e+01
2.953409385681152344e+01
2.946653175354003906e+01
2.939841079711914062e+01
2.932049751281738281e+01
2.924852752685546875e+01
2.917515563964843750e+01
2.909860420227050781e+01
2.903320503234863281e+01
2.895380210876464844e+01
2.886801147460937500e+01
2.879002952575683594e+01
2.870311546325683594e+01
2.862322425842285156e+01
2.856115722656250000e+01
2.847474288940429688e+01
2.840623855590820312e+01
2.833018112182617188e+01
2.826445388793945312e+01
2.818243598937988281e+01
