1.042103290557861328e+01
1.573315048217773438e+01
2.016458702087402344e+01
2.304073715209960938e+01
2.468712997436523438e+01
2.576269912719726562e+01
2.665018844604492188e+01
2.740578460693359375e+01
2.811409568786621094e+01
2.870691871643066406e+01
2.920618629455566406e+01
2.964335823059082031e+01
3.001246070861816406e+01
3.033688545227050781e+01
3.060272979736328125e+01
3.086483192443847656e+01
3.107943916320800781e+01
3.129698371887207031e+01
3.149526596069335938e+01
3.165931320190429688e+01
3.181651115417480469e+01
3.194577598571777344e+01
3.206123733520507812e+01
3.217269134521484375e+01
3.225470733642578125e+01
3.230891036987304688e+01
3.236429977416992188e+01
3.241168212890625000e+01
3.243442153930664062e+01
3.243753814697265625e+01
3.243276214599609375e+01
3.242516708374023438e+01
3.239288330078125000e+01
3.235080337524414062e+01
3.230787658691406250e+01
3.224051284790039062e+01
3.217082214355468750e+01
3.209482574462890625e+01
3.201986694335937500e+01
3.193908882141113281e+01
3.185380363464355469e+01
3.175172233581542969e+01
3.165111351013183594e+01
3.155391311645507812e+01
3.145567512512207031e+01
3.135729980468750000e+01
3.128015136718750000e+01
3.117333221435546875e+01
3.108037567138671875e+01
3.097983360290527344e+01
3.087996292114257812e+01
