1.066505336761474609e+01
1.638649559020996094e+01
2.129057312011718750e+01
2.419605064392089844e+01
2.604280662536621094e+01
2.733913421630859375e+01
2.827945518493652344e+01
2.896886444091796875e+01
2.949619483947753906e+01
2.990022850036621094e+01
3.022333908081054688e+01
3.052529144287109375e+01
3.075727462768554688e+01
3.097017860412597656e+01
3.114245986938476562e+01
3.127638053894042969e+01
3.139619445800781250e+01
3.148045921325683594e+01
3.155503082275390625e+01
3.161391448974609375e+01
3.165572547912597656e+01
3.167914199829101562e+01
3.168986320495605469e+01
3.169299125671386719e+01
3.169211006164550781e+01
3.167718696594238281e+01
3.165252113342285156e+01
3.163388061523437500e+01
3.159284591674804688e+01
3.155237007141113281e+01
3.150888061523437500e+01
3.144874191284179688e+01
3.138780212402343750e+01
3.132647323608398438e+01
3.126681518554687500e+01
3.118739891052246094e+01
3.111962890625000000e+01
3.105607604980468750e+01
3.097564125061035156e+01
3.090899658203125000e+01
3.082416152954101562e+01
3.075086021423339844e+01
3.067193222045898438e+01
3.062183952331542969e+01
3.052412986755371094e+01
3.045159339904785156e+01
3.037267112731933594e+01
3.030659294128417969e+01
3.021546936035156250e+01
3.013322830200195312e+01
3.004308319091796875e+01
