1.400000000000000000e+01 1.800000000000000000e+01 9.080000000000000000e+02 9.730000000000000000e+02 7.010000000000000000e+02
9.040000000000000000e+02 4.800000000000000000e+02 7.070000000000000000e+02 7.990000000000000000e+02 7.040000000000000000e+02
6.040000000000000000e+02 4.700000000000000000e+02 6.440000000000000000e+02 8.830000000000000000e+02 8.270000000000000000e+02
6.040000000000000000e+02 7.080000000000000000e+02 8.830000000000000000e+02 4.700000000000000000e+02 8.350000000000000000e+02
6.040000000000000000e+02 7.080000000000000000e+02 8.830000000000000000e+02 4.380000000000000000e+02 7.110000000000000000e+02
6.040000000000000000e+02 4.380000000000000000e+02 7.080000000000000000e+02 8.830000000000000000e+02 7.110000000000000000e+02
6.040000000000000000e+02 4.380000000000000000e+02 7.110000000000000000e+02 5.720000000000000000e+02 8.830000000000000000e+02
6.040000000000000000e+02 4.380000000000000000e+02 7.780000000000000000e+02 7.110000000000000000e+02 5.720000000000000000e+02
6.040000000000000000e+02 4.380000000000000000e+02 7.780000000000000000e+02 5.830000000000000000e+02 7.110000000000000000e+02
6.040000000000000000e+02 4.380000000000000000e+02 7.780000000000000000e+02 5.830000000000000000e+02 7.110000000000000000e+02
6.040000000000000000e+02 4.380000000000000000e+02 7.780000000000000000e+02 5.830000000000000000e+02 7.110000000000000000e+02
6.040000000000000000e+02 4.380000000000000000e+02 7.780000000000000000e+02 5.830000000000000000e+02 7.110000000000000000e+02
6.040000000000000000e+02 4.380000000000000000e+02 5.830000000000000000e+02 7.780000000000000000e+02 7.110000000000000000e+02
6.040000000000000000e+02 4.380000000000000000e+02 5.830000000000000000e+02 7.780000000000000000e+02 7.110000000000000000e+02
6.040000000000000000e+02 4.380000000000000000e+02 5.830000000000000000e+02 7.780000000000000000e+02 7.110000000000000000e+02
6.040000000000000000e+02 4.380000000000000000e+02 5.830000000000000000e+02 7.780000000000000000e+02 7.110000000000000000e+02
6.040000000000000000e+02 4.380000000000000000e+02 5.830000000000000000e+02 7.780000000000000000e+02 7.110000000000000000e+02
6.040000000000000000e+02 4.380000000000000000e+02 5.830000000000000000e+02 7.780000000000000000e+02 7.110000000000000000e+02
6.040000000000000000e+02 4.380000000000000000e+02 5.830000000000000000e+02 7.780000000000000000e+02 7.110000000000000000e+02
6.040000000000000000e+02 4.380000000000000000e+02 5.830000000000000000e+02 7.780000000000000000e+02 7.110000000000000000e+02
6.040000000000000000e+02 4.380000000000000000e+02 5.830000000000000000e+02 7.780000000000000000e+02 7.110000000000000000e+02
6.040000000000000000e+02 4.380000000000000000e+02 5.830000000000000000e+02 7.780000000000000000e+02 7.110000000000000000e+02
6.040000000000000000e+02 4.380000000000000000e+02 5.830000000000000000e+02 7.780000000000000000e+02 7.110000000000000000e+02
6.040000000000000000e+02 4.380000000000000000e+02 5.830000000000000000e+02 7.780000000000000000e+02 7.110000000000000000e+02
6.040000000000000000e+02 4.380000000000000000e+02 5.830000000000000000e+02 7.780000000000000000e+02 7.110000000000000000e+02
6.040000000000000000e+02 4.380000000000000000e+02 5.830000000000000000e+02 7.780000000000000000e+02 7.110000000000000000e+02
6.040000000000000000e+02 4.380000000000000000e+02 5.830000000000000000e+02 7.780000000000000000e+02 7.110000000000000000e+02
6.040000000000000000e+02 4.380000000000000000e+02 5.830000000000000000e+02 7.780000000000000000e+02 7.110000000000000000e+02
6.040000000000000000e+02 4.380000000000000000e+02 5.830000000000000000e+02 7.780000000000000000e+02 7.110000000000000000e+02
6.040000000000000000e+02 4.380000000000000000e+02 5.830000000000000000e+02 7.780000000000000000e+02 7.110000000000000000e+02
6.040000000000000000e+02 4.380000000000000000e+02 5.830000000000000000e+02 7.780000000000000000e+02 7.110000000000000000e+02
6.040000000000000000e+02 4.380000000000000000e+02 5.830000000000000000e+02 7.780000000000000000e+02 7.110000000000000000e+02
6.040000000000000000e+02 4.380000000000000000e+02 5.830000000000000000e+02 7.780000000000000000e+02 7.110000000000000000e+02
6.040000000000000000e+02 4.380000000000000000e+02 5.830000000000000000e+02 7.780000000000000000e+02 7.110000000000000000e+02
6.040000000000000000e+02 4.380000000000000000e+02 5.830000000000000000e+02 7.780000000000000000e+02 9.710000000000000000e+02
6.040000000000000000e+02 4.380000000000000000e+02 5.830000000000000000e+02 7.780000000000000000e+02 9.710000000000000000e+02
6.040000000000000000e+02 4.380000000000000000e+02 5.830000000000000000e+02 7.780000000000000000e+02 9.710000000000000000e+02
6.040000000000000000e+02 4.380000000000000000e+02 5.830000000000000000e+02 7.780000000000000000e+02 7.110000000000000000e+02
6.040000000000000000e+02 4.380000000000000000e+02 5.830000000000000000e+02 7.780000000000000000e+02 7.110000000000000000e+02
6.040000000000000000e+02 4.380000000000000000e+02 5.830000000000000000e+02 7.780000000000000000e+02 7.110000000000000000e+02
6.040000000000000000e+02 4.380000000000000000e+02 5.830000000000000000e+02 7.780000000000000000e+02 7.110000000000000000e+02
6.040000000000000000e+02 4.380000000000000000e+02 5.830000000000000000e+02 7.780000000000000000e+02 7.110000000000000000e+02
6.040000000000000000e+02 4.380000000000000000e+02 5.830000000000000000e+02 7.780000000000000000e+02 7.110000000000000000e+02
6.040000000000000000e+02 4.380000000000000000e+02 5.830000000000000000e+02 7.780000000000000000e+02 7.110000000000000000e+02
6.040000000000000000e+02 4.380000000000000000e+02 5.830000000000000000e+02 7.780000000000000000e+02 7.110000000000000000e+02
6.040000000000000000e+02 4.380000000000000000e+02 5.830000000000000000e+02 7.780000000000000000e+02 7.110000000000000000e+02
6.040000000000000000e+02 4.380000000000000000e+02 5.830000000000000000e+02 7.780000000000000000e+02 7.110000000000000000e+02
6.040000000000000000e+02 4.380000000000000000e+02 5.830000000000000000e+02 7.780000000000000000e+02 7.110000000000000000e+02
6.040000000000000000e+02 5.830000000000000000e+02 4.380000000000000000e+02 7.780000000000000000e+02 7.110000000000000000e+02
6.040000000000000000e+02 5.830000000000000000e+02 4.380000000000000000e+02 7.780000000000000000e+02 7.110000000000000000e+02
6.040000000000000000e+02 5.830000000000000000e+02 4.380000000000000000e+02 7.780000000000000000e+02 7.110000000000000000e+02
