8.850000000000000000e+02 9.110000000000000000e+02 8.240000000000000000e+02 5.910000000000000000e+02 6.360000000000000000e+02
4.000000000000000000e+00 3.000000000000000000e+00 1.490000000000000000e+02 3.970000000000000000e+02 8.010000000000000000e+02
8.400000000000000000e+01 7.230000000000000000e+02 7.720000000000000000e+02 8.160000000000000000e+02 4.200000000000000000e+01
8.400000000000000000e+01 7.230000000000000000e+02 8.800000000000000000e+01 9.700000000000000000e+01 3.920000000000000000e+02
8.400000000000000000e+01 8.800000000000000000e+01 9.000000000000000000e+01 3.920000000000000000e+02 9.700000000000000000e+01
8.400000000000000000e+01 3.920000000000000000e+02 9.000000000000000000e+01 8.800000000000000000e+01 3.970000000000000000e+02
8.400000000000000000e+01 3.970000000000000000e+02 3.960000000000000000e+02 1.080000000000000000e+02 3.920000000000000000e+02
8.400000000000000000e+01 3.970000000000000000e+02 3.960000000000000000e+02 3.280000000000000000e+02 1.080000000000000000e+02
8.400000000000000000e+01 3.970000000000000000e+02 3.960000000000000000e+02 3.280000000000000000e+02 8.980000000000000000e+02
8.400000000000000000e+01 3.970000000000000000e+02 3.280000000000000000e+02 3.960000000000000000e+02 8.980000000000000000e+02
8.400000000000000000e+01 3.280000000000000000e+02 3.960000000000000000e+02 8.980000000000000000e+02 3.970000000000000000e+02
8.400000000000000000e+01 8.980000000000000000e+02 3.280000000000000000e+02 3.960000000000000000e+02 3.970000000000000000e+02
8.400000000000000000e+01 8.980000000000000000e+02 3.280000000000000000e+02 3.960000000000000000e+02 3.970000000000000000e+02
8.400000000000000000e+01 3.280000000000000000e+02 8.980000000000000000e+02 3.960000000000000000e+02 3.970000000000000000e+02
8.400000000000000000e+01 3.280000000000000000e+02 8.980000000000000000e+02 3.960000000000000000e+02 5.620000000000000000e+02
8.400000000000000000e+01 3.280000000000000000e+02 8.980000000000000000e+02 3.960000000000000000e+02 7.720000000000000000e+02
8.400000000000000000e+01 8.980000000000000000e+02 3.280000000000000000e+02 4.930000000000000000e+02 7.720000000000000000e+02
8.400000000000000000e+01 8.980000000000000000e+02 3.280000000000000000e+02 4.930000000000000000e+02 7.720000000000000000e+02
8.400000000000000000e+01 8.980000000000000000e+02 3.280000000000000000e+02 4.930000000000000000e+02 7.720000000000000000e+02
8.400000000000000000e+01 8.980000000000000000e+02 3.280000000000000000e+02 4.930000000000000000e+02 7.720000000000000000e+02
8.400000000000000000e+01 8.980000000000000000e+02 7.720000000000000000e+02 4.930000000000000000e+02 3.280000000000000000e+02
8.400000000000000000e+01 7.720000000000000000e+02 8.980000000000000000e+02 4.930000000000000000e+02 7.490000000000000000e+02
8.400000000000000000e+01 7.720000000000000000e+02 8.980000000000000000e+02 7.490000000000000000e+02 4.930000000000000000e+02
8.400000000000000000e+01 7.720000000000000000e+02 7.490000000000000000e+02 8.980000000000000000e+02 5.620000000000000000e+02
8.400000000000000000e+01 7.490000000000000000e+02 7.720000000000000000e+02 8.980000000000000000e+02 5.620000000000000000e+02
8.400000000000000000e+01 7.490000000000000000e+02 7.720000000000000000e+02 8.980000000000000000e+02 5.620000000000000000e+02
8.400000000000000000e+01 7.490000000000000000e+02 7.720000000000000000e+02 8.980000000000000000e+02 5.620000000000000000e+02
8.400000000000000000e+01 7.490000000000000000e+02 7.720000000000000000e+02 8.980000000000000000e+02 5.620000000000000000e+02
8.400000000000000000e+01 7.490000000000000000e+02 7.720000000000000000e+02 5.620000000000000000e+02 8.980000000000000000e+02
8.400000000000000000e+01 7.490000000000000000e+02 7.720000000000000000e+02 3.280000000000000000e+02 5.620000000000000000e+02
8.400000000000000000e+01 7.490000000000000000e+02 3.280000000000000000e+02 7.720000000000000000e+02 7.360000000000000000e+02
8.400000000000000000e+01 7.490000000000000000e+02 3.280000000000000000e+02 7.720000000000000000e+02 7.360000000000000000e+02
8.400000000000000000e+01 7.490000000000000000e+02 3.280000000000000000e+02 7.720000000000000000e+02 7.360000000000000000e+02
8.400000000000000000e+01 7.490000000000000000e+02 3.280000000000000000e+02 7.720000000000000000e+02 7.360000000000000000e+02
8.400000000000000000e+01 7.490000000000000000e+02 3.280000000000000000e+02 7.720000000000000000e+02 7.360000000000000000e+02
8.400000000000000000e+01 7.490000000000000000e+02 3.280000000000000000e+02 7.720000000000000000e+02 7.360000000000000000e+02
8.400000000000000000e+01 7.490000000000000000e+02 3.280000000000000000e+02 7.360000000000000000e+02 7.720000000000000000e+02
8.400000000000000000e+01 7.490000000000000000e+02 3.280000000000000000e+02 7.720000000000000000e+02 7.360000000000000000e+02
8.400000000000000000e+01 7.490000000000000000e+02 3.280000000000000000e+02 7.720000000000000000e+02 7.360000000000000000e+02
8.400000000000000000e+01 7.490000000000000000e+02 3.280000000000000000e+02 7.360000000000000000e+02 7.720000000000000000e+02
8.400000000000000000e+01 7.490000000000000000e+02 3.280000000000000000e+02 7.360000000000000000e+02 7.720000000000000000e+02
8.400000000000000000e+01 7.490000000000000000e+02 3.280000000000000000e+02 7.720000000000000000e+02 7.360000000000000000e+02
8.400000000000000000e+01 7.490000000000000000e+02 3.280000000000000000e+02 7.360000000000000000e+02 7.720000000000000000e+02
8.400000000000000000e+01 3.280000000000000000e+02 7.490000000000000000e+02 7.830000000000000000e+02 7.360000000000000000e+02
8.400000000000000000e+01 7.490000000000000000e+02 3.280000000000000000e+02 7.830000000000000000e+02 7.360000000000000000e+02
8.400000000000000000e+01 3.280000000000000000e+02 7.490000000000000000e+02 7.830000000000000000e+02 7.720000000000000000e+02
8.400000000000000000e+01 3.280000000000000000e+02 7.490000000000000000e+02 7.830000000000000000e+02 7.720000000000000000e+02
8.400000000000000000e+01 3.280000000000000000e+02 7.490000000000000000e+02 7.830000000000000000e+02 7.360000000000000000e+02
8.400000000000000000e+01 3.280000000000000000e+02 7.490000000000000000e+02 7.830000000000000000e+02 7.720000000000000000e+02
8.400000000000000000e+01 3.280000000000000000e+02 7.490000000000000000e+02 7.830000000000000000e+02 7.360000000000000000e+02
8.400000000000000000e+01 3.280000000000000000e+02 7.490000000000000000e+02 7.830000000000000000e+02 7.360000000000000000e+02
