2.977000431435428661e-03
3.838444495719590694e-03
9.028542658120272124e-01
9.957014112183880661e-01
9.993149008644742759e-01
9.999406334836450361e-01
9.999971389630671892e-01
9.999942779261344894e-01
9.999980926420448668e-01
9.999994039506390209e-01
1.000002861036932700e+00
1.000003814715910266e+00
1.000003933925782462e+00
1.000003576296165875e+00
1.000003218666549287e+00
1.000003576296165875e+00
1.000003933925782462e+00
1.000004053135654658e+00
1.000004291555399050e+00
1.000004172345526854e+00
1.000004529975143441e+00
1.000004649185015859e+00
1.000004768394888055e+00
1.000004649185015859e+00
1.000004768394888055e+00
1.000004649185015859e+00
1.000004768394888055e+00
1.000004768394888055e+00
1.000004768394888055e+00
1.000004649185015859e+00
1.000004649185015859e+00
1.000004649185015859e+00
1.000004649185015859e+00
1.000004529975143441e+00
1.000004410765271246e+00
1.000004172345526854e+00
1.000004172345526854e+00
1.000004172345526854e+00
1.000004172345526854e+00
1.000004291555399050e+00
1.000004172345526854e+00
1.000004410765271246e+00
1.000004291555399050e+00
1.000004291555399050e+00
1.000004410765271246e+00
1.000004410765271246e+00
1.000004410765271246e+00
1.000004410765271246e+00
1.000004410765271246e+00
1.000004410765271246e+00
1.000004410765271246e+00
