2.452405475436920577e-04
5.365680189261079307e-04
7.131788189960188221e-03
6.864795196851891657e-02
3.382680923302888165e-01
4.876818711957745522e-01
7.301052007723026760e-01
6.837666747856198102e-01
7.849699772567059197e-01
9.206292781718981022e-01
9.543238333401843354e-01
9.674061662732962308e-01
9.570573232854642232e-01
9.493622122654271633e-01
9.395065803399039739e-01
9.333560132300079415e-01
9.414540247409246554e-01
9.492050890497818472e-01
9.510012387027426684e-01
9.471980102225185938e-01
9.434186477832496864e-01
9.447728768886535233e-01
9.369983760048737897e-01
9.422212351320393697e-01
9.399207696522122735e-01
9.402104138150633172e-01
9.353218019658501303e-01
9.304931926566216704e-01
9.307709344751403657e-01
9.335466347961969280e-01
9.480357143952719001e-01
9.474531130458896389e-01
9.469732154305918748e-01
9.445134794049564464e-01
9.421109237139486670e-01
9.268970895086969808e-01
9.180661635369841145e-01
9.101045995198570049e-01
8.987533828119104173e-01
8.826604316379036419e-01
8.674017489083893917e-01
8.620219506224496842e-01
8.406435609850969604e-01
8.333223921748834639e-01
8.292821597969484149e-01
8.226131044811099136e-01
8.182948848754947324e-01
8.207774439531488886e-01
8.243954498687368071e-01
8.143315269173970750e-01
8.139465412953064138e-01
