1.105741214752197266e+01
1.630157470703125000e+01
2.024447631835937500e+01
2.206630516052246094e+01
2.294980049133300781e+01
2.349642753601074219e+01
2.391076087951660156e+01
2.423586654663085938e+01
2.450146293640136719e+01
2.473668289184570312e+01
2.494694519042968750e+01
2.512738609313964844e+01
2.529320335388183594e+01
2.544886589050292969e+01
2.559052085876464844e+01
2.572171020507812500e+01
2.584728431701660156e+01
2.596633338928222656e+01
2.607837104797363281e+01
2.617862319946289062e+01
2.627636146545410156e+01
2.636189270019531250e+01
2.644686317443847656e+01
2.652505874633789062e+01
2.659282875061035156e+01
2.665683937072753906e+01
2.671392631530761719e+01
2.676623153686523438e+01
2.681818199157714844e+01
2.686532211303710938e+01
2.690377616882324219e+01
2.694300079345703125e+01
2.697469711303710938e+01
2.700113487243652344e+01
2.702629470825195312e+01
2.704873466491699219e+01
2.706673049926757812e+01
2.708478164672851562e+01
2.709687614440917969e+01
2.710082435607910156e+01
2.710474205017089844e+01
2.710907936096191406e+01
2.710385131835937500e+01
2.710004043579101562e+01
2.709622955322265625e+01
2.709199523925781250e+01
2.708201026916503906e+01
2.707424545288085938e+01
2.705580139160156250e+01
2.703816413879394531e+01
2.702422714233398438e+01
