          0  0.09222883 10.35133266
        100  0.01210652 19.16980743
        200  0.01000690 19.99700546
        300  0.00918760 20.36797905
        400  0.00856737 20.67152405
        500  0.00816707 20.87933731
        600  0.00793500 21.00453186
        700  0.00765927 21.15812302
        800  0.00747753 21.26242065
        900  0.00731793 21.35611534
       1000  0.00711312 21.47939682
       1100  0.00698646 21.55742645
       1200  0.00683213 21.65443802
       1300  0.00670800 21.73406601
       1400  0.00661486 21.79479408
       1500  0.00651889 21.85826302
       1600  0.00649708 21.87281990
       1700  0.00641254 21.92969894
       1800  0.00628261 22.01859856
       1900  0.00614600 22.11407280
       2000  0.00610221 22.14513016
       2100  0.00607859 22.16196823
       2200  0.00599975 22.21866989
       2300  0.00585963 22.32129478
       2400  0.00586245 22.31921005
       2500  0.00572818 22.41983032
       2600  0.00568862 22.44993019
       2700  0.00564100 22.48644257
       2800  0.00557983 22.53379250
       2900  0.00551363 22.58562279
       3000  0.00550771 22.59029007
       3100  0.00542730 22.65415955
       3200  0.00534700 22.71889496
       3300  0.00530024 22.75704193
       3400  0.00524109 22.80578232
       3500  0.00526165 22.78877831
       3600  0.00517047 22.86470032
       3700  0.00508964 22.93312645
       3800  0.00509064 22.93227577
       3900  0.00506382 22.95521736
       4000  0.00505724 22.96086693
       4100  0.00497678 23.03051758
       4200  0.00489441 23.10299873
       4300  0.00493710 23.06527710
       4400  0.00486562 23.12861824
       4500  0.00482877 23.16163445
       4600  0.00476219 23.22192955
       4700  0.00468423 23.29361725
       4800  0.00465897 23.31709671
       4900  0.00472651 23.25459862
       5000  0.00464895 23.32644844
