3.988751268479973078e-05 1.808183733373880386e-03 1.714234822429716587e-03 9.549201466143131256e-03 1.168368980870582163e-04 1.543899066746234894e-02
4.227822355460375547e-04 2.791693841572850943e-04 1.107829511165618896e-01 1.437280923128128052e-01 1.420338917523622513e-02 4.597837396431714296e-04
6.725206226110458374e-02 3.007706999778747559e-02 2.352114068344235420e-03 4.305416718125343323e-02 4.213045816868543625e-03 1.692669466137886047e-03
4.649553820490837097e-02 2.618403919041156769e-02 1.418959116563200951e-03 2.668507210910320282e-02 2.200241200625896454e-03 8.586279582232236862e-04
4.819707199931144714e-02 1.257683057337999344e-02 1.740323728881776333e-03 1.658280938863754272e-02 2.235547173768281937e-03 7.608449668623507023e-04
4.979392141103744507e-02 9.421614930033683777e-03 2.807673066854476929e-03 1.637032069265842438e-02 2.641130238771438599e-03 6.359641556628048420e-04
4.279585182666778564e-02 1.147366128861904144e-02 4.829504527151584625e-03 2.343306876718997955e-02 4.062090534716844559e-03 7.475421880371868610e-04
3.635873645544052124e-02 2.244067937135696411e-02 7.997205480933189392e-03 3.815162926912307739e-02 6.039774976670742035e-03 1.298355055041611195e-03
4.153259843587875366e-02 2.881087921559810638e-02 1.353900227695703506e-02 4.702460020780563354e-02 6.845141761004924774e-03 2.345983171835541725e-03
4.634638130664825439e-02 2.921318635344505310e-02 2.701149135828018188e-02 5.925898626446723938e-02 9.722060523927211761e-03 3.804065054282546043e-03
5.954176932573318481e-02 2.361037768423557281e-02 4.405550658702850342e-02 5.896251648664474487e-02 1.387531217187643051e-02 4.673622548580169678e-03
7.310595363378524780e-02 2.235951088368892670e-02 5.947922915220260620e-02 6.612910330295562744e-02 1.815351843833923340e-02 5.865162704139947891e-03
7.042571902275085449e-02 2.093985863029956818e-02 6.235517561435699463e-02 6.850068271160125732e-02 2.103228308260440826e-02 6.704363040626049042e-03
6.773861497640609741e-02 1.906596310436725616e-02 5.710134655237197876e-02 6.405857205390930176e-02 2.222749404609203339e-02 7.688534911721944809e-03
7.498809695243835449e-02 1.840816065669059753e-02 7.331662625074386597e-02 7.389623671770095825e-02 3.007287345826625824e-02 8.094035089015960693e-03
6.692077964544296265e-02 1.685671694576740265e-02 7.053281366825103760e-02 5.193744972348213196e-02 3.336267918348312378e-02 1.036487892270088196e-02
6.255892664194107056e-02 1.541511248797178268e-02 7.325775176286697388e-02 4.937174916267395020e-02 3.571516647934913635e-02 1.271508447825908661e-02
6.694924086332321167e-02 1.811914145946502686e-02 9.113166481256484985e-02 5.728575587272644043e-02 4.268942028284072876e-02 1.649599894881248474e-02
6.701000034809112549e-02 1.791507005691528320e-02 1.006968095898628235e-01 6.049895659089088440e-02 4.735710099339485168e-02 1.796931214630603790e-02
6.998383253812789917e-02 1.819000393152236938e-02 9.999857097864151001e-02 5.639481544494628906e-02 5.178470909595489502e-02 2.411508187651634216e-02
7.244192063808441162e-02 1.877493038773536682e-02 7.899069786071777344e-02 4.031065851449966431e-02 4.179330915212631226e-02 3.806024789810180664e-02
9.034102410078048706e-02 2.211186289787292480e-02 7.022949308156967163e-02 3.221426531672477722e-02 3.647226095199584961e-02 4.582444950938224792e-02
8.831122517585754395e-02 2.098924294114112854e-02 6.040035560727119446e-02 2.607436850666999817e-02 3.085465915501117706e-02 4.833230748772621155e-02
9.036108106374740601e-02 2.284163236618041992e-02 7.015410065650939941e-02 2.899688668549060822e-02 3.404837846755981445e-02 6.030860915780067444e-02
8.231695741415023804e-02 2.237791195511817932e-02 5.688035488128662109e-02 2.362965606153011322e-02 2.987230755388736725e-02 7.696514576673507690e-02
8.953321725130081177e-02 2.698137424886226654e-02 4.706865176558494568e-02 1.868620887398719788e-02 2.602180466055870056e-02 8.869128674268722534e-02
8.693485707044601440e-02 3.072422184050083160e-02 5.343141406774520874e-02 2.081735990941524506e-02 3.028107620775699615e-02 1.101310774683952332e-01
9.329640865325927734e-02 3.408752009272575378e-02 6.315267831087112427e-02 2.270389162003993988e-02 3.382563591003417969e-02 1.205440014600753784e-01
1.029314696788787842e-01 3.722885623574256897e-02 6.036746129393577576e-02 2.342278137803077698e-02 3.535493463277816772e-02 1.323517858982086182e-01
9.533552825450897217e-02 4.004795849323272705e-02 5.769424885511398315e-02 2.243534289300441742e-02 3.601081296801567078e-02 1.489059478044509888e-01
9.108433127403259277e-02 4.438498988747596741e-02 5.465015769004821777e-02 2.280705235898494720e-02 3.430107235908508301e-02 1.443089693784713745e-01
8.146306127309799194e-02 4.439879208803176880e-02 4.856774583458900452e-02 2.022835239768028259e-02 3.113851137459278107e-02 1.660045385360717773e-01
7.457937300205230713e-02 5.381246656179428101e-02 4.271535947918891907e-02 1.886463910341262817e-02 2.796235494315624237e-02 1.747214049100875854e-01
7.212565094232559204e-02 5.473494157195091248e-02 4.581093043088912964e-02 2.188563346862792969e-02 2.869080379605293274e-02 1.628451794385910034e-01
5.504396557807922363e-02 6.000193953514099121e-02 4.051950573921203613e-02 2.037394233047962189e-02 2.546723559498786926e-02 1.899380087852478027e-01
4.488929361104965210e-02 6.608682870864868164e-02 3.956840559840202332e-02 1.908475346863269806e-02 2.425140887498855591e-02 2.045548409223556519e-01
4.191372916102409363e-02 6.867021322250366211e-02 4.285334050655364990e-02 2.229414321482181549e-02 2.424249611794948578e-02 2.085110843181610107e-01
4.326567798852920532e-02 7.424958050251007080e-02 4.577491059899330139e-02 2.461635321378707886e-02 2.596488967537879944e-02 2.078163176774978638e-01
3.871250152587890625e-02 7.511036843061447144e-02 4.585129767656326294e-02 2.437037602066993713e-02 2.492887154221534729e-02 2.191759347915649414e-01
3.806834295392036438e-02 8.036856353282928467e-02 4.773255065083503723e-02 2.628611028194427490e-02 2.446364052593708038e-02 2.253562062978744507e-01
4.156180471181869507e-02 8.163788169622421265e-02 5.847692489624023438e-02 3.043070621788501740e-02 2.522503025829792023e-02 2.270298302173614502e-01
3.914594277739524841e-02 8.104284852743148804e-02 6.131148710846900940e-02 3.372040018439292908e-02 2.663365192711353302e-02 2.180705219507217407e-01
3.443276882171630859e-02 7.982392609119415283e-02 6.676226854324340820e-02 3.637643903493881226e-02 2.805612981319427490e-02 2.218054682016372681e-01
3.639306500554084778e-02 8.135587722063064575e-02 7.649626582860946655e-02 4.324137791991233826e-02 3.220018744468688965e-02 2.205300629138946533e-01
3.496142104268074036e-02 7.944311201572418213e-02 7.556968927383422852e-02 4.154076799750328064e-02 3.168617188930511475e-02 2.213122248649597168e-01
3.585936129093170166e-02 7.988637685775756836e-02 7.704895734786987305e-02 4.406912997364997864e-02 3.395539894700050354e-02 2.226442843675613403e-01
4.094376787543296814e-02 8.415292948484420776e-02 7.973010838031768799e-02 4.568857699632644653e-02 3.687651455402374268e-02 2.035166174173355103e-01
3.681798279285430908e-02 7.725278288125991821e-02 7.497714459896087646e-02 4.420628398656845093e-02 3.195789456367492676e-02 2.204825580120086670e-01
3.362555429339408875e-02 7.663244754076004028e-02 7.918545603752136230e-02 4.439724609255790710e-02 3.380548581480979919e-02 2.194096446037292480e-01
3.098533116281032562e-02 7.452073693275451660e-02 8.043891936540603638e-02 4.430480301380157471e-02 3.467863425612449646e-02 2.150703668594360352e-01
3.510883450508117676e-02 7.763753086328506470e-02 7.818655669689178467e-02 4.536225274205207825e-02 3.611166030168533325e-02 2.054822295904159546e-01
