1.400000000000000000e+01 1.280000000000000000e+02 1.800000000000000000e+01 2.300000000000000000e+01 9.100000000000000000e+01
1.000000000000000000e+00 2.900000000000000000e+01 9.890000000000000000e+02 1.300000000000000000e+02 1.200000000000000000e+01
1.300000000000000000e+02 9.890000000000000000e+02 1.290000000000000000e+02 2.900000000000000000e+01 1.000000000000000000e+02
1.300000000000000000e+02 1.290000000000000000e+02 9.890000000000000000e+02 1.000000000000000000e+00 1.000000000000000000e+02
1.300000000000000000e+02 1.290000000000000000e+02 1.000000000000000000e+00 1.000000000000000000e+02 1.320000000000000000e+02
1.300000000000000000e+02 1.290000000000000000e+02 1.000000000000000000e+00 1.000000000000000000e+02 1.320000000000000000e+02
1.300000000000000000e+02 1.290000000000000000e+02 1.000000000000000000e+00 1.000000000000000000e+02 1.340000000000000000e+02
1.300000000000000000e+02 1.290000000000000000e+02 1.340000000000000000e+02 9.900000000000000000e+01 1.000000000000000000e+02
1.300000000000000000e+02 1.290000000000000000e+02 1.340000000000000000e+02 9.900000000000000000e+01 1.000000000000000000e+02
1.300000000000000000e+02 1.290000000000000000e+02 1.340000000000000000e+02 9.900000000000000000e+01 1.000000000000000000e+02
1.300000000000000000e+02 1.290000000000000000e+02 1.340000000000000000e+02 9.900000000000000000e+01 1.440000000000000000e+02
1.300000000000000000e+02 1.290000000000000000e+02 1.340000000000000000e+02 9.900000000000000000e+01 1.440000000000000000e+02
1.300000000000000000e+02 1.290000000000000000e+02 9.900000000000000000e+01 1.340000000000000000e+02 1.440000000000000000e+02
1.300000000000000000e+02 1.290000000000000000e+02 1.340000000000000000e+02 9.900000000000000000e+01 1.440000000000000000e+02
1.300000000000000000e+02 1.290000000000000000e+02 1.340000000000000000e+02 9.900000000000000000e+01 1.440000000000000000e+02
1.300000000000000000e+02 1.290000000000000000e+02 1.340000000000000000e+02 9.900000000000000000e+01 1.440000000000000000e+02
1.300000000000000000e+02 1.290000000000000000e+02 1.340000000000000000e+02 9.900000000000000000e+01 1.440000000000000000e+02
1.300000000000000000e+02 1.290000000000000000e+02 1.340000000000000000e+02 9.900000000000000000e+01 1.440000000000000000e+02
1.300000000000000000e+02 1.290000000000000000e+02 1.340000000000000000e+02 9.900000000000000000e+01 1.190000000000000000e+02
1.300000000000000000e+02 1.290000000000000000e+02 1.340000000000000000e+02 1.190000000000000000e+02 1.120000000000000000e+02
1.300000000000000000e+02 1.290000000000000000e+02 1.190000000000000000e+02 1.340000000000000000e+02 1.120000000000000000e+02
1.300000000000000000e+02 1.290000000000000000e+02 1.190000000000000000e+02 1.120000000000000000e+02 1.340000000000000000e+02
1.300000000000000000e+02 1.290000000000000000e+02 1.190000000000000000e+02 1.120000000000000000e+02 1.340000000000000000e+02
1.300000000000000000e+02 1.290000000000000000e+02 1.190000000000000000e+02 1.340000000000000000e+02 1.120000000000000000e+02
1.300000000000000000e+02 1.290000000000000000e+02 1.190000000000000000e+02 1.340000000000000000e+02 1.120000000000000000e+02
1.300000000000000000e+02 1.290000000000000000e+02 1.190000000000000000e+02 1.340000000000000000e+02 1.120000000000000000e+02
1.300000000000000000e+02 1.290000000000000000e+02 1.190000000000000000e+02 1.180000000000000000e+02 1.340000000000000000e+02
1.300000000000000000e+02 1.290000000000000000e+02 1.190000000000000000e+02 1.120000000000000000e+02 1.180000000000000000e+02
1.300000000000000000e+02 1.290000000000000000e+02 1.190000000000000000e+02 1.120000000000000000e+02 1.180000000000000000e+02
1.300000000000000000e+02 1.290000000000000000e+02 1.190000000000000000e+02 1.120000000000000000e+02 1.180000000000000000e+02
1.300000000000000000e+02 1.290000000000000000e+02 1.190000000000000000e+02 1.340000000000000000e+02 1.120000000000000000e+02
1.300000000000000000e+02 1.290000000000000000e+02 1.190000000000000000e+02 1.120000000000000000e+02 1.340000000000000000e+02
1.300000000000000000e+02 1.290000000000000000e+02 1.190000000000000000e+02 1.120000000000000000e+02 1.340000000000000000e+02
1.300000000000000000e+02 1.290000000000000000e+02 1.190000000000000000e+02 1.120000000000000000e+02 1.250000000000000000e+02
1.300000000000000000e+02 1.290000000000000000e+02 1.190000000000000000e+02 1.120000000000000000e+02 1.250000000000000000e+02
1.300000000000000000e+02 1.290000000000000000e+02 1.190000000000000000e+02 1.250000000000000000e+02 1.120000000000000000e+02
1.300000000000000000e+02 1.290000000000000000e+02 1.190000000000000000e+02 1.250000000000000000e+02 1.120000000000000000e+02
1.300000000000000000e+02 1.290000000000000000e+02 1.190000000000000000e+02 1.250000000000000000e+02 1.120000000000000000e+02
1.300000000000000000e+02 1.290000000000000000e+02 1.190000000000000000e+02 1.250000000000000000e+02 1.120000000000000000e+02
1.300000000000000000e+02 1.290000000000000000e+02 1.190000000000000000e+02 1.250000000000000000e+02 3.270000000000000000e+02
1.300000000000000000e+02 1.290000000000000000e+02 1.190000000000000000e+02 1.250000000000000000e+02 3.270000000000000000e+02
1.300000000000000000e+02 1.290000000000000000e+02 1.190000000000000000e+02 1.250000000000000000e+02 3.270000000000000000e+02
1.300000000000000000e+02 1.290000000000000000e+02 1.190000000000000000e+02 1.250000000000000000e+02 3.270000000000000000e+02
1.300000000000000000e+02 1.290000000000000000e+02 1.190000000000000000e+02 1.250000000000000000e+02 3.270000000000000000e+02
1.300000000000000000e+02 1.290000000000000000e+02 1.190000000000000000e+02 1.250000000000000000e+02 3.270000000000000000e+02
1.300000000000000000e+02 1.290000000000000000e+02 1.190000000000000000e+02 1.250000000000000000e+02 3.300000000000000000e+01
1.300000000000000000e+02 1.290000000000000000e+02 1.190000000000000000e+02 1.250000000000000000e+02 3.300000000000000000e+01
1.300000000000000000e+02 1.290000000000000000e+02 1.190000000000000000e+02 1.250000000000000000e+02 3.300000000000000000e+01
1.300000000000000000e+02 1.290000000000000000e+02 1.190000000000000000e+02 1.250000000000000000e+02 3.300000000000000000e+01
1.300000000000000000e+02 1.290000000000000000e+02 1.190000000000000000e+02 1.250000000000000000e+02 3.300000000000000000e+01
1.300000000000000000e+02 1.290000000000000000e+02 1.190000000000000000e+02 1.250000000000000000e+02 3.270000000000000000e+02
