          0  0.08398962 10.75774384
        100  0.01547585 18.10345459
        200  0.01253975 19.01710892
        300  0.01092568 19.61551666
        400  0.01026345 19.88706779
        500  0.00957095 20.19044876
        600  0.00899373 20.46060371
        700  0.00856637 20.67203331
        800  0.00820640 20.85847282
        900  0.00785031 21.05113220
       1000  0.00759373 21.19544601
       1100  0.00729657 21.36881065
       1200  0.00706402 21.50947762
       1300  0.00678732 21.68301392
       1400  0.00662049 21.79109955
       1500  0.00650546 21.86722183
       1600  0.00625464 22.03797340
       1700  0.00612011 22.13240814
       1800  0.00597443 22.23703384
       1900  0.00586835 22.31484413
       2000  0.00565918 22.47246742
       2100  0.00561624 22.50554085
       2200  0.00547536 22.61587715
       2300  0.00530768 22.75094986
       2400  0.00517827 22.85815620
       2500  0.00505434 22.96335602
       2600  0.00493514 23.06700897
       2700  0.00479474 23.19235229
       2800  0.00474506 23.23758125
       2900  0.00454224 23.42730141
       3000  0.00441646 23.54925919
       3100  0.00431965 23.64551735
       3200  0.00416001 23.80905724
       3300  0.00423850 23.72788048
       3400  0.00393070 24.05529976
       3500  0.00388136 24.11016273
       3600  0.00370187 24.31578445
       3700  0.00365351 24.37289238
       3800  0.00351139 24.54520416
       3900  0.00340052 24.68454742
       4000  0.00332807 24.77807236
       4100  0.00323437 24.90210915
       4200  0.00337648 24.71535301
       4300  0.00321596 24.92688942
       4400  0.00387249 24.12010193
       4500  0.00284788 25.45478249
       4600  0.00272470 25.64680862
       4700  0.00308614 25.10583878
       4800  0.00267245 25.73089981
       4900  0.00315756 25.00648308
       5000  0.00235484 26.28038788
