1.231261634826660156e+01
1.570376873016357422e+01
1.750478553771972656e+01
1.868434715270996094e+01
1.959231376647949219e+01
2.032918930053710938e+01
2.092742347717285156e+01
2.143725967407226562e+01
2.189690780639648438e+01
2.231629943847656250e+01
2.270976448059082031e+01
2.309449005126953125e+01
2.344183540344238281e+01
2.377540969848632812e+01
2.407898521423339844e+01
2.433914566040039062e+01
2.455102729797363281e+01
2.471992301940917969e+01
2.484947395324707031e+01
2.492977523803710938e+01
2.497057151794433594e+01
2.498904418945312500e+01
2.497810935974121094e+01
2.493955802917480469e+01
2.488985443115234375e+01
2.482331466674804688e+01
2.474181365966796875e+01
2.465417861938476562e+01
2.455702400207519531e+01
2.447856330871582031e+01
2.438373947143554688e+01
2.429553604125976562e+01
2.421210670471191406e+01
2.412776374816894531e+01
2.405661010742187500e+01
2.398005104064941406e+01
2.391863059997558594e+01
2.385865592956542969e+01
2.378959465026855469e+01
2.373968124389648438e+01
2.368735122680664062e+01
2.363845443725585938e+01
2.358993721008300781e+01
2.354997634887695312e+01
2.350639533996582031e+01
2.347585868835449219e+01
2.343708610534667969e+01
2.340097618103027344e+01
2.337706184387207031e+01
2.335005569458007812e+01
2.331412506103515625e+01
