          0  0.07565644 11.21154118
        100  0.02584222 15.87670135
        200  0.02145738 16.68423271
        300  0.01884935 17.24703598
        400  0.01670441 17.77168846
        500  0.01517726 18.18806648
        600  0.01427915 18.45297813
        700  0.01300220 18.85983086
        800  0.01239694 19.06685448
        900  0.01162273 19.34692001
       1000  0.01097107 19.59750938
       1100  0.01033015 19.85893631
       1200  0.00961843 20.16895676
       1300  0.00942869 20.25548744
       1400  0.00853494 20.68799782
       1500  0.00880926 20.55060387
       1600  0.00797212 20.98426056
       1700  0.00753042 21.23180580
       1800  0.00698064 21.56104851
       1900  0.00700125 21.54824257
       2000  0.00634963 21.97251320
       2100  0.00589064 22.29837418
       2200  0.00570627 22.43648148
       2300  0.00561682 22.50509262
       2400  0.00503410 22.98078346
       2500  0.00486547 23.12874794
       2600  0.00459144 23.38051414
       2700  0.00432997 23.63514900
       2800  0.00413582 23.83438110
       2900  0.00368886 24.33107185
       3000  0.00356178 24.48333359
       3100  0.00347362 24.59217072
       3200  0.00324802 24.88381767
       3300  0.00314213 25.02775955
       3400  0.00300322 25.22412872
       3500  0.00298171 25.25534058
       3600  0.00290955 25.36174202
       3700  0.00246413 26.08335876
       3800  0.00238643 26.22250557
       3900  0.00221921 26.53801537
       4000  0.00226552 26.44831085
       4100  0.00222775 26.52134323
       4200  0.00196754 27.06077194
       4300  0.00199573 26.99897957
       4400  0.00191547 27.17724037
       4500  0.00179496 27.45944023
       4600  0.00176141 27.54139900
       4700  0.00162462 27.89246941
       4800  0.00154453 28.11204910
       4900  0.00150988 28.21057320
       5000  0.00150307 28.23020935
