1.357843721052631736e-04 2.638300356920808554e-04 1.357843721052631736e-04 2.907868110924027860e-05 2.015776117332279682e-04 1.003463330562226474e-04
4.214992281049489975e-03 6.356480065733194351e-03 4.214992281049489975e-03 4.565111827105283737e-03 1.625963486731052399e-03 1.348549127578735352e-02
1.366796204820275307e-03 4.914578312309458852e-05 1.366796204820275307e-03 5.972879589535295963e-04 6.125535001046955585e-04 2.918617974501103163e-04
2.043098676949739456e-03 1.662266586208716035e-04 2.043098676949739456e-03 4.568544391077011824e-04 1.173569587990641594e-03 3.009100619237869978e-04
1.260095536708831787e-01 3.853377420455217361e-03 1.260095536708831787e-01 1.775752287358045578e-03 5.695873405784368515e-03 2.324178814888000488e-03
6.800221800804138184e-01 6.978976074606180191e-03 6.800221800804138184e-01 1.973263220861554146e-03 3.331712912768125534e-03 1.654000487178564072e-03
8.301181793212890625e-01 7.452124264091253281e-03 8.301181793212890625e-01 1.605433644726872444e-03 2.287626033648848534e-03 1.551842782646417618e-03
8.362507224082946777e-01 9.078385308384895325e-03 8.362507224082946777e-01 2.341781510040163994e-03 3.450029063969850540e-03 1.977754058316349983e-03
8.240188360214233398e-01 8.445684798061847687e-03 8.240188360214233398e-01 3.532767761498689651e-03 4.098961595445871353e-03 2.481761155650019646e-03
8.297803401947021484e-01 7.918377406895160675e-03 8.297803401947021484e-01 5.425048060715198517e-03 4.223887808620929718e-03 3.061119699850678444e-03
8.318393826484680176e-01 9.765764698386192322e-03 8.318393826484680176e-01 7.195729296654462814e-03 4.217116627842187881e-03 3.760804887861013412e-03
8.251486420631408691e-01 1.281393226236104965e-02 8.251486420631408691e-01 8.275546133518218994e-03 4.521807655692100525e-03 4.878357518464326859e-03
7.971567511558532715e-01 1.653553359210491180e-02 7.971567511558532715e-01 1.315537001937627792e-02 5.078184418380260468e-03 5.506078246980905533e-03
7.759554386138916016e-01 1.754644699394702911e-02 7.759554386138916016e-01 1.600898057222366333e-02 5.998577922582626343e-03 5.613708402961492538e-03
7.434052228927612305e-01 1.889906823635101318e-02 7.434052228927612305e-01 2.065268531441688538e-02 6.873049773275852203e-03 5.525838118046522141e-03
7.386425137519836426e-01 1.876944862306118011e-02 7.386425137519836426e-01 2.326835319399833679e-02 7.193630561232566833e-03 5.425435956567525864e-03
7.281627058982849121e-01 2.081406861543655396e-02 7.281627058982849121e-01 2.518716268241405487e-02 8.583405055105686188e-03 5.557465367019176483e-03
7.172312736511230469e-01 2.260119467973709106e-02 7.172312736511230469e-01 2.732286415994167328e-02 9.765671566128730774e-03 5.211182404309511185e-03
6.987199187278747559e-01 2.382214367389678955e-02 6.987199187278747559e-01 3.221924975514411926e-02 9.936997666954994202e-03 5.071446299552917480e-03
6.745830178260803223e-01 2.740400843322277069e-02 6.745830178260803223e-01 3.802000731229782104e-02 1.238480489701032639e-02 6.309032440185546875e-03
6.585888862609863281e-01 3.115616366267204285e-02 6.585888862609863281e-01 4.510895162820816040e-02 1.376236043870449066e-02 6.839090492576360703e-03
6.431560516357421875e-01 3.505377843976020813e-02 6.431560516357421875e-01 4.785780608654022217e-02 1.512732636183500290e-02 6.847515702247619629e-03
6.287419199943542480e-01 3.847619518637657166e-02 6.287419199943542480e-01 4.855393245816230774e-02 1.604030467569828033e-02 7.300541270524263382e-03
5.979139804840087891e-01 4.578730836510658264e-02 5.979139804840087891e-01 5.311684682965278625e-02 1.888579130172729492e-02 8.729819208383560181e-03
5.730392336845397949e-01 4.806062951683998108e-02 5.730392336845397949e-01 5.841555818915367126e-02 1.993175968527793884e-02 9.801020845770835876e-03
5.477886199951171875e-01 5.041580647230148315e-02 5.477886199951171875e-01 6.330080330371856689e-02 2.188938297331333160e-02 1.063816435635089874e-02
5.315903425216674805e-01 5.505492165684700012e-02 5.315903425216674805e-01 6.647925078868865967e-02 2.352018095552921295e-02 1.112688984721899033e-02
4.924469292163848877e-01 6.237880513072013855e-02 4.924469292163848877e-01 7.396554946899414062e-02 2.600759454071521759e-02 1.248633582144975662e-02
4.577418267726898193e-01 7.163387537002563477e-02 4.577418267726898193e-01 8.626054972410202026e-02 3.013533726334571838e-02 1.460218429565429688e-02
4.579196870326995850e-01 7.628051191568374634e-02 4.579196870326995850e-01 8.282137662172317505e-02 2.943855524063110352e-02 1.490576285868883133e-02
4.584004878997802734e-01 8.102986961603164673e-02 4.584004878997802734e-01 7.964628189802169800e-02 3.494302928447723389e-02 1.558643206954002380e-02
4.399839937686920166e-01 8.661840111017227173e-02 4.399839937686920166e-01 8.417085558176040649e-02 3.722396120429039001e-02 1.722984015941619873e-02
4.318524599075317383e-01 9.462983161211013794e-02 4.318524599075317383e-01 8.396260440349578857e-02 3.635003790259361267e-02 1.671100407838821411e-02
4.521757960319519043e-01 9.961993992328643799e-02 4.521757960319519043e-01 7.815658301115036011e-02 3.687643259763717651e-02 1.692971959710121155e-02
4.693749845027923584e-01 1.038009971380233765e-01 4.693749845027923584e-01 7.718838751316070557e-02 3.459054976701736450e-02 1.554507482796907425e-02
4.657178223133087158e-01 1.122612208127975464e-01 4.657178223133087158e-01 7.300979644060134888e-02 3.625379875302314758e-02 1.506301667541265488e-02
4.631481468677520752e-01 1.236310228705406189e-01 4.631481468677520752e-01 6.943960487842559814e-02 3.419911116361618042e-02 1.517972908914089203e-02
4.653181731700897217e-01 1.126466393470764160e-01 4.653181731700897217e-01 7.560905814170837402e-02 3.416316956281661987e-02 1.450895145535469055e-02
4.740876853466033936e-01 1.146651208400726318e-01 4.740876853466033936e-01 7.010942697525024414e-02 3.375057131052017212e-02 1.542645692825317383e-02
4.698080122470855713e-01 1.162793189287185669e-01 4.698080122470855713e-01 7.114115357398986816e-02 3.426177427172660828e-02 1.629233360290527344e-02
4.665926098823547363e-01 1.090579554438591003e-01 4.665926098823547363e-01 6.975869834423065186e-02 3.417301177978515625e-02 1.677394658327102661e-02
4.376927316188812256e-01 1.149195283651351929e-01 4.376927316188812256e-01 7.358603179454803467e-02 3.598273545503616333e-02 1.908632554113864899e-02
4.247663021087646484e-01 1.163425818085670471e-01 4.247663021087646484e-01 7.324420660734176636e-02 3.838869556784629822e-02 2.109786123037338257e-02
4.295507967472076416e-01 1.199849694967269897e-01 4.295507967472076416e-01 6.902950257062911987e-02 4.191517084836959839e-02 2.166793309152126312e-02
4.185142815113067627e-01 1.266083121299743652e-01 4.185142815113067627e-01 7.238188385963439941e-02 4.218174144625663757e-02 2.265676297247409821e-02
4.232086837291717529e-01 1.244018897414207458e-01 4.232086837291717529e-01 7.320781052112579346e-02 4.361127689480781555e-02 2.265239320695400238e-02
4.205918610095977783e-01 1.327164471149444580e-01 4.205918610095977783e-01 7.075395435094833374e-02 4.013971984386444092e-02 2.247802354395389557e-02
4.156877994537353516e-01 1.336534023284912109e-01 4.156877994537353516e-01 6.946416199207305908e-02 4.275251179933547974e-02 2.271894365549087524e-02
4.111860394477844238e-01 1.344418227672576904e-01 4.111860394477844238e-01 6.955938041210174561e-02 4.359470680356025696e-02 2.080226130783557892e-02
4.134131669998168945e-01 1.348037570714950562e-01 4.134131669998168945e-01 6.782723963260650635e-02 4.493713751435279846e-02 2.085742913186550140e-02
4.107019305229187012e-01 1.315140575170516968e-01 4.107019305229187012e-01 7.046351581811904907e-02 4.428690671920776367e-02 2.018326707184314728e-02
