          0  0.08570207 10.67008686
        100  0.01130306 19.46803856
        200  0.00834083 20.78790665
        300  0.00725699 21.39243317
        400  0.00652905 21.85149956
        500  0.00623023 22.05496025
        600  0.00586312 22.31870842
        700  0.00572177 22.42469597
        800  0.00558582 22.52912903
        900  0.00550512 22.59233093
       1000  0.00533744 22.72667122
       1100  0.00523835 22.80805016
       1200  0.00518964 22.84863091
       1300  0.00504664 22.96997452
       1400  0.00495782 23.04709244
       1500  0.00491572 23.08413124
       1600  0.00483393 23.15699959
       1700  0.00474290 23.23955917
       1800  0.00467545 23.30176353
       1900  0.00454043 23.42903137
       2000  0.00453188 23.43721581
       2100  0.00437489 23.59033203
       2200  0.00437146 23.59373665
       2300  0.00427823 23.68735504
       2400  0.00433236 23.63275528
       2500  0.00412084 23.85013962
       2600  0.00403010 23.94684029
       2700  0.00396223 24.02060127
       2800  0.00395372 24.02994537
       2900  0.00387509 24.11717796
       3000  0.00375441 24.25458336
       3100  0.00369635 24.32227516
       3200  0.00370963 24.30669975
       3300  0.00358008 24.46107864
       3400  0.00357421 24.46820259
       3500  0.00350505 24.55306053
       3600  0.00331448 24.79584312
       3700  0.00330028 24.81448936
       3800  0.00322227 24.91838074
       3900  0.00326091 24.86660767
       4000  0.00322358 24.91662025
       4100  0.00308817 25.10298157
       4200  0.00317386 24.98411560
       4300  0.00292967 25.33181763
       4400  0.00280568 25.51961517
       4500  0.00284807 25.45450020
       4600  0.00273919 25.62377167
       4700  0.00267409 25.72823334
       4800  0.00268328 25.71333313
       4900  0.00267382 25.72867584
       5000  0.00262063 25.81593513
