6.770181353203952312e-04 6.770181353203952312e-04 1.370606827549636364e-03 1.565509010106325150e-04 1.181831539724953473e-04 1.445411035092547536e-04
3.649548161774873734e-03 3.649548161774873734e-03 6.679168902337551117e-03 2.785525284707546234e-03 9.673213353380560875e-04 2.744313795119524002e-03
5.011830329895019531e-01 5.011830329895019531e-01 4.607028327882289886e-03 2.831880003213882446e-02 1.466933339834213257e-01 5.741668120026588440e-02
4.913061857223510742e-01 4.913061857223510742e-01 3.382222028449177742e-03 2.369930222630500793e-02 1.850932687520980835e-01 1.211188510060310364e-01
4.507932662963867188e-01 4.507932662963867188e-01 1.654269546270370483e-02 2.909977920353412628e-02 7.478407025337219238e-02 1.951157897710800171e-01
5.132357478141784668e-01 5.132357478141784668e-01 2.374626882374286652e-02 4.455564171075820923e-02 5.827567726373672485e-02 1.612973213195800781e-01
6.079331636428833008e-01 6.079331636428833008e-01 2.453637123107910156e-02 5.652529746294021606e-02 4.552125558257102966e-02 1.123225688934326172e-01
5.108201503753662109e-01 5.108201503753662109e-01 4.486764594912528992e-02 6.411860138177871704e-02 3.218285739421844482e-02 1.261688470840454102e-01
5.471791028976440430e-01 5.471791028976440430e-01 4.540435597300529480e-02 8.220718055963516235e-02 3.394780308008193970e-02 8.883360028266906738e-02
6.591798663139343262e-01 6.591798663139343262e-01 3.979319334030151367e-02 7.469560950994491577e-02 3.432249650359153748e-02 5.067106336355209351e-02
7.421822547912597656e-01 7.421822547912597656e-01 2.847971580922603607e-02 7.930348068475723267e-02 3.522599488496780396e-02 3.030950576066970825e-02
7.678046226501464844e-01 7.678046226501464844e-01 2.043247967958450317e-02 9.789125621318817139e-02 3.586425632238388062e-02 2.055319957435131073e-02
7.602942585945129395e-01 7.602942585945129395e-01 2.057649195194244385e-02 1.077163070440292358e-01 3.421136364340782166e-02 2.248335443437099457e-02
7.565318346023559570e-01 7.565318346023559570e-01 1.846344769001007080e-02 1.200831830501556396e-01 3.178539127111434937e-02 2.147302962839603424e-02
7.657201290130615234e-01 7.657201290130615234e-01 1.604435965418815613e-02 1.246949732303619385e-01 3.152674809098243713e-02 2.010502852499485016e-02
7.751017212867736816e-01 7.751017212867736816e-01 1.604977808892726898e-02 1.200862303376197815e-01 3.114869631826877594e-02 1.944085583090782166e-02
7.820425629615783691e-01 7.820425629615783691e-01 1.552551891654729843e-02 1.236219853162765503e-01 3.191081807017326355e-02 1.426146831363439560e-02
7.773317098617553711e-01 7.773317098617553711e-01 1.329351123422384262e-02 1.349073648452758789e-01 3.728086873888969421e-02 9.357471019029617310e-03
7.866883277893066406e-01 7.866883277893066406e-01 1.237178873270750046e-02 1.302442252635955811e-01 3.736954554915428162e-02 7.759504485875368118e-03
7.775723338127136230e-01 7.775723338127136230e-01 1.070656813681125641e-02 1.396470963954925537e-01 4.189908504486083984e-02 7.129208184778690338e-03
7.740641236305236816e-01 7.740641236305236816e-01 1.036095805466175079e-02 1.373147964477539062e-01 4.547882825136184692e-02 8.617768995463848114e-03
7.661047577857971191e-01 7.661047577857971191e-01 1.041753310710191727e-02 1.421402692794799805e-01 4.970334470272064209e-02 7.987102493643760681e-03
7.768409848213195801e-01 7.768409848213195801e-01 1.214432343840599060e-02 1.297537237405776978e-01 4.732451215386390686e-02 8.919266983866691589e-03
7.971355319023132324e-01 7.971355319023132324e-01 8.808470331132411957e-03 1.237537562847137451e-01 4.270713776350021362e-02 7.335471920669078827e-03
8.137860894203186035e-01 8.137860894203186035e-01 5.923582240939140320e-03 1.173470690846443176e-01 4.004880785942077637e-02 6.098092067986726761e-03
8.125553131103515625e-01 8.125553131103515625e-01 5.677632056176662445e-03 1.182475760579109192e-01 4.119493439793586731e-02 5.802957341074943542e-03
8.256640434265136719e-01 8.256640434265136719e-01 4.536007996648550034e-03 1.116860732436180115e-01 3.864238783717155457e-02 4.819662310183048248e-03
8.490032553672790527e-01 8.490032553672790527e-01 3.785966895520687103e-03 9.604703634977340698e-02 3.593790158629417419e-02 3.466342110186815262e-03
8.481559157371520996e-01 8.481559157371520996e-01 4.545990377664566040e-03 9.543564915657043457e-02 3.593838214874267578e-02 3.707128344103693962e-03
8.464093208312988281e-01 8.464093208312988281e-01 4.358986392617225647e-03 9.662845730781555176e-02 3.789214044809341431e-02 3.084505675360560417e-03
8.447491526603698730e-01 8.447491526603698730e-01 4.416671115905046463e-03 9.651391953229904175e-02 3.939513862133026123e-02 3.037534421309828758e-03
8.405396938323974609e-01 8.405396938323974609e-01 4.734939429908990860e-03 9.866828471422195435e-02 4.142895713448524475e-02 2.853621263056993484e-03
8.475772142410278320e-01 8.475772142410278320e-01 4.749152343720197678e-03 9.454374015331268311e-02 3.913129121065139771e-02 2.650844166055321693e-03
8.540949225425720215e-01 8.540949225425720215e-01 5.305062513798475266e-03 8.800692111253738403e-02 3.879525512456893921e-02 2.474224660545587540e-03
8.532302975654602051e-01 8.532302975654602051e-01 5.215353798121213913e-03 8.899991214275360107e-02 3.929083421826362610e-02 2.402477432042360306e-03
8.538699746131896973e-01 8.538699746131896973e-01 6.615850608795881271e-03 8.640863001346588135e-02 3.913760930299758911e-02 2.396045019850134850e-03
8.584519624710083008e-01 8.584519624710083008e-01 7.228076457977294922e-03 8.259592950344085693e-02 3.795373067259788513e-02 2.304308582097291946e-03
8.661500811576843262e-01 8.661500811576843262e-01 6.048720329999923706e-03 7.936631888151168823e-02 3.612880781292915344e-02 1.931328326463699341e-03
8.690472245216369629e-01 8.690472245216369629e-01 6.941413041204214096e-03 7.658734917640686035e-02 3.492124378681182861e-02 1.955526648089289665e-03
8.670343160629272461e-01 8.670343160629272461e-01 7.887663319706916809e-03 7.641928642988204956e-02 3.525592386722564697e-02 2.181787742301821709e-03
8.714876174926757812e-01 8.714876174926757812e-01 7.937073707580566406e-03 7.332696765661239624e-02 3.405117243528366089e-02 1.989555079489946365e-03
8.705184459686279297e-01 8.705184459686279297e-01 7.811943069100379944e-03 7.351842522621154785e-02 3.538554534316062927e-02 1.833357382565736771e-03
8.635269999504089355e-01 8.635269999504089355e-01 8.535911329090595245e-03 7.718480378389358521e-02 3.735041245818138123e-02 1.782022416591644287e-03
8.645535111427307129e-01 8.645535111427307129e-01 8.738840930163860321e-03 7.581152766942977905e-02 3.730348497629165649e-02 1.769205206073820591e-03
8.665233254432678223e-01 8.665233254432678223e-01 9.762942790985107422e-03 7.314035296440124512e-02 3.603132069110870361e-02 1.997716957703232765e-03
8.672732710838317871e-01 8.672732710838317871e-01 9.821281768381595612e-03 7.238972187042236328e-02 3.666986897587776184e-02 1.767234643921256065e-03
8.627632856369018555e-01 8.627632856369018555e-01 1.128442771732807159e-02 7.297391444444656372e-02 3.794826194643974304e-02 1.940522226504981518e-03
8.666486740112304688e-01 8.666486740112304688e-01 1.088769081979990005e-02 7.106846570968627930e-02 3.648100420832633972e-02 1.967228483408689499e-03
8.624984025955200195e-01 8.624984025955200195e-01 1.209099777042865753e-02 7.222340255975723267e-02 3.728056326508522034e-02 2.171872882172465324e-03
8.584705591201782227e-01 8.584705591201782227e-01 1.519548706710338593e-02 7.127883285284042358e-02 3.730868548154830933e-02 2.376099117100238800e-03
8.587942123413085938e-01 8.587942123413085938e-01 1.704099215567111969e-02 6.882902234792709351e-02 3.671934828162193298e-02 2.493296051397919655e-03
