1.247767829895019531e+01
1.585325050354003906e+01
1.962494277954101562e+01
2.207493972778320312e+01
2.373426055908203125e+01
2.496031761169433594e+01
2.586544799804687500e+01
2.651605796813964844e+01
2.699782180786132812e+01
2.735444641113281250e+01
2.761500740051269531e+01
2.779912376403808594e+01
2.790529251098632812e+01
2.796051597595214844e+01
2.797595024108886719e+01
2.795368194580078125e+01
2.789422607421875000e+01
2.780198097229003906e+01
2.768811416625976562e+01
2.756714439392089844e+01
2.743028259277343750e+01
2.727741241455078125e+01
2.713160705566406250e+01
2.696308898925781250e+01
2.681807518005371094e+01
2.666179275512695312e+01
2.649323272705078125e+01
2.634498214721679688e+01
2.619290161132812500e+01
2.604804229736328125e+01
2.591225051879882812e+01
2.578573226928710938e+01
2.563965225219726562e+01
2.551090049743652344e+01
2.539308357238769531e+01
2.527575111389160156e+01
2.516574287414550781e+01
2.506151008605957031e+01
2.496456527709960938e+01
2.487887001037597656e+01
2.477691268920898438e+01
2.469211387634277344e+01
2.460824203491210938e+01
2.455131912231445312e+01
2.447104263305664062e+01
2.439303398132324219e+01
2.432152938842773438e+01
2.425905227661132812e+01
2.419823074340820312e+01
2.414825057983398438e+01
2.408601570129394531e+01
