          0  0.08424970 10.74431610
        100  0.01317183 18.80353737
        200  0.01077529 19.67571068
        300  0.00984417 20.06820869
        400  0.00891833 20.49716568
        500  0.00828075 20.81930542
        600  0.00751454 21.24097252
        700  0.00685514 21.63983727
        800  0.00636273 21.96356392
        900  0.00580080 22.36511803
       1000  0.00533863 22.72570038
       1100  0.00479653 23.19072533
       1200  0.00486037 23.13330650
       1300  0.00397685 24.00460625
       1400  0.00352125 24.53303146
       1500  0.00350620 24.55163193
       1600  0.00279543 25.53550720
       1700  0.00256430 25.91031647
       1800  0.00231456 26.35531044
       1900  0.00210878 26.75967789
       2000  0.00188293 27.25165558
       2100  0.00171328 27.66171646
       2200  0.00156751 28.04790115
       2300  0.00141686 28.48672485
       2400  0.00127608 28.94121552
       2500  0.00119852 29.21356201
       2600  0.00110417 29.56962013
       2700  0.00107582 29.68259621
       2800  0.00102944 29.87398529
       2900  0.00090059 30.45471382
       3000  0.00085967 30.65670395
       3100  0.00082745 30.82259560
       3200  0.00078283 31.06331062
       3300  0.00069046 31.60858917
       3400  0.00071127 31.47964478
       3500  0.00065857 31.81395531
       3600  0.00064082 31.93260765
       3700  0.00058252 32.34688950
       3800  0.00056810 32.45571899
       3900  0.00052345 32.81123734
       4000  0.00078290 31.06291580
       4100  0.00047653 33.21913910
       4200  0.00049176 33.08245468
       4300  0.00046659 33.31068420
       4400  0.00056760 32.45960999
       4500  0.00048482 33.14422226
       4600  0.00040679 33.90629196
       4700  0.00038070 34.19412994
       4800  0.00038359 34.16131210
       4900  0.00036765 34.34560013
       5000  0.00036325 34.39796448
