          0  0.14715204  8.32233715
        100  0.02211923 16.55230141
        200  0.01064292 19.72939110
        300  0.00713960 21.46325874
        400  0.00539274 22.68190193
        500  0.00374137 24.26969528
        600  0.00294755 25.30538368
        700  0.00249521 26.02892113
        800  0.00216902 26.63737106
        900  0.00189697 27.21940231
       1000  0.00171176 27.66557884
       1100  0.00160269 27.95149994
       1200  0.00140701 28.51703644
       1300  0.00127796 28.93482208
       1400  0.00119190 29.23759842
       1500  0.00113247 29.45973969
       1600  0.00113499 29.45007896
       1700  0.00092184 30.35345268
       1800  0.00088893 30.51133728
       1900  0.00084467 30.73311424
       2000  0.00080480 30.94312668
       2100  0.00069443 31.58370399
       2200  0.00072452 31.39951706
       2300  0.00068368 31.65150070
       2400  0.00062114 32.06808090
       2500  0.00057766 32.38327408
       2600  0.00059026 32.28960037
       2700  0.00054605 32.62769318
       2800  0.00050825 32.93922806
       2900  0.00048106 33.17798996
       3000  0.00049479 33.05574799
       3100  0.00048588 33.13473511
       3200  0.00044208 33.54499054
       3300  0.00043629 33.60224533
       3400  0.00038575 34.13689041
       3500  0.00039058 34.08295441
       3600  0.00041116 33.85984802
       3700  0.00035036 34.55483627
       3800  0.00033319 34.77313232
       3900  0.00036247 34.40724564
       4000  0.00030645 35.13647461
       4100  0.00034209 34.65858841
       4200  0.00029299 35.33142471
       4300  0.00030657 35.13469696
       4400  0.00029247 35.33911514
       4500  0.00034494 34.62255478
       4600  0.00030285 35.18777466
       4700  0.00024638 36.08403397
       4800  0.00027506 35.60570526
       4900  0.00022306 36.51587677
       5000  0.00021772 36.62107468
