8.414247713517397642e-05 3.939006273867562413e-05 3.243294486310333014e-05 2.532180224079638720e-05 1.594151690369471908e-04 2.125615719705820084e-05
2.053922601044178009e-02 2.354766475036740303e-04 2.578661369625478983e-04 2.678030577953904867e-04 2.010916941799223423e-04 3.911435778718441725e-04
4.208336025476455688e-02 1.319520873948931694e-03 2.166809979826211929e-03 1.085831201635301113e-03 1.252506190212443471e-04 2.584838366601616144e-04
1.671994179487228394e-01 9.508699295111000538e-04 8.242906071245670319e-03 3.366785822436213493e-04 4.068138878210447729e-05 1.121068053180351853e-04
1.372340470552444458e-01 6.003320449963212013e-04 9.243291802704334259e-03 1.441921194782480597e-04 2.086294080072548240e-05 1.176783334813080728e-04
1.694253683090209961e-01 5.898043164052069187e-04 7.596431765705347061e-03 8.202229219023138285e-05 1.497295306762680411e-05 9.656221664045006037e-05
2.542553246021270752e-01 6.021454464644193649e-04 7.795653305947780609e-03 4.807404184248298407e-05 1.164026707556331530e-05 7.547415589215233922e-05
2.707176804542541504e-01 9.612081921659410000e-04 9.150224737823009491e-03 2.696683986869174987e-05 1.447647991881240159e-05 5.811087976326234639e-05
2.944234609603881836e-01 1.057035289704799652e-03 1.073140278458595276e-02 1.802787301130592823e-05 1.258980501006590202e-05 4.618379898602142930e-05
2.923605740070343018e-01 1.008094404824078083e-03 1.082774065434932709e-02 1.437521677871700376e-05 1.120764045481337234e-05 4.368090594653040171e-05
2.837136983871459961e-01 1.109255361370742321e-03 1.153164822608232498e-02 1.357729706796817482e-05 1.163975503004621714e-05 4.935004835715517402e-05
2.711578607559204102e-01 1.678683795034885406e-03 1.492423843592405319e-02 1.880275158328004181e-05 1.593356864759698510e-05 6.421277066692709923e-05
2.448550909757614136e-01 3.036247333511710167e-03 2.323647402226924896e-02 2.692417001526337117e-05 2.750239582383073866e-05 9.836108802119269967e-05
2.271537631750106812e-01 4.637285135686397552e-03 3.246678039431571960e-02 3.604334779083728790e-05 4.291927325539290905e-05 1.242689904756844044e-04
2.057845592498779297e-01 7.163360249251127243e-03 4.414565488696098328e-02 4.462870128918439150e-05 6.563329952768981457e-05 1.630363840376958251e-04
2.019740790128707886e-01 1.099869981408119202e-02 5.651005730032920837e-02 5.431867975858040154e-05 9.468955977354198694e-05 1.991098251892253757e-04
1.955806463956832886e-01 1.411494240164756775e-02 6.533797830343246460e-02 5.849297667737118900e-05 1.183670319733209908e-04 1.958510838449001312e-04
1.880316883325576782e-01 2.095688506960868835e-02 9.071364253759384155e-02 7.377142901532351971e-05 1.832699053920805454e-04 2.403503604000434279e-04
1.904751062393188477e-01 2.517658099532127380e-02 9.478599578142166138e-02 7.384225318673998117e-05 2.214144915342330933e-04 2.451503532938659191e-04
1.920381486415863037e-01 3.127148747444152832e-02 1.013586744666099548e-01 8.535544475307688117e-05 2.728257677517831326e-04 2.876340295188128948e-04
1.943379789590835571e-01 3.643425554037094116e-02 1.037827208638191223e-01 8.938420069171115756e-05 3.010575310327112675e-04 3.113107231911271811e-04
1.876598000526428223e-01 4.559498280286788940e-02 1.169393137097358704e-01 1.085960611817426980e-04 3.430662909522652626e-04 3.522687184158712626e-04
1.819747835397720337e-01 6.008816882967948914e-02 1.315545290708541870e-01 1.345397758996114135e-04 4.510955186560750008e-04 4.199186805635690689e-04
1.785563975572586060e-01 7.375481724739074707e-02 1.463094502687454224e-01 1.525379047961905599e-04 5.303857615217566490e-04 4.283391463104635477e-04
1.771572530269622803e-01 8.449003845453262329e-02 1.506400406360626221e-01 1.640990958549082279e-04 6.012489902786910534e-04 4.441929922904819250e-04
1.558450013399124146e-01 1.077633649110794067e-01 1.693261712789535522e-01 1.960394438356161118e-04 7.269796333275735378e-04 5.180510343052446842e-04
1.470576375722885132e-01 1.231719553470611572e-01 1.786881387233734131e-01 2.122659352608025074e-04 8.556752582080662251e-04 5.607105558738112450e-04
1.450240463018417358e-01 1.390911787748336792e-01 1.807769834995269775e-01 2.194910775870084763e-04 9.439820423722267151e-04 5.878374213352799416e-04
1.360588669776916504e-01 1.530756503343582153e-01 1.998521238565444946e-01 2.348798880120739341e-04 1.010878593660891056e-03 5.997264524921774864e-04
1.206781268119812012e-01 1.928771436214447021e-01 2.104663997888565063e-01 2.772086299955844879e-04 1.288895378820598125e-03 6.877107662148773670e-04
1.125732958316802979e-01 2.112962752580642700e-01 2.258199751377105713e-01 2.846322895493358374e-04 1.308544538915157318e-03 6.931104580871760845e-04
1.033976897597312927e-01 2.485678791999816895e-01 2.286711037158966064e-01 3.138674655929207802e-04 1.539736636914312840e-03 7.376775029115378857e-04
9.142792969942092896e-02 2.869975864887237549e-01 2.375439256429672241e-01 3.466118068899959326e-04 1.681304886005818844e-03 8.524385048076510429e-04
8.385734260082244873e-02 3.243184089660644531e-01 2.342161387205123901e-01 3.580884658731520176e-04 1.803802791982889175e-03 8.865931304171681404e-04
7.101222127676010132e-02 3.627670705318450928e-01 2.477927356958389282e-01 3.884876496158540249e-04 1.874550944194197655e-03 9.633568697609007359e-04
5.984828248620033264e-02 4.119395315647125244e-01 2.559093832969665527e-01 4.343889304436743259e-04 2.147264312952756882e-03 1.003966201096773148e-03
4.926763474941253662e-02 4.561365842819213867e-01 2.644121348857879639e-01 4.651221388485282660e-04 2.254791557788848877e-03 1.037026988342404366e-03
4.981803894042968750e-02 4.730563461780548096e-01 2.441228628158569336e-01 4.320620209909975529e-04 2.272796817123889923e-03 1.006244565360248089e-03
4.106112197041511536e-02 5.181381106376647949e-01 2.402012944221496582e-01 4.628312017302960157e-04 2.409273060038685799e-03 1.010940875858068466e-03
3.543779626488685608e-02 5.516207814216613770e-01 2.356427460908889771e-01 4.520572547335177660e-04 2.502024872228503227e-03 1.030232524499297142e-03
3.310519829392433167e-02 5.686020851135253906e-01 2.300512790679931641e-01 4.632978525478392839e-04 2.561237430199980736e-03 1.014424138702452183e-03
2.763040363788604736e-02 5.950864553451538086e-01 2.296896278858184814e-01 4.595452919602394104e-04 2.591346157714724541e-03 9.847312467172741890e-04
2.050240896642208099e-02 6.470482945442199707e-01 2.116253823041915894e-01 4.649045004043728113e-04 2.645830623805522919e-03 1.019360846839845181e-03
1.897504180669784546e-02 6.658586859703063965e-01 2.039157301187515259e-01 4.508599231485277414e-04 2.565623261034488678e-03 9.614670998416841030e-04
1.649965532124042511e-02 6.741014122962951660e-01 2.113638371229171753e-01 4.523812094703316689e-04 2.498729620128870010e-03 9.237086633220314980e-04
1.358453277498483658e-02 6.944125890731811523e-01 2.045110017061233521e-01 4.638911923393607140e-04 2.476730383932590485e-03 9.357798844575881958e-04
1.206323131918907166e-02 7.124057412147521973e-01 1.958691775798797607e-01 4.650326445698738098e-04 2.432686975225806236e-03 9.003551676869392395e-04
1.021518558263778687e-02 7.345116734504699707e-01 1.844985783100128174e-01 4.800782189704477787e-04 2.400365890935063362e-03 9.370275074616074562e-04
8.586996234953403473e-03 7.492497563362121582e-01 1.796053647994995117e-01 4.607627924997359514e-04 2.330130664631724358e-03 8.982780855149030685e-04
7.573887705802917480e-03 7.656723856925964355e-01 1.696046739816665649e-01 4.492587177082896233e-04 2.350594615563750267e-03 8.633099496364593506e-04
6.244317628443241119e-03 7.858127951622009277e-01 1.581327319145202637e-01 4.518700879998505116e-04 2.365981228649616241e-03 8.661359315738081932e-04
5.187152884900569916e-03 7.928760051727294922e-01 1.574010401964187622e-01 4.433315480127930641e-04 2.346487715840339661e-03 8.463612175546586514e-04
4.212448373436927795e-03 8.066883087158203125e-01 1.512053906917572021e-01 4.302203888073563576e-04 2.213634550571441650e-03 7.669602637179195881e-04
3.778028534725308418e-03 8.197499513626098633e-01 1.411577910184860229e-01 4.326665657572448254e-04 2.255302621051669121e-03 7.493653101846575737e-04
3.321341471746563911e-03 8.230777978897094727e-01 1.403666138648986816e-01 4.319694708101451397e-04 2.174508059397339821e-03 7.252843934111297131e-04
3.032038453966379166e-03 8.301635980606079102e-01 1.357724815607070923e-01 4.280861467123031616e-04 2.111833542585372925e-03 7.014739676378667355e-04
2.798492088913917542e-03 8.423076272010803223e-01 1.254665553569793701e-01 4.095756739843636751e-04 2.162597607821226120e-03 6.495302077382802963e-04
2.574755111709237099e-03 8.462578654289245605e-01 1.235736981034278870e-01 4.060251812916249037e-04 2.078016288578510284e-03 6.267917924560606480e-04
2.303724642843008041e-03 8.527298569679260254e-01 1.189813837409019470e-01 3.865571634378284216e-04 1.988861942663788795e-03 6.085362983867526054e-04
1.994693651795387268e-03 8.637238740921020508e-01 1.108717173337936401e-01 3.758665698114782572e-04 1.965867355465888977e-03 5.793637246824800968e-04
1.690108096227049828e-03 8.683324456214904785e-01 1.082860231399536133e-01 3.780899569392204285e-04 1.911798375658690929e-03 5.692580016329884529e-04
1.557205570861697197e-03 8.724126815795898438e-01 1.058628186583518982e-01 3.728066512849181890e-04 1.927781035192310810e-03 5.492294440045952797e-04
1.391948782838881016e-03 8.747179508209228516e-01 1.049211621284484863e-01 3.689558070618659258e-04 1.904326374642550945e-03 5.375793552957475185e-04
1.204093452543020248e-03 8.785572648048400879e-01 1.027561202645301819e-01 3.684626135509461164e-04 1.857343362644314766e-03 5.258599412627518177e-04
1.119852415286004543e-03 8.867946267127990723e-01 9.509612619876861572e-02 3.690430894494056702e-04 1.866911188699305058e-03 5.139010027050971985e-04
1.006983686238527298e-03 8.904088139533996582e-01 9.244091808795928955e-02 3.768662281800061464e-04 1.891462714411318302e-03 5.122292204760015011e-04
8.364917594008147717e-04 8.947375416755676270e-01 8.996886759996414185e-02 3.721172979567199945e-04 1.821406651288270950e-03 4.867484676651656628e-04
7.707859622314572334e-04 8.966639637947082520e-01 8.857371658086776733e-02 3.665203112177550793e-04 1.804683706723153591e-03 4.589452291838824749e-04
7.123342365957796574e-04 8.969716429710388184e-01 8.905572444200515747e-02 3.669936559163033962e-04 1.721599139273166656e-03 4.560076049529016018e-04
6.062829634174704552e-04 9.027101993560791016e-01 8.444220572710037231e-02 3.666849224828183651e-04 1.718854648061096668e-03 4.416388401295989752e-04
5.407744902186095715e-04 9.068477153778076172e-01 8.097350597381591797e-02 3.587086102925240993e-04 1.684097107499837875e-03 4.409356333781033754e-04
4.517131892498582602e-04 9.134435653686523438e-01 7.553105801343917847e-02 3.540038596838712692e-04 1.682126196101307869e-03 4.196213558316230774e-04
3.945127537008374929e-04 9.161917567253112793e-01 7.340981066226959229e-02 3.537252778187394142e-04 1.699853921309113503e-03 4.151447792537510395e-04
3.497845900710672140e-04 9.139439463615417480e-01 7.636982947587966919e-02 3.501499013509601355e-04 1.593033899553120136e-03 3.962352348025888205e-04
3.518300072755664587e-04 9.163691401481628418e-01 7.393006235361099243e-02 3.339002723805606365e-04 1.647826749831438065e-03 3.881868324242532253e-04
3.029971267096698284e-04 9.152344465255737305e-01 7.575640827417373657e-02 3.279606171417981386e-04 1.576451002620160580e-03 3.814220253843814135e-04
2.752204018179327250e-04 9.158790707588195801e-01 7.551759481430053711e-02 3.341562405694276094e-04 1.559058786369860172e-03 3.703232214320451021e-04
2.186708297813311219e-04 9.204179048538208008e-01 7.192499935626983643e-02 3.269320877734571695e-04 1.451627118512988091e-03 3.534368879627436399e-04
2.285914233652874827e-04 9.187586307525634766e-01 7.343500107526779175e-02 3.279679222032427788e-04 1.415923237800598145e-03 3.669012512546032667e-04
2.195699053118005395e-04 9.222642779350280762e-01 7.004099339246749878e-02 3.202628286089748144e-04 1.447927672415971756e-03 3.490815579425543547e-04
1.782957115210592747e-04 9.242824316024780273e-01 6.878768652677536011e-02 3.107020165771245956e-04 1.349497470073401928e-03 3.392681537661701441e-04
1.487357076257467270e-04 9.239289760589599609e-01 6.963458657264709473e-02 3.218775673303753138e-04 1.294256537221372128e-03 3.318531962577253580e-04
1.446034584660083055e-04 9.269620776176452637e-01 6.672306358814239502e-02 3.074051637668162584e-04 1.286197802983224392e-03 3.202242369297891855e-04
1.302541495533660054e-04 9.281879067420959473e-01 6.574055552482604980e-02 2.980549470521509647e-04 1.264502410776913166e-03 3.139915643259882927e-04
1.134026606450788677e-04 9.298087358474731445e-01 6.452421844005584717e-02 2.937637036666274071e-04 1.214801683090627193e-03 3.022894670721143484e-04
1.179378596134483814e-04 9.305794835090637207e-01 6.353578716516494751e-02 2.940175763797014952e-04 1.252755173482000828e-03 2.941272396128624678e-04
1.044839227688498795e-04 9.303403496742248535e-01 6.412208080291748047e-02 2.805269323289394379e-04 1.190023729577660561e-03 2.850614546332508326e-04
8.575379615649580956e-05 9.320746064186096191e-01 6.288573145866394043e-02 2.743940858636051416e-04 1.127457013353705406e-03 2.726570528466254473e-04
8.475423965137451887e-05 9.308610558509826660e-01 6.405586749315261841e-02 2.803805400617420673e-04 1.141984597779810429e-03 2.777111367322504520e-04
7.786817877786234021e-05 9.342293739318847656e-01 6.090249866247177124e-02 2.770697465166449547e-04 1.144747016951441765e-03 2.657321165315806866e-04
1.621292758500203490e-04 9.183467626571655273e-01 7.389098405838012695e-02 3.295284113846719265e-04 1.440637977793812752e-03 2.806618576869368553e-04
1.138334944844245911e-01 3.659384325146675110e-03 7.200085092335939407e-03 8.511406485922634602e-05 6.804438453400507569e-05 1.606792793609201908e-04
1.916974931955337524e-01 2.403935359325259924e-04 4.477743990719318390e-03 4.442878707777708769e-05 9.494510777585674077e-06 3.734167330549098551e-05
2.261856794357299805e-01 2.396829950157552958e-04 4.293236415833234787e-03 2.554561251599807292e-05 7.489896688639419153e-06 2.983174636028707027e-05
2.614496350288391113e-01 2.342355437576770782e-04 4.697505850344896317e-03 1.261356192117091268e-05 5.707406671717762947e-06 1.745622103044297546e-05
2.323069423437118530e-01 3.889529325533658266e-04 8.022285066545009613e-03 1.328485814156010747e-05 7.530854418291710317e-06 2.616002529975958169e-05
2.214426547288894653e-01 8.259396417997777462e-04 1.379990205168724060e-02 2.082964783767238259e-05 1.232957038155291229e-05 3.769119211938232183e-05
2.324221432209014893e-01 1.237112912349402905e-03 1.607179082930088043e-02 1.908425474539399147e-05 1.578673800395336002e-05 4.510190046858042479e-05
2.580261528491973877e-01 1.977059291675686836e-03 2.146258763968944550e-02 2.347811278013978153e-05 2.232768019894137979e-05 6.451419176300987601e-05
2.603250443935394287e-01 2.460913266986608505e-03 2.471311204135417938e-02 2.521782880648970604e-05 2.641724859131500125e-05 7.373388507403433323e-05
2.558647096157073975e-01 3.206398803740739822e-03 2.962772734463214874e-02 2.710840635700151324e-05 3.480313898762688041e-05 8.456440991722047329e-05
