          0  0.04987115 13.02150631
        100  0.00410089 23.87121964
        200  0.00266327 25.74585342
        300  0.00212314 26.73020744
        400  0.00177735 27.50226021
        500  0.00157179 28.03606415
        600  0.00137493 28.61719513
        700  0.00124773 29.03879929
        800  0.00120889 29.17614174
        900  0.00108707 29.63744354
       1000  0.00096422 30.15825653
       1100  0.00090917 30.41354179
       1200  0.00088168 30.54689407
       1300  0.00084125 30.75073242
       1400  0.00080006 30.96879768
       1500  0.00073723 31.32396507
       1600  0.00068722 31.62904358
       1700  0.00064611 31.89692116
       1800  0.00061608 32.10361862
       1900  0.00059700 32.24022293
       2000  0.00057735 32.38562393
       2100  0.00054466 32.63877869
       2200  0.00052693 32.78247833
       2300  0.00050026 33.00802612
       2400  0.00045823 33.38919067
       2500  0.00045098 33.45840073
       2600  0.00044413 33.52489090
       2700  0.00041038 33.86819077
       2800  0.00040770 33.89664459
       2900  0.00038607 34.13336563
       3000  0.00040877 33.88525391
       3100  0.00038282 34.17005920
       3200  0.00034336 34.64249420
       3300  0.00032837 34.83629990
       3400  0.00036211 34.41159058
       3500  0.00032832 34.83696747
       3600  0.00031070 35.07654572
       3700  0.00029114 35.35893631
       3800  0.00026920 35.69927979
       3900  0.00025860 35.87364197
       4000  0.00027795 35.56026077
       4100  0.00025892 35.86826706
       4200  0.00025153 35.99411774
       4300  0.00022099 36.55625153
       4400  0.00021915 36.59254837
       4500  0.00021557 36.66420746
       4600  0.00021686 36.63830185
       4700  0.00022390 36.49954605
       4800  0.00021271 36.72212601
       4900  0.00019705 37.05419159
       5000  0.00018421 37.34692764
