1.635463841628336662e-03
4.628868330788626917e-03
2.583069067421820894e-02
1.594609253065602805e-01
3.491364914022439536e-01
4.064457641200369120e-01
5.119339390239123766e-01
6.357852499977633132e-01
7.390783955791518922e-01
8.297782202519984329e-01
8.618869372786621685e-01
8.812954032694210182e-01
8.801885252805219384e-01
8.987982546880654011e-01
8.932808945849731730e-01
8.938700283738136854e-01
8.812715861723857680e-01
8.572002138602546895e-01
8.303829647287920279e-01
7.922492625801011989e-01
7.613882899478584543e-01
7.345390173102784859e-01
7.009864042014346541e-01
6.746534566104630537e-01
6.255258811940263008e-01
5.898759443926315793e-01
5.637795635115903092e-01
5.461919948021962679e-01
4.843742258286544700e-01
4.706442247087573305e-01
4.547555986374892667e-01
4.296899859287850454e-01
4.187758012123889428e-01
3.962993414202455877e-01
3.765303796019521254e-01
3.642896257723202691e-01
3.455927418322319866e-01
3.416144227948129108e-01
3.309852411126286698e-01
3.023989863542225764e-01
2.915642433798805166e-01
2.719582373990742652e-01
2.473984603419110972e-01
2.260201013830884509e-01
2.179493602857311141e-01
2.076449025087856448e-01
1.869466265642696079e-01
1.745224780023502398e-01
1.683934473366037743e-01
1.606251710311291381e-01
1.524573567526560647e-01
1.425208762100211302e-01
1.269110598022008540e-01
1.171489963037222887e-01
1.100587128463312858e-01
9.785920702024360207e-02
9.058154131788143104e-02
9.489346168239407020e-02
7.979855116773190704e-02
7.698036693755015702e-02
7.107564735764425323e-02
6.709467512029639036e-02
6.271789404415233082e-02
6.195676888376485530e-02
5.850258794972124088e-02
5.393940029660307389e-02
5.078274411213287015e-02
4.961889945266953483e-02
4.953630703570004179e-02
4.385168350163156509e-02
4.106129616837823904e-02
3.704737874644941503e-02
3.584655896937374159e-02
3.581501365626684613e-02
3.278475468235798190e-02
3.192655826905236444e-02
2.955575445128277509e-02
2.836602566693270655e-02
2.790870925217091986e-02
3.106653199620284037e-02
2.758377902978648849e-02
2.507138380418890908e-02
2.260231517917275085e-02
2.211845905233251683e-02
2.163261688194093382e-02
1.976891746974812278e-02
2.009301471075955817e-02
1.912746975120697621e-02
1.858342493557505956e-02
1.734366327931191956e-02
8.222376409473898251e-01
7.037421533925942718e-01
5.670148014619749155e-01
7.699604704061770999e-01
8.528473617166080212e-01
9.081555972183358305e-01
9.280800797440834637e-01
9.306884837857090087e-01
9.052971136578402689e-01
8.866252500101037270e-01
8.682282702154552334e-01
