8.741183410165831447e-05 1.367770310025662184e-04 8.691839757375419140e-04 2.180641284212470055e-03 7.316649425774812698e-03 8.481296710669994354e-03
4.338213708251714706e-03 3.047103248536586761e-02 5.145334638655185699e-03 9.750311262905597687e-03 8.867550641298294067e-03 3.257251530885696411e-02
4.528413414955139160e-01 1.101590916514396667e-01 1.669729681452736259e-04 9.572175331413745880e-04 2.253575221402570605e-04 7.465104572474956512e-04
8.065366744995117188e-01 1.552674621343612671e-01 7.173499034252017736e-05 4.550535231828689575e-04 2.457566442899405956e-04 2.418801013845950365e-04
8.986333012580871582e-01 9.532538056373596191e-02 1.613639324204996228e-05 7.392166298814117908e-05 6.924603803781792521e-05 9.386731835547834635e-05
9.287073016166687012e-01 6.942094117403030396e-02 1.274415717489318922e-05 3.429342177696526051e-05 3.565757651813328266e-05 7.584218838019296527e-05
9.420093297958374023e-01 5.681265145540237427e-02 1.800155041564721614e-05 3.746964648598805070e-05 3.212118099327199161e-05 1.016180613078176975e-04
9.404554963111877441e-01 5.848156660795211792e-02 2.481836418155580759e-05 4.596528015099465847e-05 3.305833160993643105e-05 1.521980157122015953e-04
9.478747248649597168e-01 5.119829252362251282e-02 2.335267345188185573e-05 4.602777698892168701e-05 2.965731800941284746e-05 1.659462868701666594e-04
9.503474831581115723e-01 4.882300645112991333e-02 2.211882929259445518e-05 3.879898940795101225e-05 2.739705632848199457e-05 1.677575492067262530e-04
9.539623856544494629e-01 4.522298276424407959e-02 2.327924812561832368e-05 4.237091707182116807e-05 3.082784678554162383e-05 1.851935521699488163e-04
9.571874737739562988e-01 4.201034456491470337e-02 2.328106711502186954e-05 4.251748396200127900e-05 3.243458922952413559e-05 1.828130334615707397e-04
9.591205120086669922e-01 4.009578377008438110e-02 2.451079490128904581e-05 3.951258622691966593e-05 3.306085636722855270e-05 1.878831972135230899e-04
9.574688673019409180e-01 4.181114956736564636e-02 2.510252852516714483e-05 3.386478419997729361e-05 3.000547985720913857e-05 1.704070164123550057e-04
9.563531875610351562e-01 4.293617606163024902e-02 2.678547753021121025e-05 3.259852746850810945e-05 3.053028922295197845e-05 1.650294288992881775e-04
9.531111717224121094e-01 4.619785025715827942e-02 2.745242454693652689e-05 3.186696994816884398e-05 2.973979098896961659e-05 1.526873093098402023e-04
9.513581395149230957e-01 4.794706404209136963e-02 2.989515451190527529e-05 3.158358595101162791e-05 2.948282963188830763e-05 1.500311773270368576e-04
9.474540948867797852e-01 5.182811990380287170e-02 3.337269663461484015e-05 3.217413177480921149e-05 3.171730713802389801e-05 1.541145029477775097e-04
9.477024078369140625e-01 5.163446813821792603e-02 2.946194399555679411e-05 3.025934711331501603e-05 2.915126606239937246e-05 1.288629282498732209e-04
9.393015503883361816e-01 5.990592017769813538e-02 3.825871317530982196e-05 4.060573337483219802e-05 4.028378316434100270e-05 1.639516412978991866e-04
9.274727702140808105e-01 7.163178175687789917e-02 4.829732279176823795e-05 5.207415233599022031e-05 5.214476914261467755e-05 1.922721276059746742e-04
9.122921228408813477e-01 8.657856285572052002e-02 6.341871630866080523e-05 7.065577665343880653e-05 7.047360850265249610e-05 2.516937965992838144e-04
8.977791666984558105e-01 1.007483974099159241e-01 9.176276944344863296e-05 1.002751087071374059e-04 9.460379078518599272e-05 3.543792408891022205e-04
8.768217563629150391e-01 1.215118914842605591e-01 1.046930119628086686e-04 1.143937915912829340e-04 1.121603563660755754e-04 4.023793735541403294e-04
8.681648969650268555e-01 1.300289630889892578e-01 1.136570572271011770e-04 1.294787361985072494e-04 1.216706732520833611e-04 4.492814769037067890e-04
8.525207638740539551e-01 1.455575823783874512e-01 1.255054667126387358e-04 1.454824086977168918e-04 1.335334964096546173e-04 4.871659330092370510e-04
8.243259787559509277e-01 1.733142435550689697e-01 1.626462762942537665e-04 1.833922433434054255e-04 1.654966181376948953e-04 6.212332518771290779e-04
8.111354112625122070e-01 1.863991171121597290e-01 1.763320033205673099e-04 2.024434652412310243e-04 1.758020662236958742e-04 6.629711133427917957e-04
7.992718815803527832e-01 1.980892866849899292e-01 2.009643067140132189e-04 2.196778950747102499e-04 1.920926006278023124e-04 7.387746009044349194e-04
7.817609310150146484e-01 2.154659926891326904e-01 2.201703027822077274e-04 2.334374148631468415e-04 2.043099084403365850e-04 7.926988764666020870e-04
7.763698697090148926e-01 2.208349108695983887e-01 2.233823179267346859e-04 2.375229232711717486e-04 2.108201151713728905e-04 8.143780869431793690e-04
7.726095318794250488e-01 2.245773226022720337e-01 2.268961397930979729e-04 2.389708970440551639e-04 2.037275262409821153e-04 8.386168046854436398e-04
7.479852437973022461e-01 2.488795369863510132e-01 2.616976562421768904e-04 2.755655732471495867e-04 2.254153223475441337e-04 9.405275341123342514e-04
7.299804091453552246e-01 2.667417228221893311e-01 2.761601062957197428e-04 2.954746014438569546e-04 2.403055405011400580e-04 1.007828861474990845e-03
7.153146862983703613e-01 2.812202870845794678e-01 3.080526948906481266e-04 3.223350213374942541e-04 2.650714595802128315e-04 1.066127326339483261e-03
7.165381908416748047e-01 2.801057696342468262e-01 2.928125031758099794e-04 3.174103039782494307e-04 2.541506546549499035e-04 1.006187638267874718e-03
7.073549032211303711e-01 2.892499566078186035e-01 3.086951037403196096e-04 3.291590837761759758e-04 2.590588992461562157e-04 1.041803392581641674e-03
6.848294138908386230e-01 3.117939829826354980e-01 3.142755012959241867e-04 3.266683197580277920e-04 2.524879528209567070e-04 1.036475878208875656e-03
6.786684989929199219e-01 3.178380727767944336e-01 3.196547913830727339e-04 3.478082362562417984e-04 2.696226001717150211e-04 1.063308096490800381e-03
6.675669550895690918e-01 3.289728462696075439e-01 3.117286250926554203e-04 3.454515244811773300e-04 2.681593177840113640e-04 1.051476341672241688e-03
6.385858058929443359e-01 3.577205240726470947e-01 3.379787667654454708e-04 3.913927648682147264e-04 2.925578737631440163e-04 1.124409376643598080e-03
6.183655261993408203e-01 3.777851760387420654e-01 3.582463250495493412e-04 4.171863838564604521e-04 3.134302096441388130e-04 1.172656659036874771e-03
5.991231799125671387e-01 3.969331681728363037e-01 3.732468758244067430e-04 4.392603586893528700e-04 3.330946492496877909e-04 1.185218337923288345e-03
5.767703652381896973e-01 4.190658926963806152e-01 4.020659835077822208e-04 4.652150382753461599e-04 3.546741500031203032e-04 1.258243457414209843e-03
5.593428611755371094e-01 4.363026916980743408e-01 4.228388716001063585e-04 5.069635808467864990e-04 3.773730131797492504e-04 1.321097603067755699e-03
5.227389931678771973e-01 4.726383090019226074e-01 4.529763245955109596e-04 5.604013567790389061e-04 4.103073733858764172e-04 1.403092523105442524e-03
4.983091950416564941e-01 4.968400597572326660e-01 4.917543847113847733e-04 6.045285263098776340e-04 4.434507573023438454e-04 1.470892108045518398e-03
4.763330519199371338e-01 5.188457369804382324e-01 4.951499868184328079e-04 6.116053555160760880e-04 4.458499024622142315e-04 1.467548310756683350e-03
4.525769650936126709e-01 5.423170328140258789e-01 5.258640740066766739e-04 6.694329786114394665e-04 4.862329806201159954e-04 1.524595427326858044e-03
4.384248852729797363e-01 5.566682815551757812e-01 4.951145383529365063e-04 6.439387216232717037e-04 4.523848765529692173e-04 1.430890406481921673e-03
4.216335415840148926e-01 5.734910368919372559e-01 4.991124733351171017e-04 6.442280719056725502e-04 4.555522755254060030e-04 1.432538381777703762e-03
4.013129770755767822e-01 5.935638546943664551e-01 5.261811311356723309e-04 6.883907481096684933e-04 4.782306496053934097e-04 1.500563928857445717e-03
3.914799094200134277e-01 6.036277413368225098e-01 5.063805147074162960e-04 6.769047467969357967e-04 4.489325801841914654e-04 1.417469000443816185e-03
3.762947618961334229e-01 6.187377572059631348e-01 5.376298795454204082e-04 6.882308516651391983e-04 4.610096802935004234e-04 1.443114597350358963e-03
3.515869975090026855e-01 6.434562802314758301e-01 5.479584215208888054e-04 7.140205707401037216e-04 4.639322287403047085e-04 1.429537893272936344e-03
3.443777561187744141e-01 6.506684422492980957e-01 5.332435830496251583e-04 6.995170842856168747e-04 4.479317576624453068e-04 1.429385971277952194e-03
3.310730755329132080e-01 6.638283133506774902e-01 5.718157626688480377e-04 7.177492952905595303e-04 4.767295031342655420e-04 1.469416427426040173e-03
3.067151606082916260e-01 6.880522370338439941e-01 5.991652724333107471e-04 7.600737153552472591e-04 4.841455665882676840e-04 1.525357249192893505e-03
2.981334626674652100e-01 6.966417431831359863e-01 5.956524400971829891e-04 7.557485951110720634e-04 4.779742739629000425e-04 1.528202556073665619e-03
2.770141959190368652e-01 7.180200815200805664e-01 5.513885989785194397e-04 7.393200648948550224e-04 4.554223851300776005e-04 1.396097242832183838e-03
2.742061316967010498e-01 7.209296822547912598e-01 5.404136609286069870e-04 7.082727970555424690e-04 4.325057961978018284e-04 1.395454979501664639e-03
2.730899453163146973e-01 7.221592664718627930e-01 5.176642443984746933e-04 7.003797218203544617e-04 4.261647700332105160e-04 1.327336649410426617e-03
2.517777383327484131e-01 7.433828115463256836e-01 5.493672215379774570e-04 7.110126316547393799e-04 4.222154384478926659e-04 1.395040191709995270e-03
2.310531735420227051e-01 7.639862298965454102e-01 5.706490483134984970e-04 7.622580742463469505e-04 4.346795903984457254e-04 1.461704727262258530e-03
2.220480144023895264e-01 7.729451656341552734e-01 5.721152410842478275e-04 7.750861695967614651e-04 4.372005059849470854e-04 1.470761024393141270e-03
2.103572189807891846e-01 7.848553657531738281e-01 5.442657275125384331e-04 7.282629376277327538e-04 4.105607513338327408e-04 1.392310718074440956e-03
2.003341615200042725e-01 7.948830127716064453e-01 5.428952281363308430e-04 7.214512443169951439e-04 4.095596959814429283e-04 1.391099300235509872e-03
1.879509836435317993e-01 8.070718646049499512e-01 5.928861792199313641e-04 7.849838002584874630e-04 4.277768603060394526e-04 1.448760507628321648e-03
1.875694096088409424e-01 8.073728680610656738e-01 6.125715444795787334e-04 7.740647415630519390e-04 4.242386785335838795e-04 1.524346764199435711e-03
1.749530285596847534e-01 8.201826810836791992e-01 5.860024248249828815e-04 7.839066674932837486e-04 4.009928961750119925e-04 1.419678679667413235e-03
1.674360781908035278e-01 8.276905417442321777e-01 5.935741937719285488e-04 7.826553191989660263e-04 3.982705238740891218e-04 1.426370348781347275e-03
1.561709344387054443e-01 8.390444517135620117e-01 5.780248320661485195e-04 7.823412888683378696e-04 3.890579973813146353e-04 1.406556693837046623e-03
1.456832587718963623e-01 8.495963811874389648e-01 5.635921843349933624e-04 7.770069059915840626e-04 3.873427049256861210e-04 1.371575170196592808e-03
1.441360563039779663e-01 8.510221838951110840e-01 5.880133248865604401e-04 8.039397071115672588e-04 3.978128079324960709e-04 1.406347611919045448e-03
1.414177864789962769e-01 8.538512587547302246e-01 5.693749990314245224e-04 8.053570636548101902e-04 3.871371154673397541e-04 1.364311669021844864e-03
1.364355385303497314e-01 8.587931990623474121e-01 5.726534873247146606e-04 8.196415728889405727e-04 3.947017539758235216e-04 1.364383962936699390e-03
1.315024048089981079e-01 8.637526035308837891e-01 5.665121716447174549e-04 8.099518599919974804e-04 3.809739428106695414e-04 1.374388695694506168e-03
1.274062991142272949e-01 8.678024411201477051e-01 5.758561310358345509e-04 8.124854648485779762e-04 3.892708336934447289e-04 1.412416575476527214e-03
1.212049871683120728e-01 8.740801811218261719e-01 5.772594013251364231e-04 8.054972277022898197e-04 3.899541916325688362e-04 1.392521895468235016e-03
1.191763579845428467e-01 8.761175870895385742e-01 5.655385903082787991e-04 8.124323212541639805e-04 3.859404823742806911e-04 1.365179545246064663e-03
1.092762500047683716e-01 8.858888149261474609e-01 5.805405089631676674e-04 8.474425994791090488e-04 4.048248520120978355e-04 1.433052704669535160e-03
1.057583838701248169e-01 8.895329833030700684e-01 5.623141187243163586e-04 8.119617705233395100e-04 3.802627616096287966e-04 1.388326054438948631e-03
9.667345881462097168e-02 8.986829519271850586e-01 5.601901793852448463e-04 8.201424498111009598e-04 3.785750886891037226e-04 1.359932823106646538e-03
9.700591117143630981e-02 8.983434438705444336e-01 5.544351297430694103e-04 8.123494917526841164e-04 3.830737259704619646e-04 1.358909648843109608e-03
9.125129133462905884e-02 9.040161371231079102e-01 5.876867217011749744e-04 8.453315822407603264e-04 3.928724618162959814e-04 1.385527430102229118e-03
8.657879382371902466e-02 9.085904955863952637e-01 5.942731513641774654e-04 8.588872733525931835e-04 4.004884103778749704e-04 1.420675544068217278e-03
8.871626853942871094e-02 9.063655734062194824e-01 5.947262980043888092e-04 8.816600311547517776e-04 4.125013074371963739e-04 1.461175386793911457e-03
8.517375588417053223e-02 9.100610613822937012e-01 5.764469387941062450e-04 8.302213391289114952e-04 3.950049576815217733e-04 1.408357638865709305e-03
8.220653235912322998e-02 9.129148125648498535e-01 5.898682284168899059e-04 8.653749246150255203e-04 4.043880326207727194e-04 1.441512489691376686e-03
7.444795221090316772e-02 9.210351705551147461e-01 5.216302815824747086e-04 8.163456222973763943e-04 3.717932268045842648e-04 1.315530622377991676e-03
7.734078913927078247e-02 9.182208776473999023e-01 5.149285425432026386e-04 7.960787625052034855e-04 3.700556990224868059e-04 1.291320659220218658e-03
7.272043079137802124e-02 9.226613044738769531e-01 5.384651012718677521e-04 8.488980238325893879e-04 3.893271787092089653e-04 1.327467500232160091e-03
7.039609551429748535e-02 9.251084923744201660e-01 5.163783207535743713e-04 8.214759291149675846e-04 3.740106185432523489e-04 1.312728621996939182e-03
6.916169822216033936e-02 9.262951016426086426e-01 5.180055741220712662e-04 8.359416387975215912e-04 3.769595059566199780e-04 1.332501182332634926e-03
6.534676998853683472e-02 9.300506114959716797e-01 5.275460425764322281e-04 8.635536069050431252e-04 3.874759713653475046e-04 1.357956789433956146e-03
6.227910518646240234e-02 9.330500364303588867e-01 5.394872277975082397e-04 8.969515911303460598e-04 3.884728648699820042e-04 1.379995723254978657e-03
5.972256138920783997e-02 9.355108737945556641e-01 5.577717674896121025e-04 8.981926948763430119e-04 3.982142079621553421e-04 1.419729553163051605e-03
5.547253414988517761e-02 9.397459030151367188e-01 5.568561027757823467e-04 8.969875634647905827e-04 4.003955109510570765e-04 1.435961108654737473e-03
5.353230237960815430e-02 9.416565299034118652e-01 5.619255825877189636e-04 9.221472428180277348e-04 4.042514192406088114e-04 1.410182332620024681e-03
5.109601467847824097e-02 9.441893696784973145e-01 5.503267166204750538e-04 9.127719094976782799e-04 3.958173329010605812e-04 1.407290808856487274e-03
5.024365708231925964e-02 9.447871446609497070e-01 5.824959371238946915e-04 9.742485126480460167e-04 4.248244513291865587e-04 1.480365637689828873e-03
