          0  0.04208026 13.75921631
        100  0.00193475 27.13375282
        200  0.00127110 28.95819855
        300  0.00097331 30.11749649
        400  0.00085309 30.69005013
        500  0.00075770 31.20503616
        600  0.00065328 31.84899330
        700  0.00062047 32.07281876
        800  0.00057035 32.43859100
        900  0.00053711 32.69939423
       1000  0.00048526 33.14027786
       1100  0.00045231 33.44564438
       1200  0.00042175 33.74941254
       1300  0.00041139 33.85743332
       1400  0.00038514 34.14385223
       1500  0.00037661 34.24113083
       1600  0.00035055 34.55252075
       1700  0.00033629 34.73290634
       1800  0.00031873 34.96578217
       1900  0.00031532 35.01246643
       2000  0.00030182 35.20254898
       2100  0.00027392 35.62376404
       2200  0.00026555 35.75853348
       2300  0.00028136 35.50733948
       2400  0.00026052 35.84157562
       2500  0.00023797 36.23484802
       2600  0.00023966 36.20401764
       2700  0.00022023 36.57120132
       2800  0.00021454 36.68494415
       2900  0.00020090 36.97010422
       3000  0.00019878 37.01619339
       3100  0.00020219 36.94248962
       3200  0.00018352 37.36313629
       3300  0.00017005 37.69429016
       3400  0.00018900 37.23531723
       3500  0.00023511 36.28731537
       3600  0.00016277 37.88423920
       3700  0.00015222 38.17517853
       3800  0.00014842 38.28494263
       3900  0.00014596 38.35762024
       4000  0.00013541 38.68351364
       4100  0.00014397 38.41737747
       4200  0.00013241 38.78081131
       4300  0.00012511 39.02715302
       4400  0.00012665 38.97384644
       4500  0.00012029 39.19770813
       4600  0.00012207 39.13402557
       4700  0.00012480 39.03797913
       4800  0.00013441 38.71552658
       4900  0.00010993 39.58886337
       5000  0.00010990 39.59016418
