          0  0.08608165 10.65089417
        100  0.00735120 21.33641434
        200  0.00396817 24.01409912
        300  0.00272478 25.64668846
        400  0.00223267 26.51175308
        500  0.00180355 27.43871307
        600  0.00158216 28.00749588
        700  0.00138326 28.59096718
        800  0.00116915 29.32131386
        900  0.00108717 29.63701820
       1000  0.00099539 30.02006721
       1100  0.00091772 30.37288475
       1200  0.00086142 30.64783478
       1300  0.00081358 30.89601135
       1400  0.00075037 31.24722481
       1500  0.00069937 31.55291557
       1600  0.00061751 32.09355927
       1700  0.00060833 32.15863419
       1800  0.00059717 32.23902893
       1900  0.00054922 32.60256195
       2000  0.00050661 32.95326614
       2100  0.00048426 33.14925385
       2200  0.00044843 33.48302460
       2300  0.00046847 33.29314804
       2400  0.00044163 33.54937363
       2500  0.00039219 34.06502914
       2600  0.00036384 34.39087296
       2700  0.00037329 34.27950668
       2800  0.00034637 34.60464478
       2900  0.00034529 34.61818695
       3000  0.00035228 34.53110504
       3100  0.00031589 35.00458145
       3200  0.00029235 35.34089661
       3300  0.00030444 35.16503143
       3400  0.00027899 35.54415894
       3500  0.00028146 35.50580978
       3600  0.00025590 35.91923141
       3700  0.00025361 35.95828629
       3800  0.00025848 35.87572479
       3900  0.00024991 36.02220535
       4000  0.00023267 36.33259964
       4100  0.00022970 36.38842010
       4200  0.00021152 36.74638367
       4300  0.00020957 36.78680801
       4400  0.00020383 36.90737915
       4500  0.00020986 36.78067017
       4600  0.00018724 37.27596283
       4700  0.00021186 36.73959732
       4800  0.00019326 37.13867188
       4900  0.00018409 37.34981155
       5000  0.00017857 37.48188782
