2.100000000000000000e+01 7.800000000000000000e+01 3.180000000000000000e+02 9.200000000000000000e+01 7.500000000000000000e+01
1.260000000000000000e+02 7.280000000000000000e+02 6.800000000000000000e+02 7.250000000000000000e+02 7.000000000000000000e+02
7.090000000000000000e+02 6.060000000000000000e+02 6.960000000000000000e+02 7.250000000000000000e+02 8.590000000000000000e+02
8.140000000000000000e+02 8.170000000000000000e+02 8.030000000000000000e+02 5.110000000000000000e+02 8.020000000000000000e+02
8.140000000000000000e+02 8.950000000000000000e+02 8.030000000000000000e+02 8.020000000000000000e+02 4.070000000000000000e+02
8.950000000000000000e+02 7.950000000000000000e+02 8.140000000000000000e+02 8.020000000000000000e+02 9.080000000000000000e+02
8.950000000000000000e+02 7.950000000000000000e+02 8.020000000000000000e+02 9.080000000000000000e+02 8.030000000000000000e+02
8.950000000000000000e+02 9.080000000000000000e+02 7.950000000000000000e+02 4.030000000000000000e+02 4.040000000000000000e+02
8.950000000000000000e+02 9.080000000000000000e+02 4.030000000000000000e+02 7.950000000000000000e+02 4.040000000000000000e+02
8.950000000000000000e+02 9.080000000000000000e+02 4.030000000000000000e+02 4.040000000000000000e+02 7.950000000000000000e+02
8.950000000000000000e+02 9.080000000000000000e+02 4.030000000000000000e+02 4.040000000000000000e+02 8.140000000000000000e+02
8.950000000000000000e+02 9.080000000000000000e+02 4.030000000000000000e+02 4.040000000000000000e+02 8.140000000000000000e+02
8.950000000000000000e+02 9.080000000000000000e+02 4.030000000000000000e+02 4.040000000000000000e+02 8.140000000000000000e+02
8.950000000000000000e+02 9.080000000000000000e+02 4.030000000000000000e+02 4.040000000000000000e+02 8.140000000000000000e+02
8.950000000000000000e+02 9.080000000000000000e+02 4.030000000000000000e+02 4.040000000000000000e+02 7.950000000000000000e+02
8.950000000000000000e+02 9.080000000000000000e+02 4.030000000000000000e+02 4.040000000000000000e+02 7.950000000000000000e+02
8.950000000000000000e+02 9.080000000000000000e+02 4.030000000000000000e+02 4.040000000000000000e+02 7.950000000000000000e+02
8.950000000000000000e+02 9.080000000000000000e+02 4.040000000000000000e+02 4.030000000000000000e+02 7.950000000000000000e+02
8.950000000000000000e+02 9.080000000000000000e+02 4.040000000000000000e+02 4.030000000000000000e+02 7.950000000000000000e+02
8.950000000000000000e+02 9.080000000000000000e+02 4.040000000000000000e+02 7.950000000000000000e+02 4.030000000000000000e+02
8.950000000000000000e+02 9.080000000000000000e+02 4.040000000000000000e+02 7.950000000000000000e+02 4.030000000000000000e+02
8.950000000000000000e+02 9.080000000000000000e+02 7.950000000000000000e+02 4.040000000000000000e+02 4.030000000000000000e+02
8.950000000000000000e+02 9.080000000000000000e+02 7.950000000000000000e+02 4.040000000000000000e+02 4.030000000000000000e+02
8.950000000000000000e+02 9.080000000000000000e+02 7.950000000000000000e+02 4.040000000000000000e+02 4.030000000000000000e+02
8.950000000000000000e+02 9.080000000000000000e+02 7.950000000000000000e+02 4.040000000000000000e+02 8.140000000000000000e+02
8.950000000000000000e+02 9.080000000000000000e+02 7.950000000000000000e+02 4.040000000000000000e+02 4.030000000000000000e+02
8.950000000000000000e+02 9.080000000000000000e+02 7.950000000000000000e+02 4.040000000000000000e+02 8.140000000000000000e+02
8.950000000000000000e+02 9.080000000000000000e+02 7.950000000000000000e+02 4.040000000000000000e+02 8.140000000000000000e+02
8.950000000000000000e+02 9.080000000000000000e+02 7.950000000000000000e+02 4.040000000000000000e+02 4.030000000000000000e+02
8.950000000000000000e+02 9.080000000000000000e+02 7.950000000000000000e+02 4.040000000000000000e+02 8.140000000000000000e+02
8.950000000000000000e+02 9.080000000000000000e+02 7.950000000000000000e+02 4.040000000000000000e+02 9.700000000000000000e+02
8.950000000000000000e+02 9.080000000000000000e+02 7.950000000000000000e+02 4.040000000000000000e+02 9.700000000000000000e+02
8.950000000000000000e+02 9.080000000000000000e+02 7.950000000000000000e+02 4.040000000000000000e+02 9.700000000000000000e+02
8.950000000000000000e+02 9.080000000000000000e+02 7.950000000000000000e+02 4.040000000000000000e+02 9.700000000000000000e+02
8.950000000000000000e+02 9.080000000000000000e+02 7.950000000000000000e+02 4.040000000000000000e+02 9.700000000000000000e+02
8.950000000000000000e+02 7.950000000000000000e+02 9.080000000000000000e+02 4.040000000000000000e+02 9.700000000000000000e+02
8.950000000000000000e+02 7.950000000000000000e+02 9.080000000000000000e+02 4.040000000000000000e+02 9.700000000000000000e+02
8.950000000000000000e+02 7.950000000000000000e+02 9.080000000000000000e+02 4.040000000000000000e+02 9.700000000000000000e+02
8.950000000000000000e+02 7.950000000000000000e+02 9.080000000000000000e+02 4.040000000000000000e+02 8.140000000000000000e+02
8.950000000000000000e+02 7.950000000000000000e+02 9.080000000000000000e+02 4.040000000000000000e+02 8.140000000000000000e+02
8.950000000000000000e+02 7.950000000000000000e+02 9.080000000000000000e+02 4.040000000000000000e+02 9.700000000000000000e+02
8.950000000000000000e+02 7.950000000000000000e+02 9.080000000000000000e+02 4.040000000000000000e+02 9.700000000000000000e+02
8.950000000000000000e+02 7.950000000000000000e+02 9.080000000000000000e+02 4.040000000000000000e+02 9.700000000000000000e+02
8.950000000000000000e+02 7.950000000000000000e+02 9.080000000000000000e+02 4.040000000000000000e+02 9.700000000000000000e+02
8.950000000000000000e+02 7.950000000000000000e+02 9.080000000000000000e+02 4.040000000000000000e+02 9.700000000000000000e+02
8.950000000000000000e+02 7.950000000000000000e+02 9.080000000000000000e+02 4.040000000000000000e+02 9.700000000000000000e+02
8.950000000000000000e+02 7.950000000000000000e+02 9.080000000000000000e+02 4.040000000000000000e+02 9.700000000000000000e+02
8.950000000000000000e+02 7.950000000000000000e+02 9.080000000000000000e+02 4.040000000000000000e+02 9.700000000000000000e+02
8.950000000000000000e+02 7.950000000000000000e+02 9.080000000000000000e+02 4.040000000000000000e+02 9.700000000000000000e+02
8.950000000000000000e+02 7.950000000000000000e+02 9.080000000000000000e+02 4.040000000000000000e+02 9.700000000000000000e+02
8.950000000000000000e+02 7.950000000000000000e+02 9.080000000000000000e+02 4.040000000000000000e+02 9.700000000000000000e+02
