6.422485904591839281e-04
2.238048604545160754e-03
8.922696624817156863e-01
8.871500104856390179e-01
9.189948602475469519e-01
9.217323396908037036e-01
9.269490941910991655e-01
9.300056758441654914e-01
9.318415573428460164e-01
9.327681466567512292e-01
9.308633748679155939e-01
9.295518946082342859e-01
9.240489620887488709e-01
9.227477408159998618e-01
9.176317868268404343e-01
9.153269145476490287e-01
9.121202653880629008e-01
9.107946491987134463e-01
9.070399792720748033e-01
9.026052935895407803e-01
8.999079554149199689e-01
9.000123346424278026e-01
8.976306392517906518e-01
8.992429702677857684e-01
8.973516783106167960e-01
8.953954326513016149e-01
8.952239524918244040e-01
8.907446521451899413e-01
8.856284595749391864e-01
8.808814712437017524e-01
8.808237942648445840e-01
8.816592456018171875e-01
8.779590318093011270e-01
8.808672756687606631e-01
8.798342195427975021e-01
8.798420927188151941e-01
8.782700222620016817e-01
8.775007771779054222e-01
8.755849710135903408e-01
8.760282546814978089e-01
8.727372074608125141e-01
8.708394141689015377e-01
8.663500934164263256e-01
8.660292018484309073e-01
8.616818368453662558e-01
8.595279863970605172e-01
8.576989044594861555e-01
8.549437700154624009e-01
8.510397483255782713e-01
8.517457097751683914e-01
8.508270532825537025e-01
