          0  0.08930002 10.49148464
        100  0.00742776 21.29141998
        200  0.00419816 23.76941109
        300  0.00288563 25.39759064
        400  0.00213054 26.71509743
        500  0.00161740 27.91183662
        600  0.00135371 28.68474770
        700  0.00112739 29.47927094
        800  0.00105731 29.75796890
        900  0.00090689 30.42443657
       1000  0.00084779 30.71713257
       1100  0.00072224 31.41319656
       1200  0.00068247 31.65914154
       1300  0.00067471 31.70880127
       1400  0.00056217 32.50134277
       1500  0.00054087 32.66910934
       1600  0.00049473 33.05630875
       1700  0.00046739 33.30323792
       1800  0.00044260 33.53990173
       1900  0.00042898 33.67566299
       2000  0.00041203 33.85073090
       2100  0.00040395 33.93670654
       2200  0.00035874 34.45219040
       2300  0.00034952 34.56523895
       2400  0.00035917 34.44704437
       2500  0.00030818 35.11200714
       2600  0.00029349 35.32400513
       2700  0.00030262 35.19095993
       2800  0.00027340 35.63206863
       2900  0.00026632 35.74590683
       3000  0.00026084 35.83630753
       3100  0.00026430 35.77898788
       3200  0.00023856 36.22394180
       3300  0.00026476 35.77154922
       3400  0.00022388 36.49979401
       3500  0.00027276 35.64212418
       3600  0.00021337 36.70874786
       3700  0.00020291 36.92699432
       3800  0.00020868 36.80511856
       3900  0.00020747 36.83052444
       4000  0.00019005 37.21123505
       4100  0.00020271 36.93120193
       4200  0.00020194 36.94782639
       4300  0.00018068 37.43085861
       4400  0.00018130 37.41609955
       4500  0.00016866 37.72992325
       4600  0.00023912 36.21390915
       4700  0.00016197 37.90570068
       4800  0.00016378 37.85733795
       4900  0.00014882 38.27331161
       5000  0.00017768 37.50368500
