1.110000000000000000e+02 7.000000000000000000e+02 1.300000000000000000e+01 8.000000000000000000e+01 7.800000000000000000e+01
8.450000000000000000e+02 7.690000000000000000e+02 9.200000000000000000e+01 7.830000000000000000e+02 3.180000000000000000e+02
4.990000000000000000e+02 6.230000000000000000e+02 8.130000000000000000e+02 4.730000000000000000e+02 6.180000000000000000e+02
4.990000000000000000e+02 8.130000000000000000e+02 6.230000000000000000e+02 5.960000000000000000e+02 4.730000000000000000e+02
4.990000000000000000e+02 8.130000000000000000e+02 6.230000000000000000e+02 5.960000000000000000e+02 4.730000000000000000e+02
4.990000000000000000e+02 8.130000000000000000e+02 6.230000000000000000e+02 5.960000000000000000e+02 5.120000000000000000e+02
4.990000000000000000e+02 8.130000000000000000e+02 6.230000000000000000e+02 5.120000000000000000e+02 4.730000000000000000e+02
4.990000000000000000e+02 8.130000000000000000e+02 6.230000000000000000e+02 5.120000000000000000e+02 4.730000000000000000e+02
4.990000000000000000e+02 8.130000000000000000e+02 6.230000000000000000e+02 5.120000000000000000e+02 4.730000000000000000e+02
4.990000000000000000e+02 8.130000000000000000e+02 6.230000000000000000e+02 5.120000000000000000e+02 4.730000000000000000e+02
4.990000000000000000e+02 8.130000000000000000e+02 6.230000000000000000e+02 5.120000000000000000e+02 4.730000000000000000e+02
4.990000000000000000e+02 8.130000000000000000e+02 6.230000000000000000e+02 5.120000000000000000e+02 4.730000000000000000e+02
4.990000000000000000e+02 8.130000000000000000e+02 6.230000000000000000e+02 5.120000000000000000e+02 5.960000000000000000e+02
4.990000000000000000e+02 8.130000000000000000e+02 6.230000000000000000e+02 5.960000000000000000e+02 4.730000000000000000e+02
4.990000000000000000e+02 8.130000000000000000e+02 6.230000000000000000e+02 5.960000000000000000e+02 4.730000000000000000e+02
4.990000000000000000e+02 8.130000000000000000e+02 6.230000000000000000e+02 5.960000000000000000e+02 4.730000000000000000e+02
4.990000000000000000e+02 8.130000000000000000e+02 6.230000000000000000e+02 5.960000000000000000e+02 4.730000000000000000e+02
4.990000000000000000e+02 8.130000000000000000e+02 6.230000000000000000e+02 4.730000000000000000e+02 5.960000000000000000e+02
4.990000000000000000e+02 8.130000000000000000e+02 6.230000000000000000e+02 4.730000000000000000e+02 5.960000000000000000e+02
4.990000000000000000e+02 8.130000000000000000e+02 6.230000000000000000e+02 4.730000000000000000e+02 5.960000000000000000e+02
4.990000000000000000e+02 8.130000000000000000e+02 6.230000000000000000e+02 4.730000000000000000e+02 5.960000000000000000e+02
4.990000000000000000e+02 8.130000000000000000e+02 6.230000000000000000e+02 4.730000000000000000e+02 5.960000000000000000e+02
4.990000000000000000e+02 8.130000000000000000e+02 6.230000000000000000e+02 4.730000000000000000e+02 5.960000000000000000e+02
4.990000000000000000e+02 8.130000000000000000e+02 6.230000000000000000e+02 4.730000000000000000e+02 5.960000000000000000e+02
4.990000000000000000e+02 8.130000000000000000e+02 6.230000000000000000e+02 4.730000000000000000e+02 5.960000000000000000e+02
4.990000000000000000e+02 8.130000000000000000e+02 6.230000000000000000e+02 4.730000000000000000e+02 5.960000000000000000e+02
4.990000000000000000e+02 8.130000000000000000e+02 6.230000000000000000e+02 4.730000000000000000e+02 7.770000000000000000e+02
4.990000000000000000e+02 8.130000000000000000e+02 6.230000000000000000e+02 4.730000000000000000e+02 7.770000000000000000e+02
4.990000000000000000e+02 8.130000000000000000e+02 6.230000000000000000e+02 4.730000000000000000e+02 7.770000000000000000e+02
4.990000000000000000e+02 8.130000000000000000e+02 6.230000000000000000e+02 4.730000000000000000e+02 7.770000000000000000e+02
4.990000000000000000e+02 8.130000000000000000e+02 6.230000000000000000e+02 4.730000000000000000e+02 7.770000000000000000e+02
4.990000000000000000e+02 8.130000000000000000e+02 6.230000000000000000e+02 4.730000000000000000e+02 7.770000000000000000e+02
4.990000000000000000e+02 8.130000000000000000e+02 6.230000000000000000e+02 4.730000000000000000e+02 7.770000000000000000e+02
4.990000000000000000e+02 8.130000000000000000e+02 6.230000000000000000e+02 4.730000000000000000e+02 7.770000000000000000e+02
4.990000000000000000e+02 8.130000000000000000e+02 6.230000000000000000e+02 4.730000000000000000e+02 7.770000000000000000e+02
4.990000000000000000e+02 8.130000000000000000e+02 6.230000000000000000e+02 4.730000000000000000e+02 7.770000000000000000e+02
4.990000000000000000e+02 8.130000000000000000e+02 6.230000000000000000e+02 4.730000000000000000e+02 7.770000000000000000e+02
4.990000000000000000e+02 8.130000000000000000e+02 6.230000000000000000e+02 4.730000000000000000e+02 7.770000000000000000e+02
4.990000000000000000e+02 8.130000000000000000e+02 6.230000000000000000e+02 4.730000000000000000e+02 7.770000000000000000e+02
4.990000000000000000e+02 8.130000000000000000e+02 6.230000000000000000e+02 4.730000000000000000e+02 7.770000000000000000e+02
4.990000000000000000e+02 8.130000000000000000e+02 6.230000000000000000e+02 4.730000000000000000e+02 7.770000000000000000e+02
4.990000000000000000e+02 8.130000000000000000e+02 6.230000000000000000e+02 4.730000000000000000e+02 7.770000000000000000e+02
4.990000000000000000e+02 8.130000000000000000e+02 6.230000000000000000e+02 4.730000000000000000e+02 7.770000000000000000e+02
4.990000000000000000e+02 8.130000000000000000e+02 6.230000000000000000e+02 4.730000000000000000e+02 7.770000000000000000e+02
4.990000000000000000e+02 8.130000000000000000e+02 6.230000000000000000e+02 4.730000000000000000e+02 7.770000000000000000e+02
4.990000000000000000e+02 8.130000000000000000e+02 6.230000000000000000e+02 4.730000000000000000e+02 7.770000000000000000e+02
4.990000000000000000e+02 8.130000000000000000e+02 6.230000000000000000e+02 4.730000000000000000e+02 7.770000000000000000e+02
4.990000000000000000e+02 8.130000000000000000e+02 6.230000000000000000e+02 4.730000000000000000e+02 7.770000000000000000e+02
4.990000000000000000e+02 8.130000000000000000e+02 6.230000000000000000e+02 4.730000000000000000e+02 7.770000000000000000e+02
4.990000000000000000e+02 8.130000000000000000e+02 6.230000000000000000e+02 4.730000000000000000e+02 7.770000000000000000e+02
4.990000000000000000e+02 8.130000000000000000e+02 6.230000000000000000e+02 4.730000000000000000e+02 7.770000000000000000e+02
