2.063351566903293133e-04 2.063351566903293133e-04 1.313871471211314201e-04 3.360476111993193626e-04 2.072894712910056114e-03 3.167825925629585981e-04
1.018551178276538849e-03 1.018551178276538849e-03 3.664484247565269470e-04 1.742107815516646951e-05 8.007575524970889091e-05 1.875264933914877474e-05
2.922932803630828857e-01 2.922932803630828857e-01 1.140014603734016418e-01 5.941716954112052917e-04 2.247290452942252159e-03 8.404164691455662251e-04
6.207508444786071777e-01 6.207508444786071777e-01 1.984333992004394531e-01 5.514659569598734379e-04 1.954911509528756142e-03 8.633107645437121391e-04
8.031526207923889160e-01 8.031526207923889160e-01 8.712171763181686401e-02 8.864871924743056297e-04 1.648121629841625690e-03 9.330563480034470558e-04
8.404925465583801270e-01 8.404925465583801270e-01 5.011045187711715698e-02 1.656182925216853619e-03 2.085016341879963875e-03 1.438493258319795132e-03
8.348595499992370605e-01 8.348595499992370605e-01 3.205249086022377014e-02 2.607810543850064278e-03 2.568842144683003426e-03 2.442952943965792656e-03
7.913572788238525391e-01 7.913572788238525391e-01 2.507463097572326660e-02 3.721586195752024651e-03 2.911821007728576660e-03 4.173824097961187363e-03
7.919818758964538574e-01 7.919818758964538574e-01 2.496146783232688904e-02 3.098367713391780853e-03 3.527000779286026955e-03 4.474253859370946884e-03
8.076509833335876465e-01 8.076509833335876465e-01 2.365057356655597687e-02 2.694829367101192474e-03 3.769374685361981392e-03 4.596022889018058777e-03
8.311836719512939453e-01 8.311836719512939453e-01 2.322495728731155396e-02 2.626242814585566521e-03 3.766471054404973984e-03 4.399836529046297073e-03
8.560220599174499512e-01 8.560220599174499512e-01 1.987063139677047729e-02 2.618835074827075005e-03 3.214645897969603539e-03 4.439482465386390686e-03
8.580875396728515625e-01 8.580875396728515625e-01 2.114899829030036926e-02 2.362844767048954964e-03 3.666990902274847031e-03 4.559004679322242737e-03
8.492167592048645020e-01 8.492167592048645020e-01 2.053657732903957367e-02 2.386197680607438087e-03 4.461877048015594482e-03 5.415983963757753372e-03
8.306100964546203613e-01 8.306100964546203613e-01 2.157460898160934448e-02 2.606244292110204697e-03 5.436429753899574280e-03 6.445418577641248703e-03
8.154773712158203125e-01 8.154773712158203125e-01 2.198586985468864441e-02 2.861168468371033669e-03 6.219302769750356674e-03 7.023598533123731613e-03
8.059554696083068848e-01 8.059554696083068848e-01 2.227164618670940399e-02 3.068013582378625870e-03 6.665427703410387039e-03 7.855582050979137421e-03
7.948274612426757812e-01 7.948274612426757812e-01 2.227832935750484467e-02 3.407786367461085320e-03 7.274080067873001099e-03 8.820448070764541626e-03
7.884079813957214355e-01 7.884079813957214355e-01 2.281853929162025452e-02 3.644558135420084000e-03 8.125605061650276184e-03 1.005977671593427658e-02
7.830368280410766602e-01 7.830368280410766602e-01 2.358938939869403839e-02 3.629688406363129616e-03 9.007221087813377380e-03 1.041720714420080185e-02
7.798634767532348633e-01 7.798634767532348633e-01 2.311390638351440430e-02 3.947143908590078354e-03 8.790767751634120941e-03 9.902651421725749969e-03
7.764597535133361816e-01 7.764597535133361816e-01 2.280223369598388672e-02 4.256641026586294174e-03 9.251603856682777405e-03 9.978658519685268402e-03
7.787849903106689453e-01 7.787849903106689453e-01 2.251362241804599762e-02 4.127289168536663055e-03 9.060647338628768921e-03 9.761735796928405762e-03
7.685268521308898926e-01 7.685268521308898926e-01 2.251522056758403778e-02 4.907229915261268616e-03 8.580730296671390533e-03 1.038589235395193100e-02
7.688662409782409668e-01 7.688662409782409668e-01 2.194316498935222626e-02 4.959358368068933487e-03 8.480182848870754242e-03 9.872022084891796112e-03
7.814630270004272461e-01 7.814630270004272461e-01 2.025494165718555450e-02 4.987071733921766281e-03 7.788131944835186005e-03 9.457952342927455902e-03
7.880458235740661621e-01 7.880458235740661621e-01 1.961208134889602661e-02 5.112483166158199310e-03 7.254574913531541824e-03 9.368204511702060699e-03
7.801664471626281738e-01 7.801664471626281738e-01 1.950496993958950043e-02 5.490140058100223541e-03 7.276646792888641357e-03 9.862326085567474365e-03
7.758556008338928223e-01 7.758556008338928223e-01 1.963100954890251160e-02 5.709427408874034882e-03 6.953398231416940689e-03 9.994360618293285370e-03
7.768331766128540039e-01 7.768331766128540039e-01 1.876306533813476562e-02 5.868165753781795502e-03 7.394813932478427887e-03 9.981204755604267120e-03
7.814461588859558105e-01 7.814461588859558105e-01 1.906463317573070526e-02 5.749487318098545074e-03 7.360315881669521332e-03 9.354349225759506226e-03
7.739235162734985352e-01 7.739235162734985352e-01 1.951033622026443481e-02 5.807781592011451721e-03 8.021126501262187958e-03 9.300149977207183838e-03
7.671209573745727539e-01 7.671209573745727539e-01 1.953658089041709900e-02 6.464415229856967926e-03 7.953099906444549561e-03 9.855054318904876709e-03
7.569919824600219727e-01 7.569919824600219727e-01 2.078315988183021545e-02 6.590730044990777969e-03 8.839078247547149658e-03 9.726209565997123718e-03
7.531052827835083008e-01 7.531052827835083008e-01 2.092155627906322479e-02 6.618950515985488892e-03 8.990147151052951813e-03 9.707582183182239532e-03
7.414590120315551758e-01 7.414590120315551758e-01 2.208914421498775482e-02 6.870911922305822372e-03 8.962717838585376740e-03 1.004257425665855408e-02
7.362934947013854980e-01 7.362934947013854980e-01 2.186071313917636871e-02 7.114851847290992737e-03 9.546709246933460236e-03 9.954100474715232849e-03
7.295750975608825684e-01 7.295750975608825684e-01 2.229678258299827576e-02 7.533612195402383804e-03 9.788966737687587738e-03 9.983880445361137390e-03
7.207407355308532715e-01 7.207407355308532715e-01 2.267872355878353119e-02 8.046300150454044342e-03 1.013367250561714172e-02 9.296311996877193451e-03
7.188441753387451172e-01 7.188441753387451172e-01 2.231498993933200836e-02 8.412398397922515869e-03 1.029103714972734451e-02 8.922711014747619629e-03
7.169834375381469727e-01 7.169834375381469727e-01 2.280382439494132996e-02 7.849453017115592957e-03 1.071603130549192429e-02 8.494655601680278778e-03
7.222208380699157715e-01 7.222208380699157715e-01 2.273417450487613678e-02 7.622088305652141571e-03 1.039303839206695557e-02 8.121989667415618896e-03
7.111253738403320312e-01 7.111253738403320312e-01 2.328267320990562439e-02 7.735640741884708405e-03 1.075973641127347946e-02 8.406918495893478394e-03
7.150596976280212402e-01 7.150596976280212402e-01 2.301097847521305084e-02 7.797853555530309677e-03 1.047478243708610535e-02 7.886030711233615875e-03
7.105216383934020996e-01 7.105216383934020996e-01 2.342566847801208496e-02 7.692878600209951401e-03 1.103031076490879059e-02 7.635370828211307526e-03
6.971188783645629883e-01 6.971188783645629883e-01 2.345057949423789978e-02 8.386714383959770203e-03 1.143039297312498093e-02 7.948932237923145294e-03
6.929050683975219727e-01 6.929050683975219727e-01 2.324010059237480164e-02 8.618421852588653564e-03 1.145077403634786606e-02 7.956448011100292206e-03
6.854562163352966309e-01 6.854562163352966309e-01 2.357958629727363586e-02 8.838083595037460327e-03 1.115543022751808167e-02 7.852856069803237915e-03
6.790409684181213379e-01 6.790409684181213379e-01 2.398866415023803711e-02 9.060456417500972748e-03 1.152635738253593445e-02 7.960771210491657257e-03
6.726032495498657227e-01 6.726032495498657227e-01 2.415778115391731262e-02 9.525450877845287323e-03 1.175167690962553024e-02 7.932612672448158264e-03
6.661393642425537109e-01 6.661393642425537109e-01 2.471378073096275330e-02 9.313958697021007538e-03 1.188458781689405441e-02 8.417595177888870239e-03
