2.100000000000000000e+01 9.200000000000000000e+01 1.280000000000000000e+02 1.100000000000000000e+01 1.800000000000000000e+01
3.880000000000000000e+02 2.490000000000000000e+02 1.150000000000000000e+02 2.220000000000000000e+02 7.140000000000000000e+02
3.880000000000000000e+02 1.150000000000000000e+02 8.050000000000000000e+02 3.870000000000000000e+02 2.510000000000000000e+02
3.880000000000000000e+02 8.050000000000000000e+02 1.150000000000000000e+02 3.870000000000000000e+02 8.120000000000000000e+02
3.880000000000000000e+02 8.050000000000000000e+02 1.150000000000000000e+02 3.870000000000000000e+02 3.840000000000000000e+02
3.880000000000000000e+02 8.050000000000000000e+02 3.870000000000000000e+02 1.150000000000000000e+02 3.840000000000000000e+02
3.880000000000000000e+02 8.050000000000000000e+02 3.870000000000000000e+02 1.150000000000000000e+02 3.840000000000000000e+02
3.880000000000000000e+02 8.050000000000000000e+02 3.870000000000000000e+02 1.150000000000000000e+02 3.840000000000000000e+02
3.880000000000000000e+02 8.050000000000000000e+02 3.870000000000000000e+02 1.150000000000000000e+02 3.840000000000000000e+02
3.880000000000000000e+02 8.050000000000000000e+02 3.870000000000000000e+02 3.840000000000000000e+02 1.150000000000000000e+02
3.880000000000000000e+02 8.050000000000000000e+02 3.870000000000000000e+02 1.150000000000000000e+02 8.500000000000000000e+02
3.880000000000000000e+02 8.050000000000000000e+02 3.870000000000000000e+02 8.500000000000000000e+02 9.020000000000000000e+02
3.880000000000000000e+02 8.050000000000000000e+02 3.870000000000000000e+02 8.500000000000000000e+02 3.840000000000000000e+02
3.880000000000000000e+02 8.050000000000000000e+02 3.870000000000000000e+02 8.500000000000000000e+02 3.840000000000000000e+02
3.880000000000000000e+02 8.050000000000000000e+02 3.870000000000000000e+02 8.500000000000000000e+02 3.840000000000000000e+02
3.880000000000000000e+02 8.050000000000000000e+02 3.870000000000000000e+02 3.840000000000000000e+02 8.500000000000000000e+02
3.880000000000000000e+02 8.050000000000000000e+02 3.870000000000000000e+02 3.840000000000000000e+02 9.020000000000000000e+02
3.880000000000000000e+02 8.050000000000000000e+02 3.870000000000000000e+02 3.840000000000000000e+02 9.020000000000000000e+02
3.880000000000000000e+02 8.050000000000000000e+02 3.870000000000000000e+02 3.840000000000000000e+02 9.020000000000000000e+02
3.880000000000000000e+02 8.050000000000000000e+02 3.870000000000000000e+02 3.840000000000000000e+02 9.020000000000000000e+02
3.880000000000000000e+02 8.050000000000000000e+02 3.870000000000000000e+02 3.840000000000000000e+02 9.020000000000000000e+02
3.880000000000000000e+02 8.050000000000000000e+02 3.870000000000000000e+02 3.840000000000000000e+02 9.020000000000000000e+02
3.880000000000000000e+02 8.050000000000000000e+02 3.870000000000000000e+02 3.840000000000000000e+02 9.020000000000000000e+02
3.880000000000000000e+02 8.050000000000000000e+02 3.870000000000000000e+02 3.840000000000000000e+02 9.020000000000000000e+02
3.880000000000000000e+02 8.050000000000000000e+02 3.870000000000000000e+02 3.840000000000000000e+02 9.020000000000000000e+02
3.880000000000000000e+02 3.870000000000000000e+02 8.050000000000000000e+02 3.840000000000000000e+02 9.020000000000000000e+02
3.880000000000000000e+02 3.870000000000000000e+02 8.050000000000000000e+02 3.840000000000000000e+02 9.020000000000000000e+02
3.880000000000000000e+02 3.870000000000000000e+02 8.050000000000000000e+02 3.840000000000000000e+02 9.020000000000000000e+02
3.880000000000000000e+02 3.870000000000000000e+02 8.050000000000000000e+02 3.840000000000000000e+02 9.020000000000000000e+02
3.880000000000000000e+02 3.870000000000000000e+02 8.050000000000000000e+02 3.840000000000000000e+02 1.150000000000000000e+02
3.880000000000000000e+02 3.870000000000000000e+02 8.050000000000000000e+02 3.840000000000000000e+02 1.150000000000000000e+02
3.880000000000000000e+02 3.870000000000000000e+02 8.050000000000000000e+02 3.840000000000000000e+02 1.150000000000000000e+02
3.880000000000000000e+02 3.870000000000000000e+02 8.050000000000000000e+02 3.840000000000000000e+02 1.150000000000000000e+02
3.880000000000000000e+02 3.870000000000000000e+02 8.050000000000000000e+02 3.840000000000000000e+02 1.150000000000000000e+02
3.880000000000000000e+02 3.870000000000000000e+02 8.050000000000000000e+02 3.840000000000000000e+02 1.150000000000000000e+02
3.880000000000000000e+02 3.870000000000000000e+02 8.050000000000000000e+02 3.840000000000000000e+02 1.150000000000000000e+02
3.880000000000000000e+02 3.870000000000000000e+02 8.050000000000000000e+02 3.840000000000000000e+02 1.150000000000000000e+02
3.880000000000000000e+02 3.870000000000000000e+02 8.050000000000000000e+02 3.840000000000000000e+02 1.150000000000000000e+02
3.880000000000000000e+02 3.870000000000000000e+02 3.840000000000000000e+02 8.050000000000000000e+02 1.150000000000000000e+02
3.880000000000000000e+02 3.870000000000000000e+02 3.840000000000000000e+02 8.050000000000000000e+02 1.150000000000000000e+02
3.880000000000000000e+02 3.870000000000000000e+02 3.840000000000000000e+02 8.050000000000000000e+02 1.150000000000000000e+02
3.880000000000000000e+02 3.870000000000000000e+02 3.840000000000000000e+02 8.050000000000000000e+02 1.150000000000000000e+02
3.880000000000000000e+02 3.870000000000000000e+02 3.840000000000000000e+02 8.050000000000000000e+02 1.150000000000000000e+02
3.880000000000000000e+02 3.870000000000000000e+02 3.840000000000000000e+02 8.050000000000000000e+02 1.150000000000000000e+02
3.880000000000000000e+02 3.870000000000000000e+02 3.840000000000000000e+02 8.050000000000000000e+02 1.150000000000000000e+02
3.880000000000000000e+02 3.870000000000000000e+02 3.840000000000000000e+02 8.050000000000000000e+02 1.150000000000000000e+02
3.880000000000000000e+02 3.870000000000000000e+02 3.840000000000000000e+02 8.050000000000000000e+02 1.150000000000000000e+02
3.880000000000000000e+02 3.870000000000000000e+02 3.840000000000000000e+02 8.050000000000000000e+02 1.150000000000000000e+02
3.880000000000000000e+02 3.870000000000000000e+02 3.840000000000000000e+02 8.050000000000000000e+02 1.150000000000000000e+02
3.880000000000000000e+02 3.870000000000000000e+02 3.840000000000000000e+02 8.050000000000000000e+02 1.150000000000000000e+02
3.880000000000000000e+02 3.870000000000000000e+02 3.840000000000000000e+02 8.050000000000000000e+02 1.150000000000000000e+02
