          0  0.07514720 11.24087238
        100  0.00817541 20.87490463
        200  0.00405332 23.92188644
        300  0.00295425 25.29552460
        400  0.00232941 26.32753754
        500  0.00190155 27.20891953
        600  0.00164901 27.82776451
        700  0.00150451 28.22604942
        800  0.00141064 28.50584984
        900  0.00127731 28.93701935
       1000  0.00120734 29.18170738
       1100  0.00110438 29.56880379
       1200  0.00102932 29.87448883
       1300  0.00097400 30.11439705
       1400  0.00094276 30.25597763
       1500  0.00086578 30.62593460
       1600  0.00079548 30.99370193
       1700  0.00075770 31.20504570
       1800  0.00073442 31.34054565
       1900  0.00071573 31.45251656
       2000  0.00066514 31.77086449
       2100  0.00066143 31.79516602
       2200  0.00061550 32.10769272
       2300  0.00058742 32.31050873
       2400  0.00057759 32.38377762
       2500  0.00054888 32.60525894
       2600  0.00050719 32.94829559
       2700  0.00049456 33.05780411
       2800  0.00048239 33.16597748
       2900  0.00043849 33.58035278
       3000  0.00044950 33.47274780
       3100  0.00043589 33.60623169
       3200  0.00045665 33.40419006
       3300  0.00040444 33.93149948
       3400  0.00039104 34.07780838
       3500  0.00041032 33.86880493
       3600  0.00035328 34.51884460
       3700  0.00037976 34.20488739
       3800  0.00033546 34.74361801
       3900  0.00033946 34.69213867
       4000  0.00033162 34.79364014
       4100  0.00033614 34.73484802
       4200  0.00030706 35.12771225
       4300  0.00026956 35.69350052
       4400  0.00030201 35.19984436
       4500  0.00027737 35.56932831
       4600  0.00028840 35.39999771
       4700  0.00028429 35.46237183
       4800  0.00025854 35.87475204
       4900  0.00030378 35.17441940
       5000  0.00022297 36.51754761
