9.637012483086973558e-03
1.826928924471729870e-03
3.688839575700124580e-04
7.672335728974897552e-03
1.582446031138119713e-01
6.259417920532859281e-01
8.180383845348297989e-01
9.015469261710303828e-01
9.275334817072211635e-01
9.545964490672119718e-01
9.620295911268019751e-01
9.639011102181481716e-01
9.602037825082350153e-01
9.610011965459880345e-01
9.656281526491828915e-01
9.641230457938200216e-01
9.634390277230678867e-01
9.575241046863312011e-01
9.545416329225643315e-01
9.557675598784429738e-01
9.521602569110683145e-01
9.540382106772015147e-01
9.509498095973659693e-01
9.436413545378935508e-01
9.382358027854735827e-01
9.277240330671866486e-01
9.179416883700355356e-01
9.068636065660149459e-01
8.979260861048115050e-01
8.869178751562609708e-01
9.187905191016052520e-01
8.998745177712058618e-01
8.699744051704675352e-01
8.505324602329510375e-01
8.372912350198797871e-01
8.222819311478870574e-01
8.025902479832606184e-01
7.827924533891280623e-01
7.812214821739172921e-01
7.561504108873725594e-01
7.479549419789623954e-01
7.271299668935982119e-01
7.157150359349270241e-01
7.189525272154874136e-01
6.930021515488535844e-01
6.753977918988537388e-01
6.638590845072517288e-01
6.457285991366973343e-01
6.444177466145263322e-01
6.282724798247145692e-01
6.166791991063814704e-01
