5.961513063763223749e-04
2.882469973887641455e-03
8.180627431749375178e-02
1.915459375420253407e-01
1.298875606770229507e-01
3.201762440275120886e-02
2.825845789686644294e-02
2.959537570707746965e-02
3.484965013144750851e-02
2.476859723166779936e-02
2.330374432754808711e-02
2.483563248992093006e-02
3.088676914292445841e-02
4.267780122544594795e-02
5.799512823457634442e-02
7.584712748555656747e-02
8.408526550861379623e-02
9.096900668670646062e-02
8.458084158290876675e-02
8.105675633105492717e-02
8.326069239009788181e-02
8.314032739279267337e-02
8.759486562741772286e-02
9.080321188358100870e-02
8.788848942315882762e-02
8.295455786797736875e-02
8.693179712930865222e-02
8.749251017133126418e-02
9.013897165814879764e-02
8.281808392652874329e-02
8.464582170524669047e-02
8.476995099190501315e-02
8.927823183800506768e-02
9.080998391393682589e-02
8.516816298398612040e-02
8.882396145840083801e-02
8.553066958440916356e-02
8.312674642728344609e-02
9.239190806217779939e-02
9.094105130254007130e-02
9.203955028108908032e-02
1.011202801900803749e-01
9.644287388287332841e-02
1.045647525673560480e-01
1.020384346490582628e-01
1.070286183419501130e-01
1.152063985685662373e-01
1.188065907392281961e-01
1.188582482296399595e-01
1.179012422450103625e-01
1.265647634173665548e-01
