          0  0.07136297 11.46527100
        100  0.00418055 23.78766441
        200  0.00211506 26.74676514
        300  0.00153252 28.14592743
        400  0.00126131 28.99178886
        500  0.00108957 29.62743950
        600  0.00094211 30.25900078
        700  0.00086353 30.63724709
        800  0.00080050 30.96639252
        900  0.00076099 31.18622589
       1000  0.00069176 31.60046959
       1100  0.00066472 31.77363777
       1200  0.00061778 32.09169388
       1300  0.00057877 32.37497330
       1400  0.00057665 32.39086914
       1500  0.00054673 32.62229156
       1600  0.00049613 33.04402161
       1700  0.00049305 33.07107162
       1800  0.00045052 33.46289825
       1900  0.00043071 33.65810776
       2000  0.00041596 33.80953217
       2100  0.00039905 33.98971939
       2200  0.00040200 33.95779037
       2300  0.00038754 34.11684418
       2400  0.00036909 34.32865906
       2500  0.00033704 34.72319031
       2600  0.00033383 34.76475143
       2700  0.00032166 34.92596817
       2800  0.00031121 35.06940460
       2900  0.00030405 35.17050934
       3000  0.00029797 35.25833511
       3100  0.00027289 35.64012146
       3200  0.00028207 35.49644852
       3300  0.00025884 35.86960220
       3400  0.00025013 36.01842880
       3500  0.00025429 35.94665909
       3600  0.00024493 36.10963058
       3700  0.00023561 36.27813339
       3800  0.00021466 36.68249130
       3900  0.00021363 36.70343018
       4000  0.00021676 36.64021683
       4100  0.00020818 36.81561279
       4200  0.00022300 36.51702881
       4300  0.00019335 37.13661957
       4400  0.00018977 37.21779633
       4500  0.00019156 37.17701721
       4600  0.00019123 37.18442917
       4700  0.00016931 37.71319580
       4800  0.00017065 37.67885208
       4900  0.00016038 37.94840622
       5000  0.00016215 37.90080643
