2.410397880298032164e-04
8.731155520171783868e-01
9.151243953998364766e-01
9.435491616706522811e-01
9.387127782181514668e-01
9.360774805104551399e-01
9.335102336190492789e-01
9.282323555724395492e-01
9.226171484356042729e-01
9.201841526721257214e-01
9.206020682553268664e-01
9.211130463144902025e-01
9.214082913472730896e-01
9.198128578674533706e-01
9.154713351755207063e-01
9.132605193578605673e-01
9.113303236168507349e-01
9.116000794403739116e-01
9.111199033296368821e-01
9.094193492467580464e-01
9.101822347135929414e-01
9.081866146790267269e-01
9.072432154679266336e-01
9.060307767576853966e-01
9.041611701206534457e-01
9.039259769485620266e-01
9.014945332212445095e-01
9.013161684501252990e-01
8.998688350362851196e-01
8.986387866849863126e-01
8.965972621962732259e-01
8.939679338584269885e-01
8.914234899598482142e-01
8.901360162705920231e-01
8.866771842983844909e-01
8.846166175198497683e-01
8.820983791549127373e-01
8.780346709358007873e-01
8.776423042555577814e-01
8.748061372524077450e-01
8.726256458335858168e-01
8.716196876264573623e-01
8.694812802650782046e-01
8.661185551474562816e-01
8.655884154110743411e-01
8.643846322871157062e-01
8.631156039506960864e-01
8.618630510750626694e-01
8.590313014056015772e-01
8.569884039618229643e-01
8.549435366259939828e-01
