4.020624642845237233e-05
4.076417775255151282e-02
6.401013953804750578e-01
8.400936064638009348e-01
8.917495176496259557e-01
8.718502170272428575e-01
8.344570358685533540e-01
8.290262400313872515e-01
8.405823215142443905e-01
8.536075742478153039e-01
8.564862499635716997e-01
8.476351724057628045e-01
8.352096136282886052e-01
8.158607999546347855e-01
8.083347592182058561e-01
7.964462015117734772e-01
7.827288272213690501e-01
7.730266921043211781e-01
7.588396145617744004e-01
7.419479278027946156e-01
7.162193729961547906e-01
6.936684198965508141e-01
6.662697871540370631e-01
6.332093882496692139e-01
6.038978659881362177e-01
5.782908156502228891e-01
5.476709658986886886e-01
5.209245891428685438e-01
5.018046735736727548e-01
4.663744112509848883e-01
4.535010884418989030e-01
4.237700895995135109e-01
4.017067003168918182e-01
3.803376034884873858e-01
3.614257322519106586e-01
3.456620240381493847e-01
3.250240262423338411e-01
3.251162235963783176e-01
3.041275271959169579e-01
2.984728986815219365e-01
2.932198532907547839e-01
2.844242651857725734e-01
2.784238390320376566e-01
2.645407200156146832e-01
2.588661258237651142e-01
2.489420328954106976e-01
2.402291691377070604e-01
2.354347751578554915e-01
2.246839321424842773e-01
2.196397369477590678e-01
2.115753465525195554e-01
