3.659123134528834706e-04
2.311168224528449555e-02
9.512271061185622045e-01
9.996072944340511635e-01
1.002409332456211111e+00
1.002314927474884598e+00
1.002483922568280006e+00
1.003443058022187584e+00
1.003238444055051248e+00
1.002957444066245873e+00
1.002725532273184061e+00
1.002506191847324590e+00
1.002348870166331674e+00
1.001953710190595759e+00
1.001867925575351093e+00
1.001411405354935447e+00
1.001394942850265313e+00
1.000610609264127815e+00
9.999446261206550446e-01
9.982256413148284935e-01
9.965026456442277469e-01
9.929622493216999635e-01
9.872858579841381488e-01
9.770998777763789667e-01
9.628312562740850566e-01
9.284281534690956850e-01
8.928832712038407005e-01
8.527509773190385944e-01
7.974410922195389606e-01
7.237119990766630595e-01
6.329147008191203794e-01
5.245687916288104269e-01
4.242547588760886557e-01
3.322186721080332972e-01
2.303418388210643764e-01
1.625123835449902576e-01
1.187263938907465594e-01
8.343013286079359325e-02
5.503198679623316075e-02
4.330567737310147408e-02
2.807352230911830740e-02
1.884281260814743217e-02
1.415193508211826622e-02
9.442828138275700250e-03
7.765750228215212436e-03
5.032663910274680005e-03
3.756795011046939244e-03
2.458471395754601233e-03
1.589510129626061112e-03
1.156652070486219276e-03
8.580152789590872247e-04
