2.087709092163860945e-04
3.687350014608108406e-01
8.051644108991867776e-01
9.210887630007361659e-01
9.353544941077425179e-01
9.454695882243266958e-01
9.304417367119069970e-01
9.183956332326783656e-01
9.150301820823858456e-01
9.020813431387059156e-01
8.981181728715889045e-01
8.854548287487578051e-01
8.789692369569771513e-01
8.416536883552230286e-01
8.028750463711343821e-01
7.270769222637186724e-01
7.075159920347365849e-01
6.531353253860097130e-01
5.910893660657480231e-01
5.302345202101260702e-01
4.439625263570644575e-01
3.438188359067310684e-01
2.902842322285630883e-01
2.563011584134056164e-01
1.877594711239978509e-01
1.708032681798873353e-01
1.413883517632563702e-01
1.218076822673899023e-01
8.815690237939180496e-02
8.286750715749270635e-02
6.442940259082495513e-02
5.086914567431798095e-02
4.199152864847124217e-02
3.687030387148516192e-02
2.440668373829188789e-02
1.862154309800503199e-02
1.939363449863433508e-02
1.399115426312903809e-02
8.943480592418872818e-03
6.531198020180813829e-03
4.689665293962958989e-03
3.468862449625451094e-03
2.631326069007816192e-03
2.000740631709398750e-03
1.641880534503007251e-03
1.443816109275019698e-03
1.048572062634908764e-03
9.839816187105845935e-04
6.592929921307824929e-04
4.934503485058042800e-04
3.912085223680356939e-04
