          0  0.08369876 10.77280903
        100  0.00707530 21.50255013
        200  0.00434770 23.61740112
        300  0.00313430 25.03860092
        400  0.00261728 25.82149315
        500  0.00192878 27.14716911
        600  0.00154496 28.11083031
        700  0.00130890 28.83092308
        800  0.00116762 29.32699776
        900  0.00106889 29.71068192
       1000  0.00095099 30.21825027
       1100  0.00090802 30.41905785
       1200  0.00078558 31.04810905
       1300  0.00070035 31.54682159
       1400  0.00068377 31.65088463
       1500  0.00061618 32.10293961
       1600  0.00060917 32.15258408
       1700  0.00054001 32.67600250
       1800  0.00052169 32.82586670
       1900  0.00055882 32.52727127
       2000  0.00047077 33.27187347
       2100  0.00045560 33.41413498
       2200  0.00043322 33.63290405
       2300  0.00040585 33.91637039
       2400  0.00038187 34.18080521
       2500  0.00040137 33.96455765
       2600  0.00036969 34.32162094
       2700  0.00034076 34.67546463
       2800  0.00031772 34.97954941
       2900  0.00033541 34.74423599
       3000  0.00029555 35.29368210
       3100  0.00035509 34.49666214
       3200  0.00027282 35.64128113
       3300  0.00026264 35.80645752
       3400  0.00027808 35.55824280
       3500  0.00025806 35.88283157
       3600  0.00023844 36.22615051
       3700  0.00023565 36.27739334
       3800  0.00026623 35.74737549
       3900  0.00022665 36.44649506
       4000  0.00022957 36.39077377
       4100  0.00020265 36.93254852
       4200  0.00018895 37.23664474
       4300  0.00020657 36.84923935
       4400  0.00019674 37.06118393
       4500  0.00018006 37.44591904
       4600  0.00017637 37.53574371
       4700  0.00018770 37.26526260
       4800  0.00016757 37.75814819
       4900  0.00018608 37.30296707
       5000  0.00016496 37.82630157
