          0  0.08078045 10.92693806
        100  0.00970069 20.13197517
        200  0.00547265 22.61802292
        300  0.00352598 24.52720070
        400  0.00280654 25.51828575
        500  0.00224773 26.48256302
        600  0.00195591 27.08652115
        700  0.00182375 27.39034271
        800  0.00173113 27.61669350
        900  0.00148664 28.27795601
       1000  0.00140569 28.52109146
       1100  0.00128939 28.89616776
       1200  0.00123251 29.09207916
       1300  0.00122030 29.13532448
       1400  0.00103892 29.83419228
       1500  0.00104535 29.80740166
       1600  0.00098305 30.07425308
       1700  0.00098223 30.07785797
       1800  0.00092114 30.35672951
       1900  0.00081202 30.90431023
       2000  0.00077284 31.11909294
       2100  0.00075758 31.20570564
       2200  0.00073725 31.32386398
       2300  0.00068385 31.65037346
       2400  0.00080370 30.94903564
       2500  0.00060878 32.15540695
       2600  0.00062759 32.02320862
       2700  0.00054174 32.66205597
       2800  0.00054019 32.67456055
       2900  0.00055327 32.57065201
       3000  0.00060976 32.14841843
       3100  0.00049375 33.06492615
       3200  0.00046399 33.33492279
       3300  0.00045347 33.43453598
       3400  0.00042459 33.72025299
       3500  0.00038706 34.12217331
       3600  0.00038271 34.17126083
       3700  0.00037864 34.21773148
       3800  0.00038572 34.13733292
       3900  0.00035911 34.44766617
       4000  0.00034586 34.61099625
       4100  0.00031464 35.02183914
       4200  0.00032508 34.88011551
       4300  0.00031993 34.94939041
       4400  0.00028832 35.40125656
       4500  0.00030029 35.22466278
       4600  0.00028652 35.42843246
       4700  0.00027349 35.63064575
       4800  0.00025409 35.95017242
       4900  0.00025801 35.88365173
       5000  0.00023560 36.27818680
