          0  0.08996305 10.45935822
        100  0.00787669 21.03656197
        200  0.00585641 22.32368469
        300  0.00494527 23.05809975
        400  0.00443155 23.53444099
        500  0.00390860 24.07979393
        600  0.00362037 24.41246796
        700  0.00340299 24.68139458
        800  0.00308344 25.10964203
        900  0.00289587 25.38220787
       1000  0.00270125 25.68435860
       1100  0.00256683 25.90602875
       1200  0.00241513 26.17058945
       1300  0.00226415 26.45094681
       1400  0.00212808 26.72012138
       1500  0.00207807 26.82340050
       1600  0.00189416 27.22582245
       1700  0.00184252 27.34588814
       1800  0.00168410 27.73632431
       1900  0.00177777 27.50124550
       2000  0.00150445 28.22622871
       2100  0.00138802 28.57602882
       2200  0.00130456 28.84535599
       2300  0.00133845 28.73397636
       2400  0.00122485 29.11917877
       2500  0.00111174 29.53998566
       2600  0.00107353 29.69185448
       2700  0.00102243 29.90365028
       2800  0.00093921 30.27238846
       2900  0.00095338 30.20732307
       3000  0.00088730 30.51928139
       3100  0.00082793 30.82008553
       3200  0.00078387 31.05754852
       3300  0.00073845 31.31677246
       3400  0.00070266 31.53254318
       3500  0.00067959 31.67751503
       3600  0.00070717 31.50479126
       3700  0.00064455 31.90745354
       3800  0.00059018 32.29018021
       3900  0.00062156 32.06520081
       4000  0.00056450 32.48332596
       4100  0.00055892 32.52646637
       4200  0.00054463 32.63897324
       4300  0.00046218 33.35190201
       4400  0.00059064 32.28678894
       4500  0.00043108 33.65442276
       4600  0.00045112 33.45704651
       4700  0.00040517 33.92367172
       4800  0.00039629 34.01985168
       4900  0.00048720 33.12295151
       5000  0.00037908 34.21274185
