2.161790034733712673e-04 1.546957937534898520e-04 4.102677339687943459e-04 9.016255498863756657e-04 6.337602389976382256e-04 4.578153602778911591e-03
1.130482181906700134e-02 8.876677602529525757e-03 1.316651352681219578e-03 5.438324064016342163e-03 2.582159591838717461e-03 7.857472635805606842e-03
5.517517328262329102e-01 1.432958990335464478e-01 3.877441922668367624e-04 2.147288061678409576e-03 7.777659338898956776e-04 1.618845271877944469e-03
8.556504845619201660e-01 1.018561273813247681e-01 1.215577067341655493e-04 7.474747253581881523e-04 2.297643950441852212e-04 1.355253974907100201e-03
9.332154393196105957e-01 6.481029838323593140e-02 1.030367457133252174e-05 5.292591595207341015e-05 2.216525717813055962e-05 1.044879536493681371e-04
9.435722231864929199e-01 5.577249825000762939e-02 2.512679202482104301e-06 1.410841559845721349e-05 8.017028449103236198e-06 2.638291152834426612e-05
9.389842152595520020e-01 6.049770861864089966e-02 1.972790414583869278e-06 1.296317714150063694e-05 9.693539141153451055e-06 2.085822416120208800e-05
9.430649280548095703e-01 5.637560412287712097e-02 2.031637905020033941e-06 1.667188371357042342e-05 1.212272763950750232e-05 2.272753772558644414e-05
9.450992345809936523e-01 5.418526008725166321e-02 2.338935018997290172e-06 2.296227285114582628e-05 1.908638478198554367e-05 3.015583388332743198e-05
9.441543221473693848e-01 5.511635169386863708e-02 3.092327688136720099e-06 2.451275759085547179e-05 1.763475847837980837e-05 2.919004327850416303e-05
9.420535564422607422e-01 5.719707161188125610e-02 3.690793619171017781e-06 2.687418782443273813e-05 1.897855690913274884e-05 2.963593215099535882e-05
9.344945549964904785e-01 6.464710831642150879e-02 4.732480192615184933e-06 3.506580833345651627e-05 2.467397098371293396e-05 3.658014975371770561e-05
9.324693679809570312e-01 6.669293344020843506e-02 5.412569862528471276e-06 3.792451025219634175e-05 2.835158920788671821e-05 3.611521242419257760e-05
9.238573312759399414e-01 7.517109066247940063e-02 6.917216524016112089e-06 4.613212877302430570e-05 3.860925426124595106e-05 4.204393917461857200e-05
9.078879952430725098e-01 9.088421612977981567e-02 8.535565939382649958e-06 6.097683581174351275e-05 5.337167021934874356e-05 5.502282510860823095e-05
8.873293995857238770e-01 1.112989559769630432e-01 1.049739057634724304e-05 7.013075810391455889e-05 6.256318738451227546e-05 6.201845098985359073e-05
8.599560260772705078e-01 1.384478658437728882e-01 1.279876596527174115e-05 8.422555401921272278e-05 7.961085066199302673e-05 7.329725485760718584e-05
8.156830668449401855e-01 1.824887543916702271e-01 1.597239133843686432e-05 1.064344323822297156e-04 1.017451213556341827e-04 8.525260636815801263e-05
7.756078839302062988e-01 2.223879545927047729e-01 1.850620537879876792e-05 1.288015191676095128e-04 1.202731509692966938e-04 1.033462904160842299e-04
7.405767440795898438e-01 2.571337819099426270e-01 2.132128611265216023e-05 1.532026071799919009e-04 1.481672516092658043e-04 1.296612754231318831e-04
6.965315937995910645e-01 3.010603785514831543e-01 2.566076545917894691e-05 1.747801579767838120e-04 1.599878014530986547e-04 1.399834291078150272e-04
6.603742241859436035e-01 3.371195495128631592e-01 2.874034180422313511e-05 1.866199454525485635e-04 1.715883699944242835e-04 1.588853046996518970e-04
6.191114187240600586e-01 3.783693313598632812e-01 3.103672497672960162e-05 1.961508387466892600e-04 1.782985200406983495e-04 1.692720106802880764e-04
5.591536760330200195e-01 4.380693137645721436e-01 3.559250762918964028e-05 2.461550175212323666e-04 1.983250840567052364e-04 1.940800430020317435e-04
5.251319408416748047e-01 4.720685184001922607e-01 3.883558747475035489e-05 2.509999030735343695e-04 2.044783614110201597e-04 2.027474693022668362e-04
4.724361598491668701e-01 5.246055126190185547e-01 4.464990706765092909e-05 2.842160756699740887e-04 2.272863493999466300e-04 2.280782500747591257e-04
4.262944161891937256e-01 5.708106160163879395e-01 4.825837095268070698e-05 2.952081558760255575e-04 2.187003410654142499e-04 2.271316916448995471e-04
3.725988864898681641e-01 6.242558956146240234e-01 5.993547165417112410e-05 3.359955153428018093e-04 2.469992323312908411e-04 2.623369509819895029e-04
3.387223482131958008e-01 6.578896641731262207e-01 6.620498606935143471e-05 3.678049833979457617e-04 2.895015059038996696e-04 2.922126441262662411e-04
2.997645437717437744e-01 6.968165636062622070e-01 6.919782026670873165e-05 4.038963234052062035e-04 2.978576521854847670e-04 3.091457183472812176e-04
2.683362364768981934e-01 7.283375263214111328e-01 7.665145676583051682e-05 4.045997047796845436e-04 2.990238426718860865e-04 2.945477026514708996e-04
2.224061489105224609e-01 7.740175724029541016e-01 8.576642721891403198e-05 4.626334703061729670e-04 3.314921050332486629e-04 3.436662373133003712e-04
1.926582902669906616e-01 8.036820292472839355e-01 8.678792073624208570e-05 4.856733430642634630e-04 3.616211761254817247e-04 3.570875851437449455e-04
1.729434430599212646e-01 8.236236572265625000e-01 8.325616363435983658e-05 4.616755468305200338e-04 3.526846703607589006e-04 3.464038018137216568e-04
1.489262431859970093e-01 8.475488424301147461e-01 8.873530896380543709e-05 4.708817286882549524e-04 3.695235645864158869e-04 3.498238220345228910e-04
1.267588585615158081e-01 8.699169158935546875e-01 8.337180042872205377e-05 4.603198322001844645e-04 3.631764266174286604e-04 3.306717553641647100e-04
1.142717003822326660e-01 8.825909495353698730e-01 8.276795415440574288e-05 4.227694007568061352e-04 3.462714084889739752e-04 3.047990321647375822e-04
9.518612921237945557e-02 9.017049670219421387e-01 8.181329758372157812e-05 4.292895901016891003e-04 3.531263500917702913e-04 3.041629097424447536e-04
7.888720929622650146e-02 9.179505705833435059e-01 8.491864718962460756e-05 4.624440334737300873e-04 3.758453240152448416e-04 3.027075144927948713e-04
6.962393969297409058e-02 9.276908040046691895e-01 7.669730985071510077e-05 4.069187853019684553e-04 3.050932136829942465e-04 2.527990145608782768e-04
6.154286861419677734e-02 9.357593059539794922e-01 7.476661994587630033e-05 4.059162747580558062e-04 3.165369853377342224e-04 2.584909379947930574e-04
5.256306752562522888e-02 9.448615908622741699e-01 7.790451491018757224e-05 4.126068379264324903e-04 3.047258942387998104e-04 2.561719156801700592e-04
4.482818394899368286e-02 9.528237581253051758e-01 7.340310548897832632e-05 3.688569995574653149e-04 2.746903628576546907e-04 2.368651912547647953e-04
3.678002581000328064e-02 9.609706997871398926e-01 7.270213973242789507e-05 3.770527255255728960e-04 2.695306320674717426e-04 2.248116070404648781e-04
2.985762618482112885e-02 9.679726958274841309e-01 6.957478763069957495e-05 3.641590883489698172e-04 2.687220985535532236e-04 2.158925490221008658e-04
2.398142591118812561e-02 9.739799499511718750e-01 6.925572961336001754e-05 3.546933294273912907e-04 2.564512251410633326e-04 2.018427476286888123e-04
1.983486115932464600e-02 9.781891703605651855e-01 6.912434764672070742e-05 3.304849960841238499e-04 2.524774463381618261e-04 1.986308343475684524e-04
1.672733202576637268e-02 9.813864827156066895e-01 6.642108201049268246e-05 3.295816131867468357e-04 2.393444010522216558e-04 1.959821966011077166e-04
1.387640926986932755e-02 9.842879772186279297e-01 6.735665374435484409e-05 3.257613279856741428e-04 2.353838644921779633e-04 1.947678538272157311e-04
1.146571338176727295e-02 9.868870377540588379e-01 6.607535760849714279e-05 2.974271483253687620e-04 2.106302563333883882e-04 1.737185084493830800e-04
9.977845475077629089e-03 9.884169697761535645e-01 6.947751535335555673e-05 2.871823380701243877e-04 2.071380877168849111e-04 1.629429607419297099e-04
8.320717141032218933e-03 9.900593757629394531e-01 7.012461719568818808e-05 2.961261197924613953e-04 2.140880824299529195e-04 1.716275583021342754e-04
6.832444574683904648e-03 9.915574789047241211e-01 7.198222738225013018e-05 2.977713302243500948e-04 2.210646634921431541e-04 1.638074318179860711e-04
5.869241431355476379e-03 9.924877882003784180e-01 7.540387741755694151e-05 3.127738600596785545e-04 2.280122716911137104e-04 1.725630281725898385e-04
4.752913489937782288e-03 9.936796426773071289e-01 7.240929699037224054e-05 2.967546752188354731e-04 2.184983168262988329e-04 1.568019506521522999e-04
3.873217152431607246e-03 9.946101903915405273e-01 7.147856376832351089e-05 2.961868012789636850e-04 2.218486770289018750e-04 1.514731702627614141e-04
3.646382829174399376e-03 9.948195815086364746e-01 8.034089114516973495e-05 3.036872076336294413e-04 2.155299589503556490e-04 1.509014400653541088e-04
3.039911389350891113e-03 9.955345392227172852e-01 7.714133244007825851e-05 2.832353929989039898e-04 2.035264187725260854e-04 1.405407529091462493e-04
2.583926310762763023e-03 9.959943294525146484e-01 7.599659875268116593e-05 2.931384660769253969e-04 2.098901895806193352e-04 1.364802301395684481e-04
2.348899375647306442e-03 9.961913824081420898e-01 7.773721154080703855e-05 2.997040865011513233e-04 2.130733919329941273e-04 1.412874698871746659e-04
1.946250209584832191e-03 9.966973066329956055e-01 7.744620234007015824e-05 2.853958576451987028e-04 2.012750046560540795e-04 1.310156221734359860e-04
1.761601190082728863e-03 9.967775940895080566e-01 8.185142360161989927e-05 3.167661488987505436e-04 2.239208115497604012e-04 1.394799619447439909e-04
1.529731322079896927e-03 9.969586133956909180e-01 8.431072637904435396e-05 3.178529732394963503e-04 2.368547575315460563e-04 1.469111448386684060e-04
1.392707694321870804e-03 9.971299767494201660e-01 8.686121873324736953e-05 3.192930889781564474e-04 2.311894058948382735e-04 1.448962430004030466e-04
1.204787869937717915e-03 9.974226951599121094e-01 8.309286931762471795e-05 3.016310220118612051e-04 2.163327008020132780e-04 1.349818921880796552e-04
1.062266295775771141e-03 9.975534081459045410e-01 8.607159543316811323e-05 3.111528058070689440e-04 2.149257925339043140e-04 1.335765264229848981e-04
9.600064367987215519e-04 9.975935816764831543e-01 9.291971218772232533e-05 3.273123584222048521e-04 2.287064417032524943e-04 1.383728813380002975e-04
8.245887001976370811e-04 9.977872371673583984e-01 9.544233034830540419e-05 3.131201083306223154e-04 2.209285885328426957e-04 1.315737026743590832e-04
7.378962473012506962e-04 9.980010390281677246e-01 8.687725494382902980e-05 2.909991599153727293e-04 2.049265167443081737e-04 1.207866807817481458e-04
6.352819618768990040e-04 9.980545043945312500e-01 8.745426021050661802e-05 3.097274748142808676e-04 2.134745300281792879e-04 1.290518266614526510e-04
5.397470085881650448e-04 9.980974793434143066e-01 8.888715092325583100e-05 3.349968756083399057e-04 2.309983246959745884e-04 1.346688368357717991e-04
4.833683778997510672e-04 9.982047080993652344e-01 8.854996121954172850e-05 3.269554872531443834e-04 2.221751201432198286e-04 1.266672770725563169e-04
4.205477598588913679e-04 9.982629418373107910e-01 8.685274951858446002e-05 3.341474512126296759e-04 2.250021207146346569e-04 1.288200292037799954e-04
3.980535839218646288e-04 9.983165264129638672e-01 8.328885451192036271e-05 3.226325497962534428e-04 2.197307039750739932e-04 1.207300665555521846e-04
4.334156983532011509e-04 9.982270598411560059e-01 9.045878687174990773e-05 3.403112932574003935e-04 2.280660119140520692e-04 1.279623538721352816e-04
3.776965604629367590e-04 9.983997941017150879e-01 8.580533904023468494e-05 3.109271638095378876e-04 2.101550489896908402e-04 1.154771380242891610e-04
3.085607895627617836e-04 9.985036849975585938e-01 8.435132622253149748e-05 3.003283927682787180e-04 2.073387731797993183e-04 1.122974281315691769e-04
2.790756116155534983e-04 9.985113739967346191e-01 8.051278564380481839e-05 3.035676490981131792e-04 2.124361199093982577e-04 1.163298147730529308e-04
2.551805519033223391e-04 9.985508322715759277e-01 8.332166908076032996e-05 3.109745157416909933e-04 2.079283585771918297e-04 1.130774762714281678e-04
2.282271161675453186e-04 9.986082911491394043e-01 7.887881656643003225e-05 3.069397935178130865e-04 2.099362900480628014e-04 1.107163625420071185e-04
2.124094608006998897e-04 9.985527396202087402e-01 7.791478856233879924e-05 3.218557103537023067e-04 2.255975850857794285e-04 1.162662010756321251e-04
1.792650582501664758e-04 9.985857009887695312e-01 8.229344530263915658e-05 3.261393285356462002e-04 2.242824994027614594e-04 1.146294453064911067e-04
1.694205275271087885e-04 9.985921978950500488e-01 8.208461804315447807e-05 3.197793266735970974e-04 2.269519900437444448e-04 1.128084622905589640e-04
1.536842319183051586e-04 9.986710548400878906e-01 8.215555862989276648e-05 3.177612961735576391e-04 2.102420112350955606e-04 1.077558554243296385e-04
1.497259800089523196e-04 9.986950755119323730e-01 7.877891766838729382e-05 3.118668391834944487e-04 2.116643881890922785e-04 1.079978537745773792e-04
1.258093689102679491e-04 9.986825585365295410e-01 7.751991506665945053e-05 3.181454958394169807e-04 2.277166204294189811e-04 1.099459404940716922e-04
1.128816365962848067e-04 9.986568689346313477e-01 7.807495421729981899e-05 3.271663154009729624e-04 2.423499245196580887e-04 1.174244534922763705e-04
9.898695134324952960e-05 9.987471103668212891e-01 7.263911538757383823e-05 3.162747016176581383e-04 2.258953318232670426e-04 1.070838115992955863e-04
8.522890129825100303e-05 9.987473487854003906e-01 7.380013266811147332e-05 3.174048615619540215e-04 2.349034621147438884e-04 1.066637123585678637e-04
8.182836609194055200e-05 9.987249970436096191e-01 6.880244472995400429e-05 3.256846684962511063e-04 2.438732917653396726e-04 1.085330368368886411e-04
7.332978566410019994e-05 9.987432360649108887e-01 7.219827966764569283e-05 3.261015226598829031e-04 2.433229674352332950e-04 1.051663566613569856e-04
6.891628436278551817e-05 9.987922310829162598e-01 6.604748341487720609e-05 3.160953929182142019e-04 2.369283611187711358e-04 1.036969188135117292e-04
6.083772314013913274e-05 9.988425970077514648e-01 6.707574357278645039e-05 3.162451903335750103e-04 2.289279364049434662e-04 9.965569915948435664e-05
6.581215711776167154e-05 9.987848401069641113e-01 6.820577254984527826e-05 3.167279355693608522e-04 2.371250739088281989e-04 1.053770611179061234e-04
4.684814484789967537e-05 9.987401366233825684e-01 6.713643233524635434e-05 3.420444845687597990e-04 2.701138146221637726e-04 1.071598890121094882e-04
4.439165059011429548e-05 9.988551139831542969e-01 6.491682142950594425e-05 3.102216869592666626e-04 2.428339503239840269e-04 9.678299102233722806e-05
4.059536877321079373e-05 9.987837672233581543e-01 6.593113357666879892e-05 3.371856291778385639e-04 2.596316626295447350e-04 1.029204795486293733e-04
3.668807767098769546e-05 9.988760352134704590e-01 5.925841469434089959e-05 3.179838531650602818e-04 2.431259053992107511e-04 9.460884029977023602e-05
3.343875141581520438e-05 9.989292025566101074e-01 5.864213380846194923e-05 3.054120752494782209e-04 2.357409684918820858e-04 8.780429197940975428e-05
3.077463406953029335e-05 9.989390969276428223e-01 5.542403960134834051e-05 3.067175275646150112e-04 2.343548549106344581e-04 8.893122139852494001e-05
2.523269176890607923e-05 9.989246726036071777e-01 5.655146378558129072e-05 3.034434630535542965e-04 2.535161911509931087e-04 9.036527626449242234e-05
