9.710000000000000000e+02 7.350000000000000000e+02 6.110000000000000000e+02 1.000000000000000000e+00 1.250000000000000000e+02
4.190000000000000000e+02 7.110000000000000000e+02 9.400000000000000000e+01 7.100000000000000000e+02 7.040000000000000000e+02
4.380000000000000000e+02 6.040000000000000000e+02 8.360000000000000000e+02 6.330000000000000000e+02 7.120000000000000000e+02
1.000000000000000000e+00 6.040000000000000000e+02 6.800000000000000000e+02 7.190000000000000000e+02 4.380000000000000000e+02
7.190000000000000000e+02 5.570000000000000000e+02 1.000000000000000000e+00 7.230000000000000000e+02 1.150000000000000000e+02
7.190000000000000000e+02 5.570000000000000000e+02 7.230000000000000000e+02 4.040000000000000000e+02 1.000000000000000000e+00
5.570000000000000000e+02 4.040000000000000000e+02 7.230000000000000000e+02 7.190000000000000000e+02 4.380000000000000000e+02
5.570000000000000000e+02 4.040000000000000000e+02 7.230000000000000000e+02 8.950000000000000000e+02 7.190000000000000000e+02
5.570000000000000000e+02 4.040000000000000000e+02 7.230000000000000000e+02 8.950000000000000000e+02 8.710000000000000000e+02
5.570000000000000000e+02 4.040000000000000000e+02 8.950000000000000000e+02 7.230000000000000000e+02 7.490000000000000000e+02
5.570000000000000000e+02 4.040000000000000000e+02 8.950000000000000000e+02 7.230000000000000000e+02 9.080000000000000000e+02
5.570000000000000000e+02 4.040000000000000000e+02 8.950000000000000000e+02 7.230000000000000000e+02 9.080000000000000000e+02
5.570000000000000000e+02 4.040000000000000000e+02 8.950000000000000000e+02 7.230000000000000000e+02 9.080000000000000000e+02
5.570000000000000000e+02 4.040000000000000000e+02 8.950000000000000000e+02 7.230000000000000000e+02 9.080000000000000000e+02
5.570000000000000000e+02 4.040000000000000000e+02 8.950000000000000000e+02 7.230000000000000000e+02 9.080000000000000000e+02
5.570000000000000000e+02 4.040000000000000000e+02 8.950000000000000000e+02 7.230000000000000000e+02 9.080000000000000000e+02
5.570000000000000000e+02 4.040000000000000000e+02 8.950000000000000000e+02 9.080000000000000000e+02 7.230000000000000000e+02
4.040000000000000000e+02 8.950000000000000000e+02 5.570000000000000000e+02 9.080000000000000000e+02 7.230000000000000000e+02
4.040000000000000000e+02 8.950000000000000000e+02 5.570000000000000000e+02 9.080000000000000000e+02 7.950000000000000000e+02
8.950000000000000000e+02 4.040000000000000000e+02 5.570000000000000000e+02 9.080000000000000000e+02 7.950000000000000000e+02
8.950000000000000000e+02 4.040000000000000000e+02 5.570000000000000000e+02 7.950000000000000000e+02 9.080000000000000000e+02
8.950000000000000000e+02 4.040000000000000000e+02 5.570000000000000000e+02 7.490000000000000000e+02 7.950000000000000000e+02
8.950000000000000000e+02 4.040000000000000000e+02 5.570000000000000000e+02 7.490000000000000000e+02 7.950000000000000000e+02
8.950000000000000000e+02 4.040000000000000000e+02 5.570000000000000000e+02 7.950000000000000000e+02 7.490000000000000000e+02
8.950000000000000000e+02 4.040000000000000000e+02 5.570000000000000000e+02 7.950000000000000000e+02 7.490000000000000000e+02
8.950000000000000000e+02 4.040000000000000000e+02 5.570000000000000000e+02 7.950000000000000000e+02 7.490000000000000000e+02
8.950000000000000000e+02 4.040000000000000000e+02 5.570000000000000000e+02 7.950000000000000000e+02 7.490000000000000000e+02
8.950000000000000000e+02 4.040000000000000000e+02 7.950000000000000000e+02 7.490000000000000000e+02 5.570000000000000000e+02
8.950000000000000000e+02 4.040000000000000000e+02 7.950000000000000000e+02 7.490000000000000000e+02 9.080000000000000000e+02
8.950000000000000000e+02 4.040000000000000000e+02 7.950000000000000000e+02 7.490000000000000000e+02 9.080000000000000000e+02
8.950000000000000000e+02 4.040000000000000000e+02 7.950000000000000000e+02 7.490000000000000000e+02 9.080000000000000000e+02
8.950000000000000000e+02 4.040000000000000000e+02 7.950000000000000000e+02 9.080000000000000000e+02 7.490000000000000000e+02
8.950000000000000000e+02 4.040000000000000000e+02 7.950000000000000000e+02 9.080000000000000000e+02 7.490000000000000000e+02
8.950000000000000000e+02 4.040000000000000000e+02 7.950000000000000000e+02 9.080000000000000000e+02 7.490000000000000000e+02
8.950000000000000000e+02 4.040000000000000000e+02 7.950000000000000000e+02 9.080000000000000000e+02 7.490000000000000000e+02
8.950000000000000000e+02 4.040000000000000000e+02 7.950000000000000000e+02 9.080000000000000000e+02 7.490000000000000000e+02
8.950000000000000000e+02 4.040000000000000000e+02 7.950000000000000000e+02 9.080000000000000000e+02 7.490000000000000000e+02
8.950000000000000000e+02 4.040000000000000000e+02 7.950000000000000000e+02 9.080000000000000000e+02 7.490000000000000000e+02
8.950000000000000000e+02 4.040000000000000000e+02 7.950000000000000000e+02 9.080000000000000000e+02 8.710000000000000000e+02
8.950000000000000000e+02 4.040000000000000000e+02 7.950000000000000000e+02 9.080000000000000000e+02 8.710000000000000000e+02
8.950000000000000000e+02 4.040000000000000000e+02 7.950000000000000000e+02 9.080000000000000000e+02 8.710000000000000000e+02
8.950000000000000000e+02 4.040000000000000000e+02 7.950000000000000000e+02 9.080000000000000000e+02 8.710000000000000000e+02
8.950000000000000000e+02 4.040000000000000000e+02 7.950000000000000000e+02 9.080000000000000000e+02 8.710000000000000000e+02
8.950000000000000000e+02 4.040000000000000000e+02 7.950000000000000000e+02 9.080000000000000000e+02 8.710000000000000000e+02
8.950000000000000000e+02 4.040000000000000000e+02 7.950000000000000000e+02 9.080000000000000000e+02 8.710000000000000000e+02
8.950000000000000000e+02 4.040000000000000000e+02 7.950000000000000000e+02 9.080000000000000000e+02 8.710000000000000000e+02
8.950000000000000000e+02 4.040000000000000000e+02 7.950000000000000000e+02 9.080000000000000000e+02 8.710000000000000000e+02
8.950000000000000000e+02 4.040000000000000000e+02 7.950000000000000000e+02 9.080000000000000000e+02 8.710000000000000000e+02
8.950000000000000000e+02 4.040000000000000000e+02 7.950000000000000000e+02 9.080000000000000000e+02 8.710000000000000000e+02
4.040000000000000000e+02 8.950000000000000000e+02 7.950000000000000000e+02 9.080000000000000000e+02 8.710000000000000000e+02
4.040000000000000000e+02 8.950000000000000000e+02 7.950000000000000000e+02 9.080000000000000000e+02 8.710000000000000000e+02
8.950000000000000000e+02 4.040000000000000000e+02 7.950000000000000000e+02 9.080000000000000000e+02 8.710000000000000000e+02
8.950000000000000000e+02 4.040000000000000000e+02 7.950000000000000000e+02 9.080000000000000000e+02 8.710000000000000000e+02
4.040000000000000000e+02 8.950000000000000000e+02 7.950000000000000000e+02 9.080000000000000000e+02 8.710000000000000000e+02
8.950000000000000000e+02 4.040000000000000000e+02 7.950000000000000000e+02 9.080000000000000000e+02 8.710000000000000000e+02
4.040000000000000000e+02 8.950000000000000000e+02 7.950000000000000000e+02 9.080000000000000000e+02 8.710000000000000000e+02
8.950000000000000000e+02 4.040000000000000000e+02 7.950000000000000000e+02 9.080000000000000000e+02 8.710000000000000000e+02
8.950000000000000000e+02 4.040000000000000000e+02 7.950000000000000000e+02 9.080000000000000000e+02 6.960000000000000000e+02
8.950000000000000000e+02 4.040000000000000000e+02 7.950000000000000000e+02 9.080000000000000000e+02 6.960000000000000000e+02
8.950000000000000000e+02 4.040000000000000000e+02 7.950000000000000000e+02 9.080000000000000000e+02 8.710000000000000000e+02
8.950000000000000000e+02 4.040000000000000000e+02 7.950000000000000000e+02 9.080000000000000000e+02 6.960000000000000000e+02
8.950000000000000000e+02 4.040000000000000000e+02 7.950000000000000000e+02 9.080000000000000000e+02 6.960000000000000000e+02
8.950000000000000000e+02 4.040000000000000000e+02 7.950000000000000000e+02 9.080000000000000000e+02 6.960000000000000000e+02
8.950000000000000000e+02 4.040000000000000000e+02 7.950000000000000000e+02 9.080000000000000000e+02 6.960000000000000000e+02
8.950000000000000000e+02 4.040000000000000000e+02 7.950000000000000000e+02 9.080000000000000000e+02 6.960000000000000000e+02
8.950000000000000000e+02 4.040000000000000000e+02 7.950000000000000000e+02 9.080000000000000000e+02 8.470000000000000000e+02
8.950000000000000000e+02 4.040000000000000000e+02 7.950000000000000000e+02 9.080000000000000000e+02 8.470000000000000000e+02
8.950000000000000000e+02 4.040000000000000000e+02 7.950000000000000000e+02 9.080000000000000000e+02 8.470000000000000000e+02
8.950000000000000000e+02 4.040000000000000000e+02 7.950000000000000000e+02 6.960000000000000000e+02 9.080000000000000000e+02
8.950000000000000000e+02 4.040000000000000000e+02 7.950000000000000000e+02 9.080000000000000000e+02 6.960000000000000000e+02
8.950000000000000000e+02 4.040000000000000000e+02 7.950000000000000000e+02 9.080000000000000000e+02 6.960000000000000000e+02
8.950000000000000000e+02 4.040000000000000000e+02 7.950000000000000000e+02 9.080000000000000000e+02 6.960000000000000000e+02
4.040000000000000000e+02 8.950000000000000000e+02 7.950000000000000000e+02 9.080000000000000000e+02 6.960000000000000000e+02
8.950000000000000000e+02 4.040000000000000000e+02 7.950000000000000000e+02 9.080000000000000000e+02 6.960000000000000000e+02
8.950000000000000000e+02 4.040000000000000000e+02 7.950000000000000000e+02 8.470000000000000000e+02 9.080000000000000000e+02
4.040000000000000000e+02 8.950000000000000000e+02 7.950000000000000000e+02 9.080000000000000000e+02 9.700000000000000000e+02
4.040000000000000000e+02 8.950000000000000000e+02 7.950000000000000000e+02 8.470000000000000000e+02 9.700000000000000000e+02
4.040000000000000000e+02 8.950000000000000000e+02 7.950000000000000000e+02 9.080000000000000000e+02 8.470000000000000000e+02
4.040000000000000000e+02 8.950000000000000000e+02 7.950000000000000000e+02 8.470000000000000000e+02 9.700000000000000000e+02
8.950000000000000000e+02 4.040000000000000000e+02 7.950000000000000000e+02 6.960000000000000000e+02 9.080000000000000000e+02
4.040000000000000000e+02 8.950000000000000000e+02 7.950000000000000000e+02 9.080000000000000000e+02 6.960000000000000000e+02
4.040000000000000000e+02 8.950000000000000000e+02 7.950000000000000000e+02 9.080000000000000000e+02 6.960000000000000000e+02
4.040000000000000000e+02 8.950000000000000000e+02 7.950000000000000000e+02 9.080000000000000000e+02 6.960000000000000000e+02
4.040000000000000000e+02 8.950000000000000000e+02 7.950000000000000000e+02 8.470000000000000000e+02 9.080000000000000000e+02
4.040000000000000000e+02 8.950000000000000000e+02 7.950000000000000000e+02 8.470000000000000000e+02 9.080000000000000000e+02
4.040000000000000000e+02 8.950000000000000000e+02 7.950000000000000000e+02 9.080000000000000000e+02 8.470000000000000000e+02
4.040000000000000000e+02 8.950000000000000000e+02 7.950000000000000000e+02 9.080000000000000000e+02 8.470000000000000000e+02
4.040000000000000000e+02 8.950000000000000000e+02 7.950000000000000000e+02 8.470000000000000000e+02 9.080000000000000000e+02
4.040000000000000000e+02 8.950000000000000000e+02 7.950000000000000000e+02 8.470000000000000000e+02 9.080000000000000000e+02
4.040000000000000000e+02 8.950000000000000000e+02 7.950000000000000000e+02 8.470000000000000000e+02 9.080000000000000000e+02
4.040000000000000000e+02 8.950000000000000000e+02 7.950000000000000000e+02 9.080000000000000000e+02 8.470000000000000000e+02
4.040000000000000000e+02 8.950000000000000000e+02 7.950000000000000000e+02 9.080000000000000000e+02 9.700000000000000000e+02
4.040000000000000000e+02 8.950000000000000000e+02 7.950000000000000000e+02 9.080000000000000000e+02 9.700000000000000000e+02
4.040000000000000000e+02 8.950000000000000000e+02 7.950000000000000000e+02 9.080000000000000000e+02 6.960000000000000000e+02
4.040000000000000000e+02 8.950000000000000000e+02 7.950000000000000000e+02 9.080000000000000000e+02 6.960000000000000000e+02
4.040000000000000000e+02 8.950000000000000000e+02 7.950000000000000000e+02 9.080000000000000000e+02 8.470000000000000000e+02
4.040000000000000000e+02 8.950000000000000000e+02 7.950000000000000000e+02 9.080000000000000000e+02 8.470000000000000000e+02
4.040000000000000000e+02 8.950000000000000000e+02 7.950000000000000000e+02 8.470000000000000000e+02 9.080000000000000000e+02
4.040000000000000000e+02 8.950000000000000000e+02 7.950000000000000000e+02 9.080000000000000000e+02 8.470000000000000000e+02
4.040000000000000000e+02 8.950000000000000000e+02 7.950000000000000000e+02 8.470000000000000000e+02 9.080000000000000000e+02
4.040000000000000000e+02 8.950000000000000000e+02 7.950000000000000000e+02 9.080000000000000000e+02 8.470000000000000000e+02
