4.215068628174511116e-05
2.680700531575107011e-04
2.652844347147116991e-02
2.495236702204430695e-02
1.346198480944495735e-01
2.619730219506081204e-01
2.640697656764715018e-01
2.239593952422440915e-01
2.462361957135874857e-01
2.689388674739633944e-01
3.405566434064021264e-01
4.622910627530621430e-01
4.771743219242247092e-01
5.058030440666582139e-01
5.326141202453440471e-01
5.898958693140244902e-01
6.287141277192279665e-01
6.824857577550668131e-01
7.584295408552664819e-01
8.009113707487560685e-01
8.153383776511192726e-01
7.680594480676816715e-01
7.031865917349530148e-01
6.404848758758600047e-01
5.857292604771048294e-01
5.545634251578491769e-01
5.140025202692448669e-01
4.936733930970373940e-01
4.631502336028557876e-01
4.463950825362439367e-01
4.412327594863102442e-01
4.269196527504511840e-01
4.083512866190175394e-01
3.991997535898915150e-01
3.965258038285964237e-01
3.856354687724904973e-01
3.740133837908464765e-01
3.642710425181893141e-01
3.560787339462178624e-01
3.409150249371643016e-01
3.175791093020011169e-01
3.145732982432202784e-01
2.904251923189324347e-01
2.776181676760319794e-01
2.703829495621001278e-01
2.631853289287591768e-01
2.597118625524727498e-01
2.434780262925632655e-01
2.490421927788988576e-01
2.385739334256133104e-01
2.360163273412592966e-01
2.244788204008751620e-01
2.134378347812924681e-01
2.149429883402849684e-01
2.057107868865982458e-01
2.045073417062987786e-01
1.933327938062288365e-01
1.811996567617179255e-01
1.748821722977201842e-01
1.751175800932222026e-01
1.712520443222819433e-01
1.679489394936642399e-01
1.585604999826347727e-01
1.438009150197243347e-01
1.351040052524397073e-01
1.285047595999497805e-01
1.288851653047842771e-01
1.260609233615431757e-01
1.236773196554089849e-01
1.215129558507185847e-01
1.218704577177234655e-01
1.160087612555421310e-01
1.162486814003178409e-01
1.150315118363971351e-01
1.170350112039840601e-01
1.207632216883640641e-01
1.180719637281401058e-01
1.144964645010387583e-01
1.089168143035672692e-01
1.136678782568817520e-01
1.095718542914526777e-01
1.074751431457284245e-01
1.068550779372314935e-01
1.039282411357749236e-01
1.012298888502488475e-01
1.044797658765135862e-01
9.732626689663032016e-02
9.488133107852705916e-02
9.374645080109023088e-02
9.298765121501438580e-02
9.027970407850562096e-02
8.579059258907394125e-02
8.695300308410112977e-02
8.562761858795982228e-02
8.392825481943337607e-02
8.201390285762355514e-02
7.989492318678330374e-02
7.769323068765010554e-02
7.793302865690396319e-02
7.525170763912387983e-02
7.896647881610029118e-02
