3.701671957969665527e-04 5.217528669163584709e-04 7.431033009197562933e-05 1.170083181932568550e-03 8.991105278255417943e-05 3.704940609168261290e-04
1.610718172742053866e-04 5.083807045593857765e-04 4.992114190827123821e-05 2.029194001806899905e-04 5.524462540051899850e-05 1.923234231071546674e-04
5.716672967537306249e-05 1.487220629314833786e-06 2.064678301394451410e-05 4.906946560367941856e-04 2.993148154928348958e-05 2.521167334634810686e-04
3.162988286931067705e-04 2.196161403844598681e-06 1.311762480327161029e-05 1.764731016010046005e-03 9.625112579669803381e-05 8.788148406893014908e-04
7.148406002670526505e-03 4.944003649143269286e-06 5.566759136854670942e-05 9.986528893932700157e-04 1.727382768876850605e-04 6.580175366252660751e-03
4.235402494668960571e-02 3.463311941231950186e-06 6.780098192393779755e-05 7.024703663773834705e-04 8.992941002361476421e-05 3.392164781689643860e-02
5.653993040323257446e-02 1.440289906895486638e-06 6.073993426980450749e-05 2.508095931261777878e-04 4.028127659694291651e-05 4.716179147362709045e-02
5.644009262323379517e-02 1.235864715454226825e-06 4.886490205535665154e-05 2.718527975957840681e-04 3.812002614722587168e-05 4.707197844982147217e-02
5.673722550272941589e-02 1.357674705104727764e-06 4.506297045736573637e-05 2.922199200838804245e-04 3.921306051779538393e-05 4.376087710261344910e-02
6.975479423999786377e-02 1.461055376239528414e-06 4.814958083443343639e-05 3.450834483373910189e-04 4.401718979352153838e-05 5.241170153021812439e-02
9.353708475828170776e-02 1.375187139274203219e-06 5.415222040028311312e-05 3.367175813764333725e-04 4.370212991489097476e-05 6.043811514973640442e-02
1.144928112626075745e-01 1.369193569189519621e-06 5.993715603835880756e-05 2.891680342145264149e-04 3.716297942446544766e-05 6.603634357452392578e-02
1.579690128564834595e-01 1.299198743254237343e-06 6.360910629155114293e-05 2.623864274937659502e-04 3.416985418880358338e-05 7.239469885826110840e-02
2.162894457578659058e-01 1.272557142328878399e-06 5.988379052723757923e-05 2.256893349112942815e-04 3.158577237627469003e-05 7.417563349008560181e-02
3.090028166770935059e-01 1.336890250058786478e-06 5.328132829163223505e-05 2.006613358389586210e-04 2.747970938798971474e-05 6.042107939720153809e-02
3.822212517261505127e-01 1.209975721394584980e-06 4.759061266668140888e-05 2.399890072410926223e-04 3.022505734406877309e-05 4.698100313544273376e-02
4.089144170284271240e-01 1.420479520675144158e-06 5.180463267606683075e-05 2.841268142219632864e-04 3.260037556174211204e-05 4.855605587363243103e-02
4.205631315708160400e-01 1.406938281434122473e-06 5.094805965200066566e-05 3.196341567672789097e-04 3.213125091861002147e-05 4.929713159799575806e-02
4.320586025714874268e-01 1.789583166100783274e-06 4.852731581195257604e-05 3.803625877480953932e-04 3.298216688563115895e-05 4.968408495187759399e-02
4.495711326599121094e-01 1.956796268132166006e-06 4.721553341369144619e-05 3.954141575377434492e-04 3.042138632736168802e-05 4.838556423783302307e-02
5.327826142311096191e-01 2.010034904742497019e-06 3.727891089511103928e-05 3.788364992942661047e-04 2.423777732474263757e-05 3.896486014127731323e-02
6.135884523391723633e-01 1.908561671370989643e-06 2.824069451889954507e-05 3.520127793308347464e-04 1.866366255853790790e-05 3.129551559686660767e-02
6.822819709777832031e-01 1.830272481129213702e-06 2.276244231325108558e-05 3.056008717976510525e-04 1.388294822390889749e-05 2.433883585035800934e-02
7.289108037948608398e-01 1.601554686203598976e-06 2.047294037765823305e-05 2.830828307196497917e-04 1.189802787848748267e-05 1.966740936040878296e-02
7.544744610786437988e-01 1.681969820310769137e-06 1.942564631463028491e-05 2.913060889113694429e-04 1.063401668943697587e-05 1.674657873809337616e-02
8.059017062187194824e-01 1.569139044477196876e-06 1.633299143577460200e-05 2.746651589404791594e-04 8.781184078543446958e-06 1.212822552770376205e-02
8.303198814392089844e-01 1.408433263350161724e-06 1.493041963840369135e-05 2.881209074985235929e-04 8.578072083764709532e-06 9.600482881069183350e-03
8.314098119735717773e-01 1.781002993084257469e-06 1.542380414321087301e-05 3.246626001782715321e-04 9.204924026562366635e-06 9.154403582215309143e-03
8.603281378746032715e-01 1.650628860261349473e-06 1.365157550026196986e-05 2.911681949626654387e-04 7.855980584281496704e-06 6.078235339373350143e-03
8.736228942871093750e-01 1.496945287726703100e-06 1.164141758636105806e-05 2.812289458233863115e-04 7.860003279347438365e-06 4.955382551997900009e-03
8.964889049530029297e-01 1.370251652588194702e-06 1.039155449689133093e-05 2.558217383921146393e-04 6.669567028438905254e-06 2.967122942209243774e-03
9.058310389518737793e-01 1.293950504077656660e-06 9.859260899247601628e-06 2.371696755290031433e-04 6.265708179853390902e-06 2.266184892505407333e-03
9.172079563140869141e-01 1.099555106520710979e-06 8.736109521123580635e-06 2.098729019053280354e-04 6.010210199747234583e-06 1.591230160556733608e-03
9.222813248634338379e-01 9.613053180146380328e-07 8.059141691774129868e-06 2.030657342402264476e-04 5.845044597663218156e-06 1.267159357666969299e-03
9.336195588111877441e-01 8.717955779502517544e-07 7.112229923222912475e-06 1.784552150638774037e-04 5.364330263546435162e-06 9.173791622743010521e-04
9.433619976043701172e-01 7.434057920363557059e-07 6.193858553160680458e-06 1.548494183225557208e-04 4.734837148134829476e-06 6.606813985854387283e-04
9.506680965423583984e-01 5.812640893054776825e-07 5.052955202700104564e-06 1.372300321236252785e-04 4.232532774040009826e-06 5.088034668006002903e-04
9.555210471153259277e-01 4.695393442943895934e-07 4.231201273796614259e-06 1.286895567318424582e-04 3.891992491844575852e-06 4.159079107921570539e-04
9.266949892044067383e-01 6.596698653993371408e-07 7.406798886222532019e-06 1.914086315082386136e-04 6.339867468341253698e-06 1.311787753365933895e-03
9.541494250297546387e-01 4.379288043310225476e-07 4.394087227410636842e-06 1.255511160707101226e-04 3.706882125698029995e-06 5.389669095166027546e-04
9.625557661056518555e-01 3.635948075952910585e-07 3.344553761053248309e-06 1.100451991078443825e-04 3.192744088664767332e-06 3.357703681103885174e-04
9.605893492698669434e-01 3.825283840797055745e-07 3.233090183130116202e-06 1.226933236466720700e-04 3.434367272348026745e-06 3.205474640708416700e-04
9.597195386886596680e-01 4.005347591373720206e-07 3.181272859364980832e-06 1.281824952457100153e-04 3.571752813513739966e-06 3.132462734356522560e-04
9.588683247566223145e-01 4.473718604458554182e-07 3.229471531085437164e-06 1.427370589226484299e-04 3.921604275092249736e-06 2.951801579911261797e-04
9.555865526199340820e-01 5.090772106086660642e-07 3.629188768172753043e-06 1.495135802542790771e-04 4.207035090075805783e-06 3.112056001555174589e-04
9.513902068138122559e-01 6.350486501105478965e-07 3.897768692695535719e-06 1.770940289134159684e-04 5.268588211038149893e-06 3.178809711243957281e-04
9.506715536117553711e-01 6.538706429637386464e-07 3.903015567630063742e-06 1.794751296984031796e-04 5.384754331316798925e-06 3.180145577061921358e-04
9.474241137504577637e-01 6.942450454516801983e-07 4.320376319810748100e-06 1.992670877370983362e-04 6.063140062906313688e-06 3.039138682652264833e-04
9.489125609397888184e-01 6.661715588052175008e-07 3.920227754861116409e-06 2.002711262321099639e-04 6.056921847630292177e-06 2.965989406220614910e-04
9.481889009475708008e-01 7.098673222571960650e-07 4.037489816255401820e-06 2.048425667453557253e-04 6.451718036259990185e-06 2.706865780055522919e-04
9.451721310615539551e-01 8.180514896594104357e-07 4.328573595557827502e-06 2.225674106739461422e-04 7.556981927336892113e-06 2.928675385192036629e-04
9.442141652107238770e-01 8.459336413579876535e-07 4.477878974284976721e-06 2.278510219184681773e-04 7.959253707667812705e-06 2.903295971918851137e-04
9.519913792610168457e-01 4.869947929364570882e-07 3.414798584344680421e-06 1.976411149371415377e-04 6.076197678339667618e-06 2.671494439709931612e-04
9.412457346916198730e-01 7.650761517652426846e-07 4.688684839493362233e-06 2.307287213625386357e-04 8.382648047700058669e-06 3.096777363680303097e-04
9.330693483352661133e-01 9.952163964044302702e-07 5.764522029494401067e-06 2.631823881529271603e-04 9.646211765357293189e-06 3.644534444902092218e-04
9.284569025039672852e-01 1.243280053131456953e-06 6.024250978953205049e-06 2.751364663708955050e-04 1.115851046051830053e-05 3.681079833768308163e-04
9.258444309234619141e-01 1.387829115628846921e-06 6.383203981386031955e-06 2.764097589533776045e-04 1.157600672740954906e-05 3.775818622671067715e-04
9.290416836738586426e-01 1.297119410992308985e-06 6.013369329593842849e-06 2.645550994202494621e-04 1.103627619158942252e-05 3.681775997392833233e-04
9.264205098152160645e-01 1.418452711732243188e-06 6.277169177337782457e-06 2.680034376680850983e-04 1.170720406662439927e-05 3.651832812465727329e-04
9.260676503181457520e-01 1.273449811378668528e-06 6.296279480011435226e-06 2.768204140011221170e-04 1.200331189465941861e-05 3.389191406313329935e-04
9.228808879852294922e-01 1.484691097175527830e-06 6.712528374919202179e-06 2.761810901574790478e-04 1.305422756558982655e-05 3.577781317289918661e-04
9.181585907936096191e-01 1.600218865860369988e-06 7.511682269978336990e-06 2.958937839139252901e-04 1.405153579980833456e-05 3.557433083187788725e-04
9.183616042137145996e-01 1.713553501758724451e-06 7.330391781579237431e-06 2.891410840675234795e-04 1.431916643923614174e-05 3.584670193959027529e-04
9.285904169082641602e-01 9.057870897777320351e-07 5.958188921795226634e-06 2.815455954987555742e-04 1.140428230428369716e-05 3.460080770310014486e-04
9.181565642356872559e-01 1.231689793712575920e-06 7.375416316790506244e-06 3.002989105880260468e-04 1.358685676677851006e-05 3.631050058174878359e-04
9.197040796279907227e-01 1.376388809148920700e-06 7.611909950355766341e-06 2.819987130351364613e-04 1.386650365020614117e-05 3.342369163874536753e-04
9.096280336380004883e-01 1.906590000544383656e-06 8.690286449564155191e-06 3.159166953992098570e-04 1.590793726791162044e-05 3.782140265684574842e-04
9.110877513885498047e-01 2.051854153251042590e-06 8.851377060636878014e-06 3.091149264946579933e-04 1.589526436873711646e-05 3.761765256058424711e-04
9.096897840499877930e-01 2.275407496199477464e-06 9.188924195768777281e-06 2.917810925282537937e-04 1.563777550472877920e-05 3.747520386241376400e-04
9.064067602157592773e-01 2.523385091990348883e-06 9.449649041926022619e-06 2.993914531543850899e-04 1.672451617196202278e-05 3.539923636708408594e-04
9.031363129615783691e-01 2.742181550274835899e-06 1.005774447548901662e-05 3.216097247786819935e-04 1.771547067619394511e-05 3.682859824039041996e-04
9.287456274032592773e-01 4.192900178168201819e-07 7.437162821588572115e-06 2.611065865494310856e-04 1.078579316526884213e-05 5.496973171830177307e-04
9.407448768615722656e-01 3.255361491483199643e-07 5.316985152603592724e-06 1.431038981536403298e-04 6.691405360470525920e-06 4.561741079669445753e-04
9.292699098587036133e-01 5.240354425950499717e-07 6.018622116243932396e-06 1.827448868425562978e-04 9.123113159148488194e-06 4.368336813058704138e-04
9.295458197593688965e-01 7.118657094906666316e-07 6.805486464145360515e-06 2.062731800833716989e-04 1.146323302236851305e-05 4.143741680309176445e-04
9.284708499908447266e-01 9.112621341955673415e-07 7.526901299570454285e-06 2.365034306421875954e-04 1.357744804408866912e-05 3.950283571612089872e-04
9.358701109886169434e-01 1.007779360406857450e-06 6.695327101624570787e-06 2.263159258291125298e-04 1.314386463491246104e-05 3.161558415740728378e-04
9.253421425819396973e-01 1.586898520145041402e-06 9.111318831855896860e-06 2.746887621469795704e-04 1.741882624628487974e-05 3.564840008039027452e-04
9.208225011825561523e-01 1.845249471443821676e-06 9.677373782324139029e-06 2.886209695134311914e-04 1.842220808612182736e-05 3.488732036203145981e-04
9.155947566032409668e-01 2.348719590372638777e-06 1.050635273713851348e-05 2.832721220329403877e-04 1.871983113233000040e-05 3.293923509772866964e-04
9.081890583038330078e-01 3.006595306942472234e-06 1.109337790694553405e-05 3.009030479006469250e-04 1.933826570166274905e-05 3.275464405305683613e-04
9.047659635543823242e-01 6.516044095405959524e-07 9.152680831903126091e-06 4.590754688251763582e-04 1.642816641833633184e-05 6.019339780323207378e-04
9.061136245727539062e-01 5.725964342673250940e-07 7.406716122204670683e-06 3.423594753257930279e-04 1.080545098375296220e-05 5.951832863502204418e-04
9.231042265892028809e-01 4.129231001570587978e-07 4.517498382483609021e-06 2.292207791469991207e-04 8.523353244527243078e-06 3.678143839351832867e-04
9.290917515754699707e-01 4.891563207820581738e-07 3.629342245403677225e-06 1.725342881400138140e-04 7.756550076010171324e-06 2.713835565373301506e-04
9.187980890274047852e-01 8.382721148336713668e-07 5.061704086983809248e-06 1.877892063930630684e-04 9.854006748355459422e-06 2.870519529096782207e-04
9.158586859703063965e-01 1.149382796938880347e-06 6.411188678612234071e-06 1.975760096684098244e-04 1.118748787121148780e-05 2.540000714361667633e-04
9.220910668373107910e-01 1.507245087850606069e-06 7.098430160112911835e-06 1.807263033697381616e-04 1.123718175222165883e-05 2.263443457195535302e-04
9.228300452232360840e-01 1.659402755649352912e-06 7.504468612751225010e-06 1.831573608797043562e-04 1.201052145916037261e-05 2.101660647895187140e-04
9.193691015243530273e-01 1.918623638630378991e-06 8.625177542853634804e-06 1.879785122582688928e-04 1.279373282159212977e-05 2.222367620561271906e-04
9.171294569969177246e-01 2.227945287813781761e-06 9.287994544138200581e-06 1.929222198668867350e-04 1.324307959293946624e-05 2.393114846199750900e-04
9.070349335670471191e-01 2.916779521910939366e-06 1.075542968465015292e-05 2.287959505338221788e-04 1.523784794699167833e-05 2.712702844291925430e-04
9.081321358680725098e-01 2.988793994518346153e-06 1.134241392719559371e-05 2.294888254255056381e-04 1.557499672344420105e-05 2.646071952767670155e-04
9.001615047454833984e-01 4.164896836300613359e-06 1.279093885386828333e-05 2.169874205719679594e-04 1.669691846473142505e-05 2.520300040487200022e-04
8.881739974021911621e-01 6.350323019432835281e-06 1.545211489428766072e-05 2.416702627670019865e-04 1.981171590159647167e-05 2.410062734270468354e-04
8.796434402465820312e-01 7.865030966058839113e-06 1.858760151662863791e-05 2.483440621290355921e-04 2.178052818635478616e-05 2.551666111685335636e-04
9.155393242835998535e-01 1.557635528115497436e-06 9.252783456759061664e-06 2.841488749254494905e-04 1.422791865479666740e-05 2.992613299284130335e-04
9.114236235618591309e-01 2.472739879522123374e-06 1.037645779433660209e-05 2.395268238615244627e-04 1.474576765758683905e-05 3.526206128299236298e-04
8.907731175422668457e-01 4.708693722932366654e-06 1.635786611586809158e-05 2.489112084731459618e-04 1.794423224055208266e-05 3.852767986245453358e-04
8.860799074172973633e-01 6.549316367454594001e-06 1.900941424537450075e-05 2.355122414883226156e-04 1.894962952064815909e-05 3.828812041319906712e-04
8.909158706665039062e-01 6.825668151577701792e-06 1.656987842579837888e-05 2.578872372396290302e-04 2.021081127168145031e-05 3.627872793003916740e-04
