5.944530480857064189e-04
2.138474367861079614e-04
2.533911004195579233e-04
5.458556112025546650e-03
3.168028099126610209e-02
5.113931178135942140e-02
5.092209190989654272e-02
5.574434064562096280e-02
1.020471504979829080e-01
1.360883436887945497e-01
1.730447407661467596e-01
2.386275496935209295e-01
2.986190366704588595e-01
2.996059214412828964e-01
3.200170067504208848e-01
4.146139204147514801e-01
4.984014414372693880e-01
6.348532377858349118e-01
7.067137530064363515e-01
7.584848483203964209e-01
8.188206430015720905e-01
8.625331290641952142e-01
8.809958608907632049e-01
9.055709891031736847e-01
9.170891973427646171e-01
9.391364075368293651e-01
9.511775293335390513e-01
9.549445329936324667e-01
9.645484265771057109e-01
9.656588942971127132e-01
9.689150442145963993e-01
9.721746311792153206e-01
9.753239914392201060e-01
9.809139566605239446e-01
9.546943521416391132e-01
9.593478124672312202e-01
9.770179732842546594e-01
9.805064555282582139e-01
9.810408862082332648e-01
9.813273068028267598e-01
9.826029939816098846e-01
9.839652103294964647e-01
9.832384859071721106e-01
9.847490982725943809e-01
9.807217232172473764e-01
9.856267512735013003e-01
9.844166694856483213e-01
9.845628344374998120e-01
9.832884738383127488e-01
9.801573841972893719e-01
9.787032720628426885e-01
9.564082929796865473e-01
9.588207382741066320e-01
9.666494271618257805e-01
9.700258737290388122e-01
9.672220874537951207e-01
9.614383210133283786e-01
9.555789395358889049e-01
9.466196430379324456e-01
9.450306418782002948e-01
9.538060865039641456e-01
9.499623824235922109e-01
9.497541094270183226e-01
9.538567980239752719e-01
9.494921702558785093e-01
9.294896413127758938e-01
9.258966607760502621e-01
9.382595384238654468e-01
9.319323567416142318e-01
9.297657507659640164e-01
9.277435007699890157e-01
9.324155332099252069e-01
9.323637363066082928e-01
9.289613008391278681e-01
9.252700328141523212e-01
9.249980236978972981e-01
9.230428865696659324e-01
9.168880396367511398e-01
9.159212646066212660e-01
9.321785578548195117e-01
9.421658932406126175e-01
9.450165318952246096e-01
9.295354686079109197e-01
9.150067688723886317e-01
9.022432038875053406e-01
8.983937110961690564e-01
8.960804577760870249e-01
8.893142385466283883e-01
8.833093554071353992e-01
8.757820412840011670e-01
8.739342968039742754e-01
8.777350679446934700e-01
8.772320530815147510e-01
9.110991477751180234e-01
9.038979913353850648e-01
8.906612595282332734e-01
8.850152161694616604e-01
8.844000450313473927e-01
8.739730088085487791e-01
8.738543402337782817e-01
8.536208658428245943e-01
