5.868274530695333311e-04
4.958342093657966279e-04
5.372404165440334504e-04
4.468268683381207591e-03
1.277472785068840128e-02
2.299091517590777164e-02
4.800582525220237901e-02
4.213155744122815127e-02
3.940182973314705628e-02
5.374212124780729932e-02
7.386828590178137754e-02
8.971205564784329178e-02
1.095928935251639785e-01
1.330631392191619911e-01
1.792851973073087413e-01
2.224057273747478136e-01
2.990054331273336308e-01
3.303021291059824449e-01
3.240193275411250018e-01
3.338146706799317576e-01
4.073397719477016565e-01
4.854407889337694626e-01
6.242159386970684842e-01
7.181085893435981138e-01
7.517566175066417999e-01
8.053586941584610637e-01
8.742028688730941743e-01
9.060406585792344369e-01
9.246605297888573771e-01
9.345697175766308762e-01
9.568986450376305575e-01
9.644813137093619648e-01
8.366835799535250473e-01
9.008817111284892487e-01
9.432401212180195893e-01
9.562899861993512385e-01
9.625762851104163742e-01
9.710824340781897268e-01
9.741072164543144174e-01
9.744228218000201558e-01
9.772281155520775586e-01
9.648491983509650538e-01
9.683715083746667895e-01
9.683305050053355734e-01
9.671840990380911052e-01
9.692868482959150489e-01
9.688930953521897038e-01
9.721502703539066648e-01
9.757926961301200963e-01
9.751326021829590518e-01
9.744077470318837086e-01
9.723605935189471028e-01
9.719040692407013848e-01
9.725243657999820268e-01
9.711146940820017948e-01
9.151286935970766034e-01
9.248317188558154989e-01
9.533424469351579056e-01
9.743806727483105279e-01
9.762329999578509554e-01
9.801395356718157759e-01
9.787185277281968965e-01
9.797749071801301612e-01
9.773859182249303723e-01
9.761811427554614173e-01
9.716733046900678517e-01
9.699204106511558621e-01
9.691868121345612597e-01
9.685529482839577708e-01
9.704257168790912935e-01
9.678358717132408140e-01
9.649374158940998703e-01
9.644859567379480136e-01
9.609947610356799341e-01
9.613205569246460191e-01
9.603815797669598142e-01
9.560181579803138652e-01
9.503034339779122819e-01
9.495310631576706628e-01
9.578418431303949987e-01
9.630322063979366298e-01
9.571328466353992148e-01
9.462996961590033340e-01
9.360567530046877138e-01
9.222488080833077806e-01
9.191898964321220111e-01
9.161209751348935448e-01
9.115609783717477654e-01
9.050707479973321146e-01
9.041072291171197151e-01
9.141315278343835615e-01
9.098009087432027409e-01
9.128439014392363271e-01
9.022243905768709826e-01
8.893089322282442533e-01
8.827388658817777456e-01
8.779612497658134673e-01
8.680679809331920405e-01
8.626508931528774626e-01
8.555822137755281220e-01
8.564797051713027853e-01
