2.757370821200311184e-04 1.765805427567102015e-05 1.675565436016768217e-04 3.826348620350472629e-05 5.672076804330572486e-05 3.500102786347270012e-03
1.405003713443875313e-03 4.048747541673947126e-06 1.942320668604224920e-04 3.073116749874316156e-05 3.837216354440897703e-05 7.674708031117916107e-03
2.971006906591355801e-04 5.833926408627121418e-08 5.511154085979796946e-06 3.086213155256700702e-06 1.216454279528988991e-06 1.902774907648563385e-03
1.730676158331334591e-03 6.180320610837952700e-08 8.015888852241914719e-06 2.439312083879485726e-06 7.350299142672156449e-07 6.973064591875299811e-05
1.302183717489242554e-01 3.624882438657550665e-08 1.754524305397353601e-06 2.794909278236445971e-06 4.205741106488858350e-07 1.897255242511164397e-05
1.917213052511215210e-01 1.718297149011505098e-08 8.520494247932219878e-07 2.249424596811877564e-06 3.022940120445127832e-07 1.300933126913150772e-05
1.748784184455871582e-01 3.748684918036815361e-09 2.271644348184054252e-07 1.061135776581068058e-06 8.199567247402228531e-08 4.172708031546790153e-06
3.811931014060974121e-01 1.499891100209538308e-09 7.835268434064346366e-08 3.767002283439069288e-07 2.804728183036786504e-08 1.515278540864528622e-06
5.372524261474609375e-01 1.464279364427056862e-09 5.799984847953965073e-08 1.900382073927175952e-07 2.316223479681411845e-08 7.921151450318575371e-07
7.219982147216796875e-01 1.136175931115701587e-09 3.650844249136753206e-08 1.748000499901536386e-07 4.780271112281297974e-08 3.584789851629466284e-07
7.978912591934204102e-01 5.829859928141445380e-10 1.142034911083555926e-08 6.304850330707267858e-08 2.220622974391517346e-08 1.045803159627212153e-07
7.870278358459472656e-01 4.402226638777761991e-10 7.782947619716651388e-09 4.287117505441528920e-08 1.441608343810685255e-08 5.159241212027154688e-08
8.001378178596496582e-01 5.487271192983200763e-10 7.339954866125708577e-09 3.702495376955994288e-08 1.343812350285134016e-08 5.235336431042014738e-08
8.140601515769958496e-01 5.565770067050834768e-10 5.502051703132337934e-09 2.580222613346450089e-08 1.042915798166177410e-08 3.634812273389798065e-08
8.905104994773864746e-01 3.634860190615540887e-10 4.152108434851697893e-09 1.365694579646969942e-08 5.315238915670761344e-09 1.826915863034628273e-08
9.220132827758789062e-01 3.472754861455484843e-10 4.371326856045243403e-09 1.420495099324625699e-08 4.057741698204608838e-09 1.382250935932916036e-08
9.432910680770874023e-01 3.790127933722686748e-10 4.228969618935707331e-09 1.525975079630370601e-08 3.958023242489616678e-09 1.188235643212465220e-08
9.461889266967773438e-01 4.607677850376745710e-10 4.819991961113601064e-09 1.731965859619322146e-08 4.156860633486303414e-09 1.007033922917344171e-08
9.508114457130432129e-01 3.758376110329919584e-10 3.928138259112756714e-09 1.318535680638888152e-08 2.945363286599445019e-09 5.985606676972565765e-09
9.717648029327392578e-01 1.583510544911348461e-10 1.468920318714594941e-09 5.196611585489563367e-09 1.295319074223755251e-09 2.632123630164073802e-09
9.814938306808471680e-01 7.647633915031093466e-11 6.227906523825765817e-10 2.216761885165396961e-09 6.278213504629093222e-10 1.148817485585595932e-09
9.882969260215759277e-01 3.983452803724141233e-11 2.995963754859332084e-10 1.076860822735170586e-09 3.402631232329866862e-10 5.847001771641657797e-10
9.921945333480834961e-01 2.798075833532198686e-11 2.037444934988030809e-10 7.132219259631256136e-10 2.198314863477435210e-10 3.410236815160061496e-10
9.940139651298522949e-01 2.266294790720380092e-11 1.657447096237163464e-10 5.483057896604748294e-10 1.677010197376205269e-10 2.615764549407373352e-10
9.948871731758117676e-01 2.156061267022391092e-11 1.634942042860743072e-10 5.077817610832369155e-10 1.512198422037869250e-10 2.330090009827756603e-10
9.955240488052368164e-01 2.078791999648998967e-11 1.541463623411232220e-10 4.741037562538963357e-10 1.430583707051624742e-10 2.360915629662230231e-10
9.959020018577575684e-01 1.785272277232685667e-11 1.323404302810970989e-10 3.845932738943957929e-10 1.187093201515665442e-10 2.294991835460891139e-10
9.962622523307800293e-01 1.838175792134855158e-11 1.355370954359003122e-10 3.669300696618194024e-10 1.153146397814275304e-10 2.386129904774492161e-10
9.966467022895812988e-01 2.177017940918624106e-11 1.628488593974353194e-10 4.123942576317318753e-10 1.311655922764387583e-10 2.795747522377212135e-10
9.966149926185607910e-01 2.195366458068725990e-11 1.595816395694171774e-10 4.065270620134953106e-10 1.246124869958009640e-10 2.710410229589399478e-10
9.965953230857849121e-01 2.398605446207735525e-11 1.717014308511011222e-10 4.242289852740555034e-10 1.256558745943436861e-10 2.899459006222571134e-10
9.968085885047912598e-01 2.608274880799843487e-11 1.851599013003024652e-10 4.391690622274069256e-10 1.230453794409669399e-10 3.256712677313089443e-10
9.968670010566711426e-01 2.991027564513970560e-11 2.180530062068086750e-10 4.952384058398706657e-10 1.264458815430913319e-10 3.691336680766710288e-10
9.968494772911071777e-01 3.427639769237877942e-11 2.443246160943601808e-10 5.373852474122031708e-10 1.355094370047993380e-10 4.306193179814954419e-10
9.969015121459960938e-01 3.796175179759941898e-11 2.787042818752638595e-10 6.088424764350008900e-10 1.511775704621243221e-10 4.894314953318712469e-10
9.968145489692687988e-01 4.270265738237633002e-11 3.065567522053669336e-10 6.400193153233146859e-10 1.574396168990688238e-10 5.158152238671220857e-10
9.968038797378540039e-01 4.909015555165652245e-11 3.373419876773198212e-10 6.861225476662013989e-10 1.683068129310072436e-10 5.790937174232624329e-10
9.968420267105102539e-01 5.305270112110349601e-11 3.562810879653710572e-10 7.162538895322256849e-10 1.714107883410420641e-10 6.405877495119227660e-10
9.969500899314880371e-01 5.391466786908161168e-11 3.788123426051726028e-10 7.532462431569797445e-10 1.740649152592865789e-10 6.614377934255344371e-10
9.969252943992614746e-01 6.310360567418626943e-11 4.251642371499997353e-10 8.198992040853170238e-10 1.870056332009539801e-10 7.668451429410083620e-10
9.968355298042297363e-01 6.126517348992166490e-11 4.136691544864845582e-10 7.909653487736534316e-10 1.796268966902658804e-10 7.268529667037171293e-10
9.966508746147155762e-01 7.498780763004475602e-11 4.690811628016433588e-10 9.000566403294385509e-10 2.066628812524839987e-10 8.493022951583384383e-10
9.966542720794677734e-01 7.427107540092237059e-11 4.779633910878544611e-10 9.059846761694245743e-10 1.993401971267516615e-10 8.264171569294376241e-10
9.965093731880187988e-01 7.703149923488084028e-11 4.777991335913611692e-10 8.886457125711899607e-10 1.987850162255000441e-10 8.462406331233296441e-10
9.963417649269104004e-01 9.034830522614001325e-11 5.392446489338453830e-10 9.607503681507978399e-10 2.161184148308237241e-10 9.358329666753206766e-10
9.963931441307067871e-01 9.593508626393187910e-11 5.649812839791934493e-10 1.006201233444414811e-09 2.204995491750239012e-10 9.559011360238400812e-10
9.962186217308044434e-01 1.140731883952916803e-10 6.642573713300237159e-10 1.147317796323932271e-09 2.485161243459543812e-10 1.079163092221335774e-09
9.963012933731079102e-01 1.111300357292677177e-10 6.410369457476861044e-10 1.092012036352230098e-09 2.338744475860465855e-10 1.046698172579851871e-09
9.962773919105529785e-01 1.295844820337066494e-10 7.215768538237909979e-10 1.228207091585886701e-09 2.558776801553364066e-10 1.135522342821104758e-09
9.962611794471740723e-01 1.410154493175497237e-10 7.626946851857496767e-10 1.270167193645477255e-09 2.620548222864726995e-10 1.205964994532848777e-09
9.960410594940185547e-01 1.727649273641773675e-10 8.828233144519970210e-10 1.472425625870243948e-09 2.953485511714148970e-10 1.388987147521447696e-09
9.961763620376586914e-01 1.326359438946767000e-10 7.505943644403600956e-10 1.223562917651577209e-09 2.437222923479254177e-10 1.115940340135068709e-09
9.958049058914184570e-01 1.806389482439385574e-10 9.199710437890473713e-10 1.473244970462417314e-09 2.887857730726750560e-10 1.410999650452993137e-09
9.955908060073852539e-01 2.377469054959391315e-10 1.126588045075038735e-09 1.776145119869454447e-09 3.369661494279085900e-10 1.686670025868863831e-09
9.950801134109497070e-01 2.726842640576876420e-10 1.230508583915934651e-09 1.934127080716052660e-09 3.751064459045494459e-10 1.755546041870559293e-09
9.953069090843200684e-01 3.103368950707618978e-10 1.334600430169530227e-09 2.125562614807563477e-09 4.028808953115969871e-10 1.880104072427002393e-09
9.953961968421936035e-01 3.388186953223737419e-10 1.382512770931043633e-09 2.254649800192964904e-09 4.255449048695680858e-10 1.963980089669803419e-09
9.955689311027526855e-01 2.991530634322003834e-10 1.318141484851764744e-09 2.137026111626028069e-09 3.776538526345518676e-10 1.899434831642565769e-09
9.954909682273864746e-01 3.638635504010778732e-10 1.440596752999567798e-09 2.366180584800758879e-09 4.308995105173352158e-10 2.135009058434889084e-09
9.954386353492736816e-01 4.493264371685512515e-10 1.690195983172770866e-09 2.693573808443261441e-09 4.871981151843840507e-10 2.368937046526298218e-09
9.953693747520446777e-01 5.052968599095208901e-10 1.820410933106586526e-09 2.776139540472399858e-09 5.122184343342439661e-10 2.525949449605491282e-09
9.955898523330688477e-01 5.709874795201130837e-10 1.980750896635186109e-09 3.008721938257963302e-09 5.491960219927705111e-10 2.746231686501232616e-09
9.956566095352172852e-01 5.622747267786110115e-10 1.994939324845290685e-09 3.062790687735628126e-09 5.334884201069201026e-10 2.761133099937751467e-09
9.956299066543579102e-01 6.897179494202987371e-10 2.294107792621957742e-09 3.463698661221314978e-09 6.059056034679599634e-10 3.121989333720875948e-09
9.958142638206481934e-01 8.073223201066070942e-10 2.458455217180244290e-09 3.672777193486354008e-09 6.601010293927345174e-10 3.385638214226105447e-09
9.959897398948669434e-01 8.699789222355036600e-10 2.591957093400765189e-09 3.787906432961563041e-09 6.719163558877028208e-10 3.526140712750702733e-09
9.961572289466857910e-01 1.031127627726391438e-09 2.935062637376972816e-09 4.116066598669476662e-09 7.310897442991404205e-10 3.922157709723705921e-09
9.968562126159667969e-01 2.953868261101888493e-10 1.393096749069400175e-09 2.285230893406264840e-09 3.187466679488437649e-10 2.266794085770129641e-09
9.961237311363220215e-01 6.299615273874792365e-10 2.228943696280794029e-09 3.408405779836698457e-09 5.234502276074692872e-10 3.648158886093710862e-09
9.961737990379333496e-01 9.374150344854115247e-10 2.800120801893513089e-09 3.957127070464139251e-09 6.794955709210626082e-10 4.377317619486120748e-09
9.961673617362976074e-01 9.291246660936280932e-10 2.729099612963636901e-09 3.884000232545758990e-09 6.796778140305548277e-10 4.129381725448411089e-09
9.960833787918090820e-01 1.246946434996232256e-09 3.171551243852377411e-09 4.572969558580552984e-09 8.037480681011288652e-10 5.072292363905717139e-09
9.964677095413208008e-01 1.443744013229775192e-09 3.523152880546831511e-09 4.895743810351405045e-09 8.803002771173851215e-10 5.315313966747226004e-09
9.964997768402099609e-01 1.794630777318673154e-09 4.156453403680870906e-09 5.549297021900656546e-09 1.006287719818033111e-09 6.101084082388297247e-09
9.964302182197570801e-01 2.230497120336849548e-09 4.892152905000557439e-09 6.368995109085062722e-09 1.148319217492144162e-09 6.855505052527632870e-09
9.964333772659301758e-01 2.315600156066466297e-09 4.947060538995629031e-09 6.504525362771573782e-09 1.195092136363484769e-09 7.052089578962750238e-09
9.964267611503601074e-01 2.609875648929005365e-09 5.335124342309427448e-09 7.064899776310085144e-09 1.240424651882676699e-09 7.687416925250545319e-09
9.963753819465637207e-01 2.698156142955099313e-09 5.675463654597479035e-09 7.372709109887409795e-09 1.295318075023033089e-09 8.058556488776957849e-09
9.964602589607238770e-01 3.201034326494323068e-09 6.195817192633512605e-09 8.041783239320920984e-09 1.379018454983338415e-09 8.913692894907399022e-09
9.965302348136901855e-01 3.269034154484984356e-09 6.332759205918137013e-09 7.802854362637390295e-09 1.351022849149785543e-09 8.960242325883882586e-09
9.964565634727478027e-01 3.992735919666756672e-09 7.200103180338146558e-09 9.081927210274898243e-09 1.525229609278255793e-09 1.043170350101263466e-08
9.963892698287963867e-01 3.262113246194076055e-09 6.460961987642122040e-09 8.273994822616259626e-09 1.330766830065499562e-09 9.758060137698976177e-09
9.963051080703735352e-01 4.678635701083067033e-09 8.243508986538472527e-09 1.011687533747362977e-08 1.686200512551749853e-09 1.226186618907831871e-08
9.963070154190063477e-01 5.726942031714088444e-09 9.544016243978603597e-09 1.124791637607813755e-08 1.909575164660282098e-09 1.374259550601664159e-08
9.962702989578247070e-01 6.665881624456915233e-09 1.067232346940727439e-08 1.227407420145709693e-08 2.065312809662600557e-09 1.534205118502995902e-08
9.964014291763305664e-01 6.783405837040845654e-09 1.080022649091461062e-08 1.257977277902000424e-08 2.093827333737863228e-09 1.597092769145547209e-08
9.963895678520202637e-01 7.798747425624696916e-09 1.190315312982193063e-08 1.367379098837773199e-08 2.276975052950547251e-09 1.696694340580506832e-08
9.963703155517578125e-01 8.425397268752021773e-09 1.234949209560909367e-08 1.413652661597097904e-08 2.358403250468654733e-09 1.774044555702403159e-08
9.963020086288452148e-01 1.026900964262722482e-08 1.422342776891127869e-08 1.609759259224574635e-08 2.736818993653855614e-09 2.036258095472476271e-08
9.963489770889282227e-01 1.132675642168123886e-08 1.528186999166791793e-08 1.728580834026161028e-08 2.909412044616033199e-09 2.192545345280905167e-08
9.962062835693359375e-01 1.213962441681815108e-08 1.548396255657280562e-08 1.743231514694798534e-08 2.917023955717468198e-09 2.236433083169231395e-08
9.960551261901855469e-01 1.396219140303855966e-08 1.771803148642447923e-08 1.936953886172432249e-08 3.277362159437302580e-09 2.463445092359961563e-08
9.959217309951782227e-01 1.698338358835371764e-08 1.986930087127802835e-08 2.221108985622777254e-08 3.706433604477865629e-09 2.859733605475867080e-08
9.960333704948425293e-01 1.665939919348602416e-08 1.959627482506220986e-08 2.173570301522431691e-08 3.644858193041500272e-09 2.733484727457380359e-08
9.971320629119873047e-01 2.476732152700833467e-09 5.330841990058843294e-09 7.697804171868938283e-09 1.091368662109459819e-09 9.092314456893291208e-09
9.963507652282714844e-01 7.618200292824894859e-09 1.150813222494662114e-08 1.413490213764134751e-08 2.254411324287275420e-09 1.814085059947956324e-08
9.961940050125122070e-01 1.404110960834259458e-08 1.739005739409549278e-08 1.975703689538477192e-08 3.162805350953590278e-09 2.606213378442134854e-08
9.960539340972900391e-01 1.961979201325902977e-08 2.144324895425597788e-08 2.432124546203340287e-08 3.788945601712612188e-09 3.149846961036928406e-08
9.959416985511779785e-01 2.307784718880157016e-08 2.499993279059253837e-08 2.722380010311553633e-08 4.339682391218957491e-09 3.457253328065235110e-08
9.958835244178771973e-01 2.684549649245582259e-08 2.753878902694850694e-08 3.004792858973814873e-08 4.767812367134638407e-09 3.754949062795276404e-08
9.958149790763854980e-01 3.029428086165353307e-08 2.992797831780080742e-08 3.179588858870374679e-08 5.145233128445170223e-09 4.035885226016944216e-08
