2.060408238321542740e-03 3.746125685211154632e-06 3.496008503134362400e-05 1.687785152171272784e-05 1.979568878596182913e-05 1.473838929086923599e-03
2.174647059291601181e-03 1.470390179747482762e-05 1.761521707521751523e-04 5.241505277808755636e-05 3.689773438964039087e-05 1.935489592142403126e-03
1.091421698220074177e-03 2.071710241580149159e-06 1.474622404202818871e-04 3.579454278224147856e-05 1.339318077953066677e-05 1.025386387482285500e-03
9.828482288867235184e-04 2.248868185006358544e-07 1.349869944533566013e-05 1.613790300325490534e-05 2.224282980023417622e-06 1.293152890866622329e-04
6.939110346138477325e-03 1.738512089843879949e-08 3.423348289288696833e-06 4.472362434171373025e-06 3.258213610024540685e-07 2.153340392396785319e-05
2.286312878131866455e-01 3.068706178055435885e-08 6.110503818490542471e-06 8.403578249271959066e-06 4.808080120710656047e-07 1.049200800480321050e-04
5.394550561904907227e-01 1.016774131556985594e-08 1.802088831936998758e-06 4.413494934851769358e-06 2.760539814516960178e-07 5.415648047346621752e-05
6.748058199882507324e-01 6.924770090677156986e-09 5.711462449653481599e-07 1.772315158632409293e-06 2.950620796582370531e-07 3.808921974268741906e-06
8.759405016899108887e-01 1.739922428356521777e-09 9.047015225860377541e-08 4.100249668681499315e-07 8.909626103559276089e-08 8.221222742577083409e-07
9.192752242088317871e-01 5.283230519737003306e-10 1.923292991534708563e-08 1.025680376187665388e-07 2.232408213842518308e-08 2.191085428648875677e-07
9.537082314491271973e-01 2.736131043956646636e-10 5.851009898805159537e-09 3.325575548274173343e-08 9.059335503991405858e-09 8.710803456324356375e-08
9.522109627723693848e-01 1.787342357451038311e-10 2.572223101182657956e-09 1.511832969924853387e-08 3.975367590669520723e-09 3.866695053034163720e-08
9.495146870613098145e-01 1.684230532816854975e-10 2.126669285118509833e-09 1.043046449211715299e-08 2.549327415835023203e-09 3.701449102777587541e-08
9.532626271247863770e-01 1.263058962974739075e-10 1.597284304821755541e-09 5.430851768295497095e-09 1.484621647840356218e-09 2.590385861367394682e-08
9.550700783729553223e-01 1.451049003176052565e-10 1.644741010053962782e-09 4.564966626929845006e-09 1.288450679481911720e-09 1.811844185795052908e-08
9.468853473663330078e-01 2.649758468198371020e-10 2.675630383919269661e-09 6.335817204217164544e-09 1.788275860725718758e-09 1.516400160994635371e-08
9.312981963157653809e-01 5.397817193220078025e-10 5.467075681053756853e-09 1.177733555124405029e-08 3.127708980699139829e-09 1.653471137785800238e-08
9.488165974617004395e-01 4.021694643974171868e-10 3.920913371757706045e-09 8.587174527008301084e-09 2.082143124582103155e-09 8.034825249580990203e-09
9.723118543624877930e-01 1.656898923618754793e-10 1.248865122427389451e-09 3.654321512058800181e-09 9.342370210774220141e-10 3.543463966693138900e-09
9.741696715354919434e-01 8.438688636758229222e-11 5.703515437716077940e-10 1.656267123451016232e-09 5.575189199191754597e-10 1.966127038954823547e-09
9.754047989845275879e-01 5.674522657317382368e-11 3.721778440990419767e-10 1.045934894250422076e-09 4.355766580754760753e-10 1.300255347835843622e-09
9.738218784332275391e-01 4.490316798944071763e-11 2.817435174051752256e-10 8.734205581006904140e-10 3.914957524830953162e-10 1.074090039132613583e-09
9.761661887168884277e-01 3.371245643757347921e-11 2.048368002993683490e-10 6.861883838915616707e-10 3.202431653193116290e-10 8.218036251506077861e-10
9.789505600929260254e-01 3.240527290948591599e-11 2.076115113158749637e-10 6.870413127302299472e-10 3.125702474626734784e-10 8.604946200030383352e-10
9.809778928756713867e-01 2.407203082699371777e-11 1.644058639227452545e-10 5.365917710165035714e-10 2.268621263068482108e-10 6.254432527441622369e-10
9.824407696723937988e-01 2.188054425145136150e-11 1.485210288088012476e-10 4.825233546057461353e-10 2.003400639827290775e-10 5.376175060689547536e-10
9.837462902069091797e-01 1.950991451726835635e-11 1.339638538988552341e-10 4.378344076183537936e-10 1.726803006141253150e-10 4.439767165020924722e-10
9.853274822235107422e-01 1.848860647912786703e-11 1.344791916713106161e-10 4.157709732055536733e-10 1.566847485090505643e-10 3.998521791448439444e-10
9.850698113441467285e-01 1.894376842892508961e-11 1.391938370121081903e-10 4.454125956954158028e-10 1.656142445405350827e-10 3.899910117066696102e-10
9.870420694351196289e-01 1.850792435975634476e-11 1.438422297939112582e-10 4.264177067003771526e-10 1.584040121294094661e-10 3.539505633032291598e-10
9.874408245086669922e-01 1.997308568535416384e-11 1.578462777152012109e-10 4.508610706999149897e-10 1.623076673062939790e-10 3.381730728779785977e-10
9.881259202957153320e-01 2.003457816313058970e-11 1.649862052532924395e-10 4.478344917124843505e-10 1.574865099440714289e-10 3.181411800667888201e-10
9.889864921569824219e-01 1.954631768941172965e-11 1.681447897583510098e-10 4.278987164596514958e-10 1.482528821927786566e-10 2.974013812995224271e-10
9.908525347709655762e-01 1.773441289654176245e-11 1.560708090542206605e-10 4.775533857248603908e-10 1.333099602929266325e-10 3.164633832763996679e-10
9.906214475631713867e-01 1.963495165069328863e-11 1.709207775313359434e-10 4.729095448574582861e-10 1.313718439588384967e-10 3.071985721359027366e-10
9.913206696510314941e-01 1.952898780188672134e-11 1.685583755905994963e-10 4.349024751437724490e-10 1.235393592979860955e-10 2.752759131752213762e-10
9.917362332344055176e-01 2.311003298449687549e-11 1.992833537078908535e-10 4.768974659619118484e-10 1.325858450806904898e-10 2.908417950919783834e-10
9.916748404502868652e-01 2.716763272680999819e-11 2.290281853056796990e-10 5.026853933109975969e-10 1.375151520432993379e-10 2.996128900534245076e-10
9.919012188911437988e-01 2.952624603147491200e-11 2.450503688855576456e-10 5.149122239700432146e-10 1.417085476740354011e-10 3.219867150683342061e-10
9.915769100189208984e-01 3.493741407289974177e-11 2.757796491170694253e-10 5.412320036590756445e-10 1.534915528011993047e-10 3.555102601193738110e-10
9.917418956756591797e-01 3.433409459518976803e-11 2.678935961952788603e-10 5.146861825622295328e-10 1.502096363958926872e-10 3.509084967046049996e-10
9.926261305809020996e-01 3.832124895186694857e-11 2.892100448015355596e-10 5.930968494105570699e-10 1.626606488391857397e-10 4.004072351460052914e-10
9.931699037551879883e-01 4.826387553502620165e-11 3.488513367067014315e-10 6.688762876905229859e-10 1.832887175368114185e-10 4.711269707691201347e-10
9.933263063430786133e-01 6.062238211423931489e-11 4.243685125526752699e-10 7.756416620097184023e-10 2.114742686520898474e-10 5.514261269823350631e-10
9.937188625335693359e-01 6.226834325939734072e-11 4.249129381683758311e-10 7.643306543236860762e-10 2.012417454899662062e-10 5.551176740503649398e-10
9.939320087432861328e-01 7.705195509410955879e-11 5.102919198307631632e-10 9.000151179883175701e-10 2.390609099567342355e-10 6.440883382197171159e-10
9.943317174911499023e-01 8.196442830010752800e-11 5.179017215084513737e-10 9.434196757140966838e-10 2.459443204649858217e-10 6.637888017024806686e-10
9.944273233413696289e-01 7.732185031139593434e-11 4.860213342894326161e-10 9.154344504658240567e-10 2.397134712950332869e-10 6.526922335936546915e-10
9.947746396064758301e-01 9.371876885655439082e-11 5.569606442712426997e-10 1.028507057299066219e-09 2.614318206362042929e-10 7.412411240359517706e-10
9.950150847434997559e-01 1.030333943163874721e-10 5.941116487662156942e-10 1.058815590759820680e-09 2.691881995087186397e-10 8.003251394939070451e-10
9.948746562004089355e-01 1.139827607299359613e-10 6.224004645005720704e-10 1.124846216171704327e-09 2.941396848310517953e-10 8.837341414213994994e-10
9.951861500740051270e-01 1.365101226502574150e-10 6.968974286536422369e-10 1.274676364459992328e-09 3.263421755050899264e-10 1.001127292177272921e-09
9.951907396316528320e-01 1.525859022466491410e-10 7.800437518135083792e-10 1.407573946288209754e-09 3.435147721830844603e-10 1.097646529224505230e-09
9.953337311744689941e-01 1.204065319670988288e-10 6.361764448570284003e-10 1.232631219316715487e-09 3.082550881217116512e-10 9.520277899355278350e-10
9.954337477684020996e-01 1.724367731936737869e-10 8.397908479729210285e-10 1.549572248293884513e-09 3.824276451069863469e-10 1.188952825081912579e-09
9.956551790237426758e-01 2.022424311354242832e-10 9.721523586136981976e-10 1.644740899031660319e-09 4.019279353784099840e-10 1.313266495550635682e-09
9.957646131515502930e-01 2.130911835873661175e-10 1.010954986391254806e-09 1.645188318910584258e-09 3.952498051074115892e-10 1.302414509574134627e-09
9.955698847770690918e-01 2.396174925145544421e-10 1.093508505967122346e-09 1.720566578100601873e-09 4.117138019399391169e-10 1.389559356468339502e-09
9.957792758941650391e-01 2.043157032449727240e-10 9.599588901565425658e-10 1.592655451965185875e-09 3.698938655372074891e-10 1.291536766423462268e-09
9.954422712326049805e-01 2.766213647031889877e-10 1.144632166827364017e-09 1.924591597202152116e-09 4.572316969486678317e-10 1.579735453560715541e-09
9.955812096595764160e-01 3.109006108115153211e-10 1.238105729051142134e-09 2.051928404966929520e-09 4.795012720215652280e-10 1.701656815455976357e-09
9.954885840415954590e-01 3.344179655417889308e-10 1.276626027113536566e-09 2.138366372861355558e-09 4.903737416128706172e-10 1.725355303072717561e-09
9.955894947052001953e-01 3.722429586794362422e-10 1.404639959901032853e-09 2.274556765158308735e-09 5.091841392967921820e-10 1.836043206360216118e-09
9.955952763557434082e-01 4.107031104094716056e-10 1.535567561994355401e-09 2.492091866201917583e-09 5.428069105306576603e-10 1.998804011194010855e-09
9.956951141357421875e-01 4.179365742373875037e-10 1.534301574679375335e-09 2.447727798227106177e-09 5.261361346597936972e-10 1.971740104522723414e-09
9.957421422004699707e-01 4.668726516499077661e-10 1.660069970377264781e-09 2.602303705856456872e-09 5.565439775701008784e-10 2.067216398060622851e-09
9.956466555595397949e-01 5.492839516563208235e-10 1.878748934203144927e-09 2.932926124188384165e-09 6.249230577459741198e-10 2.374114238534730248e-09
9.956403970718383789e-01 5.954155501974867093e-10 1.964638229878801212e-09 2.977242452573136688e-09 6.371327354592892789e-10 2.397392950825860680e-09
9.965902566909790039e-01 2.326398657048756036e-10 9.529714795064592181e-10 1.838649676955128598e-09 3.550766347615308405e-10 1.399883875485841145e-09
9.957035183906555176e-01 4.882553805707345873e-10 1.717298969694525113e-09 2.860081727007468544e-09 5.781644052404999456e-10 2.160690737440518205e-09
9.956543445587158203e-01 7.026722537162299886e-10 2.254176401095264737e-09 3.442614859849868481e-09 7.187294648325348589e-10 2.673854249124474336e-09
9.953692555427551270e-01 9.460194849708614129e-10 2.795251141662902228e-09 4.266055064761076210e-09 8.776375737262753773e-10 3.222177857864494399e-09
9.955060482025146484e-01 1.047427811151635524e-09 3.070357745826868268e-09 4.582836776734211526e-09 9.165218584072931662e-10 3.456595898398973077e-09
9.953480362892150879e-01 1.254106263282039890e-09 3.536662518399680266e-09 5.119362267436144975e-09 1.021767448428079206e-09 3.847514307153687696e-09
9.953497648239135742e-01 1.454058762284660133e-09 4.014831134213636687e-09 5.769657640541936416e-09 1.103622748743759985e-09 4.152155508307942000e-09
9.969854950904846191e-01 2.526799047775085683e-10 1.073174438204205217e-09 2.024324263771859478e-09 3.419678429317229984e-10 1.611904720810741765e-09
9.965696334838867188e-01 5.730492191879932307e-10 1.811985783639613601e-09 3.249723157239259308e-09 5.787335055629228009e-10 2.424376477350165260e-09
9.958801269531250000e-01 1.248102843298681819e-09 3.203970644349851682e-09 5.461480157009646064e-09 9.888891927545273575e-10 4.287296295757414555e-09
9.955469369888305664e-01 1.861671372616058306e-09 4.289804067525437858e-09 7.030633408788844463e-09 1.243095959502227288e-09 5.756432663872601552e-09
9.953450560569763184e-01 2.357612771675121621e-09 4.924082031010357241e-09 7.769367371679436474e-09 1.381461278704421147e-09 6.645530348237116414e-09
9.951893091201782227e-01 2.979448909812276725e-09 5.963084692695019839e-09 9.146156720873932500e-09 1.531589965964030853e-09 7.970925253175664693e-09
9.949952363967895508e-01 3.612000698538508914e-09 6.752470582682690292e-09 1.031698815268100589e-08 1.730936061150600835e-09 9.403405165642197971e-09
9.944926500320434570e-01 4.687383814427903417e-09 8.246439975323482940e-09 1.215849554370151964e-08 2.098988316490135730e-09 1.167009600067103747e-08
9.946069121360778809e-01 4.894138871947006919e-09 8.403959306235719851e-09 1.226164680900865278e-08 2.059498571682638612e-09 1.204622446238090561e-08
9.942724704742431641e-01 6.414950792787976752e-09 1.035541252747407270e-08 1.516399272816215671e-08 2.455903924669655680e-09 1.512271907699869189e-08
9.943841695785522461e-01 6.793640761060260047e-09 1.095001778139703674e-08 1.532247040358925005e-08 2.407864574394125157e-09 1.572441732378138113e-08
9.948686361312866211e-01 4.454684621180149406e-09 7.825748937762000423e-09 1.202118227183746058e-08 1.860115506069348612e-09 1.219456802203922052e-08
9.946978092193603516e-01 6.198581647964829244e-09 1.037490982014332985e-08 1.421250228617054745e-08 2.200661208817678016e-09 1.490096845913058132e-08
9.942058920860290527e-01 8.854174282646454230e-09 1.353475465037945469e-08 1.742480826294467988e-08 2.714251046143090207e-09 1.839984165030728036e-08
9.940628409385681152e-01 1.014297268397967855e-08 1.531486226724609878e-08 1.905187474449121510e-08 2.891822337147686994e-09 2.021600309376481164e-08
9.945346117019653320e-01 8.848187960097675386e-09 1.389312309640899912e-08 1.759400269918387494e-08 2.684299227340147809e-09 1.954847306251394912e-08
9.948181509971618652e-01 8.042984944722775253e-09 1.230457513656801893e-08 1.647256553383158462e-08 2.496152617936786555e-09 1.869375942931128520e-08
9.947295784950256348e-01 1.127184567906169832e-08 1.594920995273696462e-08 1.990556697251122387e-08 2.998420178812466474e-09 2.341042026898776385e-08
9.945334196090698242e-01 1.398192317481061764e-08 1.878314570546990581e-08 2.254192210671135399e-08 3.482029109491691088e-09 2.750182126476374833e-08
9.945557117462158203e-01 1.547081573960440437e-08 1.971145735524260090e-08 2.358653183875958348e-08 3.611396959257717754e-09 2.980167224109209201e-08
9.947032332420349121e-01 1.696075990764711605e-08 2.078420457962693035e-08 2.486955530400791758e-08 3.786464031207970038e-09 3.237309798009846418e-08
9.945732951164245605e-01 1.715700648219353752e-08 2.182759750724017067e-08 2.582955893615235254e-08 3.904056633530217368e-09 3.372377577193219622e-08
9.943978786468505859e-01 2.031010204461836111e-08 2.474912896843761700e-08 2.883829708366647537e-08 4.406111475674379108e-09 3.774727375116526673e-08
9.945354461669921875e-01 2.125610087944096449e-08 2.473391091939447506e-08 2.895572492889186833e-08 4.352233684556949811e-09 3.765217826412481372e-08
9.945979118347167969e-01 2.313911728890616359e-08 2.681871613674502441e-08 3.077473920143347641e-08 4.632601413590009543e-09 4.079028315118193859e-08
9.951112866401672363e-01 1.301017160670880912e-08 1.703896934657223028e-08 2.260803988463067071e-08 3.287955907538275824e-09 2.865265358309443400e-08
