4.588587474176168690e-04
3.598959189768598244e-02
8.540621947547887283e-01
7.216965650573025082e-01
7.386012291483545766e-01
7.446596578642683539e-01
7.973595397926543926e-01
8.423438538934177044e-01
8.640758205362119027e-01
8.532974216176878457e-01
8.631777864487844010e-01
8.497130638483362253e-01
8.293645388269647034e-01
8.570059954764841503e-01
8.808748406521633711e-01
8.785421107316490064e-01
8.707646760555940446e-01
8.457058286832196403e-01
8.354894774198967644e-01
8.356999814821548522e-01
8.318655031598825023e-01
8.352631147015591173e-01
8.441370277127904220e-01
8.337806017039433026e-01
8.290620786790739993e-01
8.185611157933341264e-01
8.073085249683082942e-01
8.066140002507234952e-01
8.048722615402325031e-01
7.976174992250061324e-01
8.048879995981669255e-01
7.911497001055776135e-01
7.762327346419317653e-01
7.696328202545549280e-01
7.668728111059797126e-01
7.655496082580303119e-01
7.648826402165991301e-01
7.711005599793969711e-01
7.633910823581013805e-01
7.486183522759854991e-01
7.549282281244160675e-01
7.448734180764439161e-01
7.413338022189214227e-01
7.381669552278783408e-01
7.230968904190381297e-01
7.195782586387616808e-01
6.985425050875835318e-01
6.835903852646433299e-01
6.617408957294568239e-01
6.366446629321038664e-01
6.104667853714208503e-01
