          0  0.06812213 11.66711807
        100  0.02161778 16.65188980
        200  0.01722532 17.63832664
        300  0.01453890 18.37468338
        400  0.01257834 19.00376701
        500  0.01108342 19.55326271
        600  0.01006754 19.97076797
        700  0.00929112 20.31931877
        800  0.00849699 20.70734787
        900  0.00781525 21.07056999
       1000  0.00729993 21.36681175
       1100  0.00659193 21.80987167
       1200  0.00605275 22.18046951
       1300  0.00544890 22.63690948
       1400  0.00532541 22.73647118
       1500  0.00465435 23.32140732
       1600  0.00435806 23.60706902
       1700  0.00405050 23.92491341
       1800  0.00359743 24.44007492
       1900  0.00350736 24.55019188
       2000  0.00309118 25.09876251
       2100  0.00298739 25.24707794
       2200  0.00267447 25.72761917
       2300  0.00249866 26.02292252
       2400  0.00220037 26.57503319
       2500  0.00215127 26.67304420
       2600  0.00216989 26.63563156
       2700  0.00195886 27.07996941
       2800  0.00191352 27.18167305
       2900  0.00175452 27.55842400
       3000  0.00174337 27.58610153
       3100  0.00139862 28.54300880
       3200  0.00137717 28.61013603
       3300  0.00125633 29.00897217
       3400  0.00124703 29.04123497
       3500  0.00125467 29.01468849
       3600  0.00111036 29.54535103
       3700  0.00111226 29.53795242
       3800  0.00101305 29.94369888
       3900  0.00093991 30.26912689
       4000  0.00084446 30.73419571
       4100  0.00083893 30.76272202
       4200  0.00076234 31.17854118
       4300  0.00077301 31.11816216
       4400  0.00077466 31.10887718
       4500  0.00075619 31.21369743
       4600  0.00067029 31.73736191
       4700  0.00074205 31.29569626
       4800  0.00059979 32.21999359
       4900  0.00065150 31.86086845
       5000  0.00061629 32.10213470
