       1    0.0000000000
       2    0.0000000004
       3    0.0000001553
       4    0.0000038200
       5    0.0000906099
       6    0.0006083210
       7    0.0022386888
       8    0.0064904704
       9    0.0164950117
      10    0.0254711192
      11    0.0433419757
      12    0.0590458922
      13    0.0506683663
      14    0.0499102697
      15    0.0420506410
      16    0.0544729680
      17    0.0617683940
      18    0.0473874696
      19    0.0440242328
      20    0.0456980467
      21    0.0457758829
      22    0.0527519472
      23    0.0275986064
      24    0.0167739149
      25    0.0451172478
      26    0.0311929435
      27    0.0444492586
      28    0.0272290483
      29    0.0332653150
      30    0.0226046536
      31    0.0137486178
      32    0.0469218791
      33    0.0140065094
      34    0.0147071583
      35    0.0147962850
      36    0.0297913831
      37    0.0201295875
      38    0.0115525471
      39    0.0260101873
      40    0.0241840128
      41    0.0172147155
      42    0.0147088813
      43    0.0199455712
      44    0.0153559530
      45    0.0304175504
      46    0.0120634222
      47    0.0094645154
      48    0.0128440391
      49    0.0104172444
      50    0.0052744206
      51    0.0051688245
      52    0.0105440691
      53    0.0046507441
      54    0.0104022538
      55    0.0195119791
      56    0.0061146952
      57    0.0054425658
      58    0.0052994555
      59    0.0013235927
      60    0.0057755299
      61    0.0017887891
      62    0.0013590759
      63    0.0028801048
      64    0.0018390034
      65    0.0035189006
      66    0.0009829879
      67    0.0015021912
      68    0.0024358749
      69    0.0019916079
      70    0.0005032795
      71    0.0007645891
      72    0.0006844937
      73    0.0009234071
      74    0.0010206066
      75    0.0013664116
      76    0.0007620433
      77    0.0005700902
      78    0.0004970409
      79    0.0003914776
      80    0.0003422669
      81    0.0003381686
      82    0.0005026749
      83    0.0000791277
      84    0.0004783860
      85    0.0002362725
      86    0.0001759061
      87    0.0003372827
      88    0.0001847328
      89    0.0003042054
      90    0.0002695481
      91    0.0002305538
      92    0.0002305320
      93    0.0002289468
      94    0.0000770325
      95    0.0000713103
      96    0.0001420003
      97    0.0001982553
      98    0.0001411215
      99    0.0000860665
     100    0.0001290405
     101    0.0001023491
     102    0.0001911868
     103    0.0001568299
     104    0.0001465841
     105    0.0001178171
     106    0.0001293533
     107    0.0000506594
     108    0.0002006508
     109    0.0001421107
     110    0.0001351157
     111    0.0000812126
     112    0.0000694344
     113    0.0000562694
     114    0.0001027325
     115    0.0000904438
     116    0.0000893180
     117    0.0000569698
     118    0.0000490778
     119    0.0000572651
     120    0.0000651542
     121    0.0000666402
     122    0.0000303942
     123    0.0000417496
     124    0.0000607032
     125    0.0000207935
     126    0.0000226377
     127    0.0000447681
     128    0.0000290330
