       1    0.0000000000
       2    0.0000000000
       3    0.0000000004
       4    0.0000000360
       5    0.0000020648
       6    0.0000530899
       7    0.0003926569
       8    0.0029593476
       9    0.0178225636
      10    0.0332423151
      11    0.1265830696
      12    0.1744065881
      13    0.2818895876
      14    0.2597821653
      15    0.2995427549
      16    0.2324767262
      17    0.3689492643
      18    0.2682607770
      19    0.2986143827
      20    0.3315619230
      21    0.3184804320
      22    0.3144351244
      23    0.3311925828
      24    0.2416680753
      25    0.2763850093
      26    0.2878688574
      27    0.2050558031
      28    0.2654481232
      29    0.3123789728
      30    0.2703714669
      31    0.2546064854
      32    0.2422953546
      33    0.1799864769
      34    0.2814909816
      35    0.2665435672
      36    0.1069404036
      37    0.1726968735
      38    0.1877921373
      39    0.2259124368
      40    0.1553990692
      41    0.1476593763
      42    0.1213710904
      43    0.1330509782
      44    0.1703821123
      45    0.0867640451
      46    0.0767473057
      47    0.1164694503
      48    0.1538138688
      49    0.1335064024
      50    0.0449577048
      51    0.0825613141
      52    0.0756703019
      53    0.0521138757
      54    0.0646532774
      55    0.0921469554
      56    0.0662656873
      57    0.0470876992
      58    0.0992019624
      59    0.0429398902
      60    0.0410131514
      61    0.0291175786
      62    0.0299890675
      63    0.0194476862
      64    0.0232974626
      65    0.0263480712
      66    0.0361219384
      67    0.0137484604
      68    0.0181121193
      69    0.0163558666
      70    0.0281786378
      71    0.0099457493
      72    0.0085062096
      73    0.0159262568
      74    0.0050594294
      75    0.0029162569
      76    0.0056881048
      77    0.0082980348
      78    0.0101998709
      79    0.0103125870
      80    0.0075446996
      81    0.0058769323
      82    0.0050253770
      83    0.0053382446
      84    0.0022035986
      85    0.0031264164
      86    0.0027239970
      87    0.0013781526
      88    0.0019336386
      89    0.0014533059
      90    0.0029761007
      91    0.0014664552
      92    0.0016956576
      93    0.0012558842
      94    0.0018093245
      95    0.0014086887
      96    0.0007617622
      97    0.0006145528
      98    0.0012793919
      99    0.0005340880
     100    0.0007293875
     101    0.0006277509
     102    0.0010885899
     103    0.0002754203
     104    0.0004144698
     105    0.0001442697
     106    0.0002240811
     107    0.0005300919
     108    0.0001958300
     109    0.0001380978
     110    0.0001024590
     111    0.0002170531
     112    0.0002204028
     113    0.0001787668
     114    0.0001133007
     115    0.0000840636
     116    0.0000473869
     117    0.0000644764
     118    0.0000475261
     119    0.0000558217
     120    0.0000455538
     121    0.0000670348
     122    0.0000439826
     123    0.0000449397
     124    0.0000512304
     125    0.0000368794
     126    0.0000207735
     127    0.0000307392
     128    0.0000488581
