       1    0.0000000000
       2    0.0000000010
       3    0.0000000419
       4    0.0000007810
       5    0.0000092464
       6    0.0000689392
       7    0.0001869449
       8    0.0010233650
       9    0.0046563302
      10    0.0150081730
      11    0.0136841489
      12    0.0290836543
      13    0.0505328327
      14    0.0850593820
      15    0.1128676981
      16    0.1140081808
      17    0.0870943740
      18    0.1499804258
      19    0.1984197795
      20    0.1819507480
      21    0.1807276011
      22    0.1076844856
      23    0.1901059300
      24    0.0779667497
      25    0.1130582020
      26    0.0953122154
      27    0.0790009275
      28    0.1691852063
      29    0.0588631444
      30    0.0477087349
      31    0.0377237648
      32    0.1002983302
      33    0.0248291083
      34    0.0166026130
      35    0.0124545600
      36    0.0157762207
      37    0.0286106542
      38    0.0060045621
      39    0.0043350509
      40    0.0064179879
      41    0.0024695264
      42    0.0030030913
      43    0.0015037777
      44    0.0011107828
      45    0.0011257948
      46    0.0010784349
      47    0.0023300159
      48    0.0007726720
      49    0.0019023421
      50    0.0004067486
      51    0.0004906865
      52    0.0004204726
      53    0.0011234258
      54    0.0001630910
      55    0.0004505070
      56    0.0003346704
      57    0.0002687808
      58    0.0003873882
      59    0.0001114606
      60    0.0000985557
      61    0.0001697565
      62    0.0001135777
      63    0.0001732001
      64    0.0002275553
      65    0.0000909193
      66    0.0003379407
      67    0.0000960491
      68    0.0000819039
      69    0.0002428482
      70    0.0001224498
      71    0.0001893267
      72    0.0000439865
      73    0.0001215737
      74    0.0002026547
      75    0.0000321106
      76    0.0001307861
      77    0.0002503270
      78    0.0001084149
      79    0.0000909319
      80    0.0001383700
      81    0.0001054643
      82    0.0000954230
      83    0.0000456510
      84    0.0000363382
      85    0.0000600243
      86    0.0000397988
      87    0.0000592674
      88    0.0000365427
      89    0.0000836935
      90    0.0000323141
      91    0.0000472659
      92    0.0000677831
      93    0.0000613858
      94    0.0000348735
      95    0.0001192611
      96    0.0000461315
      97    0.0000330320
      98    0.0000464821
      99    0.0000196509
     100    0.0000440094
     101    0.0000292125
     102    0.0000667718
     103    0.0000459135
     104    0.0000400875
     105    0.0000719927
     106    0.0000896153
     107    0.0000403763
     108    0.0000236480
     109    0.0000403348
     110    0.0000410878
     111    0.0000343052
     112    0.0000812129
     113    0.0000343172
     114    0.0000488906
     115    0.0000335014
     116    0.0000314452
     117    0.0000373421
     118    0.0000391687
     119    0.0000440087
     120    0.0000631463
     121    0.0000400101
     122    0.0000313411
     123    0.0000514788
     124    0.0000430496
     125    0.0000456746
     126    0.0000541179
     127    0.0000482774
     128    0.0000501026
