8.471251178021520982e-05
3.929084306085474355e-04
5.845875026823184242e-04
5.369497188238085261e-04
5.611379682042466665e-04
5.613995639188899605e-04
5.607694440316448106e-04
5.607694440316448106e-04
5.607694440316448106e-04
5.607694440316448106e-04
5.607694440316448106e-04
5.607694440316448106e-04
5.607694440316448106e-04
5.607694440316448106e-04
5.607694440316448106e-04
5.607694440316448106e-04
5.607694440316448106e-04
5.607694440316448106e-04
5.607694440316448106e-04
5.607694440316448106e-04
5.607694440316448106e-04
5.607694440316448106e-04
5.607694440316448106e-04
5.607694440316448106e-04
5.607694440316448106e-04
5.607694440316448106e-04
5.607694440316448106e-04
5.607694440316448106e-04
5.607694440316448106e-04
5.607694440316448106e-04
5.607694440316448106e-04
5.607694440316448106e-04
5.607694440316448106e-04
5.607694440316448106e-04
5.607694440316448106e-04
5.607694440316448106e-04
5.607694440316448106e-04
5.607694440316448106e-04
5.607694440316448106e-04
5.607694440316448106e-04
5.607694440316448106e-04
5.607694440316448106e-04
5.607694440316448106e-04
5.607694440316448106e-04
5.607694440316448106e-04
5.607694440316448106e-04
5.607694440316448106e-04
5.607694440316448106e-04
5.607694440316448106e-04
5.607694440316448106e-04
5.607694440316448106e-04
5.607694440316448106e-04
5.607694440316448106e-04
5.571660248863269382e-04
5.608083662053813282e-04
5.607694440316448106e-04
5.607694440316448106e-04
5.607694440316448106e-04
5.607694440316448106e-04
5.607694440316448106e-04
5.607694440316448106e-04
5.607694440316448106e-04
5.607694440316448106e-04
5.607694440316448106e-04
5.607694440316448106e-04
5.607694440316448106e-04
5.607694440316448106e-04
5.607694440316448106e-04
5.607694440316448106e-04
5.607694440316448106e-04
5.607694440316448106e-04
5.607694440316448106e-04
5.607694440316448106e-04
5.607694440316448106e-04
5.607694440316448106e-04
5.607694440316448106e-04
5.607694440316448106e-04
5.607694440316448106e-04
5.607694440316448106e-04
5.607694440316448106e-04
5.607694440316448106e-04
5.607694440316448106e-04
5.607694440316448106e-04
5.607694440316448106e-04
5.607694440316448106e-04
5.607694440316448106e-04
5.607694440316448106e-04
5.607694440316448106e-04
5.607694440316448106e-04
5.607694440316448106e-04
5.607694440316448106e-04
5.607694440316448106e-04
5.607694440316448106e-04
5.607694440316448106e-04
5.607694440316448106e-04
5.607694440316448106e-04
5.607694440316448106e-04
5.607694440316448106e-04
5.607694440316448106e-04
5.607694440316448106e-04
5.607694440316448106e-04
