          0  0.14084212  8.51267433
        100  0.02440402 16.12538528
        200  0.01390433 18.56850052
        300  0.00968578 20.13865280
        400  0.00714269 21.46138382
        500  0.00572962 22.41874123
        600  0.00435243 23.61268616
        700  0.00362788 24.40346718
        800  0.00334157 24.76049614
        900  0.00302486 25.19293976
       1000  0.00247812 26.05877876
       1100  0.00224676 26.48443413
       1200  0.00215741 26.66067696
       1300  0.00197055 27.05413437
       1400  0.00185340 27.32029915
       1500  0.00167202 27.76759338
       1600  0.00164232 27.84541130
       1700  0.00153551 28.13746071
       1800  0.00153982 28.12529945
       1900  0.00148272 28.28940201
       2000  0.00136640 28.64421654
       2100  0.00126381 28.98319054
       2200  0.00115467 29.37542725
       2300  0.00116074 29.35264206
       2400  0.00105069 29.78525543
       2500  0.00100191 29.99172211
       2600  0.00093826 30.27677917
       2700  0.00087851 30.56255341
       2800  0.00085755 30.66741371
       2900  0.00082253 30.84845734
       3000  0.00089712 30.47150993
       3100  0.00076227 31.17893219
       3200  0.00074916 31.25425148
       3300  0.00071531 31.45507240
       3400  0.00070382 31.52536201
       3500  0.00073133 31.35887337
       3600  0.00065585 31.83198547
       3700  0.00066089 31.79870415
       3800  0.00060782 32.16223526
       3900  0.00066765 31.75448036
       4000  0.00086449 30.63239670
       4100  0.00056727 32.46212006
       4200  0.00051029 32.92180252
       4300  0.00050352 32.97986603
       4400  0.00092641 30.33197403
       4500  0.00047642 33.22010803
       4600  0.00051100 32.91581345
       4700  0.00049290 33.07237244
       4800  0.00042265 33.74022675
       4900  0.00046317 33.34263611
       5000  0.00049291 33.07236099
       5100  0.00040062 33.97270966
       5200  0.00039397 34.04532623
       5300  0.00037829 34.22172928
       5400  0.00044644 33.50241089
       5500  0.00038586 34.13574600
       5600  0.00039522 34.03158569
       5700  0.00035465 34.50196838
       5800  0.00034409 34.63331985
       5900  0.00036822 34.33889771
       6000  0.00034408 34.63340378
       6100  0.00032318 34.90561295
       6200  0.00063479 31.97369003
       6300  0.00033714 34.72188187
       6400  0.00030574 35.14647293
       6500  0.00034428 34.63088226
       6600  0.00036862 34.33420181
       6700  0.00031539 35.01156235
       6800  0.00032855 34.83404160
       6900  0.00027348 35.63075256
       7000  0.00039292 34.05690384
       7100  0.00026687 35.73692322
       7200  0.00027520 35.60346985
       7300  0.00032167 34.92592239
       7400  0.00029357 35.32284546
       7500  0.00031059 35.07818604
       7600  0.00027092 35.67155838
       7700  0.00030012 35.22698975
       7800  0.00038879 34.10282516
       7900  0.13660280  8.64540386
       8000  0.13660280  8.64540386
       8100  0.13660280  8.64540386
       8200  0.13660280  8.64540386
       8300  0.13660280  8.64540386
       8400  0.13660280  8.64540386
       8500  0.13660280  8.64540386
       8600  0.13660280  8.64540386
       8700  0.13660280  8.64540386
       8800  0.13660280  8.64540386
       8900  0.13660280  8.64540386
       9000  0.13660280  8.64540386
       9100  0.13660280  8.64540386
       9200  0.13660280  8.64540386
       9300  0.13660280  8.64540386
       9400  0.13660280  8.64540386
       9500  0.13660280  8.64540386
       9600  0.13660280  8.64540386
       9700  0.13660280  8.64540386
       9800  0.13660280  8.64540386
       9900  0.13660280  8.64540386
      10000  0.13660280  8.64540386
