9.164121021311369289e-05
9.161698032544040617e-04
6.441865254017896392e-02
3.582840184056935162e-01
3.001892319642702756e-01
3.674432729278005461e-01
4.261863063980942390e-01
4.584536110620779925e-01
5.418341367269848829e-01
5.510591053897779812e-01
5.429197069638027617e-01
6.022596411636504943e-01
6.453339734679075512e-01
6.599381511670238121e-01
6.899615313264879646e-01
6.854423402235766405e-01
7.271396403660886909e-01
7.088209358410396677e-01
6.872414806682811683e-01
6.564511640329859787e-01
6.525783628910130085e-01
6.783582450851394219e-01
6.589485620201719351e-01
6.381933192078882433e-01
6.253756408594822735e-01
6.047130559629702029e-01
5.898478461889024027e-01
5.808762532683581226e-01
5.963606811673046737e-01
5.837608336293238498e-01
5.657043992245145425e-01
5.347220878291482071e-01
5.271410152479611977e-01
5.280778245693736883e-01
5.291827799889917694e-01
5.123864476264814449e-01
5.034863355312546584e-01
4.829530612070693785e-01
4.711490487283548356e-01
4.504919047150824363e-01
4.415112870959908009e-01
4.389814392902012807e-01
4.264497819834827674e-01
4.030260954534220508e-01
3.977596788588714793e-01
3.717086647466539273e-01
3.537743407034169563e-01
3.479201783984163798e-01
3.457409254701298007e-01
3.391192728269324386e-01
3.185347173637089746e-01
3.504325632496160803e-01
3.202322729345120078e-01
3.030544923027140847e-01
2.906452711589596061e-01
2.844654377829137215e-01
2.718839491533496799e-01
2.724238346393733634e-01
2.565779789666531308e-01
2.423034959857684745e-01
2.333320985460591579e-01
2.377438077698809937e-01
2.207474822231357825e-01
2.253999423852819095e-01
2.166850483811808559e-01
2.017769468539086231e-01
1.978413312036347849e-01
1.998662194325803998e-01
1.946991722624684673e-01
1.830797751423051678e-01
1.930481248403165817e-01
1.723380706810480612e-01
1.642305030510322894e-01
1.570743080646335166e-01
3.443723315644272587e-01
4.735333447624461706e-02
8.814960847143565523e-03
2.427101500833432537e-03
1.737813041583725774e-03
1.344500510995047700e-03
1.344500510995047700e-03
1.344500510995047700e-03
1.344500510995047700e-03
1.344500510995047700e-03
1.344500510995047700e-03
1.344500510995047700e-03
1.344500510995047700e-03
1.344500510995047700e-03
1.344500510995047700e-03
1.344500510995047700e-03
1.344500510995047700e-03
1.344500510995047700e-03
1.344500510995047700e-03
1.344500510995047700e-03
1.344500510995047700e-03
1.344500510995047700e-03
1.344500510995047700e-03
1.344500510995047700e-03
1.344500510995047700e-03
1.344500510995047700e-03
1.344500510995047700e-03
