1.180842806118340789e-03
5.923449609563119500e-03
8.735438637193111699e-02
1.907099438539703318e-01
2.567711358996769833e-01
3.113630074206300002e-01
4.519355247736372982e-01
6.087527831604485629e-01
7.135008695399999157e-01
7.877428333522039638e-01
8.590659070287893773e-01
9.088193908191261050e-01
9.470027016362531080e-01
9.668785627307474595e-01
9.738002060240595892e-01
9.664354166403146262e-01
9.724160377914393694e-01
9.710182950475555463e-01
9.703118651409327056e-01
9.682012754487379080e-01
9.769933012872030753e-01
9.751617295037992017e-01
9.712958938028962708e-01
9.711149208868228300e-01
9.675247094668950609e-01
9.662616628961404608e-01
9.629235054694482709e-01
9.523838230081178580e-01
9.503901592197617765e-01
9.484713403503273188e-01
9.482877142343251187e-01
9.452447407252922984e-01
9.481177243319103276e-01
9.468190138179268800e-01
9.387966010657842197e-01
9.282985676731035918e-01
9.274589841514495614e-01
9.160647245037513153e-01
9.219141665142105424e-01
9.114061990473778518e-01
9.107797970548864308e-01
8.986191328417098001e-01
8.876807299631729320e-01
8.758652902523593742e-01
8.744384857139066991e-01
8.717473388558969472e-01
8.580056759967779056e-01
8.625904671760604714e-01
8.642963513256280983e-01
8.577754029238879863e-01
8.610053344744149628e-01
8.535752023296329094e-01
8.520054952089688438e-01
3.628706882801680522e-01
1.695226722622350976e-05
7.684233535536870492e-07
8.193864852571684556e-07
2.092739791308251933e-07
3.131195105953579751e-07
1.194045792866571255e-06
1.389875892474404337e-06
4.164587224787629825e-06
3.836911787528086396e-05
3.594353941623508605e-05
3.935057423123146110e-05
4.614448063842777742e-05
4.239998111137608641e-05
3.841350031470113321e-05
3.698012264093697871e-05
2.834688517220655874e-05
2.420489260105548814e-05
3.137074155084529858e-05
4.253736519199140969e-05
4.379019276726708659e-05
2.106557409172636532e-04
2.646126757609978931e-04
7.062340137955598835e-04
7.757678328778673830e-04
2.048735884243663629e-04
6.515086771351472669e-05
1.467657562765146474e-04
8.965537473325314367e-05
3.839058037186602061e-05
7.874353868207384301e-05
5.224232653389470309e-05
7.815410523927158613e-05
4.595106208041455407e-05
3.454325368096782472e-05
3.589682581601708760e-05
4.391566872115801979e-05
3.151449960504727770e-05
3.416443063631061458e-05
3.123055744106502558e-05
3.778917101414171106e-05
2.534006246123840584e-05
1.183494371598370112e-05
2.376823304274559644e-05
2.848850224916539935e-05
2.354093356693479509e-05
3.670658596529737888e-05
2.858631308638417734e-05
