2.040458609377431909e-05
2.834832787998581012e-05
1.297859569827882528e-04
7.800540028980414761e-04
1.041872869072038620e-03
1.083219420884574437e-03
1.125811307718067389e-03
1.125811307718067389e-03
1.125811307718067389e-03
1.125811307718067389e-03
1.125811307718067389e-03
1.125811307718067389e-03
1.125811307718067389e-03
1.125811307718067389e-03
1.125811307718067389e-03
1.125811307718067389e-03
1.125811307718067389e-03
1.125811307718067389e-03
1.125811307718067389e-03
1.125811307718067389e-03
1.125811307718067389e-03
1.125811307718067389e-03
1.125811307718067389e-03
1.125811307718067389e-03
1.125811307718067389e-03
1.125811307718067389e-03
1.125811307718067389e-03
1.125811307718067389e-03
1.125811307718067389e-03
1.125811307718067389e-03
1.125811307718067389e-03
1.125811307718067389e-03
1.125811307718067389e-03
1.125811307718067389e-03
1.125811307718067389e-03
1.125811307718067389e-03
1.125811307718067389e-03
1.125811307718067389e-03
1.125811307718067389e-03
1.125811307718067389e-03
1.125811307718067389e-03
1.125811307718067389e-03
1.125811307718067389e-03
1.125811307718067389e-03
1.125811307718067389e-03
1.125811307718067389e-03
1.125811307718067389e-03
1.125811307718067389e-03
1.125811307718067389e-03
1.125811307718067389e-03
1.125811307718067389e-03
1.125811307718067389e-03
1.125811307718067389e-03
1.125811307718067389e-03
1.125811307718067389e-03
1.125811307718067389e-03
1.125811307718067389e-03
1.125811307718067389e-03
1.125811307718067389e-03
1.125811307718067389e-03
1.125811307718067389e-03
1.125811307718067389e-03
1.125811307718067389e-03
1.125811307718067389e-03
1.125811307718067389e-03
1.125811307718067389e-03
1.125811307718067389e-03
1.125811307718067389e-03
1.125811307718067389e-03
1.125811307718067389e-03
1.125811307718067389e-03
1.125811307718067389e-03
1.125811307718067389e-03
1.125811307718067389e-03
1.125811307718067389e-03
1.125811307718067389e-03
1.125811307718067389e-03
1.125811307718067389e-03
1.125811307718067389e-03
1.125811307718067389e-03
1.125811307718067389e-03
1.125811307718067389e-03
1.125811307718067389e-03
1.125811307718067389e-03
1.125811307718067389e-03
1.125811307718067389e-03
1.125811307718067389e-03
1.125811307718067389e-03
1.125811307718067389e-03
1.125811307718067389e-03
1.125811307718067389e-03
1.125811307718067389e-03
1.125811307718067389e-03
1.125811307718067389e-03
1.125811307718067389e-03
1.125811307718067389e-03
1.125811307718067389e-03
1.125811307718067389e-03
1.125811307718067389e-03
1.125811307718067389e-03
1.125811307718067389e-03
