1.778500518412329257e-05 1.073567327694036067e-04 1.402428024448454380e-04 6.897261482663452625e-04 4.284723545424640179e-04 9.651997825130820274e-04
2.470891377015504986e-05 6.479576113633811474e-04 7.542584207840263844e-04 7.344452198594808578e-03 4.391511902213096619e-03 5.690174177289009094e-03
1.131237804656848311e-04 8.575581014156341553e-04 3.353113424964249134e-04 7.014113012701272964e-03 3.208283800631761551e-03 2.453810535371303558e-03
6.799091352149844170e-04 9.548293019179254770e-05 7.482528599211946130e-05 5.486727459356188774e-04 3.316840738989412785e-04 3.184553934261202812e-04
9.081151802092790604e-04 6.580987246707081795e-05 7.644132710993289948e-05 3.309409366920590401e-04 2.191005187341943383e-04 2.309925766894593835e-04
9.441535803489387035e-04 5.928209793637506664e-05 7.492419535992667079e-05 3.081871254835277796e-04 2.023055567406117916e-04 2.049428294412791729e-04
9.812774369493126869e-04 6.081702667870558798e-05 7.922615623101592064e-05 3.074528358411043882e-04 1.989640004467219114e-04 1.988677249755710363e-04
9.812774369493126869e-04 6.081702667870558798e-05 7.922615623101592064e-05 3.074528358411043882e-04 1.989640004467219114e-04 1.988677249755710363e-04
9.812774369493126869e-04 6.081702667870558798e-05 7.922615623101592064e-05 3.074528358411043882e-04 1.989640004467219114e-04 1.988677249755710363e-04
9.812774369493126869e-04 6.081702667870558798e-05 7.922615623101592064e-05 3.074528358411043882e-04 1.989640004467219114e-04 1.988677249755710363e-04
9.812774369493126869e-04 6.081702667870558798e-05 7.922615623101592064e-05 3.074528358411043882e-04 1.989640004467219114e-04 1.988677249755710363e-04
9.812774369493126869e-04 6.081702667870558798e-05 7.922615623101592064e-05 3.074528358411043882e-04 1.989640004467219114e-04 1.988677249755710363e-04
9.812774369493126869e-04 6.081702667870558798e-05 7.922615623101592064e-05 3.074528358411043882e-04 1.989640004467219114e-04 1.988677249755710363e-04
9.812774369493126869e-04 6.081702667870558798e-05 7.922615623101592064e-05 3.074528358411043882e-04 1.989640004467219114e-04 1.988677249755710363e-04
9.812774369493126869e-04 6.081702667870558798e-05 7.922615623101592064e-05 3.074528358411043882e-04 1.989640004467219114e-04 1.988677249755710363e-04
9.812774369493126869e-04 6.081702667870558798e-05 7.922615623101592064e-05 3.074528358411043882e-04 1.989640004467219114e-04 1.988677249755710363e-04
9.812774369493126869e-04 6.081702667870558798e-05 7.922615623101592064e-05 3.074528358411043882e-04 1.989640004467219114e-04 1.988677249755710363e-04
9.812774369493126869e-04 6.081702667870558798e-05 7.922615623101592064e-05 3.074528358411043882e-04 1.989640004467219114e-04 1.988677249755710363e-04
9.812774369493126869e-04 6.081702667870558798e-05 7.922615623101592064e-05 3.074528358411043882e-04 1.989640004467219114e-04 1.988677249755710363e-04
9.812774369493126869e-04 6.081702667870558798e-05 7.922615623101592064e-05 3.074528358411043882e-04 1.989640004467219114e-04 1.988677249755710363e-04
9.812774369493126869e-04 6.081702667870558798e-05 7.922615623101592064e-05 3.074528358411043882e-04 1.989640004467219114e-04 1.988677249755710363e-04
9.812774369493126869e-04 6.081702667870558798e-05 7.922615623101592064e-05 3.074528358411043882e-04 1.989640004467219114e-04 1.988677249755710363e-04
9.812774369493126869e-04 6.081702667870558798e-05 7.922615623101592064e-05 3.074528358411043882e-04 1.989640004467219114e-04 1.988677249755710363e-04
9.812774369493126869e-04 6.081702667870558798e-05 7.922615623101592064e-05 3.074528358411043882e-04 1.989640004467219114e-04 1.988677249755710363e-04
9.812774369493126869e-04 6.081702667870558798e-05 7.922615623101592064e-05 3.074528358411043882e-04 1.989640004467219114e-04 1.988677249755710363e-04
9.812774369493126869e-04 6.081702667870558798e-05 7.922615623101592064e-05 3.074528358411043882e-04 1.989640004467219114e-04 1.988677249755710363e-04
9.812774369493126869e-04 6.081702667870558798e-05 7.922615623101592064e-05 3.074528358411043882e-04 1.989640004467219114e-04 1.988677249755710363e-04
9.812774369493126869e-04 6.081702667870558798e-05 7.922615623101592064e-05 3.074528358411043882e-04 1.989640004467219114e-04 1.988677249755710363e-04
9.812774369493126869e-04 6.081702667870558798e-05 7.922615623101592064e-05 3.074528358411043882e-04 1.989640004467219114e-04 1.988677249755710363e-04
9.812774369493126869e-04 6.081702667870558798e-05 7.922615623101592064e-05 3.074528358411043882e-04 1.989640004467219114e-04 1.988677249755710363e-04
9.812774369493126869e-04 6.081702667870558798e-05 7.922615623101592064e-05 3.074528358411043882e-04 1.989640004467219114e-04 1.988677249755710363e-04
9.812774369493126869e-04 6.081702667870558798e-05 7.922615623101592064e-05 3.074528358411043882e-04 1.989640004467219114e-04 1.988677249755710363e-04
9.812774369493126869e-04 6.081702667870558798e-05 7.922615623101592064e-05 3.074528358411043882e-04 1.989640004467219114e-04 1.988677249755710363e-04
9.812774369493126869e-04 6.081702667870558798e-05 7.922615623101592064e-05 3.074528358411043882e-04 1.989640004467219114e-04 1.988677249755710363e-04
9.812774369493126869e-04 6.081702667870558798e-05 7.922615623101592064e-05 3.074528358411043882e-04 1.989640004467219114e-04 1.988677249755710363e-04
9.812774369493126869e-04 6.081702667870558798e-05 7.922615623101592064e-05 3.074528358411043882e-04 1.989640004467219114e-04 1.988677249755710363e-04
9.812774369493126869e-04 6.081702667870558798e-05 7.922615623101592064e-05 3.074528358411043882e-04 1.989640004467219114e-04 1.988677249755710363e-04
9.812774369493126869e-04 6.081702667870558798e-05 7.922615623101592064e-05 3.074528358411043882e-04 1.989640004467219114e-04 1.988677249755710363e-04
9.812774369493126869e-04 6.081702667870558798e-05 7.922615623101592064e-05 3.074528358411043882e-04 1.989640004467219114e-04 1.988677249755710363e-04
9.812774369493126869e-04 6.081702667870558798e-05 7.922615623101592064e-05 3.074528358411043882e-04 1.989640004467219114e-04 1.988677249755710363e-04
9.812774369493126869e-04 6.081702667870558798e-05 7.922615623101592064e-05 3.074528358411043882e-04 1.989640004467219114e-04 1.988677249755710363e-04
9.812774369493126869e-04 6.081702667870558798e-05 7.922615623101592064e-05 3.074528358411043882e-04 1.989640004467219114e-04 1.988677249755710363e-04
9.812774369493126869e-04 6.081702667870558798e-05 7.922615623101592064e-05 3.074528358411043882e-04 1.989640004467219114e-04 1.988677249755710363e-04
9.812774369493126869e-04 6.081702667870558798e-05 7.922615623101592064e-05 3.074528358411043882e-04 1.989640004467219114e-04 1.988677249755710363e-04
9.812774369493126869e-04 6.081702667870558798e-05 7.922615623101592064e-05 3.074528358411043882e-04 1.989640004467219114e-04 1.988677249755710363e-04
9.812774369493126869e-04 6.081702667870558798e-05 7.922615623101592064e-05 3.074528358411043882e-04 1.989640004467219114e-04 1.988677249755710363e-04
9.812774369493126869e-04 6.081702667870558798e-05 7.922615623101592064e-05 3.074528358411043882e-04 1.989640004467219114e-04 1.988677249755710363e-04
9.812774369493126869e-04 6.081702667870558798e-05 7.922615623101592064e-05 3.074528358411043882e-04 1.989640004467219114e-04 1.988677249755710363e-04
9.812774369493126869e-04 6.081702667870558798e-05 7.922615623101592064e-05 3.074528358411043882e-04 1.989640004467219114e-04 1.988677249755710363e-04
9.812774369493126869e-04 6.081702667870558798e-05 7.922615623101592064e-05 3.074528358411043882e-04 1.989640004467219114e-04 1.988677249755710363e-04
9.812774369493126869e-04 6.081702667870558798e-05 7.922615623101592064e-05 3.074528358411043882e-04 1.989640004467219114e-04 1.988677249755710363e-04
9.812774369493126869e-04 6.081702667870558798e-05 7.922615623101592064e-05 3.074528358411043882e-04 1.989640004467219114e-04 1.988677249755710363e-04
9.812774369493126869e-04 6.081702667870558798e-05 7.922615623101592064e-05 3.074528358411043882e-04 1.989640004467219114e-04 1.988677249755710363e-04
9.812774369493126869e-04 6.081702667870558798e-05 7.922615623101592064e-05 3.074528358411043882e-04 1.989640004467219114e-04 1.988677249755710363e-04
9.812774369493126869e-04 6.081702667870558798e-05 7.922615623101592064e-05 3.074528358411043882e-04 1.989640004467219114e-04 1.988677249755710363e-04
9.812774369493126869e-04 6.081702667870558798e-05 7.922615623101592064e-05 3.074528358411043882e-04 1.989640004467219114e-04 1.988677249755710363e-04
9.812774369493126869e-04 6.081702667870558798e-05 7.922615623101592064e-05 3.074528358411043882e-04 1.989640004467219114e-04 1.988677249755710363e-04
9.812774369493126869e-04 6.081702667870558798e-05 7.922615623101592064e-05 3.074528358411043882e-04 1.989640004467219114e-04 1.988677249755710363e-04
9.812774369493126869e-04 6.081702667870558798e-05 7.922615623101592064e-05 3.074528358411043882e-04 1.989640004467219114e-04 1.988677249755710363e-04
9.812774369493126869e-04 6.081702667870558798e-05 7.922615623101592064e-05 3.074528358411043882e-04 1.989640004467219114e-04 1.988677249755710363e-04
9.812774369493126869e-04 6.081702667870558798e-05 7.922615623101592064e-05 3.074528358411043882e-04 1.989640004467219114e-04 1.988677249755710363e-04
9.812774369493126869e-04 6.081702667870558798e-05 7.922615623101592064e-05 3.074528358411043882e-04 1.989640004467219114e-04 1.988677249755710363e-04
9.812774369493126869e-04 6.081702667870558798e-05 7.922615623101592064e-05 3.074528358411043882e-04 1.989640004467219114e-04 1.988677249755710363e-04
9.812774369493126869e-04 6.081702667870558798e-05 7.922615623101592064e-05 3.074528358411043882e-04 1.989640004467219114e-04 1.988677249755710363e-04
9.812774369493126869e-04 6.081702667870558798e-05 7.922615623101592064e-05 3.074528358411043882e-04 1.989640004467219114e-04 1.988677249755710363e-04
9.812774369493126869e-04 6.081702667870558798e-05 7.922615623101592064e-05 3.074528358411043882e-04 1.989640004467219114e-04 1.988677249755710363e-04
9.812774369493126869e-04 6.081702667870558798e-05 7.922615623101592064e-05 3.074528358411043882e-04 1.989640004467219114e-04 1.988677249755710363e-04
9.812774369493126869e-04 6.081702667870558798e-05 7.922615623101592064e-05 3.074528358411043882e-04 1.989640004467219114e-04 1.988677249755710363e-04
9.812774369493126869e-04 6.081702667870558798e-05 7.922615623101592064e-05 3.074528358411043882e-04 1.989640004467219114e-04 1.988677249755710363e-04
9.812774369493126869e-04 6.081702667870558798e-05 7.922615623101592064e-05 3.074528358411043882e-04 1.989640004467219114e-04 1.988677249755710363e-04
9.812774369493126869e-04 6.081702667870558798e-05 7.922615623101592064e-05 3.074528358411043882e-04 1.989640004467219114e-04 1.988677249755710363e-04
9.812774369493126869e-04 6.081702667870558798e-05 7.922615623101592064e-05 3.074528358411043882e-04 1.989640004467219114e-04 1.988677249755710363e-04
9.812774369493126869e-04 6.081702667870558798e-05 7.922615623101592064e-05 3.074528358411043882e-04 1.989640004467219114e-04 1.988677249755710363e-04
9.812774369493126869e-04 6.081702667870558798e-05 7.922615623101592064e-05 3.074528358411043882e-04 1.989640004467219114e-04 1.988677249755710363e-04
9.812774369493126869e-04 6.081702667870558798e-05 7.922615623101592064e-05 3.074528358411043882e-04 1.989640004467219114e-04 1.988677249755710363e-04
9.812774369493126869e-04 6.081702667870558798e-05 7.922615623101592064e-05 3.074528358411043882e-04 1.989640004467219114e-04 1.988677249755710363e-04
9.812774369493126869e-04 6.081702667870558798e-05 7.922615623101592064e-05 3.074528358411043882e-04 1.989640004467219114e-04 1.988677249755710363e-04
9.812774369493126869e-04 6.081702667870558798e-05 7.922615623101592064e-05 3.074528358411043882e-04 1.989640004467219114e-04 1.988677249755710363e-04
9.812774369493126869e-04 6.081702667870558798e-05 7.922615623101592064e-05 3.074528358411043882e-04 1.989640004467219114e-04 1.988677249755710363e-04
9.812774369493126869e-04 6.081702667870558798e-05 7.922615623101592064e-05 3.074528358411043882e-04 1.989640004467219114e-04 1.988677249755710363e-04
9.812774369493126869e-04 6.081702667870558798e-05 7.922615623101592064e-05 3.074528358411043882e-04 1.989640004467219114e-04 1.988677249755710363e-04
9.812774369493126869e-04 6.081702667870558798e-05 7.922615623101592064e-05 3.074528358411043882e-04 1.989640004467219114e-04 1.988677249755710363e-04
9.812774369493126869e-04 6.081702667870558798e-05 7.922615623101592064e-05 3.074528358411043882e-04 1.989640004467219114e-04 1.988677249755710363e-04
9.812774369493126869e-04 6.081702667870558798e-05 7.922615623101592064e-05 3.074528358411043882e-04 1.989640004467219114e-04 1.988677249755710363e-04
9.812774369493126869e-04 6.081702667870558798e-05 7.922615623101592064e-05 3.074528358411043882e-04 1.989640004467219114e-04 1.988677249755710363e-04
9.812774369493126869e-04 6.081702667870558798e-05 7.922615623101592064e-05 3.074528358411043882e-04 1.989640004467219114e-04 1.988677249755710363e-04
9.812774369493126869e-04 6.081702667870558798e-05 7.922615623101592064e-05 3.074528358411043882e-04 1.989640004467219114e-04 1.988677249755710363e-04
9.812774369493126869e-04 6.081702667870558798e-05 7.922615623101592064e-05 3.074528358411043882e-04 1.989640004467219114e-04 1.988677249755710363e-04
9.812774369493126869e-04 6.081702667870558798e-05 7.922615623101592064e-05 3.074528358411043882e-04 1.989640004467219114e-04 1.988677249755710363e-04
9.812774369493126869e-04 6.081702667870558798e-05 7.922615623101592064e-05 3.074528358411043882e-04 1.989640004467219114e-04 1.988677249755710363e-04
9.812774369493126869e-04 6.081702667870558798e-05 7.922615623101592064e-05 3.074528358411043882e-04 1.989640004467219114e-04 1.988677249755710363e-04
9.812774369493126869e-04 6.081702667870558798e-05 7.922615623101592064e-05 3.074528358411043882e-04 1.989640004467219114e-04 1.988677249755710363e-04
9.812774369493126869e-04 6.081702667870558798e-05 7.922615623101592064e-05 3.074528358411043882e-04 1.989640004467219114e-04 1.988677249755710363e-04
9.812774369493126869e-04 6.081702667870558798e-05 7.922615623101592064e-05 3.074528358411043882e-04 1.989640004467219114e-04 1.988677249755710363e-04
9.812774369493126869e-04 6.081702667870558798e-05 7.922615623101592064e-05 3.074528358411043882e-04 1.989640004467219114e-04 1.988677249755710363e-04
9.812774369493126869e-04 6.081702667870558798e-05 7.922615623101592064e-05 3.074528358411043882e-04 1.989640004467219114e-04 1.988677249755710363e-04
9.812774369493126869e-04 6.081702667870558798e-05 7.922615623101592064e-05 3.074528358411043882e-04 1.989640004467219114e-04 1.988677249755710363e-04
9.812774369493126869e-04 6.081702667870558798e-05 7.922615623101592064e-05 3.074528358411043882e-04 1.989640004467219114e-04 1.988677249755710363e-04
9.812774369493126869e-04 6.081702667870558798e-05 7.922615623101592064e-05 3.074528358411043882e-04 1.989640004467219114e-04 1.988677249755710363e-04
9.812774369493126869e-04 6.081702667870558798e-05 7.922615623101592064e-05 3.074528358411043882e-04 1.989640004467219114e-04 1.988677249755710363e-04
9.812774369493126869e-04 6.081702667870558798e-05 7.922615623101592064e-05 3.074528358411043882e-04 1.989640004467219114e-04 1.988677249755710363e-04
