5.051599582657217979e-04 2.300541236763820052e-04 1.036943067447282374e-04 5.624602199532091618e-04 5.886406506760977209e-05 1.642986759543418884e-02
8.079797960817813873e-03 3.105015275650657713e-05 3.641830335254780948e-05 9.222018707077950239e-05 4.041815191158093512e-05 4.079160280525684357e-04
1.289345603436231613e-02 2.817360609697061591e-06 3.953181931137805805e-06 8.745156083023175597e-05 1.515505459792620968e-06 1.741272397339344025e-03
2.372761629521846771e-02 7.056324875520658679e-07 8.096522492451185826e-07 6.104557542130351067e-05 2.512470871351979440e-07 1.557165407575666904e-03
4.659160971641540527e-02 9.800805855775251985e-08 2.153038707319865352e-07 2.210181992268189788e-05 4.704065759142395109e-08 2.338938938919454813e-04
1.553967446088790894e-01 3.785789104426839913e-08 9.219778718261295580e-08 8.009014891285914928e-06 2.010981781097598287e-08 3.736518192454241216e-05
3.589995503425598145e-01 1.887340594919351133e-08 4.128200359332367952e-08 3.675414745885063894e-06 1.138871663641793930e-08 1.959203655133023858e-05
3.817068338394165039e-01 1.823081952068150713e-08 3.388192126863032172e-08 3.396613919903757051e-06 1.241070712865166570e-08 1.586018333910033107e-05
4.689292013645172119e-01 1.627909362866830634e-08 3.506977463985094801e-08 2.776531800918746740e-06 1.188559828335655766e-08 1.275178237847285345e-05
5.792800188064575195e-01 2.059475967541857244e-08 4.387440100117601105e-08 2.975061761389952153e-06 1.494985113481561712e-08 1.146506747318198904e-05
6.045233011245727539e-01 1.876910182829760743e-08 4.157686817052308470e-08 2.399780669293249957e-06 1.130648019653790470e-08 1.083103416021913290e-05
6.618866920471191406e-01 1.876050781390858901e-08 4.165433153957565082e-08 2.173338998545659706e-06 1.000659644034840312e-08 1.167056507256347686e-05
6.871665120124816895e-01 2.639941953930247109e-08 5.584047713114159706e-08 2.603151187940966338e-06 1.426977824792174943e-08 1.466610046918503940e-05
7.709581255912780762e-01 2.319424119434643217e-08 4.821479748784440744e-08 1.930891585288918577e-06 1.318486297918752825e-08 1.352025356027297676e-05
8.225743174552917480e-01 2.049917924296096317e-08 4.015098653553650365e-08 1.370761424368538428e-06 1.290100737350030613e-08 9.952877917385194451e-06
8.521128296852111816e-01 2.261935172498397151e-08 4.064558467575807299e-08 1.156605435426172335e-06 1.458664122822028730e-08 1.019250794342951849e-05
8.643400073051452637e-01 2.028837720047249604e-08 3.412803550872922642e-08 9.183597740047844127e-07 1.418016726262294469e-08 8.151218025886919349e-06
8.697682023048400879e-01 1.998383147849835950e-08 3.191994579765378148e-08 7.264405326168343890e-07 1.393091419998881975e-08 7.805608220223803073e-06
8.668528795242309570e-01 2.070262361542063445e-08 2.921777131348335388e-08 6.559955068041745108e-07 1.604483834682923771e-08 7.225271019706269726e-06
8.615084886550903320e-01 2.458223669066228467e-08 3.034320172901061596e-08 7.022064210104872473e-07 1.940339267036961246e-08 8.067403541645035148e-06
8.614458441734313965e-01 2.822637945598671649e-08 3.273305893003453093e-08 7.608578016515821218e-07 2.174432189860908693e-08 7.577386440971167758e-06
8.575244545936584473e-01 3.862719566427585960e-08 4.182734159030587762e-08 9.475070328335277736e-07 2.725871794950762705e-08 8.495127985952422023e-06
8.537130355834960938e-01 4.678007314851129195e-08 4.458025415488009457e-08 1.008480353448248934e-06 3.133228076990235422e-08 8.551792234356980771e-06
8.365297317504882812e-01 5.939855896031076554e-08 5.225085075721835892e-08 1.209138531521602999e-06 4.065141823161866341e-08 1.018007878883508965e-05
8.425574302673339844e-01 6.874093116948643001e-08 5.634449706803934532e-08 1.236269895343866665e-06 4.762535255053990113e-08 1.091100602934602648e-05
8.494958281517028809e-01 7.427576065310859121e-08 5.455513729657468502e-08 1.115861778089310974e-06 4.882434367914356699e-08 9.886812222248408943e-06
8.379006385803222656e-01 1.011383048421521380e-07 7.007228930433484493e-08 1.401519398314121645e-06 6.056622225969476858e-08 1.204035743285203353e-05
8.200196027755737305e-01 1.239858988810738083e-07 8.880491009222168941e-08 1.686521045485278592e-06 6.828847176620911341e-08 1.298201914323726669e-05
8.093748092651367188e-01 1.614914424408198101e-07 9.987167715053146821e-08 1.742104586810455658e-06 8.661541528454108629e-08 1.357270775770302862e-05
8.085418343544006348e-01 1.711223234224235057e-07 1.002547520556618110e-07 1.710308765723311808e-06 9.054274130448902724e-08 1.284753034269670025e-05
7.863571643829345703e-01 2.523213993299577851e-07 1.356691541332111228e-07 2.148058001694153063e-06 1.176310959749571339e-07 1.516716838523279876e-05
7.721410989761352539e-01 3.178721215135738021e-07 1.496154169444707804e-07 2.434811449347762391e-06 1.344603077768624644e-07 1.698316555120982230e-05
7.491094470024108887e-01 4.864284051109279972e-07 1.969958987046993570e-07 3.076657094425172545e-06 1.833384857263808954e-07 2.057390520349144936e-05
7.333513498306274414e-01 6.274444217524433043e-07 2.302669912523924722e-07 3.593023848225129768e-06 2.375492584860694478e-07 2.509013211238197982e-05
7.271799445152282715e-01 8.824741826174431480e-07 2.851348313015478197e-07 4.637555321096442640e-06 3.122509895092662191e-07 2.857236358977388591e-05
7.073243856430053711e-01 1.285117832594551146e-06 3.788569529206142761e-07 5.970852726022712886e-06 4.320579591876594350e-07 3.450137228355742991e-05
6.953331232070922852e-01 1.736189574330637697e-06 4.465959477784053888e-07 7.480939984816359356e-06 5.442336146188608836e-07 3.833224764093756676e-05
6.656047701835632324e-01 2.523471721360692754e-06 5.828679263686353806e-07 9.572106137056834996e-06 7.184298169704561587e-07 4.489238199312239885e-05
6.640964746475219727e-01 2.673991957635735162e-06 5.697352776223851833e-07 9.933370165526866913e-06 7.104839596649981104e-07 4.563084075925871730e-05
6.323019266128540039e-01 3.861718141706660390e-06 7.455979584847227670e-07 1.308804257860174403e-05 8.821392043500964064e-07 5.599218638963066041e-05
6.235010623931884766e-01 4.998505573894362897e-06 8.830630235934222583e-07 1.466165213059866801e-05 1.036729713632666972e-06 6.563294300576671958e-05
6.252158284187316895e-01 5.438559583126334473e-06 8.814710099613876082e-07 1.472990425099851564e-05 1.006898060040839482e-06 6.870922516100108624e-05
5.979319214820861816e-01 6.839352863607928157e-06 1.059759938470961060e-06 1.690492717898450792e-05 1.194791479974810500e-06 7.301016739802435040e-05
5.692554116249084473e-01 9.587851309333927929e-06 1.342362907053029630e-06 2.154143840016331524e-05 1.516311044724716339e-06 8.686235378263518214e-05
5.690585970878601074e-01 1.103300746763125062e-05 1.426654876013344619e-06 2.184293771279044449e-05 1.561330918775638565e-06 8.535186498193070292e-05
5.474752783775329590e-01 1.424676975148031488e-05 1.714427980914479122e-06 2.594785655674058944e-05 1.819932776925270446e-06 9.973407577490434051e-05
5.295960307121276855e-01 1.966274066944606602e-05 2.104080294884624891e-06 2.888874587370082736e-05 2.208930027336464263e-06 1.163719134638085961e-04
5.286819934844970703e-01 2.325411878700833768e-05 2.273996415169676766e-06 2.917471101682167500e-05 2.387094582445570268e-06 1.241462741745635867e-04
4.951639473438262939e-01 3.336276859045028687e-05 3.009116198882111348e-06 3.640352224465459585e-05 3.129875267404713668e-06 1.452550059184432030e-04
4.745660424232482910e-01 4.299203646951355040e-05 3.382698196219280362e-06 3.730033495230600238e-05 3.452667442616075277e-06 1.563557016197592020e-04
4.804507195949554443e-01 4.641386840376071632e-05 3.515150865496252663e-06 3.925376222468912601e-05 3.651558472483884543e-06 1.620949042262509465e-04
4.705060422420501709e-01 6.407075852621346712e-05 4.208136942907003686e-06 4.663941217586398125e-05 4.478611117519903928e-06 1.783960906323045492e-04
4.652465879917144775e-01 7.790714880684390664e-05 4.716031071438919753e-06 5.050000982009805739e-05 4.901086413156008348e-06 1.994540798477828503e-04
4.746449589729309082e-01 7.878333417465910316e-05 4.658816578739788383e-06 4.908179835183545947e-05 4.836577772948658094e-06 1.817907614167779684e-04
4.446326196193695068e-01 1.174420613097026944e-04 6.133304850663989782e-06 5.763803710578940809e-05 6.156951712910085917e-06 2.139165590051561594e-04
4.433876872062683105e-01 1.357901346636936069e-04 6.204176315804943442e-06 5.990167483105324209e-05 6.651401236013043672e-06 2.256422303617000580e-04
4.318248629570007324e-01 1.583472476340830326e-04 6.666591161774704233e-06 6.641179788857698441e-05 7.307462055905489251e-06 2.265880175400525331e-04
4.278648495674133301e-01 1.940667571034282446e-04 7.058123173919739202e-06 7.164669659687206149e-05 8.021527719392906874e-06 2.255590225104242563e-04
5.576053261756896973e-02 8.125943168124649674e-06 1.291084004151343834e-06 1.443357541575096548e-05 1.465296577407571021e-06 9.815219091251492500e-04
3.588780818972736597e-04 2.638162914081476629e-05 3.713442310981918126e-06 8.934451216191519052e-06 1.426477319910191000e-05 2.195242792367935181e-03
3.755836223717778921e-05 2.145649159501772374e-05 4.074575826962245628e-06 2.126169965777080506e-05 6.384644166246289387e-06 3.794841468334197998e-04
2.553904050728306174e-05 2.484192191332112998e-05 1.093833452614489943e-05 6.191252759890630841e-05 1.026324480335460976e-05 4.411240224726498127e-04
5.674310887116007507e-05 5.119861089042387903e-05 4.326923226471990347e-05 8.089653420029208064e-05 2.540048990340437740e-05 6.491570966318249702e-04
8.552065264666453004e-05 3.601836942834779620e-05 3.692424797918647528e-05 5.220185266807675362e-05 1.842834171839058399e-05 6.423590239137411118e-04
1.072526792995631695e-04 3.874990579788573086e-05 4.150305539951659739e-05 4.782460746355354786e-05 1.883001277747098356e-05 5.911380285397171974e-04
8.456080831820145249e-05 2.977964686579070985e-05 3.065884448005817831e-05 6.071682219044305384e-05 1.056763176165986806e-05 7.475244347006082535e-04
7.447459211107343435e-05 2.846813367796130478e-05 3.065911732846871018e-05 8.171310037141665816e-05 8.632701792521402240e-06 7.485419046133756638e-04
8.258371235569939017e-05 2.973122900584712625e-05 2.709618820517789572e-05 7.907682447694242001e-05 8.099419574136845767e-06 6.142109632492065430e-04
8.536237146472558379e-05 2.668170600372832268e-05 2.627150024636648595e-05 5.871398025192320347e-05 7.489833933504996821e-06 5.445422721095383167e-04
1.072028899216093123e-04 2.475633118592668325e-05 2.328738082724157721e-05 5.565244646277278662e-05 7.347145583480596542e-06 8.767967810854315758e-04
1.100402150768786669e-04 1.882286778709385544e-05 1.677541513345204294e-05 3.859203206957317889e-05 6.774132543796440586e-06 7.684734300710260868e-04
7.641774573130533099e-05 1.905456338135991246e-05 1.361574686598032713e-05 5.723796493839472532e-05 6.526791366923134774e-06 8.834177860990166664e-04
1.088747521862387657e-04 2.476819099683780223e-05 1.798483572201803327e-05 6.842823495389893651e-05 8.189622349163983017e-06 8.134497911669313908e-04
1.034330925904214382e-04 2.315510027983691543e-05 2.037028934864792973e-05 5.015135684516280890e-05 1.026197969622444361e-05 6.594815058633685112e-04
1.349161029793322086e-04 2.647254768817219883e-05 1.990469900192692876e-05 5.036597212892957032e-05 8.606032679381314665e-06 7.265036110766232014e-04
1.552747417008504272e-04 3.646883124019950628e-05 2.917258643719833344e-05 7.530402945121750236e-05 1.066335516952676699e-05 9.990780381485819817e-04
1.239490811713039875e-04 4.379342499305494130e-05 4.134256960242055357e-05 9.159815817838534713e-05 1.156091275333892554e-05 9.576856391504406929e-04
1.072959275916218758e-04 4.633778371498920023e-05 4.046859976369887590e-05 7.152475154725834727e-05 1.171874282590579242e-05 8.729447145015001297e-04
6.711565220030024648e-05 4.573237674776464701e-05 3.340876719448715448e-05 7.938410999486222863e-05 1.283111851080320776e-05 1.358197652734816074e-03
9.915345435729250312e-05 5.814523683511652052e-05 3.336658483021892607e-05 9.280295489588752389e-05 1.506390071881469339e-05 1.624798984266817570e-03
1.494015014031901956e-04 7.273825031006708741e-05 4.451482891454361379e-05 1.620569964870810509e-04 1.647118006076198071e-05 1.753550372086465359e-03
1.236070093000307679e-04 7.303055463125929236e-05 4.977575372322462499e-05 1.181132247438654304e-04 2.029035749728791416e-05 1.344885327853262424e-03
7.893197471275925636e-05 6.220775685505941510e-05 4.073281525052152574e-05 1.020938070723786950e-04 1.729934774630237371e-05 1.635896274819970131e-03
9.024137398228049278e-05 6.950404349481686950e-05 4.290252400096505880e-05 1.272878143936395645e-04 1.808812157833017409e-05 1.865746569819748402e-03
9.652492735767737031e-05 5.679960304405540228e-05 3.575704613467678428e-05 1.579767704242840409e-04 1.279711887036683038e-05 1.713437959551811218e-03
1.355330605292692780e-04 6.459775613620877266e-05 4.481512223719619215e-05 2.448537270538508892e-04 1.249098750122357160e-05 1.910885213874280453e-03
1.230626512551680207e-04 6.323839625110849738e-05 4.498438647715374827e-05 2.305615489603951573e-04 1.530070039734710008e-05 2.087694359943270683e-03
1.265060767252634832e-08 3.303498274931371270e-08 3.285990146650874522e-08 1.684190351625147741e-07 4.915158946516839933e-09 3.072452273045200855e-06
4.891629856729196035e-08 2.308585145271990768e-08 2.308475011147947953e-08 2.243374552790555754e-07 7.615577501951520389e-09 5.457044608192518353e-06
1.320738920185249299e-05 1.479096113143896218e-06 7.205377414720715024e-07 1.287810937355970964e-05 4.542225440218317090e-07 2.702064230106770992e-04
2.867206967493984848e-05 1.933749445015564561e-06 5.877349735783354845e-07 9.253220014215912670e-06 1.364717149954230990e-06 4.641618579626083374e-04
4.326141061028465629e-05 5.937797595834126696e-06 1.336711193289374933e-06 3.698540240293368697e-05 2.643512061695219018e-06 1.193838310427963734e-03
6.132273847470059991e-05 4.571286808641161770e-06 1.007526293506089132e-06 3.893060420523397624e-05 2.854795184248359874e-06 1.504973159171640873e-03
6.585428491234779358e-05 4.549541245069121942e-06 7.794080261191993486e-07 3.442455272306688130e-05 1.708359036456386093e-06 1.312692649662494659e-03
9.007907647173851728e-05 4.762767730426276103e-06 7.300180868696770631e-07 4.125503619434311986e-05 1.355554445581219625e-06 1.355345011688768864e-03
1.173499695141799748e-04 4.603471552400151268e-06 6.617052008550672326e-07 2.906408190028741956e-05 1.193906769003660884e-06 1.267802785150706768e-03
7.726319745415821671e-05 5.636306923406664282e-06 9.359078489978855941e-07 5.682845949195325375e-05 2.269594460813095793e-06 1.860152813605964184e-03
9.106979268835857511e-05 8.913850251701660454e-06 1.375330953123921063e-06 6.991635018493980169e-05 2.574691052359412424e-06 1.749708084389567375e-03
1.054512395057827234e-04 7.629480933246668428e-06 1.411535436091071460e-06 6.821701390435919166e-05 3.161823542541242205e-06 2.381379716098308563e-03
1.279440621146932244e-04 8.183602403732948005e-06 1.183016593131469563e-06 5.573161251959390938e-05 3.198412059646216221e-06 2.054280135780572891e-03
9.830710041569545865e-05 9.075503839994780719e-06 1.163046704277803656e-06 5.997429980197921395e-05 2.908949682023376226e-06 1.985665876418352127e-03
