1.127177715301513672e+01
1.580040550231933594e+01
1.797060203552246094e+01
1.866047096252441406e+01
1.892842292785644531e+01
1.912407684326171875e+01
1.925325965881347656e+01
1.936041641235351562e+01
1.944948387145996094e+01
1.952655220031738281e+01
1.961723709106445312e+01
1.969039726257324219e+01
1.975347900390625000e+01
1.981962203979492188e+01
1.990013694763183594e+01
1.996551322937011719e+01
2.003103828430175781e+01
2.009713554382324219e+01
2.018768119812011719e+01
2.024113082885742188e+01
2.031915664672851562e+01
2.038913536071777344e+01
2.043073081970214844e+01
2.051026535034179688e+01
2.056750869750976562e+01
2.063484191894531250e+01
2.068984985351562500e+01
2.072561645507812500e+01
2.078614807128906250e+01
2.083703231811523438e+01
2.088976287841796875e+01
2.094591712951660156e+01
2.099358558654785156e+01
2.104422760009765625e+01
2.109020233154296875e+01
2.113166046142578125e+01
2.118098258972167969e+01
2.122487831115722656e+01
2.127202796936035156e+01
2.131233215332031250e+01
2.136018371582031250e+01
2.140365982055664062e+01
2.145228385925292969e+01
2.149718475341796875e+01
2.154767990112304688e+01
2.160183334350585938e+01
2.164837646484375000e+01
2.169576835632324219e+01
2.175107574462890625e+01
2.179718971252441406e+01
2.185179328918457031e+01
