          0  0.16335477  7.86868191
        100  0.03250809 14.88008499
        200  0.02880501 15.40531921
        300  0.02571731 15.89774418
        400  0.02254108 16.47025299
        500  0.01809956 17.42332077
        600  0.01826734 17.38324738
        700  0.01551525 18.09241295
        800  0.01379592 18.60249138
        900  0.01327274 18.77039528
       1000  0.01201228 19.20374489
       1100  0.01284498 18.91266632
       1200  0.01072270 19.69695663
       1300  0.01060900 19.74325562
       1400  0.00943844 20.25099754
       1500  0.00915315 20.38429260
       1600  0.00903255 20.44189835
       1700  0.00791331 21.01641846
       1800  0.00827906 20.82018852
       1900  0.00735854 21.33208466
       2000  0.00782358 21.06594658
       2100  0.00709288 21.49177170
       2200  0.00676032 21.70032883
       2300  0.00710537 21.48413086
       2400  0.00665829 21.76637459
       2500  0.00669392 21.74319458
       2600  0.00626701 22.02939987
       2700  0.00611581 22.13546181
       2800  0.00588425 22.30308533
       2900  0.00595747 22.24938393
       3000  0.00580605 22.36119080
       3100  0.00600457 22.21518135
       3200  0.00602320 22.20172691
       3300  0.00560080 22.51749611
       3400  0.00558990 22.52596283
       3500  0.00556995 22.54148293
       3600  0.00571667 22.42856598
       3700  0.00562561 22.49830437
       3800  0.00600675 22.21360207
       3900  0.00565086 22.47885132
       4000  0.00581254 22.35633850
       4100  0.00566800 22.46569824
       4200  0.00562757 22.49678993
       4300  0.00576654 22.39084816
       4400  0.00526844 22.78318214
       4500  0.00553486 22.56892967
       4600  0.00625010 22.04112816
       4700  0.00549151 22.60308647
       4800  0.00521795 22.82500458
       4900  0.00508461 22.93742180
       5000  0.00617598 22.09294319
