5.850436718901619315e-05 5.850436718901619315e-05 2.152133311028592288e-05 1.374564999423455447e-05 6.763394048903137445e-05 2.123424019373487681e-05
1.203694730065762997e-03 1.203694730065762997e-03 1.635031512705609202e-04 3.298431693110615015e-04 6.446607294492423534e-04 3.997180028818547726e-04
2.107918262481689453e-03 2.107918262481689453e-03 5.985915413475595415e-05 7.273145020008087158e-04 6.463084719143807888e-04 1.104863942600786686e-03
9.947309270501136780e-03 9.947309270501136780e-03 2.738770272117108107e-04 3.231503069400787354e-03 2.140199299901723862e-03 5.065759643912315369e-03
3.870749101042747498e-02 3.870749101042747498e-02 4.901381907984614372e-04 8.176331408321857452e-03 5.628725048154592514e-03 1.253710128366947174e-02
2.238308638334274292e-01 2.238308638334274292e-01 1.077267923392355442e-03 2.163209952414035797e-02 1.068974379450082779e-02 5.405214801430702209e-02
5.591042041778564453e-01 5.591042041778564453e-01 1.648259814828634262e-03 4.221714287996292114e-02 1.518045552074909210e-02 1.018100529909133911e-01
7.045216560363769531e-01 7.045216560363769531e-01 9.356753434985876083e-04 4.370602592825889587e-02 8.592678233981132507e-03 1.246797665953636169e-01
8.101567625999450684e-01 8.101567625999450684e-01 5.308141116984188557e-04 3.718016296625137329e-02 5.387561395764350891e-03 1.006170511245727539e-01
8.340584039688110352e-01 8.340584039688110352e-01 2.917547244578599930e-04 3.504167124629020691e-02 5.156515166163444519e-03 9.690117835998535156e-02
8.192953467369079590e-01 8.192953467369079590e-01 3.134847502224147320e-04 3.442099690437316895e-02 4.886779934167861938e-03 1.184358149766921997e-01
8.266173005104064941e-01 8.266173005104064941e-01 3.035315021406859159e-04 2.990113012492656708e-02 4.511042498052120209e-03 1.193611249327659607e-01
8.660244345664978027e-01 8.660244345664978027e-01 3.150395932607352734e-04 2.269171178340911865e-02 3.891386557370424271e-03 9.298340976238250732e-02
8.819357752799987793e-01 8.819357752799987793e-01 2.749717968981713057e-04 1.892647519707679749e-02 3.249433124437928200e-03 8.385123312473297119e-02
8.986620903015136719e-01 8.986620903015136719e-01 2.496561792213469744e-04 1.645500212907791138e-02 2.764519071206450462e-03 7.179823517799377441e-02
8.890349864959716797e-01 8.890349864959716797e-01 2.970877685584127903e-04 1.646868139505386353e-02 2.806558040902018547e-03 8.107143640518188477e-02
8.894661664962768555e-01 8.894661664962768555e-01 3.319334937259554863e-04 1.561693008989095688e-02 2.848992124199867249e-03 8.152890950441360474e-02
8.941171765327453613e-01 8.941171765327453613e-01 4.242424620315432549e-04 1.351345423609018326e-02 2.679316559806466103e-03 7.978935539722442627e-02
9.058272242546081543e-01 9.058272242546081543e-01 4.738596617244184017e-04 1.221150625497102737e-02 2.673519542440772057e-03 7.010737061500549316e-02
9.146386981010437012e-01 9.146386981010437012e-01 5.177814164198935032e-04 9.877773001790046692e-03 2.204472431913018227e-03 6.483344733715057373e-02
9.146943688392639160e-01 9.146943688392639160e-01 5.135182291269302368e-04 9.693029336631298065e-03 2.070501213893294334e-03 6.492624431848526001e-02
9.171769022941589355e-01 9.171769022941589355e-01 4.350743547547608614e-04 9.754948318004608154e-03 1.944417832419276237e-03 6.289003789424896240e-02
9.180445075035095215e-01 9.180445075035095215e-01 4.334027471486479044e-04 1.019096095114946365e-02 2.004829002544283867e-03 6.169113144278526306e-02
9.203287363052368164e-01 9.203287363052368164e-01 4.808405064977705479e-04 1.046984642744064331e-02 2.028575167059898376e-03 5.936659500002861023e-02
9.177331924438476562e-01 9.177331924438476562e-01 5.318129551596939564e-04 1.090486999601125717e-02 2.060197526589035988e-03 6.113243103027343750e-02
9.177770614624023438e-01 9.177770614624023438e-01 5.713492864742875099e-04 1.111091766506433487e-02 2.098941011354327202e-03 6.101734191179275513e-02
9.167200326919555664e-01 9.167200326919555664e-01 6.398342084139585495e-04 1.146300043910741806e-02 2.171925734728574753e-03 6.131037324666976929e-02
9.145112037658691406e-01 9.145112037658691406e-01 7.372720865532755852e-04 1.202509272843599319e-02 2.260090084746479988e-03 6.240014731884002686e-02
9.112641811370849609e-01 9.112641811370849609e-01 8.485426078550517559e-04 1.256670523434877396e-02 2.301537431776523590e-03 6.454264372587203979e-02
9.111052751541137695e-01 9.111052751541137695e-01 8.969887858256697655e-04 1.251889578998088837e-02 2.233432373031973839e-03 6.466470658779144287e-02
9.083810448646545410e-01 9.083810448646545410e-01 9.898970602080225945e-04 1.293291617184877396e-02 2.267710398882627487e-03 6.655913591384887695e-02
9.070138931274414062e-01 9.070138931274414062e-01 1.114496961236000061e-03 1.332303788512945175e-02 2.305548405274748802e-03 6.697612255811691284e-02
9.063587188720703125e-01 9.063587188720703125e-01 1.171720563434064388e-03 1.364040654152631760e-02 2.392672700807452202e-03 6.680785119533538818e-02
9.045870304107666016e-01 9.045870304107666016e-01 1.261448138393461704e-03 1.421720534563064575e-02 2.361192367970943451e-03 6.777495890855789185e-02
9.039785265922546387e-01 9.039785265922546387e-01 1.410632277838885784e-03 1.430487912148237228e-02 2.476841909810900688e-03 6.778170913457870483e-02
9.035411477088928223e-01 9.035411477088928223e-01 1.570646185427904129e-03 1.499787066131830215e-02 2.576074330136179924e-03 6.717259436845779419e-02
9.015780091285705566e-01 9.015780091285705566e-01 1.655259169638156891e-03 1.531645003706216812e-02 2.692858222872018814e-03 6.847481429576873779e-02
8.995328545570373535e-01 8.995328545570373535e-01 1.722392044030129910e-03 1.606750302016735077e-02 2.828924218192696571e-03 6.941653788089752197e-02
8.987570405006408691e-01 8.987570405006408691e-01 1.874922774732112885e-03 1.688185520470142365e-02 2.940477570518851280e-03 6.935984641313552856e-02
8.942241072654724121e-01 8.942241072654724121e-01 2.002088353037834167e-03 1.778105460107326508e-02 3.027119208127260208e-03 7.232643663883209229e-02
8.928710222244262695e-01 8.928710222244262695e-01 2.112292917445302010e-03 1.838014647364616394e-02 3.096135100349783897e-03 7.283131778240203857e-02
8.913002610206604004e-01 8.913002610206604004e-01 2.441584831103682518e-03 1.955136284232139587e-02 3.341884817928075790e-03 7.270915061235427856e-02
8.869398832321166992e-01 8.869398832321166992e-01 2.432392211630940437e-03 1.981873624026775360e-02 3.302631434053182602e-03 7.661662250757217407e-02
8.879639506340026855e-01 8.879639506340026855e-01 2.422126010060310364e-03 1.961322687566280365e-02 3.288206178694963455e-03 7.581101357936859131e-02
8.888103365898132324e-01 8.888103365898132324e-01 2.683571539819240570e-03 1.995236054062843323e-02 3.314346773549914360e-03 7.470153272151947021e-02
8.906303644180297852e-01 8.906303644180297852e-01 2.820763271301984787e-03 1.965256407856941223e-02 3.191795898601412773e-03 7.326261699199676514e-02
8.903221487998962402e-01 8.903221487998962402e-01 2.969142980873584747e-03 1.938145421445369720e-02 3.155206330120563507e-03 7.362957298755645752e-02
8.921830058097839355e-01 8.921830058097839355e-01 2.962403930723667145e-03 1.907890662550926208e-02 3.098550485447049141e-03 7.240579277276992798e-02
8.941124081611633301e-01 8.941124081611633301e-01 3.232703078538179398e-03 1.921105943620204926e-02 3.105025971308350563e-03 7.034999132156372070e-02
8.950035572052001953e-01 8.950035572052001953e-01 3.347041551023721695e-03 1.871100626885890961e-02 3.008764469996094704e-03 7.006774097681045532e-02
8.953815698623657227e-01 8.953815698623657227e-01 3.372697159647941589e-03 1.887079700827598572e-02 3.049582475796341896e-03 6.947956979274749756e-02
