          0  0.04904223 13.09429836
        100  0.00965203 20.15381241
        200  0.00840279 20.75576401
        300  0.00758297 21.20160484
        400  0.00743092 21.28957367
        500  0.00722803 21.40980339
        600  0.00737909 21.31997108
        700  0.00721916 21.41513443
        800  0.00705190 21.51693726
        900  0.00721291 21.41889191
       1000  0.00708594 21.49602699
       1100  0.00697947 21.56177330
       1200  0.00695639 21.57616043
       1300  0.00692033 21.59873390
       1400  0.00685501 21.63991737
       1500  0.00679636 21.67723465
       1600  0.00678120 21.68693352
       1700  0.00682133 21.66131210
       1800  0.00675049 21.70664597
       1900  0.00677456 21.69119072
       2000  0.00675073 21.70649147
       2100  0.00669870 21.74009514
       2200  0.00654960 21.83785057
       2300  0.00651330 21.86198997
       2400  0.00649081 21.87701225
       2500  0.00647198 21.88962555
       2600  0.00641376 21.92887306
       2700  0.00639717 21.94011879
       2800  0.00642772 21.91943169
       2900  0.00639383 21.94239235
       3000  0.00637041 21.95832443
       3100  0.00627183 22.02605629
       3200  0.00629200 22.01211357
       3300  0.00622615 22.05780220
       3400  0.00622020 22.06195450
       3500  0.00619342 22.08069229
       3600  0.00619826 22.07730293
       3700  0.00617522 22.09347725
       3800  0.00620150 22.07503319
       3900  0.00621526 22.06541061
       4000  0.00604578 22.18547630
       4100  0.00604450 22.18639565
       4200  0.00604123 22.18874550
       4300  0.00603024 22.19665718
       4400  0.00596095 22.24684525
       4500  0.00596820 22.24156380
       4600  0.00591683 22.27910995
       4700  0.00587129 22.31266403
       4800  0.00595841 22.24869347
       4900  0.00585607 22.32393646
       5000  0.00581752 22.35262108
