2.099360790452919900e-05 2.099360790452919900e-05 9.160779882222414017e-06 7.103328698576660827e-06 3.129297328996472061e-05 7.649426152056548744e-06
8.047385490499436855e-04 8.047385490499436855e-04 1.403871225193142891e-03 7.959516951814293861e-04 3.059052629396319389e-03 1.616114284843206406e-03
3.707689233124256134e-03 3.707689233124256134e-03 8.263736963272094727e-04 1.197006460279226303e-02 1.469677663408219814e-03 1.635320251807570457e-03
2.065684966510161757e-04 2.065684966510161757e-04 1.164110071840696037e-04 9.904755279421806335e-04 1.729697250993922353e-04 2.313900913577526808e-04
7.099705981090664864e-04 7.099705981090664864e-04 3.711767494678497314e-04 3.762907581403851509e-03 1.809223031159490347e-04 1.952020975295454264e-04
1.546966028399765491e-03 1.546966028399765491e-03 4.097056807950139046e-04 9.096503257751464844e-03 2.045185538008809090e-04 6.588388932868838310e-04
2.510594204068183899e-02 2.510594204068183899e-02 3.009687643498182297e-03 8.677858859300613403e-02 1.844803802669048309e-03 5.564374383538961411e-03
4.327533021569252014e-02 4.327533021569252014e-02 5.631354637444019318e-03 9.763012826442718506e-02 2.410337561741471291e-03 4.943828564137220383e-03
6.313278526067733765e-02 6.313278526067733765e-02 1.093452516943216324e-02 1.081306785345077515e-01 1.595621230080723763e-03 3.517566714435815811e-03
7.112046331167221069e-02 7.112046331167221069e-02 1.307122688740491867e-02 1.055115610361099243e-01 1.351611455902457237e-03 2.556713297963142395e-03
3.422905132174491882e-02 3.422905132174491882e-02 7.805268745869398117e-03 4.408389702439308167e-02 8.312826394103467464e-04 1.430882606655359268e-03
1.937187276780605316e-02 1.937187276780605316e-02 5.091860424727201462e-03 2.548738569021224976e-02 6.144618964754045010e-04 8.677875739522278309e-04
1.673405431210994720e-02 1.673405431210994720e-02 4.517759196460247040e-03 1.829886250197887421e-02 5.665521021001040936e-04 6.787994061596691608e-04
1.834063790738582611e-02 1.834063790738582611e-02 4.562988877296447754e-03 1.702102646231651306e-02 5.806533154100179672e-04 6.962157785892486572e-04
2.436761371791362762e-02 2.436761371791362762e-02 5.532817915081977844e-03 1.906534284353256226e-02 6.943217013031244278e-04 8.332305005751550198e-04
3.867137432098388672e-02 3.867137432098388672e-02 8.102118968963623047e-03 2.797948755323886871e-02 9.703391697257757187e-04 1.173693919554352760e-03
5.447712168097496033e-02 5.447712168097496033e-02 1.159976609051227570e-02 3.283778950572013855e-02 1.185168744996190071e-03 1.397236716002225876e-03
5.435326695442199707e-02 5.435326695442199707e-02 1.160905603319406509e-02 3.202715516090393066e-02 1.185237080790102482e-03 1.455887220799922943e-03
6.934603303670883179e-02 6.934603303670883179e-02 1.394380722194910049e-02 3.460236266255378723e-02 1.540321391075849533e-03 1.413021469488739967e-03
8.156179636716842651e-02 8.156179636716842651e-02 1.524621713906526566e-02 3.908630087971687317e-02 1.827022992074489594e-03 1.486862893216311932e-03
9.357905387878417969e-02 9.357905387878417969e-02 1.473234593868255615e-02 3.961677849292755127e-02 2.118002856150269508e-03 1.569313695654273033e-03
1.131619215011596680e-01 1.131619215011596680e-01 1.562505960464477539e-02 4.362061247229576111e-02 2.769794082269072533e-03 1.595948357135057449e-03
1.310572773218154907e-01 1.310572773218154907e-01 1.674523390829563141e-02 4.772573336958885193e-02 3.033235901966691017e-03 1.784249558113515377e-03
1.482078880071640015e-01 1.482078880071640015e-01 1.628663577139377594e-02 4.661429300904273987e-02 3.249289933592081070e-03 1.645270036533474922e-03
1.717376857995986938e-01 1.717376857995986938e-01 1.682852767407894135e-02 4.855766892433166504e-02 3.447317285463213921e-03 1.705794013105332851e-03
1.961522102355957031e-01 1.961522102355957031e-01 1.843926496803760529e-02 5.381219834089279175e-02 3.943121992051601410e-03 1.751577248796820641e-03
2.426717132329940796e-01 2.426717132329940796e-01 2.237686887383460999e-02 6.375500559806823730e-02 4.606973379850387573e-03 1.904916367493569851e-03
2.677785754203796387e-01 2.677785754203796387e-01 2.504312247037887573e-02 6.410412490367889404e-02 5.510193761438131332e-03 2.066496061161160469e-03
2.945064306259155273e-01 2.945064306259155273e-01 2.882005646824836731e-02 6.559533625841140747e-02 6.742968689650297165e-03 2.127916086465120316e-03
3.167695105075836182e-01 3.167695105075836182e-01 3.138874098658561707e-02 6.548161059617996216e-02 7.162873167544603348e-03 2.122236415743827820e-03
3.815220892429351807e-01 3.815220892429351807e-01 3.634632378816604614e-02 7.206366211175918579e-02 8.570749312639236450e-03 2.195268170908093452e-03
4.375076889991760254e-01 4.375076889991760254e-01 4.172848537564277649e-02 7.938118278980255127e-02 9.519653394818305969e-03 2.355717588216066360e-03
4.654882848262786865e-01 4.654882848262786865e-01 4.473215714097023010e-02 8.799576759338378906e-02 9.851994924247264862e-03 2.614854369312524796e-03
5.066268444061279297e-01 5.066268444061279297e-01 5.118723958730697632e-02 9.689173102378845215e-02 1.035220362246036530e-02 2.807579003274440765e-03
5.165635347366333008e-01 5.165635347366333008e-01 5.106149986386299133e-02 1.019315123558044434e-01 1.183813996613025665e-02 2.972132991999387741e-03
5.445752143859863281e-01 5.445752143859863281e-01 5.700003728270530701e-02 1.146313473582267761e-01 1.234271470457315445e-02 3.292413894087076187e-03
5.566551089286804199e-01 5.566551089286804199e-01 6.160179525613784790e-02 1.260826438665390015e-01 1.316168345510959625e-02 3.427786519750952721e-03
5.621836781501770020e-01 5.621836781501770020e-01 6.847140192985534668e-02 1.361508667469024658e-01 1.398597285151481628e-02 3.525346750393509865e-03
5.765669941902160645e-01 5.765669941902160645e-01 7.021994143724441528e-02 1.398885548114776611e-01 1.461540441960096359e-02 3.525094827637076378e-03
5.814696550369262695e-01 5.814696550369262695e-01 7.393304258584976196e-02 1.403024047613143921e-01 1.517871487885713577e-02 3.418126842007040977e-03
5.780230164527893066e-01 5.780230164527893066e-01 7.938647270202636719e-02 1.447282135486602783e-01 1.648919098079204559e-02 3.640684532001614571e-03
5.636199116706848145e-01 5.636199116706848145e-01 8.293090760707855225e-02 1.491765826940536499e-01 1.805758289992809296e-02 3.789083799347281456e-03
5.556537508964538574e-01 5.556537508964538574e-01 8.658330887556076050e-02 1.571157425642013550e-01 1.950259320437908173e-02 4.097309429198503494e-03
5.400874018669128418e-01 5.400874018669128418e-01 8.991367369890213013e-02 1.619057357311248779e-01 2.047331258654594421e-02 4.342373460531234741e-03
5.325568914413452148e-01 5.325568914413452148e-01 8.913347870111465454e-02 1.663648486137390137e-01 2.252399921417236328e-02 4.443318583071231842e-03
5.250831246376037598e-01 5.250831246376037598e-01 9.442437440156936646e-02 1.671294718980789185e-01 2.255150862038135529e-02 4.529258701950311661e-03
5.276100039482116699e-01 5.276100039482116699e-01 9.399966150522232056e-02 1.665206104516983032e-01 2.426073327660560608e-02 4.521744791418313980e-03
5.262778997421264648e-01 5.262778997421264648e-01 9.839355200529098511e-02 1.727257519960403442e-01 2.433228865265846252e-02 4.611267708241939545e-03
5.353907346725463867e-01 5.353907346725463867e-01 1.025501340627670288e-01 1.732168942689895630e-01 2.394161000847816467e-02 4.825646523386240005e-03
5.429869890213012695e-01 5.429869890213012695e-01 1.015905290842056274e-01 1.618510037660598755e-01 2.558099105954170227e-02 4.678196273744106293e-03
5.515919923782348633e-01 5.515919923782348633e-01 9.979171305894851685e-02 1.581302285194396973e-01 2.644388750195503235e-02 5.014718510210514069e-03
