1.332411193288862705e-04 1.332411193288862705e-04 1.745428889989852905e-04 5.366059951484203339e-03 8.275477739516645670e-05 1.233157236129045486e-03
3.057874564547091722e-04 3.057874564547091722e-04 1.268338412046432495e-03 1.002267375588417053e-02 4.290712997317314148e-03 7.975024636834859848e-04
4.068255366291850805e-04 4.068255366291850805e-04 8.589993230998516083e-03 6.571520119905471802e-03 4.425234161317348480e-03 3.829475957900285721e-03
1.351163838990032673e-03 1.351163838990032673e-03 3.739293292164802551e-02 1.377244666218757629e-02 5.305734928697347641e-03 1.411581505089998245e-02
2.730350941419601440e-03 2.730350941419601440e-03 1.035941913723945618e-01 1.684496924281120300e-02 5.466341506689786911e-03 1.128160115331411362e-02
6.128914188593626022e-03 6.128914188593626022e-03 1.498201191425323486e-01 6.856276094913482666e-02 2.848277799785137177e-03 1.024152059108018875e-02
1.043659821152687073e-02 1.043659821152687073e-02 1.980095356702804565e-01 6.365682929754257202e-02 1.373659819364547729e-03 1.252630632370710373e-02
1.032156124711036682e-02 1.032156124711036682e-02 1.526270359754562378e-01 7.937610149383544922e-02 7.803243934176862240e-04 1.471878308802843094e-02
9.105119854211807251e-03 9.105119854211807251e-03 1.531388014554977417e-01 6.508927047252655029e-02 4.185138677712529898e-04 1.175568252801895142e-02
6.440826691687107086e-03 6.440826691687107086e-03 1.904883831739425659e-01 2.792353928089141846e-02 2.132182562490925193e-04 1.443693228065967560e-02
7.286613807082176208e-03 7.286613807082176208e-03 2.045711874961853027e-01 1.702112704515457153e-02 1.307423081016167998e-04 1.628405973315238953e-02
9.540488943457603455e-03 9.540488943457603455e-03 2.583951950073242188e-01 1.027287449687719345e-02 1.239937264472246170e-04 1.465766318142414093e-02
1.504539698362350464e-02 1.504539698362350464e-02 3.851583003997802734e-01 8.086876943707466125e-03 9.978590242099016905e-05 9.256276302039623260e-03
2.566062100231647491e-02 2.566062100231647491e-02 4.662213921546936035e-01 6.430161651223897934e-03 9.580556070432066917e-05 5.466453265398740768e-03
6.559863686561584473e-02 6.559863686561584473e-02 5.695725083351135254e-01 3.361189272254705429e-03 3.767581802094355226e-05 2.590732881799340248e-03
1.509781479835510254e-01 1.509781479835510254e-01 5.485979318618774414e-01 2.483548363670706749e-03 2.285389564349316061e-05 1.002172357402741909e-03
2.922499179840087891e-01 2.922499179840087891e-01 4.954366087913513184e-01 1.492575276643037796e-03 1.405947386956540868e-05 5.718606407754123211e-04
4.132215976715087891e-01 4.132215976715087891e-01 4.327474236488342285e-01 1.111501711420714855e-03 6.913703600730514154e-06 2.967829932458698750e-04
5.434974431991577148e-01 5.434974431991577148e-01 3.391691148281097412e-01 7.361922180280089378e-04 3.250139116062200628e-06 1.617691596038639545e-04
5.723889470100402832e-01 5.723889470100402832e-01 3.265961706638336182e-01 6.326930597424507141e-04 1.892275577120017260e-06 1.187788730021566153e-04
6.296945810317993164e-01 6.296945810317993164e-01 2.923730611801147461e-01 4.372092662379145622e-04 1.401662416355975438e-06 9.451229561818763614e-05
6.671895384788513184e-01 6.671895384788513184e-01 2.932305932044982910e-01 2.330110582988709211e-04 8.793648476057569496e-07 5.521992352441884577e-05
6.601937413215637207e-01 6.601937413215637207e-01 3.183871507644653320e-01 1.092281163437291980e-04 5.533205467145307921e-07 3.498573278193362057e-05
6.590141654014587402e-01 6.590141654014587402e-01 3.246014118194580078e-01 7.436479791067540646e-05 4.708678602582949679e-07 2.533505539759062231e-05
6.637380719184875488e-01 6.637380719184875488e-01 3.246644139289855957e-01 5.308967229211702943e-05 3.546257403286290355e-07 1.786298889783211052e-05
7.008757591247558594e-01 7.008757591247558594e-01 2.924199104309082031e-01 3.291309985797852278e-05 2.225646369424794102e-07 1.062823321262840182e-05
7.031852006912231445e-01 7.031852006912231445e-01 2.902581691741943359e-01 2.833629150700289756e-05 1.964488518524376559e-07 9.617300747777335346e-06
6.949879527091979980e-01 6.949879527091979980e-01 3.000988066196441650e-01 2.374986615905072540e-05 1.588362010807031766e-07 8.511811756761744618e-06
7.265793085098266602e-01 7.265793085098266602e-01 2.691414356231689453e-01 2.265494367748033255e-05 1.610167856824773480e-07 7.165494480432244018e-06
7.416729927062988281e-01 7.416729927062988281e-01 2.547809183597564697e-01 2.001288157771341503e-05 1.479614297750231344e-07 6.192522050696425140e-06
7.538438439369201660e-01 7.538438439369201660e-01 2.427775859832763672e-01 2.084552943415474147e-05 1.400525349026793265e-07 5.890971806365996599e-06
7.854104042053222656e-01 7.854104042053222656e-01 2.119773924350738525e-01 1.796331889636348933e-05 1.215289699985078187e-07 4.190334948361851275e-06
8.031398653984069824e-01 8.031398653984069824e-01 1.945438086986541748e-01 1.666166463110130280e-05 1.211945601653496851e-07 3.588321305869612843e-06
8.237721920013427734e-01 8.237721920013427734e-01 1.741591393947601318e-01 1.616070585441775620e-05 1.096444322001843830e-07 2.865635678972466849e-06
8.497053384780883789e-01 8.497053384780883789e-01 1.483980715274810791e-01 1.728573988657444715e-05 1.070270485570290475e-07 2.538917215133551508e-06
8.697592616081237793e-01 8.697592616081237793e-01 1.289577782154083252e-01 1.209521542477887124e-05 8.515063854019899736e-08 1.822275521590199787e-06
8.763234615325927734e-01 8.763234615325927734e-01 1.225420087575912476e-01 1.253360642294865102e-05 8.450733446352387546e-08 1.683501409388554748e-06
8.794381618499755859e-01 8.794381618499755859e-01 1.194069236516952515e-01 1.489985243097180501e-05 9.292689640005846741e-08 1.806829800443665590e-06
8.821113109588623047e-01 8.821113109588623047e-01 1.164661794900894165e-01 1.234278352058026940e-05 9.478271323359876988e-08 2.102695134453824721e-06
8.988469839096069336e-01 8.988469839096069336e-01 1.001829579472541809e-01 1.032474392559379339e-05 9.127582245582743781e-08 1.591346631357737351e-06
9.074969887733459473e-01 9.074969887733459473e-01 9.155339002609252930e-02 1.295776019105687737e-05 9.850337789885088569e-08 1.622467948436678853e-06
9.114676713943481445e-01 9.114676713943481445e-01 8.765778690576553345e-02 1.390376837662188336e-05 1.035906151969356870e-07 1.556198753860371653e-06
9.109914898872375488e-01 9.109914898872375488e-01 8.815206587314605713e-02 1.434836485714185983e-05 1.084537970541532559e-07 1.720671889415825717e-06
9.160812497138977051e-01 9.160812497138977051e-01 8.299749344587326050e-02 1.886174140963703394e-05 1.432622838137831423e-07 1.703019506749114953e-06
9.226794242858886719e-01 9.226794242858886719e-01 7.641082257032394409e-02 1.853102367022074759e-05 1.754640805984308827e-07 1.698840037533955183e-06
9.209191203117370605e-01 9.209191203117370605e-01 7.814915478229522705e-02 2.046485678874887526e-05 1.990366200743665104e-07 1.757339077812503092e-06
9.165655970573425293e-01 9.165655970573425293e-01 8.247359842061996460e-02 1.896866342576686293e-05 1.923926191693681176e-07 1.909479578898753971e-06
9.268832802772521973e-01 9.268832802772521973e-01 7.220636308193206787e-02 1.901216091937385499e-05 2.315347842340997886e-07 1.903515453705040272e-06
9.208122491836547852e-01 9.208122491836547852e-01 7.818958163261413574e-02 2.039828177657909691e-05 2.799346816573233809e-07 2.091520627800491638e-06
9.129456877708435059e-01 9.129456877708435059e-01 8.601637184619903564e-02 2.414234222669620067e-05 3.331452376187371556e-07 2.360634198339539580e-06
9.046578407287597656e-01 9.046578407287597656e-01 9.414056688547134399e-02 3.058767470065504313e-05 4.291809716505667893e-07 2.887977643695194274e-06
