9.959145545959472656e+00
1.550543785095214844e+01
1.902988815307617188e+01
2.091056060791015625e+01
2.211875724792480469e+01
2.301650428771972656e+01
2.374660873413085938e+01
2.437384033203125000e+01
2.487637901306152344e+01
2.537572669982910156e+01
2.590752983093261719e+01
2.639968109130859375e+01
2.686371612548828125e+01
2.716927528381347656e+01
2.762028121948242188e+01
2.792349624633789062e+01
2.819710731506347656e+01
2.848126411437988281e+01
2.877400016784667969e+01
2.901417160034179688e+01
2.921475791931152344e+01
2.943216323852539062e+01
2.961240196228027344e+01
2.976084709167480469e+01
2.995137023925781250e+01
3.009347152709960938e+01
3.020452880859375000e+01
3.035554504394531250e+01
3.048608016967773438e+01
3.055389785766601562e+01
3.063153648376464844e+01
3.072914695739746094e+01
3.078766441345214844e+01
3.088739776611328125e+01
3.093922996520996094e+01
3.099261665344238281e+01
3.106207466125488281e+01
3.112485885620117188e+01
3.105325508117675781e+01
3.117661094665527344e+01
3.123557662963867188e+01
3.126517486572265625e+01
3.126770782470703125e+01
3.133731842041015625e+01
3.135667037963867188e+01
3.138402175903320312e+01
3.138221931457519531e+01
3.141530799865722656e+01
3.144541358947753906e+01
3.146117591857910156e+01
3.147396469116210938e+01
