6.653758130603278911e-04
1.746113990444543096e-03
2.709596739016047889e-02
6.408707610055760506e-01
9.426862990356725813e-01
9.447572026625200570e-01
9.293212010748492791e-01
9.131949183003080783e-01
9.132794314946978131e-01
9.212387483926275378e-01
9.574311184429293853e-01
9.721301073119350544e-01
9.765344040179987362e-01
9.786179816206928006e-01
9.776827503224355675e-01
9.773874046388433268e-01
9.763803341220430587e-01
9.753961488412502545e-01
9.796189854476328174e-01
9.758728945582872960e-01
9.776491732963773496e-01
9.707433581158615432e-01
9.631122431327473477e-01
9.602030551129341340e-01
9.510689027003857987e-01
9.465664577643058131e-01
9.363225215709867211e-01
9.230101617655821489e-01
9.107759909006859500e-01
9.109667612669842818e-01
9.039936719018796252e-01
9.178925785041681662e-01
9.278724635229760320e-01
9.317755675538529347e-01
9.404315326596944802e-01
9.413964967448905652e-01
9.418254898041168444e-01
9.376129845903674598e-01
9.354880213509040310e-01
9.296800367701472112e-01
9.248205581258565067e-01
9.267187713235138791e-01
9.199060588091700907e-01
9.185238746470507643e-01
9.251804149471705152e-01
9.246458855108705688e-01
9.161561236807052033e-01
9.158037751389211945e-01
9.114864543429330723e-01
8.994132009249239390e-01
8.832190433034315946e-01
