5.493224132806062698e-03 5.493224132806062698e-03 3.384922456461936235e-04 4.417390737216919661e-04 2.818570472300052643e-03 1.989190204767510295e-04
1.077015772461891174e-01 1.077015772461891174e-01 1.770650851540267467e-03 1.544474624097347260e-03 1.484149973839521408e-02 4.889000556431710720e-04
8.016518354415893555e-01 8.016518354415893555e-01 3.930132370442152023e-03 5.286821350455284119e-02 7.012823224067687988e-02 1.117944251745939255e-02
7.231999635696411133e-01 7.231999635696411133e-01 5.124261137098073959e-03 6.266529113054275513e-02 1.388893574476242065e-01 2.109246142208576202e-02
4.206022322177886963e-01 4.206022322177886963e-01 2.820884250104427338e-02 1.595191806554794312e-01 5.603993311524391174e-02 1.479288488626480103e-01
3.211290538311004639e-01 3.211290538311004639e-01 2.568547241389751434e-02 2.471806704998016357e-01 2.293765172362327576e-02 1.834721565246582031e-01
2.458031326532363892e-01 2.458031326532363892e-01 2.270946651697158813e-02 2.185782641172409058e-01 1.952127180993556976e-02 2.253382354974746704e-01
1.914642006158828735e-01 1.914642006158828735e-01 1.769406534731388092e-02 1.637761443853378296e-01 1.273624505847692490e-02 2.485721111297607422e-01
1.847359836101531982e-01 1.847359836101531982e-01 1.203378755599260330e-02 1.617082357406616211e-01 7.082193624228239059e-03 2.739160954952239990e-01
1.994341909885406494e-01 1.994341909885406494e-01 9.989252313971519470e-03 1.549041420221328735e-01 3.914599306881427765e-03 2.857264280319213867e-01
2.218336313962936401e-01 2.218336313962936401e-01 8.235555142164230347e-03 1.389376968145370483e-01 2.865621354430913925e-03 2.990454733371734619e-01
2.533350884914398193e-01 2.533350884914398193e-01 8.079838939011096954e-03 1.381147205829620361e-01 2.304900670424103737e-03 2.812876701354980469e-01
2.687697410583496094e-01 2.687697410583496094e-01 8.210161700844764709e-03 1.347862929105758667e-01 1.937255379743874073e-03 2.808724045753479004e-01
3.035483956336975098e-01 3.035483956336975098e-01 8.193051442503929138e-03 1.401277631521224976e-01 2.024941379204392433e-03 2.700868546962738037e-01
4.099090695381164551e-01 4.099090695381164551e-01 6.607979070395231247e-03 1.297256350517272949e-01 2.188216196373105049e-03 2.430662959814071655e-01
4.920204281806945801e-01 4.920204281806945801e-01 5.257923621684312820e-03 1.181155294179916382e-01 1.971555873751640320e-03 2.243819534778594971e-01
5.383227467536926270e-01 5.383227467536926270e-01 4.576576407998800278e-03 1.071974560618400574e-01 1.860454678535461426e-03 2.168018668889999390e-01
6.460300683975219727e-01 6.460300683975219727e-01 3.187485737726092339e-03 7.777987420558929443e-02 1.606821198947727680e-03 1.790417730808258057e-01
7.017014026641845703e-01 7.017014026641845703e-01 2.357183024287223816e-03 6.005660444498062134e-02 1.372002065181732178e-03 1.641260534524917603e-01
7.510647773742675781e-01 7.510647773742675781e-01 1.743926899507641792e-03 4.215862974524497986e-02 1.184776076115667820e-03 1.471686959266662598e-01
7.678709626197814941e-01 7.678709626197814941e-01 1.490588649176061153e-03 3.473861515522003174e-02 1.083096140064299107e-03 1.430086642503738403e-01
8.239912390708923340e-01 8.239912390708923340e-01 1.029234845191240311e-03 2.291236259043216705e-02 9.018979617394506931e-04 1.128559485077857971e-01
8.512725830078125000e-01 8.512725830078125000e-01 8.443144615739583969e-04 1.748062670230865479e-02 8.266193908639252186e-04 9.583604335784912109e-02
8.817359209060668945e-01 8.817359209060668945e-01 7.165611605159938335e-04 1.354941166937351227e-02 7.615429931320250034e-04 7.475046068429946899e-02
9.074105024337768555e-01 9.074105024337768555e-01 5.923436256125569344e-04 1.000555139034986496e-02 7.563116378150880337e-04 5.645655840635299683e-02
9.224128723144531250e-01 9.224128723144531250e-01 4.943147650919854641e-04 8.191280066967010498e-03 7.062923978082835674e-04 4.561049863696098328e-02
9.296567440032958984e-01 9.296567440032958984e-01 4.321787855587899685e-04 7.089235819876194000e-03 7.086697733029723167e-04 4.062932729721069336e-02
9.256004691123962402e-01 9.256004691123962402e-01 4.661838465835899115e-04 7.733371108770370483e-03 8.530389168299734592e-04 4.088846966624259949e-02
9.349718689918518066e-01 9.349718689918518066e-01 3.717560903169214725e-04 5.875831935554742813e-03 7.670885534025728703e-04 3.610876947641372681e-02
9.254080057144165039e-01 9.254080057144165039e-01 4.298462299630045891e-04 6.843419745564460754e-03 8.644938934594392776e-04 4.110444337129592896e-02
9.209730029106140137e-01 9.209730029106140137e-01 4.271964717190712690e-04 7.080913987010717392e-03 9.422656730748713017e-04 4.238908737897872925e-02
9.246515631675720215e-01 9.246515631675720215e-01 4.630078910849988461e-04 6.973281968384981155e-03 1.079852459952235222e-03 4.129801690578460693e-02
9.224228858947753906e-01 9.224228858947753906e-01 4.176685470156371593e-04 6.981423590332269669e-03 9.985169162973761559e-04 3.940408304333686829e-02
9.177839756011962891e-01 9.177839756011962891e-01 4.049647250212728977e-04 7.052298635244369507e-03 1.047573052346706390e-03 4.097104445099830627e-02
9.194844961166381836e-01 9.194844961166381836e-01 4.212163912598043680e-04 7.212010677903890610e-03 1.053502666763961315e-03 3.961748257279396057e-02
9.181798696517944336e-01 9.181798696517944336e-01 4.078285710420459509e-04 7.180826738476753235e-03 1.074616331607103348e-03 3.852781280875205994e-02
9.165478348731994629e-01 9.165478348731994629e-01 4.031314165331423283e-04 7.215757854282855988e-03 1.108733587898313999e-03 4.005894064903259277e-02
9.156815409660339355e-01 9.156815409660339355e-01 4.081310471519827843e-04 7.591497618705034256e-03 1.116677303798496723e-03 3.790550678968429565e-02
9.223327636718750000e-01 9.223327636718750000e-01 4.167128936387598515e-04 7.493557408452033997e-03 1.268820837140083313e-03 3.316582366824150085e-02
9.215489029884338379e-01 9.215489029884338379e-01 3.808079927694052458e-04 7.274515461176633835e-03 1.393909216858446598e-03 3.236192092299461365e-02
9.187901020050048828e-01 9.187901020050048828e-01 3.662904491648077965e-04 7.591162808239459991e-03 1.525093568488955498e-03 3.332790359854698181e-02
9.175430536270141602e-01 9.175430536270141602e-01 3.722873807419091463e-04 7.602949161082506180e-03 1.587936887517571449e-03 3.136239200830459595e-02
9.120208024978637695e-01 9.120208024978637695e-01 3.725287097040563822e-04 7.578445598483085632e-03 1.695780898444354534e-03 3.380312025547027588e-02
9.020621776580810547e-01 9.020621776580810547e-01 4.107414861209690571e-04 8.545114658772945404e-03 1.901737996377050877e-03 3.395288065075874329e-02
8.971139788627624512e-01 8.971139788627624512e-01 4.088894347660243511e-04 8.849372155964374542e-03 2.069820417091250420e-03 3.469960018992424011e-02
8.942032456398010254e-01 8.942032456398010254e-01 4.158278170507401228e-04 9.119980968534946442e-03 2.300277119502425194e-03 3.180436789989471436e-02
8.814837932586669922e-01 8.814837932586669922e-01 4.320296284276992083e-04 9.861991740763187408e-03 2.553179161623120308e-03 3.512878715991973877e-02
8.971060514450073242e-01 8.971060514450073242e-01 3.755218931473791599e-04 8.617228828370571136e-03 2.681036479771137238e-03 3.172897547483444214e-02
8.935823440551757812e-01 8.935823440551757812e-01 3.569074906408786774e-04 8.369360119104385376e-03 2.797782653942704201e-03 3.365590795874595642e-02
8.847093582153320312e-01 8.847093582153320312e-01 3.770826733671128750e-04 9.471977129578590393e-03 2.900916384533047676e-03 3.022456727921962738e-02
8.936308026313781738e-01 8.936308026313781738e-01 3.364025615155696869e-04 8.818410336971282959e-03 2.840761095285415649e-03 2.996228262782096863e-02
