          0  0.17697716  7.52082777
        100  0.01125217 19.48763466
        200  0.00793509 21.00448227
        300  0.00671252 21.73114014
        400  0.00617915 22.09071350
        500  0.00638148 21.95078850
        600  0.00567484 22.46046448
        700  0.00556809 22.54293633
        800  0.00532757 22.73470497
        900  0.00579368 22.37045479
       1000  0.00510928 22.91640091
       1100  0.00517492 22.86096001
       1200  0.00504021 22.97551155
       1300  0.00492399 23.07682991
       1400  0.00494590 23.05754280
       1500  0.00475239 23.23087883
       1600  0.00498955 23.01938820
       1700  0.00470055 23.27851105
       1800  0.00464761 23.32770538
       1900  0.00461379 23.35942459
       2000  0.00467216 23.30482292
       2100  0.00460718 23.36564636
       2200  0.00454910 23.42074585
       2300  0.00459651 23.37571716
       2400  0.00450758 23.46056175
       2500  0.00445311 23.51336288
       2600  0.00453604 23.43323135
       2700  0.00443203 23.53397179
       2800  0.00447862 23.48856163
       2900  0.00439361 23.57178497
       3000  0.00433469 23.63041878
       3100  0.00437180 23.59339905
       3200  0.00442775 23.53816795
       3300  0.00432261 23.64253807
       3400  0.00433658 23.62852478
       3500  0.00431597 23.64921951
       3600  0.00432649 23.63864708
       3700  0.00435988 23.60524940
       3800  0.00425095 23.71514130
       3900  0.00421933 23.74756813
       4000  0.00415669 23.81252480
       4100  0.00417539 23.79302788
       4200  0.00435000 23.61511040
       4300  0.00419582 23.77182770
       4400  0.00411558 23.85568428
       4500  0.00415413 23.81520462
       4600  0.00410602 23.86578560
       4700  0.00422910 23.73751640
       4800  0.00405289 23.92234993
       4900  0.00411186 23.85962105
       5000  0.00400839 23.97030067
