1.227981567382812500e+01
1.881650733947753906e+01
2.399256515502929688e+01
2.665085411071777344e+01
2.784977149963378906e+01
2.840366363525390625e+01
2.872308921813964844e+01
2.898201942443847656e+01
2.922629737854003906e+01
2.943407821655273438e+01
2.959566497802734375e+01
2.974228096008300781e+01
2.987441062927246094e+01
2.999073791503906250e+01
3.010849189758300781e+01
3.019982528686523438e+01
3.030335807800292969e+01
3.038685226440429688e+01
3.047097396850585938e+01
3.056492233276367188e+01
3.064381217956542969e+01
3.070122909545898438e+01
3.076201248168945312e+01
3.081340026855468750e+01
3.085326385498046875e+01
3.089262390136718750e+01
3.092985916137695312e+01
3.096859931945800781e+01
3.100403976440429688e+01
3.103391456604003906e+01
3.106254577636718750e+01
3.109118270874023438e+01
3.111069869995117188e+01
3.113460159301757812e+01
3.115337753295898438e+01
3.116689109802246094e+01
3.118305206298828125e+01
3.118950653076171875e+01
3.120191001892089844e+01
3.120377349853515625e+01
3.120276641845703125e+01
3.120120620727539062e+01
3.120660018920898438e+01
3.120228767395019531e+01
3.119470405578613281e+01
3.117945480346679688e+01
3.116950225830078125e+01
3.115845489501953125e+01
3.114882469177246094e+01
3.112902259826660156e+01
3.111560440063476562e+01
