7.350000000000000000e+02 5.910000000000000000e+02 9.710000000000000000e+02 7.940000000000000000e+02 1.280000000000000000e+02
9.460000000000000000e+02 6.040000000000000000e+02 9.440000000000000000e+02 5.560000000000000000e+02 7.730000000000000000e+02
6.040000000000000000e+02 5.500000000000000000e+02 8.410000000000000000e+02 5.030000000000000000e+02 9.010000000000000000e+02
6.040000000000000000e+02 9.060000000000000000e+02 5.030000000000000000e+02 5.500000000000000000e+02 8.410000000000000000e+02
6.040000000000000000e+02 9.060000000000000000e+02 3.700000000000000000e+02 8.410000000000000000e+02 3.710000000000000000e+02
6.040000000000000000e+02 9.060000000000000000e+02 3.700000000000000000e+02 3.990000000000000000e+02 3.710000000000000000e+02
3.990000000000000000e+02 6.430000000000000000e+02 3.700000000000000000e+02 3.710000000000000000e+02 5.010000000000000000e+02
6.430000000000000000e+02 3.990000000000000000e+02 3.700000000000000000e+02 3.710000000000000000e+02 5.010000000000000000e+02
3.990000000000000000e+02 3.700000000000000000e+02 6.430000000000000000e+02 3.710000000000000000e+02 5.010000000000000000e+02
3.700000000000000000e+02 3.990000000000000000e+02 6.430000000000000000e+02 2.860000000000000000e+02 3.710000000000000000e+02
3.700000000000000000e+02 3.990000000000000000e+02 2.860000000000000000e+02 3.710000000000000000e+02 6.430000000000000000e+02
3.700000000000000000e+02 2.860000000000000000e+02 3.990000000000000000e+02 3.520000000000000000e+02 3.710000000000000000e+02
2.860000000000000000e+02 3.700000000000000000e+02 3.990000000000000000e+02 3.520000000000000000e+02 6.430000000000000000e+02
2.860000000000000000e+02 3.700000000000000000e+02 3.990000000000000000e+02 3.520000000000000000e+02 6.430000000000000000e+02
3.700000000000000000e+02 2.860000000000000000e+02 3.990000000000000000e+02 8.360000000000000000e+02 3.520000000000000000e+02
3.700000000000000000e+02 2.860000000000000000e+02 8.360000000000000000e+02 3.520000000000000000e+02 3.990000000000000000e+02
3.700000000000000000e+02 8.360000000000000000e+02 3.710000000000000000e+02 6.430000000000000000e+02 3.520000000000000000e+02
3.700000000000000000e+02 3.710000000000000000e+02 8.360000000000000000e+02 6.430000000000000000e+02 3.520000000000000000e+02
3.700000000000000000e+02 3.710000000000000000e+02 8.360000000000000000e+02 6.430000000000000000e+02 3.520000000000000000e+02
3.700000000000000000e+02 3.710000000000000000e+02 8.360000000000000000e+02 6.430000000000000000e+02 6.330000000000000000e+02
3.700000000000000000e+02 3.710000000000000000e+02 6.430000000000000000e+02 8.360000000000000000e+02 9.170000000000000000e+02
3.700000000000000000e+02 3.710000000000000000e+02 9.170000000000000000e+02 6.430000000000000000e+02 4.610000000000000000e+02
3.700000000000000000e+02 3.710000000000000000e+02 9.170000000000000000e+02 4.610000000000000000e+02 6.430000000000000000e+02
3.700000000000000000e+02 3.710000000000000000e+02 9.170000000000000000e+02 4.610000000000000000e+02 6.430000000000000000e+02
3.700000000000000000e+02 3.710000000000000000e+02 9.170000000000000000e+02 4.610000000000000000e+02 2.860000000000000000e+02
3.700000000000000000e+02 3.710000000000000000e+02 9.170000000000000000e+02 4.610000000000000000e+02 6.430000000000000000e+02
3.700000000000000000e+02 3.710000000000000000e+02 9.170000000000000000e+02 4.610000000000000000e+02 2.860000000000000000e+02
3.700000000000000000e+02 3.710000000000000000e+02 9.170000000000000000e+02 4.610000000000000000e+02 2.860000000000000000e+02
3.700000000000000000e+02 3.710000000000000000e+02 9.170000000000000000e+02 4.610000000000000000e+02 6.430000000000000000e+02
3.700000000000000000e+02 3.710000000000000000e+02 9.170000000000000000e+02 4.610000000000000000e+02 6.430000000000000000e+02
3.700000000000000000e+02 3.710000000000000000e+02 9.170000000000000000e+02 4.610000000000000000e+02 3.750000000000000000e+02
3.700000000000000000e+02 3.710000000000000000e+02 9.170000000000000000e+02 4.610000000000000000e+02 3.750000000000000000e+02
3.700000000000000000e+02 3.710000000000000000e+02 9.170000000000000000e+02 3.750000000000000000e+02 4.610000000000000000e+02
3.700000000000000000e+02 3.710000000000000000e+02 9.170000000000000000e+02 3.750000000000000000e+02 4.610000000000000000e+02
3.700000000000000000e+02 3.710000000000000000e+02 9.170000000000000000e+02 3.750000000000000000e+02 4.610000000000000000e+02
3.700000000000000000e+02 3.710000000000000000e+02 9.170000000000000000e+02 3.750000000000000000e+02 4.610000000000000000e+02
3.700000000000000000e+02 3.710000000000000000e+02 9.170000000000000000e+02 3.750000000000000000e+02 4.610000000000000000e+02
3.700000000000000000e+02 3.710000000000000000e+02 9.170000000000000000e+02 3.750000000000000000e+02 4.610000000000000000e+02
3.700000000000000000e+02 3.710000000000000000e+02 9.170000000000000000e+02 3.750000000000000000e+02 4.610000000000000000e+02
3.700000000000000000e+02 3.710000000000000000e+02 9.170000000000000000e+02 3.750000000000000000e+02 4.610000000000000000e+02
3.700000000000000000e+02 3.710000000000000000e+02 3.750000000000000000e+02 9.170000000000000000e+02 4.610000000000000000e+02
3.700000000000000000e+02 3.710000000000000000e+02 3.750000000000000000e+02 9.170000000000000000e+02 4.610000000000000000e+02
3.700000000000000000e+02 3.710000000000000000e+02 3.750000000000000000e+02 9.170000000000000000e+02 4.610000000000000000e+02
3.700000000000000000e+02 3.710000000000000000e+02 3.750000000000000000e+02 9.170000000000000000e+02 3.730000000000000000e+02
3.700000000000000000e+02 3.710000000000000000e+02 3.750000000000000000e+02 3.740000000000000000e+02 3.730000000000000000e+02
3.700000000000000000e+02 3.710000000000000000e+02 3.750000000000000000e+02 3.740000000000000000e+02 3.730000000000000000e+02
3.700000000000000000e+02 3.710000000000000000e+02 3.750000000000000000e+02 3.740000000000000000e+02 3.730000000000000000e+02
3.700000000000000000e+02 3.710000000000000000e+02 3.750000000000000000e+02 3.740000000000000000e+02 3.730000000000000000e+02
3.700000000000000000e+02 3.710000000000000000e+02 3.750000000000000000e+02 3.740000000000000000e+02 3.730000000000000000e+02
3.700000000000000000e+02 3.710000000000000000e+02 3.750000000000000000e+02 3.740000000000000000e+02 3.730000000000000000e+02
3.700000000000000000e+02 3.710000000000000000e+02 3.750000000000000000e+02 3.740000000000000000e+02 3.730000000000000000e+02
