          0  0.12541081  9.01665020
        100  0.01353152 18.68653297
        200  0.01054396 19.76996040
        300  0.00900169 20.45676041
        400  0.00858220 20.66401482
        500  0.00838047 20.76731873
        600  0.00812693 20.90073586
        700  0.00804879 20.94269371
        800  0.00709782 21.48875046
        900  0.00690751 21.60678482
       1000  0.00683550 21.65229797
       1100  0.00665474 21.76868629
       1200  0.00654250 21.84255981
       1300  0.00648829 21.87869835
       1400  0.00637104 21.95789909
       1500  0.00641111 21.93066597
       1600  0.00627582 22.02329254
       1700  0.00609673 22.14902878
       1800  0.00615865 22.10514832
       1900  0.00610513 22.14305496
       2000  0.00594657 22.25733566
       2100  0.00595235 22.25311279
       2200  0.00583161 22.34211159
       2300  0.00626701 22.02939796
       2400  0.00577506 22.38443375
       2500  0.00575961 22.39606857
       2600  0.00563725 22.48932648
       2700  0.00573065 22.41795921
       2800  0.00552794 22.57436943
       2900  0.00558791 22.52750397
       3000  0.00557133 22.54040718
       3100  0.00556598 22.54458046
       3200  0.00554160 22.56364822
       3300  0.00539412 22.68079758
       3400  0.00545833 22.62939835
       3500  0.00545758 22.62999725
       3600  0.00544099 22.64322281
       3700  0.00532824 22.73416138
       3800  0.00533189 22.73119164
       3900  0.00526508 22.78594589
       4000  0.00534213 22.72285271
       4100  0.00549636 22.59924507
       4200  0.00553029 22.57252121
       4300  0.00524653 22.80127716
       4400  0.00537245 22.69827271
       4500  0.00557636 22.53649521
       4600  0.00516487 22.86940384
       4700  0.00511923 22.90795135
       4800  0.00502717 22.98676109
       4900  0.00505485 22.96291924
       5000  0.00503696 22.97831154
