9.054335594177246094e+00
1.502068710327148438e+01
2.009944152832031250e+01
2.287185859680175781e+01
2.420261955261230469e+01
2.492468070983886719e+01
2.557754516601562500e+01
2.621673393249511719e+01
2.674639701843261719e+01
2.714117240905761719e+01
2.743104171752929688e+01
2.770212554931640625e+01
2.792568778991699219e+01
2.813723945617675781e+01
2.835670852661132812e+01
2.859476661682128906e+01
2.884547805786132812e+01
2.904418182373046875e+01
2.922798538208007812e+01
2.938616943359375000e+01
2.952072143554687500e+01
2.964917182922363281e+01
2.976967048645019531e+01
2.989942359924316406e+01
2.999061775207519531e+01
3.008444404602050781e+01
3.016760063171386719e+01
3.025556755065917969e+01
3.031757164001464844e+01
3.038191413879394531e+01
3.044467926025390625e+01
3.047694969177246094e+01
3.052274894714355469e+01
3.054468727111816406e+01
3.059613418579101562e+01
3.064696884155273438e+01
3.067765998840332031e+01
3.069935417175292969e+01
3.072807884216308594e+01
3.074757003784179688e+01
3.075852584838867188e+01
3.077373886108398438e+01
3.078625106811523438e+01
3.079271697998046875e+01
3.079644012451171875e+01
3.081702804565429688e+01
3.081632804870605469e+01
3.080654525756835938e+01
3.080443572998046875e+01
3.080610084533691406e+01
3.083464241027832031e+01
