2.427276456728577614e-03 2.427276456728577614e-03 3.908113867510110140e-04 1.363046816550195217e-03 1.922939554788172245e-03 5.398785579018294811e-04
3.703947179019451141e-03 3.703947179019451141e-03 8.204290061257779598e-04 3.339920192956924438e-03 6.736545474268496037e-04 4.656114033423364162e-04
1.868166844360530376e-03 1.868166844360530376e-03 9.675450855866074562e-04 3.570765722543001175e-03 1.106690688175149262e-04 1.996159553527832031e-04
5.981186870485544205e-03 5.981186870485544205e-03 1.124663976952433586e-03 7.543051242828369141e-02 3.437483101151883602e-04 9.630132699385285378e-04
3.641841188073158264e-02 3.641841188073158264e-02 8.713356801308691502e-04 6.591975688934326172e-02 6.912492681294679642e-04 8.272819104604423046e-04
1.290047764778137207e-01 1.290047764778137207e-01 4.378538578748703003e-04 2.934087254106998444e-02 7.368223159573972225e-04 5.850553279742598534e-04
1.539823561906814575e-01 1.539823561906814575e-01 2.999863936565816402e-04 4.066028632223606110e-03 3.881209122482687235e-04 6.652163574472069740e-04
4.863344132900238037e-01 4.863344132900238037e-01 1.861039781942963600e-04 1.197788398712873459e-03 1.003249271889217198e-04 1.891625579446554184e-04
7.638671398162841797e-01 7.638671398162841797e-01 7.703824667260050774e-05 3.813744697254151106e-04 1.834475369832944125e-05 2.274231701449025422e-05
9.422870874404907227e-01 9.422870874404907227e-01 1.515785788797074929e-05 8.664245979161933064e-05 5.459583007905166596e-06 1.694877937552519143e-06
9.717269539833068848e-01 9.717269539833068848e-01 5.931835858064005151e-06 3.235309122828766704e-05 2.120241106240428053e-06 2.099469185168345575e-07
9.717698693275451660e-01 9.717698693275451660e-01 1.028469159791711718e-05 1.651531965762842447e-05 2.425147613394074142e-06 1.381707903647111380e-07
9.897822141647338867e-01 9.897822141647338867e-01 7.351210570050170645e-06 5.834139756188960746e-06 2.508380475774174556e-06 6.201027957786209299e-08
9.973192811012268066e-01 9.973192811012268066e-01 2.821836460498161614e-06 3.181453621436958201e-06 1.583534981364209671e-06 2.893129646963643609e-08
9.995076656341552734e-01 9.995076656341552734e-01 8.334830567946482915e-07 1.353627681055513676e-06 9.324647294306487311e-07 1.824845163866939401e-08
9.999022483825683594e-01 9.999022483825683594e-01 2.632347957387537463e-07 3.701755701968068024e-07 3.634889367276628036e-07 1.140957195389091794e-08
9.999643564224243164e-01 9.999643564224243164e-01 1.430051810302757076e-07 1.785121952480039909e-07 2.324171504142213962e-07 9.464057093566680123e-09
9.999889135360717773e-01 9.999889135360717773e-01 5.621694754154304974e-08 6.873565894238709006e-08 1.053675902085160487e-07 4.425851241052214391e-09
9.999952316284179688e-01 9.999952316284179688e-01 2.517470676366428961e-08 3.130175940668777912e-08 4.783903406746503606e-08 2.244347152569048376e-09
9.999977350234985352e-01 9.999977350234985352e-01 1.392055359872301779e-08 1.580254149757820414e-08 2.609591298607938370e-08 1.370031199598997773e-09
9.999986886978149414e-01 9.999986886978149414e-01 8.467150536262124660e-09 9.353708918524716864e-09 1.670331073455599835e-08 7.457010564593247182e-10
9.999992847442626953e-01 9.999992847442626953e-01 5.892386578665309571e-09 7.779894062309722358e-09 1.179953290630919582e-08 4.514789098131188894e-10
9.999995231628417969e-01 9.999995231628417969e-01 4.499670414048750899e-09 7.321120154557547721e-09 1.096781332421414845e-08 3.657067426665605581e-10
9.999995231628417969e-01 9.999995231628417969e-01 4.145061627269797100e-09 7.544087132771437609e-09 1.162591090064779564e-08 3.582819041447748987e-10
9.999996423721313477e-01 9.999996423721313477e-01 3.751464472401266903e-09 7.950201386108801671e-09 1.103275160119210341e-08 3.045051988337377225e-10
9.999996423721313477e-01 9.999996423721313477e-01 3.563302763964770747e-09 7.785389222192407033e-09 1.007358196858376687e-08 2.947961874610882660e-10
9.999997615814208984e-01 9.999997615814208984e-01 3.290987926618527126e-09 6.768012816849022784e-09 8.517454297418680653e-09 2.403121590610624025e-10
9.999997615814208984e-01 9.999997615814208984e-01 3.296333872526702180e-09 6.769316662769142567e-09 7.992850825644381985e-09 2.184697422968895353e-10
9.999997615814208984e-01 9.999997615814208984e-01 3.072937238002282356e-09 6.112524708612454560e-09 7.082974651240192543e-09 1.807426569522263549e-10
9.999997615814208984e-01 9.999997615814208984e-01 3.016813909795246218e-09 5.507584610597859864e-09 6.609012892511145765e-09 1.542836691736937382e-10
9.999998807907104492e-01 9.999998807907104492e-01 2.628182338426654496e-09 4.282248777798258743e-09 5.437950978404160196e-09 1.143348471455141180e-10
9.999998807907104492e-01 9.999998807907104492e-01 2.288217615387111437e-09 3.394523107047575650e-09 4.427495259307079323e-09 8.872788614944226993e-11
9.999998807907104492e-01 9.999998807907104492e-01 2.134692866917475840e-09 3.270251625053788302e-09 4.073994919195911280e-09 7.825431275199079550e-11
9.999998807907104492e-01 9.999998807907104492e-01 2.536669541086666868e-09 3.883275478955283688e-09 4.825206900704870350e-09 9.222386743168442536e-11
9.999998807907104492e-01 9.999998807907104492e-01 2.273526256146851665e-09 3.531799519507217155e-09 4.387764818147843471e-09 8.380567073640321496e-11
1.000000000000000000e+00 1.000000000000000000e+00 2.215698513552410986e-09 3.346322774433474478e-09 4.158438482448900686e-09 8.186275962662747929e-11
1.000000000000000000e+00 1.000000000000000000e+00 2.720343950102233066e-09 4.343227111291980691e-09 4.956423271806897901e-09 9.558776686846570669e-11
9.999998807907104492e-01 9.999998807907104492e-01 2.936045406798371005e-09 5.108482525884028291e-09 5.546961556746055066e-09 1.107776162467821734e-10
9.999998807907104492e-01 9.999998807907104492e-01 3.277920379574084109e-09 6.025155485644972941e-09 5.984108319978531654e-09 1.168918434268917395e-10
9.999998807907104492e-01 9.999998807907104492e-01 3.568159767652900882e-09 6.706333710582157437e-09 6.222393267307779752e-09 1.249844533424138149e-10
1.000000000000000000e+00 1.000000000000000000e+00 3.476447574257690576e-09 6.568248167582169117e-09 5.886852783021367941e-09 1.133605292968908884e-10
1.000000000000000000e+00 1.000000000000000000e+00 3.635282297409503371e-09 6.681310171785526109e-09 5.454436902141424071e-09 1.090466605901951880e-10
1.000000000000000000e+00 1.000000000000000000e+00 4.152066246376762138e-09 8.151352481888807233e-09 6.315984180105260748e-09 1.370164259828499098e-10
1.000000000000000000e+00 1.000000000000000000e+00 4.009816478856009780e-09 8.891434255531294184e-09 5.735859787137087551e-09 1.353847450813461251e-10
1.000000000000000000e+00 1.000000000000000000e+00 4.421605304116837942e-09 1.012559636137666530e-08 6.559321974464182858e-09 1.488383305492391173e-10
1.000000000000000000e+00 1.000000000000000000e+00 4.348565063594378444e-09 1.029474638869487535e-08 6.526537976725421686e-09 1.502642593687042449e-10
9.999998807907104492e-01 9.999998807907104492e-01 4.197933112237706155e-09 1.119636650059874228e-08 6.828932530567044523e-09 1.586870634895376497e-10
9.999998807907104492e-01 9.999998807907104492e-01 4.285958699057346166e-09 1.174930197578305524e-08 6.882820979825510221e-09 1.633113921872819674e-10
9.999998807907104492e-01 9.999998807907104492e-01 4.710375201000260859e-09 1.356402368202225261e-08 8.017067010257505899e-09 1.826111067915192621e-10
9.999998807907104492e-01 9.999998807907104492e-01 4.934501252051859410e-09 1.418366668559656318e-08 8.870395085125437618e-09 2.014711869557928026e-10
9.999998807907104492e-01 9.999998807907104492e-01 4.749049153929263412e-09 1.583141617800265522e-08 9.324009120348364377e-09 2.044839297887790508e-10
