3.544263587266881363e-04
1.407175091107953635e-01
2.032272501931383923e-01
9.637740836961276036e-01
9.665618100196554652e-01
9.064318699037774429e-01
7.386189246194213576e-01
5.171413124632487923e-01
4.946480467462228692e-01
3.662305945171141497e-01
4.152063875066769327e-01
4.860552276040515651e-01
6.321251731263082263e-01
7.649861798199436569e-01
8.486223958735964468e-01
8.913761777202339198e-01
9.104254954641780584e-01
9.204140792273866056e-01
9.316149835489484499e-01
9.435757234647306202e-01
9.531854492605879026e-01
9.628514707195221511e-01
9.751840238519051685e-01
9.813771702196316671e-01
9.825471599305549697e-01
9.918346974796998783e-01
1.000565388004921674e+00
1.000771057321079516e+00
1.007383833930412420e+00
1.006994564694252858e+00
1.006143022654422126e+00
1.005125648428783602e+00
1.006606604659560311e+00
1.004889992164740953e+00
1.003929225316814389e+00
1.003032671683693033e+00
1.004006156488726598e+00
1.005774762984660065e+00
1.006556418603328895e+00
1.006037351393164858e+00
1.008813357246417741e+00
1.009909096531289352e+00
1.009026944114304047e+00
1.008660430046497858e+00
1.010436954094159789e+00
1.009316215295562813e+00
1.009507358709730740e+00
1.011203211009860548e+00
1.011893035497065219e+00
1.010320497506532300e+00
1.011239494593372035e+00
