1.077323613571934402e-04 1.077323613571934402e-04 2.187419886467978358e-05 9.333792149845976382e-06 5.367086851038038731e-04 6.512201071018353105e-05
1.335267350077629089e-02 1.335267350077629089e-02 8.705826476216316223e-03 9.372365660965442657e-03 1.307700411416590214e-03 4.526766948401927948e-03
6.615831255912780762e-01 6.615831255912780762e-01 6.481231003999710083e-02 9.599236072972416878e-04 3.081732938881032169e-05 1.882193386554718018e-01
5.511274933815002441e-01 5.511274933815002441e-01 9.951368905603885651e-03 2.397603122517466545e-03 1.538154901936650276e-04 1.402483582496643066e-01
3.420402109622955322e-01 3.420402109622955322e-01 7.292582187801599503e-03 1.217457000166177750e-03 5.698158638551831245e-04 5.203712731599807739e-02
2.144514024257659912e-01 2.144514024257659912e-01 5.157139152288436890e-03 1.141373999416828156e-03 1.855444279499351978e-03 2.225289307534694672e-02
1.319930702447891235e-01 1.319930702447891235e-01 4.652871284633874893e-03 1.439654501155018806e-03 1.477660145610570908e-03 2.717112749814987183e-02
1.631787419319152832e-01 1.631787419319152832e-01 4.829047247767448425e-03 1.557041425257921219e-03 9.774704230949282646e-04 3.297694027423858643e-02
2.849343419075012207e-01 2.849343419075012207e-01 6.724084727466106415e-03 1.444405876100063324e-03 8.321225759573280811e-04 5.072898045182228088e-02
5.911928415298461914e-01 5.911928415298461914e-01 9.442554786801338196e-03 1.326315221376717091e-03 6.346608861349523067e-04 4.707737267017364502e-02
8.266917467117309570e-01 8.266917467117309570e-01 7.405153475701808929e-03 6.829377380199730396e-04 4.670502676162868738e-04 2.051765844225883484e-02
9.266338944435119629e-01 9.266338944435119629e-01 5.682589486241340637e-03 3.466953930910676718e-04 3.431574441492557526e-04 8.048615418374538422e-03
9.619786739349365234e-01 9.619786739349365234e-01 5.105868913233280182e-03 2.537828113418072462e-04 2.114320377586409450e-04 5.604919511824846268e-03
9.801656007766723633e-01 9.801656007766723633e-01 4.874582402408123016e-03 1.760967861628159881e-04 1.239162229467183352e-04 3.177246311679482460e-03
9.898070693016052246e-01 9.898070693016052246e-01 4.504078999161720276e-03 9.470021905144676566e-05 5.930473707849159837e-05 1.256474875845015049e-03
9.927045702934265137e-01 9.927045702934265137e-01 4.741081967949867249e-03 7.081836520228534937e-05 3.258345168433152139e-05 6.037067505531013012e-04
9.937835931777954102e-01 9.937835931777954102e-01 4.919294267892837524e-03 5.020927346777170897e-05 1.619839531485922635e-05 2.846614224836230278e-04
9.932442307472229004e-01 9.932442307472229004e-01 5.930728279054164886e-03 4.566541974782012403e-05 8.329117008543107659e-06 1.595843496033921838e-04
9.923270344734191895e-01 9.923270344734191895e-01 7.042156532406806946e-03 3.766857844311743975e-05 5.832718215970089659e-06 1.039714697981253266e-04
9.883854389190673828e-01 9.883854389190673828e-01 1.096359547227621078e-02 3.382847717148251832e-05 6.707162810926092789e-06 1.060302747646346688e-04
9.828705191612243652e-01 9.828705191612243652e-01 1.635080948472023010e-02 3.416451727389357984e-05 9.330818102171178907e-06 1.037273832480423152e-04
9.775395393371582031e-01 9.775395393371582031e-01 2.149693854153156281e-02 3.831024514511227608e-05 1.281775894312886521e-05 9.679565118858590722e-05
9.775724411010742188e-01 9.775724411010742188e-01 2.137121185660362244e-02 3.655534601421095431e-05 1.433361194358440116e-05 9.401956049259752035e-05
9.788924455642700195e-01 9.788924455642700195e-01 2.018034085631370544e-02 3.112594276899471879e-05 1.306418835156364366e-05 7.823673513485118747e-05
9.790059924125671387e-01 9.790059924125671387e-01 2.011636644601821899e-02 2.822743954311590642e-05 1.377081571263261139e-05 6.860455323476344347e-05
9.794617295265197754e-01 9.794617295265197754e-01 1.968261227011680603e-02 3.018446295754984021e-05 1.496670847700443119e-05 6.715959898428991437e-05
9.769833683967590332e-01 9.769833683967590332e-01 2.218796126544475555e-02 2.858481821021996439e-05 2.007646071433555335e-05 5.613339817500673234e-05
9.780946373939514160e-01 9.780946373939514160e-01 2.114861458539962769e-02 2.847986797860357910e-05 2.373521601839456707e-05 4.877051833318546414e-05
9.790145754814147949e-01 9.790145754814147949e-01 2.018343657255172729e-02 2.716932431212626398e-05 3.153711440972983837e-05 4.957388227921910584e-05
9.701027870178222656e-01 9.701027870178222656e-01 2.888771332800388336e-02 3.385686068213544786e-05 4.441301280166953802e-05 5.651100218528881669e-05
9.655372500419616699e-01 9.655372500419616699e-01 3.329008817672729492e-02 3.807302346103824675e-05 4.986886051483452320e-05 6.752051558578386903e-05
9.640818238258361816e-01 9.640818238258361816e-01 3.482369706034660339e-02 4.007095049018971622e-05 5.098807741887867451e-05 6.207808473845943809e-05
9.581656455993652344e-01 9.581656455993652344e-01 4.074171185493469238e-02 3.951490725739859045e-05 6.216609472176060081e-05 5.559447890846058726e-05
9.614322781562805176e-01 9.614322781562805176e-01 3.738847374916076660e-02 3.870658838422968984e-05 5.194670666242018342e-05 6.488194048870354891e-05
9.758141636848449707e-01 9.758141636848449707e-01 2.336683124303817749e-02 2.675268478924408555e-05 3.657083652797155082e-05 4.478240953176282346e-05
9.589585661888122559e-01 9.589585661888122559e-01 4.005996882915496826e-02 3.097441367572173476e-05 6.555551226483657956e-05 4.597259976435452700e-05
9.496310949325561523e-01 9.496310949325561523e-01 4.919698089361190796e-02 3.946012657252140343e-05 8.452332258457317948e-05 5.463365232571959496e-05
9.399282932281494141e-01 9.399282932281494141e-01 5.889675393700599670e-02 4.657159297494217753e-05 9.373750799568369985e-05 5.119969500810839236e-05
9.310157895088195801e-01 9.310157895088195801e-01 6.772563606500625610e-02 5.585718463407829404e-05 1.149254094343632460e-04 5.612106178887188435e-05
9.190709590911865234e-01 9.190709590911865234e-01 7.959158718585968018e-02 6.427613698178902268e-05 1.117188803618773818e-04 6.073094482417218387e-05
9.214751124382019043e-01 9.214751124382019043e-01 7.712274789810180664e-02 5.756619066232815385e-05 1.231094647664576769e-04 5.950432023382745683e-05
9.254137277603149414e-01 9.254137277603149414e-01 7.328626513481140137e-02 5.468392919283360243e-05 1.197477104142308235e-04 5.377342677093110979e-05
9.221948385238647461e-01 9.221948385238647461e-01 7.656197249889373779e-02 5.999925633659586310e-05 1.088245262508280575e-04 5.244279236649163067e-05
9.184078574180603027e-01 9.184078574180603027e-01 8.035511523485183716e-02 5.864605918759480119e-05 1.071068400051444769e-04 5.476839942275546491e-05
9.353597164154052734e-01 9.353597164154052734e-01 6.362058967351913452e-02 4.781606548931449652e-05 8.035767677938565612e-05 4.459613046492449939e-05
9.328883886337280273e-01 9.328883886337280273e-01 6.615430861711502075e-02 4.498878479353152215e-05 9.826969471760094166e-05 4.382277984404936433e-05
9.288465380668640137e-01 9.288465380668640137e-01 7.014721632003784180e-02 4.229204205330461264e-05 1.105780320358462632e-04 4.139974771533161402e-05
9.260377287864685059e-01 9.260377287864685059e-01 7.291154563426971436e-02 4.474695379030890763e-05 1.110621087718755007e-04 4.486638863454572856e-05
9.236755371093750000e-01 9.236755371093750000e-01 7.520584017038345337e-02 5.256157237454317510e-05 1.259450509678572416e-04 4.931679359287954867e-05
9.308305978775024414e-01 9.308305978775024414e-01 6.805625557899475098e-02 5.055680594523437321e-05 1.149729214375838637e-04 4.792564868694171309e-05
9.296250939369201660e-01 9.296250939369201660e-01 6.922483444213867188e-02 5.713130303774960339e-05 1.238374534295871854e-04 4.717206320492550731e-05
