9.710000000000000000e+02 5.910000000000000000e+02 6.960000000000000000e+02 7.350000000000000000e+02 9.400000000000000000e+01
2.900000000000000000e+01 7.800000000000000000e+01 7.190000000000000000e+02 3.100000000000000000e+02 1.000000000000000000e+00
1.480000000000000000e+02 1.460000000000000000e+02 1.470000000000000000e+02 1.450000000000000000e+02 1.490000000000000000e+02
1.480000000000000000e+02 1.460000000000000000e+02 3.310000000000000000e+02 1.450000000000000000e+02 1.580000000000000000e+02
1.480000000000000000e+02 3.310000000000000000e+02 2.530000000000000000e+02 1.460000000000000000e+02 1.580000000000000000e+02
1.480000000000000000e+02 3.310000000000000000e+02 3.530000000000000000e+02 1.580000000000000000e+02 1.710000000000000000e+02
3.310000000000000000e+02 1.480000000000000000e+02 7.250000000000000000e+02 3.530000000000000000e+02 1.710000000000000000e+02
7.250000000000000000e+02 1.480000000000000000e+02 3.310000000000000000e+02 8.990000000000000000e+02 7.190000000000000000e+02
1.480000000000000000e+02 7.250000000000000000e+02 3.310000000000000000e+02 8.990000000000000000e+02 1.460000000000000000e+02
1.480000000000000000e+02 7.250000000000000000e+02 8.990000000000000000e+02 1.460000000000000000e+02 3.310000000000000000e+02
1.480000000000000000e+02 7.250000000000000000e+02 8.990000000000000000e+02 1.460000000000000000e+02 1.450000000000000000e+02
1.480000000000000000e+02 7.250000000000000000e+02 8.990000000000000000e+02 1.460000000000000000e+02 1.470000000000000000e+02
1.480000000000000000e+02 7.250000000000000000e+02 1.460000000000000000e+02 1.470000000000000000e+02 8.990000000000000000e+02
1.480000000000000000e+02 1.470000000000000000e+02 1.460000000000000000e+02 7.250000000000000000e+02 8.990000000000000000e+02
1.480000000000000000e+02 1.470000000000000000e+02 1.460000000000000000e+02 1.450000000000000000e+02 7.250000000000000000e+02
1.480000000000000000e+02 1.470000000000000000e+02 1.460000000000000000e+02 1.450000000000000000e+02 7.250000000000000000e+02
1.480000000000000000e+02 1.470000000000000000e+02 1.460000000000000000e+02 1.450000000000000000e+02 8.990000000000000000e+02
1.480000000000000000e+02 1.470000000000000000e+02 1.460000000000000000e+02 1.450000000000000000e+02 4.000000000000000000e+00
1.480000000000000000e+02 1.470000000000000000e+02 1.460000000000000000e+02 1.450000000000000000e+02 3.000000000000000000e+00
1.480000000000000000e+02 1.470000000000000000e+02 1.460000000000000000e+02 1.450000000000000000e+02 1.490000000000000000e+02
1.480000000000000000e+02 1.470000000000000000e+02 1.460000000000000000e+02 1.450000000000000000e+02 1.490000000000000000e+02
1.480000000000000000e+02 1.470000000000000000e+02 1.450000000000000000e+02 1.490000000000000000e+02 1.460000000000000000e+02
1.480000000000000000e+02 1.470000000000000000e+02 1.490000000000000000e+02 1.450000000000000000e+02 1.460000000000000000e+02
1.480000000000000000e+02 1.470000000000000000e+02 1.450000000000000000e+02 1.490000000000000000e+02 1.460000000000000000e+02
1.480000000000000000e+02 1.470000000000000000e+02 1.450000000000000000e+02 1.490000000000000000e+02 1.460000000000000000e+02
1.480000000000000000e+02 1.470000000000000000e+02 1.450000000000000000e+02 1.490000000000000000e+02 1.460000000000000000e+02
1.480000000000000000e+02 1.470000000000000000e+02 1.450000000000000000e+02 1.490000000000000000e+02 1.460000000000000000e+02
1.480000000000000000e+02 1.470000000000000000e+02 1.450000000000000000e+02 1.490000000000000000e+02 1.460000000000000000e+02
1.480000000000000000e+02 1.470000000000000000e+02 1.450000000000000000e+02 1.460000000000000000e+02 1.490000000000000000e+02
1.480000000000000000e+02 1.470000000000000000e+02 1.450000000000000000e+02 1.460000000000000000e+02 3.950000000000000000e+02
1.480000000000000000e+02 1.470000000000000000e+02 1.450000000000000000e+02 3.950000000000000000e+02 1.460000000000000000e+02
1.480000000000000000e+02 1.470000000000000000e+02 1.450000000000000000e+02 3.950000000000000000e+02 1.460000000000000000e+02
1.480000000000000000e+02 1.470000000000000000e+02 1.450000000000000000e+02 3.950000000000000000e+02 3.940000000000000000e+02
1.480000000000000000e+02 1.470000000000000000e+02 1.450000000000000000e+02 3.950000000000000000e+02 3.940000000000000000e+02
1.480000000000000000e+02 1.470000000000000000e+02 1.450000000000000000e+02 3.950000000000000000e+02 8.710000000000000000e+02
1.480000000000000000e+02 1.470000000000000000e+02 1.450000000000000000e+02 3.950000000000000000e+02 5.620000000000000000e+02
1.480000000000000000e+02 1.470000000000000000e+02 3.950000000000000000e+02 1.450000000000000000e+02 5.620000000000000000e+02
1.480000000000000000e+02 1.470000000000000000e+02 3.950000000000000000e+02 3.940000000000000000e+02 5.620000000000000000e+02
1.480000000000000000e+02 1.470000000000000000e+02 3.950000000000000000e+02 3.940000000000000000e+02 5.620000000000000000e+02
1.480000000000000000e+02 1.470000000000000000e+02 3.940000000000000000e+02 3.950000000000000000e+02 5.620000000000000000e+02
1.480000000000000000e+02 1.470000000000000000e+02 3.940000000000000000e+02 3.950000000000000000e+02 5.620000000000000000e+02
1.480000000000000000e+02 1.470000000000000000e+02 3.940000000000000000e+02 5.620000000000000000e+02 3.950000000000000000e+02
1.480000000000000000e+02 1.470000000000000000e+02 3.940000000000000000e+02 3.950000000000000000e+02 5.620000000000000000e+02
1.480000000000000000e+02 1.470000000000000000e+02 3.940000000000000000e+02 5.620000000000000000e+02 3.950000000000000000e+02
1.480000000000000000e+02 1.470000000000000000e+02 3.950000000000000000e+02 3.940000000000000000e+02 5.620000000000000000e+02
1.480000000000000000e+02 1.470000000000000000e+02 5.620000000000000000e+02 3.940000000000000000e+02 3.950000000000000000e+02
1.480000000000000000e+02 1.470000000000000000e+02 5.620000000000000000e+02 3.940000000000000000e+02 3.950000000000000000e+02
1.480000000000000000e+02 1.470000000000000000e+02 5.620000000000000000e+02 3.940000000000000000e+02 3.950000000000000000e+02
1.480000000000000000e+02 1.470000000000000000e+02 5.620000000000000000e+02 3.940000000000000000e+02 3.950000000000000000e+02
1.480000000000000000e+02 1.470000000000000000e+02 5.620000000000000000e+02 3.940000000000000000e+02 3.950000000000000000e+02
1.480000000000000000e+02 1.470000000000000000e+02 5.620000000000000000e+02 3.940000000000000000e+02 3.950000000000000000e+02
