2.531151985749602318e-04 2.531151985749602318e-04 2.750336716417223215e-04 2.032252959907054901e-03 1.199170437757857144e-04 2.062926767393946648e-03
5.485790781676769257e-03 5.485790781676769257e-03 1.098527759313583374e-02 2.656234428286552429e-04 4.899539635516703129e-04 1.967764087021350861e-02
4.832360148429870605e-02 4.832360148429870605e-02 1.104978024959564209e-01 5.422902904683724046e-05 7.163142436183989048e-04 1.927707716822624207e-02
2.519404888153076172e-01 2.519404888153076172e-01 1.774112731218338013e-01 9.431891521671786904e-05 1.372973667457699776e-03 4.757090285420417786e-02
3.286541700363159180e-01 3.286541700363159180e-01 2.496114075183868408e-01 7.824059139238670468e-05 1.100700814276933670e-03 2.349606342613697052e-02
4.268599748611450195e-01 4.268599748611450195e-01 2.510412037372589111e-01 3.286265928181819618e-05 5.185388727113604546e-04 1.455692201852798462e-02
5.653944015502929688e-01 5.653944015502929688e-01 2.230171263217926025e-01 1.470364713895833120e-05 2.613450633361935616e-04 5.959448870271444321e-03
6.761218905448913574e-01 6.761218905448913574e-01 1.582634747028350830e-01 9.464719369134400040e-06 1.164565182989463210e-04 2.125453436747193336e-03
6.807858347892761230e-01 6.807858347892761230e-01 1.449630111455917358e-01 9.523284461465664208e-06 1.267254992853850126e-04 1.398822059854865074e-03
7.226900458335876465e-01 7.226900458335876465e-01 1.406904458999633789e-01 1.255561801372095942e-05 1.879971969174221158e-04 1.181872794404625893e-03
7.907868027687072754e-01 7.907868027687072754e-01 1.234456673264503479e-01 1.643660289118997753e-05 1.950119039975106716e-04 1.017997041344642639e-03
8.004524707794189453e-01 8.004524707794189453e-01 1.053515896201133728e-01 2.135878457920625806e-05 4.176862712483853102e-04 9.466273477301001549e-04
7.928221821784973145e-01 7.928221821784973145e-01 8.924295008182525635e-02 2.121027137036435306e-05 6.226176046766340733e-04 8.326568058691918850e-04
7.544916272163391113e-01 7.544916272163391113e-01 7.845512032508850098e-02 3.535711221047677100e-05 1.105832750909030437e-03 7.513028103858232498e-04
7.649846076965332031e-01 7.649846076965332031e-01 5.817323550581932068e-02 4.676898606703616679e-05 1.369468169286847115e-03 7.622928242199122906e-04
7.984461188316345215e-01 7.984461188316345215e-01 5.103817954659461975e-02 4.968602297594770789e-05 9.713080944493412971e-04 7.531086448580026627e-04
7.880884408950805664e-01 7.880884408950805664e-01 4.891777411103248596e-02 5.424748815130442381e-05 1.113002886995673180e-03 8.631585515104234219e-04
7.847328186035156250e-01 7.847328186035156250e-01 4.770653694868087769e-02 5.265482468530535698e-05 1.186378649435937405e-03 9.505753987468779087e-04
7.848407626152038574e-01 7.848407626152038574e-01 4.873421788215637207e-02 5.038149538449943066e-05 1.451369840651750565e-03 1.190009643323719501e-03
7.765607237815856934e-01 7.765607237815856934e-01 5.033329874277114868e-02 6.067270442144945264e-05 1.858308445662260056e-03 1.647962140850722790e-03
7.858335971832275391e-01 7.858335971832275391e-01 4.943527281284332275e-02 7.563285907963290811e-05 2.182244556024670601e-03 1.834768336266279221e-03
8.090060353279113770e-01 8.090060353279113770e-01 4.526211321353912354e-02 8.367619739146903157e-05 3.006376558914780617e-03 1.885006087832152843e-03
8.305526375770568848e-01 8.305526375770568848e-01 4.122646898031234741e-02 1.009150219033472240e-04 3.329476807266473770e-03 1.615345012396574020e-03
8.188335299491882324e-01 8.188335299491882324e-01 3.873748332262039185e-02 9.634460002416744828e-05 3.588107414543628693e-03 1.544784405268728733e-03
8.288909196853637695e-01 8.288909196853637695e-01 3.708003461360931396e-02 8.474280912196263671e-05 3.449571086093783379e-03 1.576041220687329769e-03
8.523469567298889160e-01 8.523469567298889160e-01 3.592020645737648010e-02 8.086066372925415635e-05 3.159261541441082954e-03 1.461293897591531277e-03
8.428957462310791016e-01 8.428957462310791016e-01 3.653642535209655762e-02 9.594221046427264810e-05 4.036470316350460052e-03 1.841462566517293453e-03
8.143580555915832520e-01 8.143580555915832520e-01 4.525240510702133179e-02 1.342300965916365385e-04 4.853195976465940475e-03 2.344162436202168465e-03
7.822691202163696289e-01 7.822691202163696289e-01 4.964612796902656555e-02 1.816889998735859990e-04 5.460725165903568268e-03 3.622970310971140862e-03
7.533061504364013672e-01 7.533061504364013672e-01 5.479700118303298950e-02 2.280402259202674031e-04 6.291380152106285095e-03 4.416979383677244186e-03
7.602015733718872070e-01 7.602015733718872070e-01 5.836401507258415222e-02 3.111350815743207932e-04 7.038574200123548508e-03 5.234404001384973526e-03
7.515385150909423828e-01 7.515385150909423828e-01 6.374451518058776855e-02 3.435678663663566113e-04 6.721365265548229218e-03 6.520397029817104340e-03
7.640834450721740723e-01 7.640834450721740723e-01 6.644694507122039795e-02 3.975951694883406162e-04 6.666227243840694427e-03 6.541413255035877228e-03
7.742272019386291504e-01 7.742272019386291504e-01 6.688761711120605469e-02 5.465724389068782330e-04 7.648278027772903442e-03 7.014021277427673340e-03
7.828968763351440430e-01 7.828968763351440430e-01 6.813342124223709106e-02 6.106039509177207947e-04 6.547043099999427795e-03 6.372595671564340591e-03
7.822775840759277344e-01 7.822775840759277344e-01 7.170915603637695312e-02 8.374080061912536621e-04 6.081481929868459702e-03 6.008334923535585403e-03
7.896150946617126465e-01 7.896150946617126465e-01 8.198425173759460449e-02 1.061694347299635410e-03 5.850330460816621780e-03 6.799193099141120911e-03
8.093177080154418945e-01 8.093177080154418945e-01 7.645177841186523438e-02 1.118425047025084496e-03 5.598334129899740219e-03 6.112497299909591675e-03
8.311216235160827637e-01 8.311216235160827637e-01 7.737649977207183838e-02 1.171038602478802204e-03 4.581308923661708832e-03 5.803995300084352493e-03
8.296333551406860352e-01 8.296333551406860352e-01 8.178010582923889160e-02 1.533757895231246948e-03 4.749007523059844971e-03 5.418095272034406662e-03
8.353371024131774902e-01 8.353371024131774902e-01 8.211963623762130737e-02 1.785953412763774395e-03 5.053119733929634094e-03 5.552730988711118698e-03
8.408811688423156738e-01 8.408811688423156738e-01 8.613678067922592163e-02 2.080929931253194809e-03 4.791664425283670425e-03 4.999745171517133713e-03
8.444553017616271973e-01 8.444553017616271973e-01 8.596783876419067383e-02 2.473566681146621704e-03 4.609096329659223557e-03 4.120675381273031235e-03
8.504652380943298340e-01 8.504652380943298340e-01 8.795358240604400635e-02 2.986559877172112465e-03 4.188667982816696167e-03 3.454555524513125420e-03
8.524389863014221191e-01 8.524389863014221191e-01 9.094884991645812988e-02 2.904418157413601875e-03 3.877727780491113663e-03 3.248759312555193901e-03
8.543097376823425293e-01 8.543097376823425293e-01 8.913844078779220581e-02 3.016922157257795334e-03 3.709439421072602272e-03 2.911129500716924667e-03
8.581725955009460449e-01 8.581725955009460449e-01 9.149319678544998169e-02 2.990879118442535400e-03 3.068030113354325294e-03 2.566427923738956451e-03
8.505921959877014160e-01 8.505921959877014160e-01 9.770011156797409058e-02 3.484963905066251755e-03 2.876932965591549873e-03 2.591024385765194893e-03
8.514189720153808594e-01 8.514189720153808594e-01 9.427642822265625000e-02 3.869460429996252060e-03 2.675480209290981293e-03 2.553467638790607452e-03
8.464173674583435059e-01 8.464173674583435059e-01 9.580200165510177612e-02 4.697226919233798981e-03 2.635243581607937813e-03 2.643620595335960388e-03
8.461862206459045410e-01 8.461862206459045410e-01 9.608203172683715820e-02 4.719856660813093185e-03 2.499366179108619690e-03 2.591758035123348236e-03
