          0  0.15609136  8.06621075
        100  0.02578984 15.88551331
        200  0.01485510 18.28124428
        300  0.01081662 19.65908432
        400  0.00880568 20.55237198
        500  0.00758039 21.20308495
        600  0.00703729 21.52594566
        700  0.00659228 21.80964661
        800  0.00612351 22.12999344
        900  0.00585067 22.32794189
       1000  0.00570808 22.43510056
       1100  0.00545352 22.63322830
       1200  0.00531752 22.74291229
       1300  0.00513370 22.89569473
       1400  0.00500591 23.00517273
       1500  0.00485111 23.14159393
       1600  0.00470906 23.27065849
       1700  0.00480191 23.18585587
       1800  0.00450783 23.46032333
       1900  0.00435713 23.60799026
       2000  0.00433194 23.63317490
       2100  0.00421486 23.75216675
       2200  0.00423389 23.73260117
       2300  0.00414843 23.82116127
       2400  0.00401634 23.96170044
       2500  0.00400905 23.96958923
       2600  0.00379160 24.21177673
       2700  0.00367424 24.34832573
       2800  0.00368687 24.33341789
       2900  0.00356664 24.47740936
       3000  0.00353864 24.51163101
       3100  0.00344207 24.63180733
       3200  0.00331832 24.79082298
       3300  0.00332013 24.78844833
       3400  0.00320651 24.93967056
       3500  0.00313460 25.03817940
       3600  0.00306310 25.13838577
       3700  0.00299805 25.23160744
       3800  0.00293035 25.33080482
       3900  0.00294958 25.30240059
       4000  0.00291912 25.34747696
       4100  0.00276510 25.58289146
       4200  0.00295916 25.28831100
       4300  0.00279845 25.53081703
       4400  0.00272088 25.65290070
       4500  0.00251447 25.99553108
       4600  0.00258365 25.87766647
       4700  0.00254791 25.93816185
       4800  0.00253446 25.96115303
       4900  0.00247311 26.06756783
       5000  0.00242109 26.15988922
