1.503810656600417981e-04
4.164285570036180793e-03
5.487271421175529129e-01
7.192063838631060912e-01
3.905753825387018319e-01
2.860970032302309618e-01
2.700334489320520559e-01
3.562346657676556672e-01
4.224944031181052662e-01
4.208113382750919285e-01
4.855059543626552565e-01
4.487632662562864305e-01
3.478106773633640736e-01
2.827530133128401402e-01
2.418276233376831230e-01
1.943177260684217367e-01
1.847324782257864229e-01
2.043286068153323531e-01
2.621714161539863142e-01
2.445377264238378368e-01
2.923172827568845666e-01
3.444900438879896498e-01
3.463375439818209833e-01
3.935485267228298056e-01
3.563901418781263430e-01
3.260224167277399610e-01
3.120894418632534362e-01
2.440117917034526074e-01
1.968990645551410845e-01
1.651228187534937997e-01
1.774033483883760143e-01
1.993962129308194386e-01
1.753193527976003308e-01
1.536176879681104834e-01
1.767346573246797725e-01
1.644514178263591642e-01
1.472776767201494086e-01
1.419576064539434801e-01
1.651173805921719029e-01
1.468111193476211995e-01
1.385114344070365322e-01
1.148557460423642734e-01
1.000425909420952636e-01
1.001318505255549690e-01
1.047716805481725549e-01
9.679574133346960374e-02
8.357839163005401084e-02
9.289993473469035368e-02
9.077358600616197704e-02
9.185540220309316994e-02
9.527732373739351834e-02
