4.434515722095966339e-04 4.434515722095966339e-04 3.732727840542793274e-03 4.604278656188398600e-04 2.465959405526518822e-03 1.000831369310617447e-03
3.609855845570564270e-02 3.609855845570564270e-02 2.036561816930770874e-02 2.893840894103050232e-03 6.445846520364284515e-03 4.406207706779241562e-03
9.730701446533203125e-01 9.730701446533203125e-01 4.263553768396377563e-03 2.853728947229683399e-04 5.923632488702423871e-05 2.582957968115806580e-04
9.947486519813537598e-01 9.947486519813537598e-01 1.750053022988140583e-03 7.667770114494487643e-05 4.996148163627367467e-06 2.734194458753336221e-05
9.974647760391235352e-01 9.974647760391235352e-01 1.368308672681450844e-03 2.031603980867657810e-05 1.458456267755536828e-06 8.429831723333336413e-06
9.981422424316406250e-01 9.981422424316406250e-01 1.543412334285676479e-03 4.050927145726745948e-06 2.679505826108652400e-07 1.442062739442917518e-06
9.981541037559509277e-01 9.981541037559509277e-01 1.726189977489411831e-03 1.087820919565274380e-06 6.950055819743283791e-08 4.840392762162082363e-07
9.983751773834228516e-01 9.983751773834228516e-01 1.511793816462159157e-03 1.034540218824986368e-06 6.766939719682341092e-08 6.843882260909595061e-07
9.983647465705871582e-01 9.983647465705871582e-01 1.544625381939113140e-03 6.845893949503079057e-07 5.451963858149611042e-08 4.065456664648081642e-07
9.977978467941284180e-01 9.977978467941284180e-01 2.074865391477942467e-03 7.876467975620471407e-07 6.591093892893695738e-08 3.794591521000256762e-07
9.980419874191284180e-01 9.980419874191284180e-01 1.823065453208982944e-03 8.510496627422980964e-07 9.339364481775191962e-08 3.475738026281760540e-07
9.976473450660705566e-01 9.976473450660705566e-01 2.139103831723332405e-03 1.473666429774311837e-06 1.432650265087431762e-07 5.328304837348696310e-07
9.961529374122619629e-01 9.961529374122619629e-01 3.543241648003458977e-03 2.365775799262337387e-06 1.905258244505603216e-07 5.894443688703177031e-07
9.945217370986938477e-01 9.945217370986938477e-01 5.034024361521005630e-03 2.919175130955409259e-06 2.593827730379416607e-07 7.931490699775167741e-07
9.940798878669738770e-01 9.940798878669738770e-01 5.400112364441156387e-03 3.611354941313038580e-06 3.119160112419194775e-07 8.866538223628595006e-07
9.937055706977844238e-01 9.937055706977844238e-01 5.620591808110475540e-03 5.412163318396778777e-06 5.393616788751387503e-07 1.271610017283819616e-06
9.938390851020812988e-01 9.938390851020812988e-01 5.346602760255336761e-03 6.399677204171894118e-06 8.673932825331576169e-07 1.603036480446462519e-06
9.913004040718078613e-01 9.913004040718078613e-01 7.363431155681610107e-03 9.648335435485932976e-06 1.794579702618648298e-06 2.842001777025870979e-06
9.874286055564880371e-01 9.874286055564880371e-01 1.020382158458232880e-02 1.677204818406607956e-05 5.757644885306945071e-06 4.720719061879208311e-06
9.811014533042907715e-01 9.811014533042907715e-01 1.434265170246362686e-02 3.791081326198764145e-05 1.915816210384946316e-05 9.233058335667010397e-06
9.732947945594787598e-01 9.732947945594787598e-01 1.886446401476860046e-02 8.336097380379214883e-05 4.891559729003347456e-05 2.004939960897900164e-05
9.692783951759338379e-01 9.692783951759338379e-01 2.053720317780971527e-02 1.135837810579687357e-04 8.300557237816974521e-05 2.868516639864537865e-05
9.586763381958007812e-01 9.586763381958007812e-01 2.593699097633361816e-02 2.397725038463249803e-04 1.715447433525696397e-04 4.505041579250246286e-05
9.516253471374511719e-01 9.516253471374511719e-01 2.818220295011997223e-02 4.100765800103545189e-04 3.054152766708284616e-04 6.240482616703957319e-05
9.356304407119750977e-01 9.356304407119750977e-01 3.285037353634834290e-02 7.173627382144331932e-04 6.564340437762439251e-04 1.119918233598582447e-04
9.265320301055908203e-01 9.265320301055908203e-01 3.671763837337493896e-02 9.294467163272202015e-04 9.461116860620677471e-04 1.672049256740137935e-04
9.207229018211364746e-01 9.207229018211364746e-01 3.772008791565895081e-02 1.162254950031638145e-03 1.206028391607105732e-03 2.348884299863129854e-04
8.954676985740661621e-01 8.954676985740661621e-01 4.179276525974273682e-02 1.840812736190855503e-03 2.111199544742703438e-03 3.808412875514477491e-04
8.543170094490051270e-01 8.543170094490051270e-01 4.799874499440193176e-02 2.967416774481534958e-03 4.068750888109207153e-03 6.236208137124776840e-04
8.178686499595642090e-01 8.178686499595642090e-01 5.786411464214324951e-02 3.606133628636598587e-03 5.728410556912422180e-03 8.661924512125551701e-04
7.880505919456481934e-01 7.880505919456481934e-01 6.153692677617073059e-02 4.345516674220561981e-03 7.727938704192638397e-03 1.035758294165134430e-03
7.679849267005920410e-01 7.679849267005920410e-01 7.185015082359313965e-02 4.712122026830911636e-03 8.613861165940761566e-03 1.104500493966042995e-03
6.982865333557128906e-01 6.982865333557128906e-01 8.558934926986694336e-02 7.175493054091930389e-03 1.311417948454618454e-02 1.476095989346504211e-03
6.619728207588195801e-01 6.619728207588195801e-01 9.245353937149047852e-02 8.980186656117439270e-03 1.646987162530422211e-02 1.807562075555324554e-03
6.094945073127746582e-01 6.094945073127746582e-01 8.866854012012481689e-02 1.269051991403102875e-02 2.179378457367420197e-02 2.197908936068415642e-03
5.841467380523681641e-01 5.841467380523681641e-01 8.904995769262313843e-02 1.502207200974225998e-02 2.555263787508010864e-02 2.560465596616268158e-03
5.620163083076477051e-01 5.620163083076477051e-01 8.612373471260070801e-02 1.895378343760967255e-02 2.974319458007812500e-02 2.838193671777844429e-03
5.368669033050537109e-01 5.368669033050537109e-01 8.821223676204681396e-02 2.234288863837718964e-02 3.278868645429611206e-02 3.094004932790994644e-03
4.969952702522277832e-01 4.969952702522277832e-01 9.606654196977615356e-02 2.458263188600540161e-02 3.788377344608306885e-02 3.591725369915366173e-03
5.142944455146789551e-01 5.142944455146789551e-01 9.876854717731475830e-02 2.771999686956405640e-02 3.585568442940711975e-02 3.642935771495103836e-03
4.828328788280487061e-01 4.828328788280487061e-01 1.020338311791419983e-01 3.087989799678325653e-02 3.867755457758903503e-02 4.239251371473073959e-03
5.086907148361206055e-01 5.086907148361206055e-01 1.098808050155639648e-01 3.185009956359863281e-02 3.620717301964759827e-02 4.204527940601110458e-03
4.867266416549682617e-01 4.867266416549682617e-01 1.090216934680938721e-01 3.586640581488609314e-02 3.912251070141792297e-02 4.059114027768373489e-03
4.688314497470855713e-01 4.688314497470855713e-01 1.124761998653411865e-01 4.036562517285346985e-02 4.024189710617065430e-02 4.485995043069124222e-03
4.555719196796417236e-01 4.555719196796417236e-01 1.157798022031784058e-01 4.091737046837806702e-02 4.251821339130401611e-02 4.624353256076574326e-03
4.912928938865661621e-01 4.912928938865661621e-01 1.072917059063911438e-01 4.143653437495231628e-02 3.726794198155403137e-02 4.271028563380241394e-03
4.837564229965209961e-01 4.837564229965209961e-01 1.016997173428535461e-01 4.333811625838279724e-02 3.864513337612152100e-02 4.372177645564079285e-03
5.324922204017639160e-01 5.324922204017639160e-01 9.664978832006454468e-02 3.827240318059921265e-02 3.438245877623558044e-02 4.417199641466140747e-03
5.398959517478942871e-01 5.398959517478942871e-01 9.962243586778640747e-02 3.629517182707786560e-02 3.356018289923667908e-02 4.224186763167381287e-03
5.203077197074890137e-01 5.203077197074890137e-01 9.535400569438934326e-02 3.700396046042442322e-02 3.654701635241508484e-02 4.298463929444551468e-03
5.334719419479370117e-01 5.334719419479370117e-01 9.263017773628234863e-02 3.808527067303657532e-02 3.510129079222679138e-02 4.411381669342517853e-03
