1.051886240020394325e-03 1.051886240020394325e-03 1.337503781542181969e-04 1.778174424543976784e-03 1.563499681651592255e-04 1.884046796476468444e-04
3.221646323800086975e-02 3.221646323800086975e-02 6.801072508096694946e-03 2.403015643358230591e-02 1.337830326519906521e-03 5.507853347808122635e-03
6.601857542991638184e-01 6.601857542991638184e-01 2.051384421065449715e-03 2.903226315975189209e-01 1.873140409588813782e-02 7.177157094702124596e-04
8.732569217681884766e-01 8.732569217681884766e-01 1.397493411786854267e-03 9.625812619924545288e-02 2.416777424514293671e-02 3.208633279427886009e-04
9.713914394378662109e-01 9.713914394378662109e-01 2.198588801547884941e-03 2.036303468048572540e-02 4.764307290315628052e-03 2.714922011364251375e-04
9.625468254089355469e-01 9.625468254089355469e-01 3.781762905418872833e-03 2.687909826636314392e-02 4.961025901138782501e-03 5.933899665251374245e-04
9.723592996597290039e-01 9.723592996597290039e-01 1.615769928321242332e-03 2.116328664124011993e-02 4.220102448016405106e-03 2.168092905776575208e-04
9.776266813278198242e-01 9.776266813278198242e-01 3.156493185088038445e-03 1.547255739569664001e-02 3.048889571800827980e-03 2.731879649218171835e-04
9.817376732826232910e-01 9.817376732826232910e-01 3.325683996081352234e-03 1.103601511567831039e-02 3.259322838857769966e-03 2.257682936033234000e-04
9.775256514549255371e-01 9.775256514549255371e-01 3.812266746535897255e-03 1.312023028731346130e-02 4.724093712866306305e-03 2.566715120337903500e-04
9.769467711448669434e-01 9.769467711448669434e-01 4.812753293663263321e-03 1.296224165707826614e-02 4.271653015166521072e-03 2.775502798613160849e-04
9.804012179374694824e-01 9.804012179374694824e-01 6.320396903902292252e-03 8.586840704083442688e-03 3.451991360634565353e-03 3.464138717390596867e-04
9.811187982559204102e-01 9.811187982559204102e-01 8.139726705849170685e-03 6.767908111214637756e-03 2.649835310876369476e-03 3.751029144041240215e-04
9.817323088645935059e-01 9.817323088645935059e-01 8.128575980663299561e-03 6.634565535932779312e-03 2.150982385501265526e-03 3.889979270752519369e-04
9.790577888488769531e-01 9.790577888488769531e-01 9.955774061381816864e-03 6.802604999393224716e-03 2.566241892054677010e-03 4.640940460376441479e-04
9.714320302009582520e-01 9.714320302009582520e-01 1.703191921114921570e-02 6.264605559408664703e-03 2.745095174759626389e-03 5.856004427187144756e-04
9.596446752548217773e-01 9.596446752548217773e-01 2.639937773346900940e-02 6.962148472666740417e-03 3.319952636957168579e-03 7.327644270844757557e-04
9.475849866867065430e-01 9.475849866867065430e-01 3.564449027180671692e-02 7.666052319109439850e-03 4.021873697638511658e-03 8.712789858691394329e-04
9.330746531486511230e-01 9.330746531486511230e-01 4.753634333610534668e-02 7.587209809571504593e-03 5.123760551214218140e-03 1.137601328082382679e-03
9.236166477203369141e-01 9.236166477203369141e-01 5.610500276088714600e-02 6.869092117995023727e-03 5.122651811689138412e-03 1.190625713206827641e-03
8.989427089691162109e-01 8.989427089691162109e-01 7.769049704074859619e-02 7.543480023741722107e-03 5.536582786589860916e-03 1.554714865051209927e-03
9.116292595863342285e-01 9.116292595863342285e-01 6.682186573743820190e-02 7.802077569067478180e-03 4.983068443834781647e-03 1.275273156352341175e-03
9.185851812362670898e-01 9.185851812362670898e-01 5.782478675246238708e-02 9.054233320057392120e-03 6.309520918875932693e-03 1.335067790932953358e-03
9.130829572677612305e-01 9.130829572677612305e-01 6.163613125681877136e-02 9.638918563723564148e-03 7.228406611829996109e-03 1.335658947937190533e-03
9.099164605140686035e-01 9.099164605140686035e-01 6.664532423019409180e-02 8.780223317444324493e-03 6.228242535144090652e-03 1.298757502809166908e-03
9.021989703178405762e-01 9.021989703178405762e-01 7.558645308017730713e-02 7.541058585047721863e-03 5.800785962492227554e-03 1.354856416583061218e-03
9.289976358413696289e-01 9.289976358413696289e-01 5.326820537447929382e-02 6.771220359951257706e-03 4.336875863373279572e-03 1.100481371395289898e-03
9.397659301757812500e-01 9.397659301757812500e-01 4.551196470856666565e-02 5.873360205441713333e-03 3.285015234723687172e-03 9.312683250755071640e-04
9.510408043861389160e-01 9.510408043861389160e-01 3.742635622620582581e-02 4.717858508229255676e-03 2.468076534569263458e-03 7.216657977551221848e-04
9.565756320953369141e-01 9.565756320953369141e-01 3.327959030866622925e-02 4.280948080122470856e-03 2.152047585695981979e-03 6.343980785459280014e-04
9.625213146209716797e-01 9.625213146209716797e-01 2.887182310223579407e-02 3.783459076657891273e-03 1.692174002528190613e-03 5.609410000033676624e-04
9.684188961982727051e-01 9.684188961982727051e-01 2.400979958474636078e-02 3.332217922434210777e-03 1.519410754553973675e-03 4.684590967372059822e-04
9.749343395233154297e-01 9.749343395233154297e-01 1.822019927203655243e-02 3.246706444770097733e-03 1.421880442649126053e-03 4.019635089207440615e-04
9.745283126831054688e-01 9.745283126831054688e-01 1.910930871963500977e-02 2.855154685676097870e-03 1.310127903707325459e-03 4.212566418573260307e-04
9.745477437973022461e-01 9.745477437973022461e-01 1.965893805027008057e-02 2.585603855550289154e-03 1.076134969480335712e-03 4.352492396719753742e-04
9.778273701667785645e-01 9.778273701667785645e-01 1.667865738272666931e-02 2.518487162888050079e-03 1.077734981663525105e-03 3.958946908824145794e-04
9.794033169746398926e-01 9.794033169746398926e-01 1.555223297327756882e-02 2.353438874706625938e-03 9.661017102189362049e-04 3.520655154716223478e-04
9.819450378417968750e-01 9.819450378417968750e-01 1.322280429303646088e-02 2.364042215049266815e-03 9.512023534625768661e-04 3.025962214451283216e-04
9.793111681938171387e-01 9.793111681938171387e-01 1.543642021715641022e-02 2.528747078031301498e-03 9.850403293967247009e-04 3.265475679654628038e-04
9.791412949562072754e-01 9.791412949562072754e-01 1.603119075298309326e-02 2.308666240423917770e-03 8.454383932985365391e-04 3.184809465892612934e-04
9.816538095474243164e-01 9.816538095474243164e-01 1.408243644982576370e-02 2.334840828552842140e-03 6.290392484515905380e-04 2.683644415810704231e-04
9.824441075325012207e-01 9.824441075325012207e-01 1.367614697664976120e-02 2.211244311183691025e-03 5.219923332333564758e-04 2.560626599006354809e-04
9.814791679382324219e-01 9.814791679382324219e-01 1.452320441603660583e-02 2.300513908267021179e-03 4.833414859604090452e-04 2.757407783064991236e-04
9.813171625137329102e-01 9.813171625137329102e-01 1.479077618569135666e-02 2.108048181980848312e-03 4.637348174583166838e-04 3.205483080819249153e-04
9.838362336158752441e-01 9.838362336158752441e-01 1.259332429617643356e-02 1.978725893422961235e-03 4.166104481555521488e-04 2.996831608470529318e-04
9.861913919448852539e-01 9.861913919448852539e-01 1.077668741345405579e-02 1.713266363367438316e-03 3.381832502782344818e-04 2.479620452504605055e-04
9.854648709297180176e-01 9.854648709297180176e-01 1.157284248620271683e-02 1.657977467402815819e-03 3.077274304814636707e-04 2.621637831907719374e-04
9.879443645477294922e-01 9.879443645477294922e-01 9.470500051975250244e-03 1.566862221807241440e-03 2.409681183053180575e-04 2.183956676162779331e-04
9.878298044204711914e-01 9.878298044204711914e-01 9.510770440101623535e-03 1.622879644855856895e-03 2.194270782638341188e-04 2.388814755249768496e-04
9.892002344131469727e-01 9.892002344131469727e-01 8.363069035112857819e-03 1.521406462416052818e-03 2.071239869110286236e-04 2.113330556312575936e-04
9.892781972885131836e-01 9.892781972885131836e-01 8.405115455389022827e-03 1.411140896379947662e-03 1.915173925226554275e-04 2.217090077465400100e-04
