1.085423088073730469e+01
1.637372016906738281e+01
2.045039176940917969e+01
2.246883392333984375e+01
2.356652259826660156e+01
2.436753273010253906e+01
2.503182792663574219e+01
2.559238243103027344e+01
2.606775283813476562e+01
2.647701454162597656e+01
2.681542015075683594e+01
2.711423873901367188e+01
2.738651084899902344e+01
2.762833786010742188e+01
2.784010505676269531e+01
2.803002929687500000e+01
2.819132232666015625e+01
2.831614875793457031e+01
2.841070747375488281e+01
2.846803665161132812e+01
2.849501800537109375e+01
2.849661827087402344e+01
2.846915054321289062e+01
2.842665863037109375e+01
2.835478782653808594e+01
2.827694320678710938e+01
2.817428207397460938e+01
2.806812667846679688e+01
2.796091270446777344e+01
2.785366439819335938e+01
2.773849487304687500e+01
2.761855888366699219e+01
2.749925231933593750e+01
2.738218116760253906e+01
2.727482986450195312e+01
2.714901161193847656e+01
2.703314399719238281e+01
2.691376304626464844e+01
2.679730415344238281e+01
2.668342590332031250e+01
2.658611106872558594e+01
2.645865631103515625e+01
2.634313964843750000e+01
2.624638748168945312e+01
2.614360427856445312e+01
2.603177642822265625e+01
2.593633079528808594e+01
2.586211585998535156e+01
2.576135063171386719e+01
2.565729713439941406e+01
2.556467056274414062e+01
