          0  0.06605643 11.80084896
        100  0.00900844 20.45350456
        200  0.00798856 20.97531700
        300  0.00750161 21.24845695
        400  0.00715024 21.45679283
        500  0.00704609 21.52051544
        600  0.00687365 21.62812614
        700  0.00677250 21.69251251
        800  0.00667748 21.75387573
        900  0.00656721 21.82618904
       1000  0.00651945 21.85788918
       1100  0.00639417 21.94215775
       1200  0.00633915 21.97969246
       1300  0.00625462 22.03799248
       1400  0.00618770 22.08470917
       1500  0.00611555 22.13564491
       1600  0.00608522 22.15723801
       1700  0.00598571 22.22884560
       1800  0.00591592 22.27977943
       1900  0.00588206 22.30470467
       2000  0.00579165 22.37198067
       2100  0.00571174 22.43231201
       2200  0.00564852 22.48065567
       2300  0.00565252 22.47757721
       2400  0.00555094 22.55633163
       2500  0.00547086 22.61944389
       2600  0.00536575 22.70369339
       2700  0.00530481 22.75330544
       2800  0.00531507 22.74491310
       2900  0.00511824 22.90879440
       3000  0.00510187 22.92270851
       3100  0.00498634 23.02218056
       3200  0.00486625 23.12805176
       3300  0.00499105 23.01808167
       3400  0.00470280 23.27643967
       3500  0.00461978 23.35378265
       3600  0.00451815 23.45039177
       3700  0.00446977 23.49714661
       3800  0.00431462 23.65056992
       3900  0.00423024 23.73634911
       4000  0.00415734 23.81184769
       4100  0.00400219 23.97702789
       4200  0.00394897 24.03516197
       4300  0.00388967 24.10087395
       4400  0.00383138 24.16644478
       4500  0.00379256 24.21067619
       4600  0.00369886 24.31931877
       4700  0.00358127 24.45962906
       4800  0.00351727 24.53794098
       4900  0.00345769 24.61213875
       5000  0.00326398 24.86252022
