8.967816352844238281e+00
1.532091140747070312e+01
2.139251327514648438e+01
2.517792701721191406e+01
2.711950683593750000e+01
2.817704200744628906e+01
2.886124610900878906e+01
2.940043830871582031e+01
2.986125564575195312e+01
3.026358795166015625e+01
3.059071159362792969e+01
3.084629249572753906e+01
3.107156372070312500e+01
3.126505851745605469e+01
3.141950225830078125e+01
3.153200531005859375e+01
3.162222290039062500e+01
3.169063758850097656e+01
3.174478530883789062e+01
3.177842330932617188e+01
3.178407096862792969e+01
3.176887321472167969e+01
3.172265815734863281e+01
3.167348098754882812e+01
3.160839462280273438e+01
3.152039527893066406e+01
3.141244888305664062e+01
3.130386352539062500e+01
3.120212554931640625e+01
3.104648017883300781e+01
3.089366722106933594e+01
3.074908638000488281e+01
3.058644485473632812e+01
3.042144966125488281e+01
3.025292587280273438e+01
3.007823562622070312e+01
2.990248680114746094e+01
2.975380516052246094e+01
2.959106254577636719e+01
2.943117523193359375e+01
2.926135063171386719e+01
2.909892463684082031e+01
2.894523429870605469e+01
2.886008834838867188e+01
2.866204261779785156e+01
2.849864578247070312e+01
2.834885215759277344e+01
2.822258186340332031e+01
2.808109474182128906e+01
2.793731117248535156e+01
2.779222869873046875e+01
