8.174209760737441779e-03
4.751965904903662080e-02
8.485883822588530245e-01
9.992570244715217598e-01
9.999641178284681686e-01
1.000002503407316112e+00
1.000003933925782462e+00
1.000004291555399050e+00
1.000004172345526854e+00
1.000004768394888055e+00
1.000004768394888055e+00
1.000004768394888055e+00
1.000004768394888055e+00
1.000004768394888055e+00
1.000004529975143441e+00
1.000004529975143441e+00
1.000004410765271246e+00
1.000004529975143441e+00
1.000004410765271246e+00
1.000004410765271246e+00
1.000004291555399050e+00
1.000003933925782462e+00
1.000003695506038071e+00
1.000003099456677091e+00
1.000002980246804896e+00
1.000002384197443916e+00
1.000001192098721958e+00
1.000000000000000000e+00
9.999991655308946292e-01
9.999986886914058459e-01
9.999978542223004752e-01
9.999970197531949934e-01
9.999958276544730351e-01
9.999947547656232727e-01
9.999922513583070494e-01
9.999914168892016786e-01
9.999897479509909370e-01
9.999892711115021537e-01
9.999868869140581262e-01
9.999870061239303221e-01
9.999886750621411746e-01
9.999891519016299579e-01
9.999898671608631329e-01
9.999912976793294828e-01
9.999918937286904619e-01
9.999934434570291186e-01
9.999945163458788810e-01
9.999941587162622936e-01
9.999941587162622936e-01
9.999946355557510769e-01
9.999959468643452309e-01
