          0  0.07817532 11.06930351
        100  0.01356316 18.67638969
        200  0.01151753 19.38640785
        300  0.01066258 19.72137642
        400  0.01008650 19.96259499
        500  0.00950788 20.21916389
        600  0.00913633 20.39228058
        700  0.00890116 20.50553513
        800  0.00853930 20.68577576
        900  0.00821539 20.85371780
       1000  0.00802664 20.95466423
       1100  0.00779569 21.08145523
       1200  0.00760005 21.19183731
       1300  0.00742181 21.29490089
       1400  0.00719080 21.43222427
       1500  0.00697781 21.56280518
       1600  0.00682968 21.65599442
       1700  0.00665270 21.77001762
       1800  0.00642731 21.91970634
       1900  0.00641568 21.92757225
       2000  0.00601435 22.20811653
       2100  0.00582313 22.34843636
       2200  0.00563291 22.49267006
       2300  0.00546165 22.62676430
       2400  0.00525938 22.79065514
       2500  0.00509866 22.92543793
       2600  0.00499510 23.01456070
       2700  0.00478054 23.20522690
       2800  0.00467348 23.30359650
       2900  0.00445704 23.50953865
       3000  0.00427789 23.68770409
       3100  0.00657198 21.82303619
       3200  0.00454346 23.42613602
       3300  0.00411760 23.85355377
       3400  0.00396507 24.01748848
       3500  0.00371368 24.30195618
       3600  0.00369694 24.32157898
       3700  0.00357267 24.47007179
       3800  0.00367599 24.34625816
       3900  0.00327208 24.85176468
       4000  0.00314980 25.01717377
       4100  0.00314865 25.01875877
       4200  0.00300233 25.22542191
       4300  0.00287890 25.40773201
       4400  0.00295495 25.29450226
       4500  0.00269589 25.69298363
       4600  0.00254007 25.95154953
       4700  0.00248233 26.05139732
       4800  0.00238785 26.21992493
       4900  0.00232942 26.32752228
       5000  0.00222620 26.52435112
