1.169351959228515625e+01
1.764158439636230469e+01
2.180563354492187500e+01
2.394619750976562500e+01
2.509900474548339844e+01
2.588982963562011719e+01
2.646467590332031250e+01
2.690792083740234375e+01
2.727366065979003906e+01
2.757806968688964844e+01
2.785318756103515625e+01
2.808323097229003906e+01
2.827619743347167969e+01
2.843565940856933594e+01
2.856925201416015625e+01
2.867832756042480469e+01
2.875394439697265625e+01
2.879894447326660156e+01
2.881083679199218750e+01
2.878927040100097656e+01
2.872688293457031250e+01
2.865196228027343750e+01
2.853947448730468750e+01
2.842317008972167969e+01
2.827953720092773438e+01
2.813184165954589844e+01
2.799392890930175781e+01
2.782354736328125000e+01
2.766179847717285156e+01
2.751354026794433594e+01
2.737073326110839844e+01
2.719658851623535156e+01
2.703599929809570312e+01
2.688446998596191406e+01
2.675290298461914062e+01
2.661658668518066406e+01
2.646718978881835938e+01
2.634729194641113281e+01
2.621112251281738281e+01
2.608149528503417969e+01
2.597069740295410156e+01
2.585568809509277344e+01
2.574539375305175781e+01
2.564067459106445312e+01
2.553439521789550781e+01
2.543164634704589844e+01
2.533360671997070312e+01
2.525180435180664062e+01
2.515802383422851562e+01
2.508388710021972656e+01
2.500539779663085938e+01
