6.214196328073740005e-04 6.214196328073740005e-04 1.549098757095634937e-03 1.983509864658117294e-03 3.288333246018737555e-04 3.027314087375998497e-04
2.807528246194124222e-03 2.807528246194124222e-03 1.901088631711900234e-03 6.671204231679439545e-03 1.406889525242149830e-03 3.069738624617457390e-03
1.017478182911872864e-01 1.017478182911872864e-01 1.642038114368915558e-02 3.485120087862014771e-02 2.741549536585807800e-02 1.980307511985301971e-02
2.095174938440322876e-01 2.095174938440322876e-01 2.727209404110908508e-02 3.016667813062667847e-02 9.579483419656753540e-02 6.894521415233612061e-02
2.486995756626129150e-01 2.486995756626129150e-01 3.604083880782127380e-02 1.451121456921100616e-02 8.149394392967224121e-02 1.316494792699813843e-01
3.602386415004730225e-01 3.602386415004730225e-01 2.764824405312538147e-02 1.529785897582769394e-02 7.089427858591079712e-02 1.887226551771163940e-01
3.822739124298095703e-01 3.822739124298095703e-01 4.237215593457221985e-02 2.152659557759761810e-02 6.942881643772125244e-02 1.382053345441818237e-01
3.483664989471435547e-01 3.483664989471435547e-01 6.470753997564315796e-02 3.237811103463172913e-02 5.903764814138412476e-02 1.071035861968994141e-01
3.243073225021362305e-01 3.243073225021362305e-01 6.530151516199111938e-02 4.453575611114501953e-02 5.230127647519111633e-02 8.844938874244689941e-02
2.625985443592071533e-01 2.625985443592071533e-01 6.776078045368194580e-02 5.661236494779586792e-02 4.737914353609085083e-02 7.721347361803054810e-02
2.229177504777908325e-01 2.229177504777908325e-01 5.857871472835540771e-02 7.446705549955368042e-02 4.806295037269592285e-02 6.991804391145706177e-02
2.721697390079498291e-01 2.721697390079498291e-01 4.551068320870399475e-02 9.930015355348587036e-02 5.953331664204597473e-02 6.140149384737014771e-02
3.350033164024353027e-01 3.350033164024353027e-01 4.346974939107894897e-02 1.107002794742584229e-01 6.385588645935058594e-02 5.615401640534400940e-02
4.086763262748718262e-01 4.086763262748718262e-01 4.229799658060073853e-02 1.223228350281715393e-01 6.362089514732360840e-02 4.297601804137229919e-02
4.530746340751647949e-01 4.530746340751647949e-01 4.955859482288360596e-02 1.150842010974884033e-01 5.659197643399238586e-02 3.633157163858413696e-02
5.044626593589782715e-01 5.044626593589782715e-01 5.083787441253662109e-02 1.129210144281387329e-01 5.861998721957206726e-02 2.800792083144187927e-02
5.461935997009277344e-01 5.461935997009277344e-01 5.141831934452056885e-02 1.136471778154373169e-01 5.918669700622558594e-02 2.347831241786479950e-02
5.652665495872497559e-01 5.652665495872497559e-01 5.414072424173355103e-02 1.141560003161430359e-01 6.291344016790390015e-02 2.044014446437358856e-02
6.124031543731689453e-01 6.124031543731689453e-01 4.665210843086242676e-02 1.206893101334571838e-01 6.336522847414016724e-02 1.734772324562072754e-02
6.567757129669189453e-01 6.567757129669189453e-01 4.302381351590156555e-02 1.184226870536804199e-01 5.936759710311889648e-02 1.686159707605838776e-02
7.014835476875305176e-01 7.014835476875305176e-01 3.394238278269767761e-02 1.187253743410110474e-01 5.594258382916450500e-02 1.532100513577461243e-02
7.479135394096374512e-01 7.479135394096374512e-01 2.290119417011737823e-02 1.178438365459442139e-01 5.219134688377380371e-02 1.257807854562997818e-02
7.771154046058654785e-01 7.771154046058654785e-01 1.739473454654216766e-02 1.108765676617622375e-01 4.676466062664985657e-02 1.036556530743837357e-02
8.034034967422485352e-01 8.034034967422485352e-01 1.513138599693775177e-02 9.886890649795532227e-02 4.364845156669616699e-02 7.571644149720668793e-03
8.237067461013793945e-01 8.237067461013793945e-01 1.167574524879455566e-02 9.182441234588623047e-02 4.252902418375015259e-02 5.468477029353380203e-03
8.318961858749389648e-01 8.318961858749389648e-01 8.635737001895904541e-03 9.309276938438415527e-02 4.389488697052001953e-02 3.623445751145482063e-03
8.322424888610839844e-01 8.322424888610839844e-01 8.241790346801280975e-03 9.538135677576065063e-02 4.392601922154426575e-02 3.004722762852907181e-03
8.143903017044067383e-01 8.143903017044067383e-01 9.253233671188354492e-03 1.037270724773406982e-01 5.037788674235343933e-02 3.121887333691120148e-03
8.027715682983398438e-01 8.027715682983398438e-01 8.716828189790248871e-03 1.124989837408065796e-01 5.531305819749832153e-02 2.685592975467443466e-03
8.082840442657470703e-01 8.082840442657470703e-01 7.819654420018196106e-03 1.103131398558616638e-01 5.473634228110313416e-02 2.675540745258331299e-03
8.021334409713745117e-01 8.021334409713745117e-01 1.006974186748266220e-02 1.110878586769104004e-01 5.550482496619224548e-02 3.344085998833179474e-03
8.118941187858581543e-01 8.118941187858581543e-01 8.211463689804077148e-03 1.101723536849021912e-01 5.214984342455863953e-02 3.005243139341473579e-03
8.186183571815490723e-01 8.186183571815490723e-01 7.528243120759725571e-03 1.069456338882446289e-01 5.090423673391342163e-02 2.713004359975457191e-03
8.134571313858032227e-01 8.134571313858032227e-01 9.237097576260566711e-03 1.094019338488578796e-01 5.096612125635147095e-02 2.795149805024266243e-03
8.135011792182922363e-01 8.135011792182922363e-01 9.108600206673145294e-03 1.093747913837432861e-01 5.052017793059349060e-02 2.897928934544324875e-03
8.054871559143066406e-01 8.054871559143066406e-01 9.781406261026859283e-03 1.147307530045509338e-01 5.162169784307479858e-02 3.041063901036977768e-03
8.063085079193115234e-01 8.063085079193115234e-01 8.421126753091812134e-03 1.153287962079048157e-01 5.236914008855819702e-02 2.850970951840281487e-03
8.016822934150695801e-01 8.016822934150695801e-01 8.202265016734600067e-03 1.183386221528053284e-01 5.470922589302062988e-02 2.471083076670765877e-03
8.061016201972961426e-01 8.061016201972961426e-01 7.236668374389410019e-03 1.168311089277267456e-01 5.437573045492172241e-02 2.161546610295772552e-03
7.963663935661315918e-01 7.963663935661315918e-01 8.383300155401229858e-03 1.215937882661819458e-01 5.660187825560569763e-02 2.159002935513854027e-03
8.090279102325439453e-01 8.090279102325439453e-01 7.059340830892324448e-03 1.150785759091377258e-01 5.406669154763221741e-02 1.895415247417986393e-03
8.038263320922851562e-01 8.038263320922851562e-01 8.163788355886936188e-03 1.169204041361808777e-01 5.435079708695411682e-02 1.962973037734627724e-03
8.159499764442443848e-01 8.159499764442443848e-01 7.791367359459400177e-03 1.076016500592231750e-01 5.383174866437911987e-02 1.542063429951667786e-03
8.077966570854187012e-01 8.077966570854187012e-01 1.011908985674381256e-02 1.106924638152122498e-01 5.434568971395492554e-02 1.740281470119953156e-03
8.149699568748474121e-01 8.149699568748474121e-01 9.909366257488727570e-03 1.035495698451995850e-01 5.460457876324653625e-02 1.703983987681567669e-03
8.137421011924743652e-01 8.137421011924743652e-01 1.155431754887104034e-02 1.015151739120483398e-01 5.546204745769500732e-02 1.665305113419890404e-03
8.128387928009033203e-01 8.128387928009033203e-01 1.258136704564094543e-02 1.001549884676933289e-01 5.534582212567329407e-02 1.709340838715434074e-03
8.112070560455322266e-01 8.112070560455322266e-01 1.399843301624059677e-02 9.832418709993362427e-02 5.537327006459236145e-02 1.858556992374360561e-03
8.065506219863891602e-01 8.065506219863891602e-01 1.524169556796550751e-02 9.855979681015014648e-02 5.694821476936340332e-02 1.964776311069726944e-03
8.153237104415893555e-01 8.153237104415893555e-01 1.587136276066303253e-02 9.167791903018951416e-02 5.457413196563720703e-02 1.882560551166534424e-03
8.127649426460266113e-01 8.127649426460266113e-01 1.761420071125030518e-02 9.050128608942031860e-02 5.494129657745361328e-02 2.136474009603261948e-03
