6.218847353011369705e-03 1.280974247492849827e-03 6.272877217270433903e-04 6.218847353011369705e-03 6.864675669930875301e-04 4.245503805577754974e-03
3.957840427756309509e-02 5.655436543747782707e-04 2.439129020785912871e-04 3.957840427756309509e-02 1.123741036280989647e-03 5.888630822300910950e-02
9.325847029685974121e-01 4.752528639073716477e-06 1.610794697626261041e-06 9.325847029685974121e-01 9.444993906981835607e-07 1.001082709990441799e-03
9.860986471176147461e-01 2.265305965920560993e-06 8.791535037744324654e-07 9.860986471176147461e-01 1.400509063387289643e-06 5.395771004259586334e-04
4.541460275650024414e-01 2.250973238915321417e-06 3.113532329734880477e-06 4.541460275650024414e-01 2.706658051465637982e-06 3.549037873744964600e-02
4.619468152523040771e-01 2.155067477360717021e-06 2.319841996722971089e-06 4.619468152523040771e-01 7.248555903061060235e-06 1.671184226870536804e-02
5.536997914314270020e-01 3.049393853871151805e-06 2.680195393622852862e-06 5.536997914314270020e-01 1.762750434863846749e-05 1.044849958270788193e-02
7.020895481109619141e-01 8.422257451456971467e-06 6.634085821133339778e-06 7.020895481109619141e-01 5.221318497206084430e-05 1.031646598130464554e-02
7.553887963294982910e-01 1.202162547997431830e-05 8.734399671084247530e-06 7.553887963294982910e-01 9.719420631881803274e-05 1.164669916033744812e-02
7.883530855178833008e-01 1.582064942340366542e-05 1.086212887457804754e-05 7.883530855178833008e-01 1.238800468854606152e-04 1.251587644219398499e-02
8.658803105354309082e-01 1.265973241970641539e-05 1.046331635734532028e-05 8.658803105354309082e-01 9.347141167381778359e-05 1.021131314337253571e-02
8.939091563224792480e-01 1.166196852864231914e-05 1.268909181817434728e-05 8.939091563224792480e-01 6.680043588858097792e-05 8.525258861482143402e-03
9.295079708099365234e-01 9.593195500201545656e-06 1.227509164891671389e-05 9.295079708099365234e-01 5.608673382084816694e-05 5.818570498377084732e-03
9.391993284225463867e-01 9.951345418812707067e-06 1.498118217568844557e-05 9.391993284225463867e-01 4.953637835569679737e-05 4.913490731269121170e-03
9.505872130393981934e-01 8.630692718725185841e-06 1.451319440093357116e-05 9.505872130393981934e-01 4.170667671132832766e-05 3.579230513423681259e-03
9.520101547241210938e-01 7.516126970585901290e-06 1.288685689360136166e-05 9.520101547241210938e-01 3.921027746400795877e-05 3.230502828955650330e-03
9.574013352394104004e-01 8.164643986674491316e-06 1.502226314187282696e-05 9.574013352394104004e-01 4.957443525199778378e-05 2.967149717733263969e-03
9.630129933357238770e-01 8.164831342583056539e-06 1.588303894095588475e-05 9.630129933357238770e-01 5.106149910716339946e-05 2.382894512265920639e-03
9.653676152229309082e-01 1.010837604553671554e-05 2.001918619498610497e-05 9.653676152229309082e-01 5.810924994875676930e-05 2.235622378066182137e-03
9.623886942863464355e-01 1.352308754576370120e-05 2.886865695472806692e-05 9.623886942863464355e-01 6.984699575696140528e-05 1.934807281941175461e-03
9.593349695205688477e-01 1.429975327482679859e-05 3.135338556603528559e-05 9.593349695205688477e-01 7.913300942163914442e-05 1.934402389451861382e-03
9.612824320793151855e-01 1.566094033478293568e-05 3.412039950489997864e-05 9.612824320793151855e-01 9.020959987537935376e-05 1.923619071021676064e-03
9.635891318321228027e-01 1.450660784030333161e-05 3.357674722792580724e-05 9.635891318321228027e-01 8.360308856936171651e-05 1.618213369511067867e-03
9.658625721931457520e-01 1.389612134516937658e-05 3.090590325882658362e-05 9.658625721931457520e-01 9.054524707607924938e-05 1.649159123189747334e-03
9.699624776840209961e-01 1.489823716838145629e-05 3.203279266017489135e-05 9.699624776840209961e-01 9.468356438446789980e-05 1.462636282667517662e-03
9.710168838500976562e-01 1.498154688306385651e-05 3.098552042501978576e-05 9.710168838500976562e-01 9.207511175191029906e-05 1.427402254194021225e-03
9.765639305114746094e-01 1.448117382096825168e-05 3.171886783093214035e-05 9.765639305114746094e-01 8.032152254600077868e-05 1.045918674208223820e-03
9.750764369964599609e-01 1.540198718430474401e-05 3.407012263778597116e-05 9.750764369964599609e-01 9.230261639459058642e-05 1.075207372196018696e-03
9.741913676261901855e-01 1.712661105557344854e-05 3.784974251175299287e-05 9.741913676261901855e-01 9.583654900779947639e-05 1.020108116790652275e-03
9.751904606819152832e-01 1.757804238877724856e-05 3.783017746172845364e-05 9.751904606819152832e-01 1.082662129192613065e-04 9.984725620597600937e-04
9.756399393081665039e-01 2.147607301594689488e-05 4.602754415827803314e-05 9.756399393081665039e-01 1.122890244005247951e-04 9.101481409743428230e-04
9.778680801391601562e-01 2.134909846063237637e-05 4.225856173434294760e-05 9.778680801391601562e-01 1.080328365787863731e-04 8.443942060694098473e-04
9.769026041030883789e-01 2.264185059175360948e-05 4.502310912357643247e-05 9.769026041030883789e-01 1.127104769693687558e-04 8.687860099598765373e-04
9.768078327178955078e-01 2.376351767452433705e-05 4.736506889457814395e-05 9.768078327178955078e-01 1.132989200414158404e-04 8.834048057906329632e-04
9.785142540931701660e-01 2.256492552987765521e-05 4.452538269106298685e-05 9.785142540931701660e-01 1.103912436519749463e-04 7.898795884102582932e-04
9.785556793212890625e-01 2.358935307711362839e-05 4.645672379410825670e-05 9.785556793212890625e-01 1.169211245724000037e-04 7.601447869092226028e-04
9.790207147598266602e-01 2.474813481967430562e-05 4.798749796464107931e-05 9.790207147598266602e-01 1.267385378014296293e-04 6.862541195005178452e-04
9.783671498298645020e-01 2.580825457698665559e-05 4.800300666829571128e-05 9.783671498298645020e-01 1.342966570518910885e-04 7.092095329426229000e-04
9.793883562088012695e-01 2.447263614158146083e-05 4.700343924923799932e-05 9.793883562088012695e-01 1.319510629400610924e-04 6.536581786349415779e-04
9.793395400047302246e-01 2.496425986464601010e-05 4.831677506444975734e-05 9.793395400047302246e-01 1.352010440314188600e-04 6.338716484606266022e-04
9.801759123802185059e-01 2.592389319033827633e-05 4.891556454822421074e-05 9.801759123802185059e-01 1.417846506228670478e-04 5.910675390623509884e-04
9.797158241271972656e-01 2.762874646577984095e-05 5.113927545608021319e-05 9.797158241271972656e-01 1.490518188802525401e-04 5.692734848707914352e-04
9.796804785728454590e-01 2.761178802757058293e-05 5.264158971840515733e-05 9.796804785728454590e-01 1.454536250093951821e-04 5.536437965929508209e-04
9.801561832427978516e-01 2.710863191168755293e-05 5.313477231538854539e-05 9.801561832427978516e-01 1.404220383847132325e-04 5.369557184167206287e-04
9.822548627853393555e-01 2.357856465096119791e-05 4.497115514823235571e-05 9.822548627853393555e-01 1.232698123203590512e-04 4.996061325073242188e-04
9.801006317138671875e-01 2.681669684534426779e-05 5.250619506114162505e-05 9.801006317138671875e-01 1.290024374611675739e-04 5.317829782143235207e-04
9.804192185401916504e-01 2.886723814299330115e-05 5.445603892439976335e-05 9.804192185401916504e-01 1.403011992806568742e-04 4.904990200884640217e-04
9.799315333366394043e-01 2.983587182825431228e-05 5.587737177847884595e-05 9.799315333366394043e-01 1.458885380998253822e-04 5.043143755756318569e-04
9.751535058021545410e-01 2.897557897085789591e-05 5.806531407870352268e-05 9.751535058021545410e-01 1.108671131078153849e-04 7.021998171694576740e-04
9.773433208465576172e-01 3.029002255061641335e-05 6.349221803247928619e-05 9.773433208465576172e-01 1.130445016315206885e-04 6.171399727463722229e-04
9.778387546539306641e-01 3.231822847737930715e-05 6.384672451531514525e-05 9.778387546539306641e-01 1.344296179013326764e-04 5.781489307992160320e-04
9.788544178009033203e-01 3.204577296855859458e-05 5.933191278018057346e-05 9.788544178009033203e-01 1.269631902687251568e-04 5.215338314883410931e-04
9.792118072509765625e-01 3.159232801408506930e-05 5.718973261537030339e-05 9.792118072509765625e-01 1.247188774868845940e-04 5.465116119012236595e-04
9.790467023849487305e-01 3.220428698114119470e-05 5.623285323963500559e-05 9.790467023849487305e-01 1.243354345206171274e-04 5.310949054546654224e-04
9.777577519416809082e-01 3.673041283036582172e-05 6.354386277962476015e-05 9.777577519416809082e-01 1.489519490860402584e-04 5.739305051974952221e-04
9.777666330337524414e-01 3.734455458470620215e-05 6.105725333327427506e-05 9.777666330337524414e-01 1.561581593705341220e-04 5.520257400348782539e-04
9.787997007369995117e-01 3.772644413402304053e-05 6.391714850906282663e-05 9.787997007369995117e-01 1.487581466790288687e-04 5.180136067792773247e-04
9.778336286544799805e-01 3.326650767121464014e-05 6.092630792409181595e-05 9.778336286544799805e-01 1.398175372742116451e-04 5.426459247246384621e-04
9.779585599899291992e-01 3.597666727728210390e-05 6.259459041757509112e-05 9.779585599899291992e-01 1.451846765121445060e-04 5.233104457147419453e-04
9.789658784866333008e-01 3.405375900911167264e-05 5.603378667728975415e-05 9.789658784866333008e-01 1.472977601224556565e-04 4.793114494532346725e-04
9.802991151809692383e-01 3.384838782949373126e-05 5.530392081709578633e-05 9.802991151809692383e-01 1.446270034648478031e-04 4.391263064462691545e-04
9.803627133369445801e-01 3.264662154833786190e-05 5.313476867740973830e-05 9.803627133369445801e-01 1.387396041536703706e-04 4.584609123412519693e-04
9.809033274650573730e-01 3.344536889926530421e-05 5.256509030004963279e-05 9.809033274650573730e-01 1.404267095495015383e-04 4.431761335581541061e-04
9.821732044219970703e-01 3.197559635736979544e-05 5.075615626992657781e-05 9.821732044219970703e-01 1.312987296842038631e-04 4.060415085405111313e-04
9.823315143585205078e-01 3.588155959732830524e-05 5.636462447000667453e-05 9.823315143585205078e-01 1.421613851562142372e-04 4.004230722784996033e-04
9.828835129737854004e-01 3.345859659020788968e-05 5.246490763965994120e-05 9.828835129737854004e-01 1.407636154908686876e-04 3.896653070114552975e-04
9.831948876380920410e-01 3.804569496423937380e-05 6.119239697000011802e-05 9.831948876380920410e-01 1.424992806278169155e-04 3.720385138876736164e-04
9.834725856781005859e-01 3.835491952486336231e-05 6.279312947299331427e-05 9.834725856781005859e-01 1.514475879957899451e-04 3.814329975284636021e-04
9.848543405532836914e-01 3.146138260490261018e-05 5.328534098225645721e-05 9.848543405532836914e-01 1.324391923844814301e-04 3.485270426608622074e-04
9.849972724914550781e-01 3.203959568054415286e-05 5.398574285209178925e-05 9.849972724914550781e-01 1.328842918155714869e-04 3.373727959115058184e-04
9.854640364646911621e-01 3.453594399616122246e-05 5.814847099827602506e-05 9.854640364646911621e-01 1.379806490149348974e-04 3.085102653130888939e-04
9.849140048027038574e-01 3.572452988009899855e-05 6.102040788391605020e-05 9.849140048027038574e-01 1.428656833013519645e-04 3.262126410845667124e-04
9.845920205116271973e-01 3.677039421745575964e-05 6.134880823083221912e-05 9.845920205116271973e-01 1.463228691136464477e-04 3.362104180268943310e-04
9.847083091735839844e-01 3.779121834668330848e-05 6.312580808298662305e-05 9.847083091735839844e-01 1.541206002002581954e-04 3.508462687022984028e-04
9.853319525718688965e-01 4.487012847675941885e-05 7.500807987526059151e-05 9.853319525718688965e-01 1.597430673427879810e-04 3.158141626045107841e-04
9.851529598236083984e-01 4.413841452333144844e-05 7.273045048350468278e-05 9.851529598236083984e-01 1.691120705800130963e-04 3.236735356040298939e-04
9.856766462326049805e-01 4.526315387920476496e-05 7.323556928895413876e-05 9.856766462326049805e-01 1.714788231765851378e-04 3.017136768903583288e-04
9.859191179275512695e-01 4.830733814742416143e-05 7.973592437338083982e-05 9.859191179275512695e-01 1.750134106259793043e-04 3.017812559846788645e-04
9.854962229728698730e-01 4.877536048297770321e-05 7.983607065398246050e-05 9.854962229728698730e-01 1.823256607167422771e-04 3.071599057875573635e-04
9.854539632797241211e-01 5.218932710704393685e-05 8.293360588140785694e-05 9.854539632797241211e-01 1.876587193692103028e-04 3.020891454070806503e-04
9.864886403083801270e-01 5.170494114281609654e-05 7.992317841853946447e-05 9.864886403083801270e-01 1.871429994935169816e-04 2.806997799780219793e-04
9.860155582427978516e-01 5.577478077611885965e-05 8.984265150502324104e-05 9.860155582427978516e-01 1.923739182529971004e-04 2.904280263464897871e-04
9.851442575454711914e-01 6.088985537644475698e-05 9.115674038184806705e-05 9.851442575454711914e-01 2.103788428939878941e-04 3.065235796384513378e-04
9.859812259674072266e-01 5.891875844099558890e-05 9.321123798144981265e-05 9.859812259674072266e-01 2.097438991768285632e-04 2.831713936757296324e-04
9.851983189582824707e-01 6.079466766095720232e-05 9.042833698913455009e-05 9.851983189582824707e-01 2.124720631400123239e-04 3.156936436425894499e-04
9.860423207283020020e-01 5.952629362582229078e-05 8.861275273375213146e-05 9.860423207283020020e-01 2.000289241550490260e-04 2.947168541140854359e-04
9.860121607780456543e-01 6.603113433811813593e-05 1.026012178044766188e-04 9.860121607780456543e-01 2.114080707542598248e-04 2.913496864493936300e-04
9.862539768218994141e-01 6.483017205027863383e-05 9.697844507172703743e-05 9.862539768218994141e-01 2.143990423064678907e-04 2.877802471630275249e-04
9.862958788871765137e-01 7.212316268123686314e-05 1.062395822373218834e-04 9.862958788871765137e-01 2.226504439022392035e-04 2.807774581015110016e-04
9.860697984695434570e-01 7.207266753539443016e-05 1.008701146929524839e-04 9.860697984695434570e-01 2.069742040475830436e-04 2.962173894047737122e-04
9.869061112403869629e-01 6.963073974475264549e-05 9.588070679455995560e-05 9.869061112403869629e-01 2.008853916777297854e-04 2.920736442320048809e-04
9.870631098747253418e-01 6.887767813168466091e-05 9.603058424545451999e-05 9.870631098747253418e-01 2.000454987864941359e-04 2.822589885909110308e-04
9.866377115249633789e-01 7.359121809713542461e-05 9.838948608376085758e-05 9.866377115249633789e-01 2.032027405221015215e-04 2.885665162466466427e-04
9.865838885307312012e-01 6.791103078285232186e-05 9.324757411377504468e-05 9.865838885307312012e-01 1.993862679228186607e-04 2.791368460748344660e-04
9.864140152931213379e-01 7.338029536185786128e-05 1.037229885696433485e-04 9.864140152931213379e-01 2.120196877513080835e-04 2.877135993912816048e-04
9.862307906150817871e-01 7.588928565382957458e-05 1.083943716366775334e-04 9.862307906150817871e-01 2.071278577204793692e-04 2.899821265600621700e-04
9.863911867141723633e-01 7.231679046526551247e-05 1.024610974127426744e-04 9.863911867141723633e-01 2.111185458488762379e-04 2.844836562871932983e-04
9.862711429595947266e-01 8.094219083432108164e-05 1.133505575126037002e-04 9.862711429595947266e-01 2.266532246721908450e-04 2.793654857669025660e-04
9.850912094116210938e-01 8.981904829852283001e-05 1.200498081743717194e-04 9.850912094116210938e-01 2.568907220847904682e-04 3.233145107515156269e-04
9.846512079238891602e-01 9.089224477065727115e-05 1.262560253962874413e-04 9.846512079238891602e-01 2.569592033978551626e-04 3.349181788507848978e-04
