2.248465316370129585e-03 8.442431571893393993e-04 5.215929704718291759e-04 5.022361801820807159e-05 1.295578840654343367e-04 2.109135239152237773e-04
5.330225229263305664e-01 3.262487705796957016e-03 1.845749909989535809e-03 1.902023504953831434e-04 8.612265810370445251e-04 9.692518506199121475e-04
9.239282608032226562e-01 5.649281592923216522e-05 1.929547943291254342e-05 9.641595397624769248e-07 9.411523933522403240e-05 4.418148455442860723e-05
7.336775660514831543e-01 8.998330304166302085e-05 3.606095560826361179e-05 1.261873080693476368e-06 8.672446710988879204e-05 1.405814837198704481e-04
6.539315581321716309e-01 2.209589147241786122e-04 1.226306339958682656e-04 4.471508873393759131e-06 1.225131563842296600e-04 2.529018383938819170e-04
5.392554998397827148e-01 3.154595324303954840e-04 1.588028244441375136e-04 6.456218216044362634e-06 1.029533086693845689e-04 2.263942733407020569e-04
5.689367651939392090e-01 4.203586431685835123e-04 2.000820823013782501e-04 8.411928320128936321e-06 1.140217063948512077e-04 4.281563451513648033e-04
4.449267089366912842e-01 4.951830487698316574e-04 2.655352291185408831e-04 9.735107596497982740e-06 1.174515127786435187e-04 6.760372780263423920e-04
3.241372704505920410e-01 6.185143720358610153e-04 3.571509732864797115e-04 1.392161084368126467e-05 1.014689041767269373e-04 8.533162181265652180e-04
2.418076097965240479e-01 6.247806595638394356e-04 4.096735501661896706e-04 1.795772368495818228e-05 6.695835327263921499e-05 1.021319301798939705e-03
2.088530510663986206e-01 9.146739030256867409e-04 5.778626655228435993e-04 2.849370321200694889e-05 6.698764627799391747e-05 1.193906064145267010e-03
1.769246309995651245e-01 1.208564615808427334e-03 7.911932189017534256e-04 4.603773049893788993e-05 7.073725282680243254e-05 1.513652154244482517e-03
1.825810223817825317e-01 1.321788993664085865e-03 8.682060288265347481e-04 5.465102731250226498e-05 9.061393939191475511e-05 1.713387318886816502e-03
2.327888011932373047e-01 1.626495970413088799e-03 9.958203881978988647e-04 5.626151687465608120e-05 1.157080405391752720e-04 1.782826497219502926e-03
2.913735508918762207e-01 1.765505294315516949e-03 1.038356684148311615e-03 5.964882439002394676e-05 1.462378568248823285e-04 1.855794922448694706e-03
3.921558558940887451e-01 1.834453898482024670e-03 9.781183907762169838e-04 5.159532156540080905e-05 1.726387708913534880e-04 1.683728303760290146e-03
5.227324366569519043e-01 1.707743271254003048e-03 8.248535450547933578e-04 4.216482557239942253e-05 1.863073412096127868e-04 1.506897853687405586e-03
6.319704055786132812e-01 1.727082300931215286e-03 7.537688361480832100e-04 3.178667611791752279e-05 1.750424562487751245e-04 1.277514034882187843e-03
7.086556553840637207e-01 1.721781911328434944e-03 7.248304900713264942e-04 2.589398172858636826e-05 1.613975036889314651e-04 1.226261840201914310e-03
7.423810362815856934e-01 1.999075757339596748e-03 7.799133309163153172e-04 2.330980169062968343e-05 1.633506908547133207e-04 1.360783353447914124e-03
7.960140109062194824e-01 2.134043024852871895e-03 7.686160388402640820e-04 2.108886837959289551e-05 1.698878913884982467e-04 1.344155287370085716e-03
8.252000212669372559e-01 2.479749266058206558e-03 8.363444940187036991e-04 2.027511072810739279e-05 1.829255488701164722e-04 1.279050018638372421e-03
8.508176207542419434e-01 2.782359486445784569e-03 9.010491776280105114e-04 1.978495856747031212e-05 1.858273026300594211e-04 1.184856984764337540e-03
8.787534832954406738e-01 2.724575577303767204e-03 8.663043845444917679e-04 1.858301948232110590e-05 1.840487821027636528e-04 9.631408029235899448e-04
8.974866271018981934e-01 2.438864205032587051e-03 7.640371914021670818e-04 1.634551881579682231e-05 1.668351469561457634e-04 7.570499437861144543e-04
9.056674242019653320e-01 2.636116230860352516e-03 8.162406156770884991e-04 1.755545417836401612e-05 1.728226925479248166e-04 7.398276939056813717e-04
9.103183150291442871e-01 2.738366601988673210e-03 8.223922341130673885e-04 1.770548078638967127e-05 1.702488225419074297e-04 7.055429741740226746e-04
9.128118157386779785e-01 2.580756088718771935e-03 7.499617640860378742e-04 1.667833566898480058e-05 1.568160805618390441e-04 6.578129250556230545e-04
9.218461513519287109e-01 2.610831055790185928e-03 7.453495636582374573e-04 1.571249777043703943e-05 1.569113810546696186e-04 6.287259166128933430e-04
9.242857098579406738e-01 2.983498154208064079e-03 8.278379100374877453e-04 1.711952609184663743e-05 1.644227741053327918e-04 6.477693677879869938e-04
9.320467114448547363e-01 3.061180934309959412e-03 8.660938474349677563e-04 1.795021125872153789e-05 1.671995996730402112e-04 6.615146412514150143e-04
9.328265786170959473e-01 3.397268010303378105e-03 9.422184084542095661e-04 1.863064062490593642e-05 1.625350705580785871e-04 6.926151108928024769e-04
9.373531937599182129e-01 3.406127681955695152e-03 9.700147202238440514e-04 1.991534190892707556e-05 1.603974669706076384e-04 7.079704082570970058e-04
9.364538192749023438e-01 3.302172524854540825e-03 9.944479679688811302e-04 2.127561128872912377e-05 1.661851274548098445e-04 7.373084663413465023e-04
9.370355010032653809e-01 3.521474776789546013e-03 1.070254133082926273e-03 2.281810884596779943e-05 1.733308890834450722e-04 7.847639499232172966e-04
9.404879808425903320e-01 3.717869985848665237e-03 1.104450202547013760e-03 2.408421460131648928e-05 1.827929227147251368e-04 8.004953269846737385e-04
9.410107135772705078e-01 3.793269628658890724e-03 1.126001705415546894e-03 2.410603701719082892e-05 1.830294058891013265e-04 7.793124532327055931e-04
9.388830065727233887e-01 3.773390548303723335e-03 1.117254374548792839e-03 2.440688331262208521e-05 1.855454611359164119e-04 8.161287987604737282e-04
9.425913691520690918e-01 3.766205394640564919e-03 1.110798097215592861e-03 2.434823909425176680e-05 1.921716466313228011e-04 8.126938482746481895e-04
9.369742870330810547e-01 4.539561923593282700e-03 1.330678001977503300e-03 3.013488822034560144e-05 2.378950302954763174e-04 1.039221999235451221e-03
9.350527524948120117e-01 4.660690668970346451e-03 1.370507176034152508e-03 3.173226286889985204e-05 2.437813236610963941e-04 1.120644621551036835e-03
9.304707646369934082e-01 5.140606313943862915e-03 1.517456024885177612e-03 3.327137528685852885e-05 2.529633638914674520e-04 1.213027979247272015e-03
9.325779676437377930e-01 5.039302632212638855e-03 1.490382477641105652e-03 3.295652277301996946e-05 2.538677072152495384e-04 1.199235324747860432e-03
9.326565861701965332e-01 4.939828533679246902e-03 1.477811951190233231e-03 3.474019104032777250e-05 2.605149347800761461e-04 1.186260604299604893e-03
9.322047829627990723e-01 5.427047610282897949e-03 1.608317717909812927e-03 3.706321513163857162e-05 2.758419432211667299e-04 1.270747627131640911e-03
9.309688806533813477e-01 5.811309907585382462e-03 1.681292895227670670e-03 3.788042522501200438e-05 2.831969759427011013e-04 1.344684744253754616e-03
9.272744655609130859e-01 6.602738518267869949e-03 1.871392247267067432e-03 4.157477451371960342e-05 3.118813037872314453e-04 1.478905905969440937e-03
9.289711117744445801e-01 6.675117183476686478e-03 1.893916400149464607e-03 4.313619865570217371e-05 3.262480313424021006e-04 1.515594776719808578e-03
9.317249655723571777e-01 6.025664508342742920e-03 1.735508791171014309e-03 3.897301576216705143e-05 3.004491154570132494e-04 1.405963324941694736e-03
9.299023151397705078e-01 6.913070101290941238e-03 1.972380327060818672e-03 4.340324812801554799e-05 3.329464816488325596e-04 1.527222688309848309e-03
9.196243286132812500e-01 8.425557054579257965e-03 2.420566044747829437e-03 5.495911318575963378e-05 3.966125368606299162e-04 1.913678017444908619e-03
9.175432324409484863e-01 8.406369946897029877e-03 2.426408696919679642e-03 5.910898107686080039e-05 4.060988430865108967e-04 2.065826207399368286e-03
9.169608354568481445e-01 8.274890482425689697e-03 2.435507485643029213e-03 5.950649938313290477e-05 3.978498280048370361e-04 2.137726638466119766e-03
9.133897423744201660e-01 9.293878450989723206e-03 2.713268157094717026e-03 6.151178968138992786e-05 4.202830605208873749e-04 2.254487480968236923e-03
9.102092981338500977e-01 1.026699412614107132e-02 3.063414944335818291e-03 6.594944716198369861e-05 4.684472805820405483e-04 2.435971517115831375e-03
9.114741086959838867e-01 1.012510899454355240e-02 3.003743709996342659e-03 6.494738045148551464e-05 4.649629699997603893e-04 2.350165275856852531e-03
9.102519750595092773e-01 1.004729233682155609e-02 2.971764653921127319e-03 6.348736496875062585e-05 4.810722602996975183e-04 2.373585477471351624e-03
9.135238528251647949e-01 1.048526447266340256e-02 3.073162166401743889e-03 6.300461973296478391e-05 4.650410555768758059e-04 2.237164648249745369e-03
9.055331349372863770e-01 1.177558116614818573e-02 3.439844120293855667e-03 7.202023698482662439e-05 5.502283456735312939e-04 2.641299972310662270e-03
9.005859494209289551e-01 1.358860172331333160e-02 3.895428031682968140e-03 7.875834853621199727e-05 6.282580434344708920e-04 3.051274688914418221e-03
9.014548659324645996e-01 1.406842470169067383e-02 4.000446759164333344e-03 7.740648288745433092e-05 6.573366699740290642e-04 2.969425404444336891e-03
9.028103947639465332e-01 1.399200409650802612e-02 4.009481985121965408e-03 7.822334737284108996e-05 6.610334967263042927e-04 2.951759379357099533e-03
8.946816921234130859e-01 1.655244827270507812e-02 4.702745471149682999e-03 9.117691661231219769e-05 7.352379034273326397e-04 3.351466497406363487e-03
8.900853991508483887e-01 1.844505406916141510e-02 5.171566270291805267e-03 1.002611606963910162e-04 8.406902197748422623e-04 3.592406632378697395e-03
8.871557712554931641e-01 2.051203511655330658e-02 5.698795430362224579e-03 1.088216740754432976e-04 9.324692655354738235e-04 4.014675039798021317e-03
8.754137754440307617e-01 2.561550214886665344e-02 7.058297749608755112e-03 1.255930110346525908e-04 1.069321180693805218e-03 4.774015862494707108e-03
8.716157078742980957e-01 2.871268428862094879e-02 7.749559823423624039e-03 1.324816985288634896e-04 1.168155577033758163e-03 5.317179020494222641e-03
8.634800910949707031e-01 3.163742274045944214e-02 8.572475053369998932e-03 1.440035994164645672e-04 1.262500183656811714e-03 5.804169923067092896e-03
8.806933760643005371e-01 2.658390998840332031e-02 6.936606485396623611e-03 1.181358311441726983e-04 1.037525711581110954e-03 4.675143864005804062e-03
8.624753952026367188e-01 3.392395004630088806e-02 8.709019050002098083e-03 1.436145394109189510e-04 1.271926797926425934e-03 6.042524706572294235e-03
8.607901930809020996e-01 3.567947447299957275e-02 9.220602922141551971e-03 1.490478316554799676e-04 1.379958121106028557e-03 6.334472447633743286e-03
8.510918617248535156e-01 4.047172144055366516e-02 1.048662420362234116e-02 1.614056673133745790e-04 1.519065932370722294e-03 7.082793395966291428e-03
8.488739728927612305e-01 4.210608825087547302e-02 1.090705581009387970e-02 1.639671245357021689e-04 1.573103712871670723e-03 7.216078229248523712e-03
8.451159000396728516e-01 4.289507865905761719e-02 1.095215231180191040e-02 1.670645724516361952e-04 1.647814991883933544e-03 7.468875963240861893e-03
8.438901901245117188e-01 4.605368524789810181e-02 1.144818775355815887e-02 1.692506921244785190e-04 1.773335505276918411e-03 7.672708947211503983e-03
8.388025164604187012e-01 4.825180023908615112e-02 1.197896432131528854e-02 1.754273544065654278e-04 1.874081674031913280e-03 7.779806852340698242e-03
8.493624925613403320e-01 4.452998563647270203e-02 1.098984759300947189e-02 1.631129562156274915e-04 1.746431342326104641e-03 7.012979593127965927e-03
8.378121852874755859e-01 5.095143616199493408e-02 1.262839417904615402e-02 1.831229456001892686e-04 2.034899313002824783e-03 7.830514572560787201e-03
8.168227076530456543e-01 6.075157970190048218e-02 1.481135562062263489e-02 2.136261027771979570e-04 2.450022846460342407e-03 9.169991128146648407e-03
8.025480508804321289e-01 6.895714253187179565e-02 1.665792614221572876e-02 2.313098957529291511e-04 2.675831085070967674e-03 1.030222792178392410e-02
7.955218553543090820e-01 7.437682151794433594e-02 1.763772778213024139e-02 2.471152984071522951e-04 2.902706619352102280e-03 1.067356951534748077e-02
7.914987206459045410e-01 7.709632068872451782e-02 1.846562139689922333e-02 2.695356379263103008e-04 2.930969232693314552e-03 1.058737281709909439e-02
7.702006697654724121e-01 8.946885168552398682e-02 2.082947827875614166e-02 2.996768162120133638e-04 3.268612315878272057e-03 1.143480185419321060e-02
7.806354761123657227e-01 8.323776721954345703e-02 1.947404630482196808e-02 2.764491946436464787e-04 2.964288927614688873e-03 1.080406643450260162e-02
7.556548118591308594e-01 9.702508896589279175e-02 2.235707081854343414e-02 3.102728514932096004e-04 3.310732776299118996e-03 1.175229530781507492e-02
7.336150407791137695e-01 1.090966463088989258e-01 2.476101927459239960e-02 3.523688064888119698e-04 3.855343908071517944e-03 1.318218279629945755e-02
7.180099487304687500e-01 1.166486442089080811e-01 2.647088654339313507e-02 3.747346345335245132e-04 4.106558859348297119e-03 1.360900606960058212e-02
7.039464712142944336e-01 1.262622922658920288e-01 2.805503644049167633e-02 3.940059687010943890e-04 4.297450184822082520e-03 1.455596834421157837e-02
6.899386048316955566e-01 1.353200823068618774e-01 3.007954731583595276e-02 4.360192106105387211e-04 4.637124482542276382e-03 1.512723974883556366e-02
6.840986013412475586e-01 1.393540203571319580e-01 3.096343763172626495e-02 4.524744581431150436e-04 4.721578676253557205e-03 1.515059266239404678e-02
6.553738713264465332e-01 1.578148603439331055e-01 3.442431986331939697e-02 4.768039216287434101e-04 5.182579625397920609e-03 1.679128594696521759e-02
6.368629336357116699e-01 1.691832542419433594e-01 3.679882735013961792e-02 5.047656595706939697e-04 5.430345889180898666e-03 1.755885966122150421e-02
6.423633098602294922e-01 1.666199415922164917e-01 3.608711808919906616e-02 4.865492810495197773e-04 5.417539738118648529e-03 1.758321374654769897e-02
6.298363208770751953e-01 1.758171766996383667e-01 3.744356334209442139e-02 4.910006537102162838e-04 5.599951837211847305e-03 1.818288676440715790e-02
6.938676834106445312e-01 1.396184712648391724e-01 3.044928424060344696e-02 4.337351128924638033e-04 4.692727234214544296e-03 1.464800816029310226e-02
6.423317193984985352e-01 1.718363165855407715e-01 3.645301982760429382e-02 4.866772796958684921e-04 5.492797121405601501e-03 1.728359796106815338e-02
5.887680053710937500e-01 2.052247524261474609e-01 4.233755916357040405e-02 5.459650419652462006e-04 6.327042821794748306e-03 1.980776339769363403e-02
5.745169520378112793e-01 2.144435197114944458e-01 4.425135999917984009e-02 5.562641890719532967e-04 6.515520624816417694e-03 2.047496289014816284e-02
5.705927014350891113e-01 2.177301943302154541e-01 4.491569846868515015e-02 5.437537329271435738e-04 6.711430847644805908e-03 2.064565196633338928e-02
5.372891426086425781e-01 2.433668524026870728e-01 4.909115284681320190e-02 5.600731819868087769e-04 7.113025058060884476e-03 2.193158864974975586e-02
5.425388813018798828e-01 2.396707385778427124e-01 4.848363995552062988e-02 5.649945815093815327e-04 7.223810069262981415e-03 2.149426378309726715e-02
