5.545292980968952179e-03 5.120107904076576233e-03 5.733982659876346588e-03 6.136127281934022903e-03 7.307617925107479095e-03
5.609850399196147919e-03 6.301653105765581131e-03 7.736423052847385406e-03 6.797965615987777710e-03 5.446677096188068390e-03
9.569033049046993256e-03 8.927565068006515503e-03 9.068754501640796661e-03 9.970784187316894531e-03 8.622298017144203186e-03
1.419488340616226196e-02 1.443827059119939804e-02 9.646280668675899506e-03 1.173651684075593948e-02 1.705229654908180237e-02
3.409619629383087158e-02 1.786661334335803986e-02 2.161253802478313446e-02 1.146301627159118652e-02 2.932799421250820160e-02
3.353504464030265808e-02 2.915307506918907166e-02 3.220986947417259216e-02 3.983293846249580383e-02 4.245644435286521912e-02
3.271033987402915955e-02 5.782432854175567627e-02 4.464570805430412292e-02 1.991456747055053711e-02 4.146714881062507629e-02
5.317054316401481628e-02 8.849650621414184570e-02 5.225764960050582886e-02 5.604674667119979858e-02 6.616441160440444946e-02
7.274121791124343872e-02 6.927286833524703979e-02 2.172505557537078857e-01 9.139565378427505493e-02 6.648273020982742310e-02
9.439191967248916626e-02 1.096986308693885803e-01 7.894537597894668579e-02 6.664471328258514404e-02 1.163291409611701965e-01
1.024276167154312134e-01 2.060687839984893799e-01 8.811074495315551758e-02 8.027651906013488770e-02 9.697698801755905151e-02
1.440152227878570557e-01 1.319984197616577148e-01 1.065962687134742737e-01 1.416234225034713745e-01 1.283297836780548096e-01
1.207902282476425171e-01 2.383029162883758545e-01 1.988215893507003784e-01 1.670347005128860474e-01 1.082689166069030762e-01
3.065750300884246826e-01 1.247345060110092163e-01 3.574416637420654297e-01 2.628403604030609131e-01 1.945707052946090698e-01
1.611963510513305664e-01 2.798292040824890137e-01 3.090267181396484375e-01 3.173409104347229004e-01 4.224123433232307434e-02
2.670250236988067627e-01 2.381012290716171265e-01 1.597545742988586426e-01 3.473401665687561035e-01 2.891405522823333740e-01
4.330562651157379150e-01 3.969394862651824951e-01 2.411158978939056396e-01 1.422999501228332520e-01 2.383195161819458008e-01
3.617008328437805176e-01 1.745677739381790161e-01 2.216693609952926636e-01 3.071410357952117920e-01 2.025432437658309937e-01
2.417205125093460083e-01 3.679431378841400146e-01 1.269672513008117676e-01 2.586317658424377441e-01 7.960394769906997681e-02
2.134556919336318970e-01 2.188394814729690552e-01 1.039769798517227173e-01 7.791720330715179443e-02 1.991576552391052246e-01
2.050375342369079590e-01 2.297535836696624756e-01 7.063090801239013672e-01 9.036703407764434814e-02 3.834747970104217529e-01
1.169550567865371704e-01 3.048686087131500244e-01 1.960353702306747437e-01 2.446784526109695435e-01 1.567262113094329834e-01
3.293244242668151855e-01 1.779697835445404053e-01 2.103029638528823853e-01 9.446799755096435547e-02 2.888553440570831299e-01
2.062854170799255371e-01 1.135942116379737854e-01 3.492947295308113098e-02 2.878643572330474854e-01 4.493602216243743896e-01
3.753733634948730469e-01 5.836615562438964844e-01 8.690983057022094727e-02 9.760747849941253662e-02 3.265547454357147217e-01
1.695412844419479370e-01 3.033894859254360199e-02 2.420810237526893616e-02 4.895559325814247131e-02 2.772532701492309570e-01
1.735102832317352295e-01 3.782733902335166931e-02 7.921639084815979004e-02 8.697783201932907104e-02 1.875851154327392578e-01
6.551460921764373779e-02 1.138675957918167114e-01 2.160683274269104004e-01 1.964786052703857422e-01 8.037091046571731567e-02
3.067640401422977448e-02 9.430798143148422241e-02 1.051415577530860901e-01 3.345643579959869385e-01 1.005709171295166016e-01
3.032944910228252411e-02 1.181637421250343323e-01 1.220876127481460571e-01 6.667300313711166382e-02 3.771072328090667725e-01
5.947374552488327026e-02 7.962770015001296997e-02 4.935055971145629883e-01 8.159092813730239868e-02 1.928281597793102264e-02
1.271017920225858688e-02 1.847494691610336304e-01 4.196969047188758850e-02 1.668676175177097321e-02 4.056501016020774841e-02
1.593298092484474182e-02 6.605257093906402588e-02 5.341378971934318542e-02 4.460795819759368896e-01 1.031838208436965942e-01
1.648529469966888428e-01 4.942866414785385132e-02 2.375090867280960083e-02 3.143589571118354797e-02 6.416972726583480835e-02
4.561532661318778992e-02 9.015444666147232056e-02 2.835121750831604004e-02 4.985635727643966675e-02 1.403335779905319214e-01
1.100576762109994888e-02 6.987679004669189453e-02 7.031285017728805542e-02 7.182016223669052124e-02 2.377253025770187378e-01
1.050656847655773163e-02 1.087659075856208801e-01 1.287519335746765137e-01 2.324749529361724854e-02 6.020422279834747314e-02
2.025536149740219116e-01 1.644061505794525146e-02 1.569583825767040253e-02 3.506783768534660339e-02 1.699593663215637207e-01
6.600701808929443359e-02 1.479916572570800781e-01 8.501579612493515015e-02 6.337276697158813477e-01 2.151956558227539062e-01
1.829505153000354767e-02 9.625914506614208221e-03 1.732097715139389038e-01 6.482747197151184082e-02 3.840990364551544189e-02
3.508746251463890076e-02 1.888048835098743439e-02 6.716516613960266113e-02 3.174364566802978516e-02 1.021475195884704590e-01
3.063766285777091980e-02 1.785055845975875854e-01 2.478567212820053101e-01 5.854830145835876465e-02 9.938520938158035278e-02
8.041951805353164673e-02 4.412097856402397156e-02 1.788406819105148315e-02 6.882973015308380127e-02 8.552649989724159241e-03
5.921724438667297363e-02 6.924790143966674805e-02 4.110841080546379089e-02 5.788626614958047867e-03 1.045110449194908142e-01
7.352804392576217651e-02 7.333742082118988037e-02 5.056999623775482178e-02 1.057093404233455658e-02 2.293544448912143707e-02
8.292455971240997314e-02 1.173985153436660767e-01 1.889897510409355164e-02 6.010754406452178955e-02 9.642488509416580200e-02
1.657408662140369415e-02 1.189729850739240646e-02 1.937965154647827148e-01 4.525434691458940506e-03 7.907416671514511108e-02
3.389240056276321411e-02 2.143409103155136108e-02 8.766788244247436523e-02 8.878955990076065063e-02 5.047262087464332581e-02
4.194583743810653687e-02 1.405301224440336227e-02 1.595458388328552246e-02 2.787614427506923676e-02 7.210241165012121201e-03
1.256596390157938004e-02 1.419586688280105591e-02 2.996368892490863800e-02 4.267398267984390259e-03 2.694614529609680176e-01
7.862342521548271179e-03 1.138506922870874405e-02 6.276149302721023560e-02 5.480324476957321167e-02 3.906091675162315369e-02
4.664014279842376709e-02 1.022283360362052917e-02 2.644062042236328125e-01 2.970973961055278778e-02 4.889216739684343338e-03
3.538763383403420448e-03 1.112224087119102478e-01 6.763513386249542236e-02 2.998245880007743835e-02 1.911713480949401855e-01
1.846369542181491852e-02 1.165992300957441330e-02 7.576107047498226166e-03 7.936453819274902344e-02 5.943378061056137085e-02
1.840596646070480347e-02 1.144694443792104721e-02 3.069828636944293976e-02 6.106248497962951660e-02 7.217857521027326584e-03
2.893486805260181427e-02 3.327637165784835815e-02 1.782731898128986359e-02 6.915105879306793213e-02 1.204022020101547241e-01
8.474105037748813629e-03 4.076212644577026367e-03 1.128347590565681458e-01 1.292819827795028687e-01 9.493518620729446411e-03
3.950567916035652161e-02 1.010647695511579514e-02 7.305061817169189453e-02 1.231697723269462585e-01 8.809070102870464325e-03
9.266722202301025391e-02 3.060162439942359924e-02 2.942605502903461456e-02 1.341462135314941406e-02 5.532251670956611633e-02
3.055580705404281616e-02 1.684700325131416321e-02 8.564738929271697998e-02 4.891699925065040588e-02 9.653558582067489624e-02
2.144076395779848099e-03 1.735349744558334351e-02 1.098343357443809509e-01 3.236112743616104126e-02 2.139566689729690552e-01
3.138235211372375488e-02 7.553961127996444702e-02 5.709812790155410767e-02 2.841953746974468231e-02 6.634995341300964355e-02
5.031060054898262024e-02 4.678853228688240051e-02 7.118481211364269257e-03 1.632805541157722473e-02 1.301495730876922607e-02
2.047145925462245941e-02 1.474745199084281921e-02 1.533295214176177979e-01 2.452785894274711609e-02 4.263262450695037842e-02
1.883163675665855408e-02 4.986477550119161606e-03 2.711033821105957031e-02 2.069863257929682732e-03 1.354753877967596054e-02
3.143568634986877441e-01 3.200758993625640869e-02 2.053651027381420135e-02 3.535358607769012451e-02 1.162437349557876587e-02
2.543183416128158569e-02 5.039213225245475769e-02 4.219371452927589417e-02 8.867192082107067108e-03 5.782626569271087646e-02
1.407903730869293213e-01 1.311264373362064362e-02 5.900011211633682251e-02 1.081719994544982910e-01 1.217672694474458694e-02
3.516657277941703796e-03 4.952884092926979065e-02 1.789920032024383545e-02 1.799758709967136383e-02 2.354661747813224792e-02
3.343511372804641724e-02 4.498749971389770508e-02 2.848802320659160614e-02 1.298133432865142822e-01 1.301005855202674866e-02
9.960160404443740845e-02 1.027866452932357788e-01 1.337272673845291138e-01 6.638975441455841064e-02 1.241701841354370117e-01
2.340934239327907562e-02 3.734473139047622681e-02 4.160267487168312073e-02 2.445331960916519165e-02 2.882139198482036591e-02
5.024609714746475220e-02 9.401010721921920776e-02 1.190586015582084656e-02 7.049090415239334106e-02 8.299317210912704468e-03
4.705424234271049500e-02 1.754888705909252167e-02 8.304837346076965332e-02 1.035513542592525482e-02 1.814753934741020203e-02
4.021417722105979919e-02 2.177145704627037048e-02 1.464003138244152069e-02 2.573659643530845642e-02 4.645314812660217285e-02
1.780265569686889648e-02 2.648311480879783630e-02 1.283891312777996063e-02 1.490219868719577789e-02 1.416279096156358719e-02
2.687839418649673462e-02 1.316058728843927383e-02 7.610984146595001221e-02 2.283588796854019165e-02 2.846196666359901428e-02
2.603548206388950348e-02 4.079640284180641174e-02 6.490946561098098755e-02 4.348823055624961853e-02 8.374135009944438934e-03
3.349125012755393982e-02 1.442093588411808014e-02 3.222886472940444946e-02 1.399168651551008224e-02 8.692892268300056458e-03
3.471606597304344177e-02 6.923350971192121506e-03 2.242555841803550720e-02 1.361216511577367783e-02 1.374825648963451385e-02
5.722105503082275391e-02 3.585937619209289551e-02 1.099104713648557663e-02 3.667811630293726921e-03 2.120623551309108734e-02
7.643608003854751587e-02 1.098289899528026581e-02 9.345359355211257935e-02 6.883176974952220917e-03 4.004857316613197327e-02
2.424444444477558136e-02 3.636921942234039307e-02 1.414168067276477814e-02 8.037025108933448792e-03 2.435806579887866974e-02
2.138368971645832062e-02 1.936217211186885834e-02 8.716709911823272705e-02 3.390102088451385498e-02 1.216093637049198151e-02
9.335136413574218750e-02 5.977010354399681091e-02 6.539231538772583008e-02 1.144655607640743256e-02 1.238732598721981049e-02
1.226525381207466125e-01 2.879322506487369537e-02 1.840182393789291382e-02 1.167281810194253922e-02 7.012080401182174683e-02
3.146158531308174133e-02 1.802749373018741608e-02 3.383542969822883606e-02 3.320046002045273781e-03 3.378185629844665527e-02
1.752829924225807190e-02 5.885281600058078766e-03 4.496429115533828735e-02 4.134554788470268250e-02 1.023161038756370544e-02
2.067368291318416595e-02 3.456383198499679565e-02 1.164824143052101135e-02 9.470519609749317169e-03 1.185803953558206558e-02
2.628823183476924896e-02 1.241886056959629059e-02 5.889376159757375717e-03 1.545396167784929276e-02 2.162006311118602753e-02
1.670354604721069336e-02 1.903638057410717010e-02 1.464816089719533920e-02 5.523484200239181519e-03 3.537461906671524048e-02
2.110500074923038483e-02 5.295156966894865036e-03 7.055605296045541763e-03 3.413508832454681396e-02 1.243170816451311111e-02
1.561662368476390839e-02 4.205955937504768372e-02 1.913002692162990570e-02 1.397938840091228485e-02 1.464651990681886673e-02
6.041554268449544907e-03 5.429777316749095917e-03 1.755190826952457428e-02 1.700665988028049469e-02 6.053248420357704163e-03
1.096727140247821808e-02 1.233348250389099121e-02 2.040693163871765137e-02 1.059897989034652710e-02 4.039883147925138474e-03
1.196758262813091278e-02 1.625939831137657166e-02 8.067836984992027283e-03 1.499850675463676453e-02 5.349687300622463226e-03
1.931928284466266632e-02 1.542328298091888428e-02 1.022053696215152740e-02 9.265840984880924225e-03 7.862669415771961212e-03
1.400455273687839508e-02 8.935335092246532440e-03 2.043648250401020050e-02 7.322481367737054825e-03 8.715156465768814087e-03
1.747308671474456787e-02 1.182277966290712357e-02 5.881516728550195694e-03 1.003635302186012268e-02 9.587747044861316681e-03
2.104807179421186447e-03 1.736686751246452332e-02 1.840363070368766785e-02 1.009797211736440659e-02 4.691710695624351501e-03
4.559742286801338196e-03 7.544546388089656830e-03 9.280993603169918060e-03 1.244077458977699280e-02 1.300100516527891159e-02
1.187170296907424927e-02 4.304152913391590118e-03 4.853524733334779739e-03 2.232850529253482819e-02 2.123377844691276550e-02
1.618162170052528381e-02 1.841766759753227234e-02 8.479938842356204987e-03 4.672808106988668442e-03 7.755804341286420822e-03
1.057167723774909973e-02 1.018837280571460724e-02 1.964164525270462036e-02 1.558075379580259323e-02 4.301129374653100967e-03
1.743190176784992218e-02 8.746819570660591125e-03 1.184373907744884491e-02 1.001820527017116547e-02 3.918001428246498108e-03
5.538226570934057236e-03 1.197134889662265778e-02 2.035303600132465363e-02 1.288355048745870590e-02 7.494329009205102921e-03
7.765346206724643707e-03 9.518367238342761993e-03 4.120253026485443115e-03 5.825515370815992355e-03 3.890936728566884995e-03
1.111262291669845581e-02 6.465043872594833374e-03 1.272794511169195175e-02 1.052717212587594986e-02 3.928577061742544174e-03
6.413190625607967377e-03 6.403724662959575653e-03 9.119622409343719482e-03 7.189032156020402908e-03 4.564451985061168671e-03
5.089238751679658890e-03 2.345585264265537262e-03 1.319217029958963394e-02 6.290144752711057663e-03 1.754425838589668274e-02
1.065796148031949997e-02 1.311216410249471664e-02 5.088232457637786865e-03 7.635721471160650253e-03 7.838043384253978729e-03
2.385715395212173462e-02 4.537030588835477829e-03 9.612198919057846069e-03 4.113589413464069366e-03 5.488093476742506027e-03
5.029985215514898300e-03 7.164569571614265442e-03 2.357526915147900581e-03 5.572259426116943359e-03 7.213077973574399948e-03
5.249468609690666199e-03 6.132305134087800980e-03 7.273657713085412979e-03 1.067081652581691742e-02 9.093020111322402954e-03
8.575408719480037689e-03 4.976663272827863693e-03 1.007588300853967667e-02 9.938734583556652069e-03 4.888296592980623245e-03
2.547358162701129913e-03 9.933914057910442352e-03 5.143160466104745865e-03 1.830110326409339905e-02 3.293558489531278610e-03
7.310976274311542511e-03 4.452438559383153915e-03 5.904707126319408417e-03 1.169526297599077225e-02 8.583385497331619263e-03
7.410791236907243729e-03 3.379192436113953590e-03 5.517761688679456711e-03 8.495450019836425781e-03 7.004241459071636200e-03
5.902021657675504684e-03 7.374756969511508942e-03 3.233926836401224136e-03 7.373469416052103043e-03 3.156315768137574196e-03
1.254658680409193039e-02 4.577320069074630737e-03 2.800701651722192764e-03 4.013524390757083893e-03 1.134052313864231110e-02
6.227578967809677124e-03 3.048724960535764694e-03 5.633799359202384949e-03 2.363168401643633842e-03 7.529462687671184540e-03
4.701100289821624756e-03 1.053929887712001801e-02 5.684295669198036194e-03 6.136082578450441360e-03 4.550904966890811920e-03
7.100905291736125946e-03 3.445733105763792992e-03 8.043856360018253326e-03 2.242362359538674355e-03 3.410541219636797905e-03
5.685275886207818985e-03 2.906783949583768845e-03 4.368030931800603867e-03 3.455619560554623604e-03 4.940666258335113525e-03
7.744967471808195114e-03 4.812571685761213303e-03 3.132603364065289497e-03 2.467484679073095322e-03 6.196976639330387115e-03
7.157092913985252380e-03 3.460581880062818527e-03 7.821252569556236267e-03 4.519660957157611847e-03 9.272461757063865662e-03
4.665026441216468811e-03 4.886400885879993439e-03 3.207970876246690750e-03 2.435882342979311943e-03 4.191374406218528748e-03
2.844505943357944489e-03 2.021946944296360016e-03 7.010024972259998322e-03 3.972514066845178604e-03 3.207026282325387001e-03
