9.710000000000000000e+02 3.970000000000000000e+02 3.960000000000000000e+02 1.000000000000000000e+00 9.730000000000000000e+02
2.900000000000000000e+01 1.000000000000000000e+00 3.970000000000000000e+02 3.960000000000000000e+02 3.270000000000000000e+02
1.000000000000000000e+00 2.900000000000000000e+01 1.150000000000000000e+02 3.930000000000000000e+02 3.270000000000000000e+02
1.000000000000000000e+00 2.900000000000000000e+01 1.150000000000000000e+02 3.930000000000000000e+02 3.270000000000000000e+02
1.000000000000000000e+00 1.150000000000000000e+02 3.930000000000000000e+02 2.900000000000000000e+01 3.270000000000000000e+02
1.150000000000000000e+02 1.000000000000000000e+00 3.930000000000000000e+02 1.100000000000000000e+02 3.270000000000000000e+02
1.150000000000000000e+02 1.000000000000000000e+00 3.930000000000000000e+02 1.100000000000000000e+02 3.270000000000000000e+02
1.150000000000000000e+02 1.000000000000000000e+00 3.930000000000000000e+02 1.100000000000000000e+02 3.270000000000000000e+02
1.150000000000000000e+02 1.000000000000000000e+00 3.930000000000000000e+02 1.100000000000000000e+02 3.270000000000000000e+02
1.150000000000000000e+02 1.000000000000000000e+00 3.930000000000000000e+02 1.100000000000000000e+02 3.270000000000000000e+02
1.150000000000000000e+02 1.000000000000000000e+00 3.930000000000000000e+02 1.100000000000000000e+02 3.270000000000000000e+02
1.150000000000000000e+02 1.000000000000000000e+00 3.930000000000000000e+02 1.100000000000000000e+02 3.270000000000000000e+02
1.150000000000000000e+02 1.000000000000000000e+00 3.930000000000000000e+02 1.100000000000000000e+02 3.270000000000000000e+02
1.150000000000000000e+02 1.000000000000000000e+00 3.930000000000000000e+02 1.100000000000000000e+02 3.270000000000000000e+02
1.000000000000000000e+00 1.150000000000000000e+02 3.930000000000000000e+02 1.100000000000000000e+02 3.270000000000000000e+02
1.000000000000000000e+00 1.150000000000000000e+02 3.930000000000000000e+02 1.100000000000000000e+02 3.270000000000000000e+02
1.000000000000000000e+00 1.150000000000000000e+02 3.930000000000000000e+02 1.100000000000000000e+02 3.270000000000000000e+02
1.000000000000000000e+00 1.150000000000000000e+02 3.930000000000000000e+02 1.100000000000000000e+02 3.270000000000000000e+02
1.000000000000000000e+00 1.150000000000000000e+02 3.930000000000000000e+02 1.100000000000000000e+02 3.270000000000000000e+02
1.000000000000000000e+00 1.150000000000000000e+02 3.930000000000000000e+02 1.100000000000000000e+02 3.270000000000000000e+02
1.000000000000000000e+00 1.150000000000000000e+02 3.930000000000000000e+02 1.100000000000000000e+02 3.270000000000000000e+02
1.000000000000000000e+00 1.150000000000000000e+02 3.930000000000000000e+02 1.100000000000000000e+02 3.270000000000000000e+02
1.000000000000000000e+00 1.150000000000000000e+02 3.930000000000000000e+02 1.100000000000000000e+02 3.270000000000000000e+02
1.000000000000000000e+00 1.150000000000000000e+02 3.930000000000000000e+02 1.100000000000000000e+02 3.270000000000000000e+02
1.000000000000000000e+00 1.150000000000000000e+02 3.930000000000000000e+02 1.100000000000000000e+02 3.270000000000000000e+02
1.000000000000000000e+00 1.150000000000000000e+02 3.930000000000000000e+02 1.100000000000000000e+02 3.270000000000000000e+02
1.000000000000000000e+00 1.150000000000000000e+02 3.930000000000000000e+02 1.100000000000000000e+02 3.270000000000000000e+02
1.000000000000000000e+00 1.150000000000000000e+02 3.930000000000000000e+02 3.270000000000000000e+02 1.100000000000000000e+02
1.000000000000000000e+00 1.150000000000000000e+02 3.930000000000000000e+02 1.100000000000000000e+02 3.270000000000000000e+02
1.000000000000000000e+00 1.150000000000000000e+02 3.930000000000000000e+02 3.270000000000000000e+02 1.100000000000000000e+02
1.000000000000000000e+00 1.150000000000000000e+02 3.930000000000000000e+02 3.270000000000000000e+02 2.900000000000000000e+01
1.000000000000000000e+00 1.150000000000000000e+02 3.930000000000000000e+02 3.920000000000000000e+02 3.270000000000000000e+02
1.000000000000000000e+00 1.150000000000000000e+02 3.930000000000000000e+02 2.900000000000000000e+01 3.920000000000000000e+02
1.000000000000000000e+00 1.150000000000000000e+02 3.930000000000000000e+02 2.900000000000000000e+01 3.920000000000000000e+02
1.000000000000000000e+00 1.150000000000000000e+02 3.930000000000000000e+02 2.900000000000000000e+01 3.920000000000000000e+02
1.000000000000000000e+00 1.150000000000000000e+02 3.930000000000000000e+02 3.920000000000000000e+02 2.900000000000000000e+01
1.000000000000000000e+00 1.150000000000000000e+02 3.930000000000000000e+02 2.900000000000000000e+01 3.920000000000000000e+02
1.000000000000000000e+00 1.150000000000000000e+02 3.930000000000000000e+02 3.920000000000000000e+02 2.900000000000000000e+01
1.000000000000000000e+00 1.150000000000000000e+02 3.930000000000000000e+02 2.900000000000000000e+01 3.920000000000000000e+02
1.000000000000000000e+00 1.150000000000000000e+02 3.930000000000000000e+02 2.900000000000000000e+01 3.920000000000000000e+02
1.000000000000000000e+00 1.150000000000000000e+02 3.930000000000000000e+02 2.900000000000000000e+01 3.920000000000000000e+02
1.000000000000000000e+00 1.150000000000000000e+02 3.930000000000000000e+02 2.900000000000000000e+01 3.920000000000000000e+02
1.000000000000000000e+00 1.150000000000000000e+02 3.930000000000000000e+02 2.900000000000000000e+01 3.920000000000000000e+02
1.000000000000000000e+00 1.150000000000000000e+02 3.930000000000000000e+02 2.900000000000000000e+01 3.920000000000000000e+02
1.000000000000000000e+00 1.150000000000000000e+02 3.930000000000000000e+02 2.900000000000000000e+01 3.920000000000000000e+02
1.000000000000000000e+00 1.150000000000000000e+02 3.930000000000000000e+02 2.900000000000000000e+01 3.920000000000000000e+02
1.000000000000000000e+00 1.150000000000000000e+02 3.930000000000000000e+02 2.900000000000000000e+01 3.920000000000000000e+02
1.000000000000000000e+00 1.150000000000000000e+02 3.930000000000000000e+02 2.900000000000000000e+01 3.920000000000000000e+02
1.000000000000000000e+00 1.150000000000000000e+02 3.930000000000000000e+02 2.900000000000000000e+01 3.920000000000000000e+02
1.000000000000000000e+00 1.150000000000000000e+02 3.930000000000000000e+02 2.900000000000000000e+01 3.920000000000000000e+02
1.000000000000000000e+00 1.150000000000000000e+02 3.930000000000000000e+02 2.900000000000000000e+01 3.920000000000000000e+02
1.000000000000000000e+00 1.150000000000000000e+02 3.930000000000000000e+02 2.900000000000000000e+01 3.920000000000000000e+02
1.000000000000000000e+00 1.150000000000000000e+02 3.930000000000000000e+02 2.900000000000000000e+01 3.920000000000000000e+02
1.000000000000000000e+00 1.150000000000000000e+02 3.930000000000000000e+02 2.900000000000000000e+01 3.920000000000000000e+02
1.000000000000000000e+00 1.150000000000000000e+02 3.930000000000000000e+02 2.900000000000000000e+01 3.920000000000000000e+02
1.000000000000000000e+00 1.150000000000000000e+02 3.930000000000000000e+02 2.900000000000000000e+01 3.920000000000000000e+02
1.000000000000000000e+00 1.150000000000000000e+02 3.930000000000000000e+02 2.900000000000000000e+01 3.920000000000000000e+02
1.000000000000000000e+00 1.150000000000000000e+02 3.930000000000000000e+02 2.900000000000000000e+01 3.920000000000000000e+02
1.000000000000000000e+00 1.150000000000000000e+02 3.930000000000000000e+02 2.900000000000000000e+01 3.920000000000000000e+02
1.000000000000000000e+00 1.150000000000000000e+02 3.930000000000000000e+02 2.900000000000000000e+01 3.920000000000000000e+02
1.000000000000000000e+00 1.150000000000000000e+02 3.930000000000000000e+02 2.900000000000000000e+01 3.920000000000000000e+02
1.000000000000000000e+00 1.150000000000000000e+02 3.930000000000000000e+02 2.900000000000000000e+01 3.920000000000000000e+02
1.000000000000000000e+00 1.150000000000000000e+02 3.930000000000000000e+02 2.900000000000000000e+01 3.920000000000000000e+02
1.000000000000000000e+00 1.150000000000000000e+02 3.930000000000000000e+02 2.900000000000000000e+01 3.920000000000000000e+02
1.000000000000000000e+00 1.150000000000000000e+02 3.930000000000000000e+02 2.900000000000000000e+01 3.920000000000000000e+02
1.000000000000000000e+00 1.150000000000000000e+02 3.930000000000000000e+02 2.900000000000000000e+01 3.920000000000000000e+02
1.000000000000000000e+00 1.150000000000000000e+02 3.930000000000000000e+02 2.900000000000000000e+01 3.920000000000000000e+02
1.000000000000000000e+00 1.150000000000000000e+02 3.930000000000000000e+02 2.900000000000000000e+01 3.920000000000000000e+02
1.000000000000000000e+00 1.150000000000000000e+02 3.930000000000000000e+02 2.900000000000000000e+01 3.920000000000000000e+02
1.000000000000000000e+00 1.150000000000000000e+02 3.930000000000000000e+02 2.900000000000000000e+01 3.920000000000000000e+02
1.000000000000000000e+00 1.150000000000000000e+02 3.930000000000000000e+02 2.900000000000000000e+01 3.920000000000000000e+02
1.000000000000000000e+00 1.150000000000000000e+02 3.930000000000000000e+02 2.900000000000000000e+01 3.920000000000000000e+02
1.000000000000000000e+00 1.150000000000000000e+02 3.930000000000000000e+02 2.900000000000000000e+01 3.920000000000000000e+02
1.000000000000000000e+00 1.150000000000000000e+02 3.930000000000000000e+02 2.900000000000000000e+01 3.920000000000000000e+02
1.000000000000000000e+00 1.150000000000000000e+02 3.930000000000000000e+02 2.900000000000000000e+01 3.920000000000000000e+02
1.000000000000000000e+00 1.150000000000000000e+02 3.930000000000000000e+02 2.900000000000000000e+01 3.920000000000000000e+02
1.000000000000000000e+00 1.150000000000000000e+02 3.930000000000000000e+02 2.900000000000000000e+01 3.920000000000000000e+02
1.000000000000000000e+00 1.150000000000000000e+02 3.930000000000000000e+02 2.900000000000000000e+01 3.920000000000000000e+02
1.000000000000000000e+00 1.150000000000000000e+02 3.930000000000000000e+02 2.900000000000000000e+01 3.920000000000000000e+02
1.000000000000000000e+00 1.150000000000000000e+02 3.930000000000000000e+02 2.900000000000000000e+01 3.920000000000000000e+02
1.000000000000000000e+00 1.150000000000000000e+02 3.930000000000000000e+02 2.900000000000000000e+01 3.920000000000000000e+02
1.000000000000000000e+00 1.150000000000000000e+02 3.930000000000000000e+02 2.900000000000000000e+01 3.920000000000000000e+02
1.000000000000000000e+00 1.150000000000000000e+02 3.930000000000000000e+02 2.900000000000000000e+01 3.920000000000000000e+02
1.000000000000000000e+00 1.150000000000000000e+02 3.930000000000000000e+02 2.900000000000000000e+01 3.920000000000000000e+02
1.000000000000000000e+00 1.150000000000000000e+02 3.930000000000000000e+02 2.900000000000000000e+01 3.920000000000000000e+02
1.000000000000000000e+00 1.150000000000000000e+02 3.930000000000000000e+02 2.900000000000000000e+01 3.920000000000000000e+02
1.000000000000000000e+00 1.150000000000000000e+02 3.930000000000000000e+02 2.900000000000000000e+01 3.920000000000000000e+02
1.000000000000000000e+00 1.150000000000000000e+02 3.930000000000000000e+02 2.900000000000000000e+01 3.920000000000000000e+02
1.000000000000000000e+00 1.150000000000000000e+02 3.930000000000000000e+02 2.900000000000000000e+01 3.920000000000000000e+02
1.000000000000000000e+00 1.150000000000000000e+02 3.930000000000000000e+02 2.900000000000000000e+01 3.920000000000000000e+02
1.000000000000000000e+00 1.150000000000000000e+02 3.930000000000000000e+02 2.900000000000000000e+01 3.920000000000000000e+02
1.000000000000000000e+00 1.150000000000000000e+02 3.930000000000000000e+02 2.900000000000000000e+01 3.920000000000000000e+02
1.000000000000000000e+00 1.150000000000000000e+02 3.930000000000000000e+02 2.900000000000000000e+01 3.920000000000000000e+02
1.000000000000000000e+00 1.150000000000000000e+02 3.930000000000000000e+02 2.900000000000000000e+01 3.920000000000000000e+02
1.000000000000000000e+00 1.150000000000000000e+02 3.930000000000000000e+02 2.900000000000000000e+01 3.920000000000000000e+02
1.000000000000000000e+00 1.150000000000000000e+02 3.930000000000000000e+02 2.900000000000000000e+01 3.920000000000000000e+02
1.000000000000000000e+00 1.150000000000000000e+02 3.930000000000000000e+02 2.900000000000000000e+01 3.920000000000000000e+02
1.000000000000000000e+00 1.150000000000000000e+02 3.930000000000000000e+02 2.900000000000000000e+01 3.920000000000000000e+02
1.000000000000000000e+00 1.150000000000000000e+02 3.930000000000000000e+02 2.900000000000000000e+01 3.920000000000000000e+02
1.000000000000000000e+00 1.150000000000000000e+02 3.930000000000000000e+02 2.900000000000000000e+01 3.920000000000000000e+02
1.000000000000000000e+00 1.150000000000000000e+02 3.930000000000000000e+02 2.900000000000000000e+01 3.920000000000000000e+02
