 Iterations  Total_Loss        PSNR
        100  0.00748139 21.26017761
        200  0.00524447 22.80298042
        300  0.00496833 23.03789139
        400  0.00434153 23.62356758
        500  0.00423254 23.73399353
        600  0.00394403 24.04060173
        700  0.00383068 24.16724205
        800  0.00372102 24.29338074
        900  0.00377787 24.22753334
       1000  0.00366108 24.36390877
       1100  0.00371643 24.29873466
       1200  0.00352241 24.53159523
       1300  0.00351140 24.54519463
       1400  0.00356819 24.47552109
       1500  0.00344259 24.63114738
       1600  0.00338447 24.70509338
       1700  0.00340087 24.68409348
       1800  0.00334006 24.76246071
       1900  0.00330863 24.80351257
       2000  0.00328969 24.82844734
       2100  0.00329182 24.82563782
       2200  0.00326192 24.86527061
       2300  0.00326369 24.86291695
       2400  0.00321701 24.92546844
       2500  0.00318082 24.97460747
       2600  0.00318996 24.96214867
       2700  0.00315664 25.00774384
       2800  0.00317193 24.98676300
       2900  0.00314672 25.02142525
       3000  0.00312614 25.04991531
       3100  0.00314322 25.02624702
       3200  0.00313621 25.03594780
       3300  0.00313513 25.03743744
       3400  0.00311191 25.06973457
       3500  0.00309293 25.09629250
       3600  0.00305843 25.14501572
       3700  0.00305587 25.14865685
       3800  0.00304641 25.16212273
       3900  0.00308619 25.10577583
       4000  0.00302451 25.19344902
       4100  0.00305169 25.15459633
       4200  0.00303885 25.17291260
       4300  0.00304857 25.15903473
       4400  0.00302154 25.19771385
       4500  0.00297578 25.26399422
       4600  0.00307017 25.12837219
       4700  0.00296270 25.28312302
       4800  0.00297261 25.26861572
       4900  0.00296523 25.27942085
       5000  0.00294815 25.30449867
       5100  0.00295267 25.29785156
       5200  0.00293907 25.31789398
       5300  0.00299239 25.23982430
       5400  0.00291723 25.35029793
       5500  0.00292994 25.33141327
       5600  0.00295888 25.28872490
       5700  0.00296463 25.28029633
       5800  0.00292066 25.34519386
       5900  0.00292448 25.33951950
       6000  0.00291554 25.35281563
       6100  0.00288714 25.39532661
       6200  0.00293093 25.32995033
       6300  0.00292553 25.33795929
       6400  0.00286645 25.42655373
       6500  0.00288145 25.40388680
       6600  0.00289566 25.38252449
       6700  0.00287201 25.41814232
       6800  0.00287589 25.41227913
       6900  0.00291860 25.34824944
       7000  0.00285708 25.44077682
       7100  0.00286574 25.42763519
       7200  0.00284652 25.45685387
       7300  0.00284529 25.45873642
       7400  0.00284584 25.45789528
       7500  0.00283633 25.47243881
       7600  0.00287720 25.41029930
       7700  0.00281736 25.50158119
       7800  0.00287630 25.41165543
       7900  0.00284240 25.46315384
       8000  0.00284122 25.46494484
       8100  0.00283783 25.47014427
       8200  0.00278881 25.54581451
       8300  0.00281035 25.51239395
       8400  0.00279144 25.54172134
       8500  0.00281911 25.49887276
       8600  0.00279755 25.53222275
       8700  0.00279110 25.54223824
       8800  0.00279326 25.53888321
       8900  0.00279151 25.54160690
       9000  0.00278051 25.55875015
       9100  0.00280268 25.52426338
       9200  0.00276721 25.57957840
       9300  0.00277231 25.57157707
       9400  0.00278516 25.55150223
       9500  0.00277684 25.56448746
       9600  0.00277846 25.56195068
       9700  0.00276975 25.57558823
       9800  0.00276354 25.58533859
       9900  0.00277624 25.56542778
      10000  0.00275433 25.59983635
