       1 0.491646200418     0.0000000000
       3 0.491646200418     0.0000000000
       5 0.181160420179     0.0000000000
       7 0.181160420179     0.0000000000
       9 0.124428585172     0.0000000000
      11 0.124428585172     0.0000000000
      13 0.124428585172     0.0000000000
      15 0.117746524513     0.0000000000
      17 0.117746524513     0.0000000000
      19 0.123848155141     0.0000000000
      21 0.123848155141     0.0000000000
      23 0.140418484807     0.0000000001
      25 0.140418484807     0.0000000001
      27 0.160884693265     0.0000000001
      29 0.160884693265     0.0000000001
      31 0.171303555369     0.0000000001
      33 0.182406395674     0.0000000001
      35 0.194536119699     0.0000000002
      37 0.206066861749     0.0000000002
      39 0.206066861749     0.0000000002
      41 0.229171693325     0.0000000004
      43 0.229171693325     0.0000000004
      45 0.255231440067     0.0000000006
      47 0.255231440067     0.0000000006
      49 0.275797516108     0.0000000008
      51 0.283930927515     0.0000000009
      53 0.300294339657     0.0000000011
      55 0.308342307806     0.0000000013
      57 0.322919249535     0.0000000014
      59 0.328127890825     0.0000000018
      61 0.328127890825     0.0000000018
      63 0.346240341663     0.0000000024
      65 0.346240341663     0.0000000024
      67 0.366376549006     0.0000000032
      69 0.366376549006     0.0000000032
      71 0.380632132292     0.0000000033
      73 0.382935881615     0.0000000044
      75 0.396445810795     0.0000000046
      77 0.395413845778     0.0000000057
      79 0.410755723715     0.0000000056
      81 0.411535054445     0.0000000068
      83 0.426508039236     0.0000000068
      85 0.427160948515     0.0000000079
      87 0.427160948515     0.0000000079
      89 0.440859347582     0.0000000083
      91 0.43589875102     0.0000000094
      93 0.44532379508     0.0000000095
      95 0.441348046064     0.0000000109
      97 0.448449969292     0.0000000110
      99 0.442542344332     0.0000000124
     101 0.447673529387     0.0000000127
     103 0.441250234842     0.0000000138
     105 0.446886479855     0.0000000137
     107 0.445211052895     0.0000000143
     109 0.437162876129     0.0000000147
     111 0.441421955824     0.0000000144
     113 0.429268598557     0.0000000155
     115 0.432982057333     0.0000000152
     117 0.418943792582     0.0000000162
     119 0.4195779562     0.0000000161
     121 0.407358109951     0.0000000172
     123 0.410365372896     0.0000000170
     125 0.404282033443     0.0000000176
     127 0.401063293219     0.0000000178
     129 0.400026768446     0.0000000184
