       1 0.457369863987     0.0000000023
       2 0.457369863987     0.0000000023
       3 0.457369863987     0.0000000023
       4 0.457369863987     0.0000000023
       5 0.457369863987     0.0000000023
       6 0.457369863987     0.0000000023
       7 0.457369863987     0.0000000023
       8 0.457369863987     0.0000000023
       9 0.457369863987     0.0000000023
      10 0.457369863987     0.0000000023
      11 0.457369863987     0.0000000023
      12 0.457369863987     0.0000000023
      13 0.457369863987     0.0000000023
      14 0.457369863987     0.0000000023
      15 0.457369863987     0.0000000023
      16 0.457369863987     0.0000000023
      17 0.457369863987     0.0000000023
      18 0.457369863987     0.0000000023
      19 0.457369863987     0.0000000023
      20 0.457369863987     0.0000000023
      21 0.457369863987     0.0000000023
      22 0.457369863987     0.0000000023
      23 0.457369863987     0.0000000023
      24 0.457369863987     0.0000000023
      25 0.457369863987     0.0000000023
      26 0.457369863987     0.0000000023
      27 0.457369863987     0.0000000023
      28 0.457369863987     0.0000000023
      29 0.457369863987     0.0000000023
      30 0.457369863987     0.0000000023
      31 0.457369863987     0.0000000023
      32 0.457369863987     0.0000000023
      33 0.457369863987     0.0000000023
      34 0.457369863987     0.0000000023
      35 0.457369863987     0.0000000023
      36 0.457369863987     0.0000000023
      37 0.457369863987     0.0000000023
      38 0.457369863987     0.0000000023
      39 0.457369863987     0.0000000023
      40 0.457369863987     0.0000000023
      41 0.457369863987     0.0000000023
      42 0.457369863987     0.0000000023
      43 0.457369863987     0.0000000023
      44 0.457369863987     0.0000000023
      45 0.457369863987     0.0000000023
      46 0.457369863987     0.0000000023
      47 0.457369863987     0.0000000023
      48 0.457369863987     0.0000000023
      49 0.457369863987     0.0000000023
      50 0.457369863987     0.0000000023
      51 0.457369863987     0.0000000023
      52 0.457369863987     0.0000000023
      53 0.457369863987     0.0000000023
      54 0.457369863987     0.0000000023
      55 0.457369863987     0.0000000023
      56 0.457369863987     0.0000000023
      57 0.457369863987     0.0000000023
      58 0.457369863987     0.0000000023
      59 0.457369863987     0.0000000023
      60 0.457369863987     0.0000000023
      61 0.457369863987     0.0000000023
      62 0.457369863987     0.0000000023
      63 0.457369863987     0.0000000023
      64 0.457369863987     0.0000000023
      65 0.457369863987     0.0000000023
      66 0.457369863987     0.0000000023
      67 0.457369863987     0.0000000023
      68 0.457369863987     0.0000000023
      69 0.457369863987     0.0000000023
      70 0.457369863987     0.0000000023
      71 0.457369863987     0.0000000023
      72 0.457369863987     0.0000000023
      73 0.457369863987     0.0000000023
      74 0.457369863987     0.0000000023
      75 0.457369863987     0.0000000023
      76 0.457369863987     0.0000000023
      77 0.457369863987     0.0000000023
      78 0.457369863987     0.0000000023
      79 0.457369863987     0.0000000023
      80 0.457369863987     0.0000000023
      81 0.457369863987     0.0000000023
      82 0.457369863987     0.0000000023
      83 0.457369863987     0.0000000023
      84 0.457369863987     0.0000000023
      85 0.457369863987     0.0000000023
      86 0.457369863987     0.0000000023
      87 0.457369863987     0.0000000023
      88 0.457369863987     0.0000000023
      89 0.457369863987     0.0000000023
      90 0.457369863987     0.0000000023
      91 0.457369863987     0.0000000023
      92 0.457369863987     0.0000000023
      93 0.457369863987     0.0000000023
      94 0.457369863987     0.0000000023
      95 0.457369863987     0.0000000023
      96 0.457369863987     0.0000000023
      97 0.457369863987     0.0000000023
      98 0.457369863987     0.0000000023
      99 0.457369863987     0.0000000023
     100 0.457369863987     0.0000000023
     101 0.457369863987     0.0000000023
     102 0.457369863987     0.0000000023
     103 0.457369863987     0.0000000023
     104 0.457369863987     0.0000000023
     105 0.457369863987     0.0000000023
     106 0.457369863987     0.0000000023
     107 0.457369863987     0.0000000023
     108 0.457369863987     0.0000000023
     109 0.457369863987     0.0000000023
     110 0.457369863987     0.0000000023
     111 0.457369863987     0.0000000023
     112 0.457369863987     0.0000000023
     113 0.457369863987     0.0000000023
     114 0.457369863987     0.0000000023
     115 0.457369863987     0.0000000023
     116 0.457369863987     0.0000000023
     117 0.457369863987     0.0000000023
     118 0.457369863987     0.0000000023
     119 0.457369863987     0.0000000023
     120 0.457369863987     0.0000000023
     121 0.457369863987     0.0000000023
     122 0.457369863987     0.0000000023
     123 0.457369863987     0.0000000023
     124 0.457369863987     0.0000000023
     125 0.457369863987     0.0000000023
     126 0.457369863987     0.0000000023
     127 0.457369863987     0.0000000023
     128 0.457369863987     0.0000000023
