       1 0.0231068748981     0.0000000000
       3 0.0231068748981     0.0000000000
       5 0.000485547148855     0.0000000000
       7 0.000485547148855     0.0000000000
       9 0.000133560693939     0.0000000000
      11 0.000133560693939     0.0000000000
      13 0.000133560693939     0.0000000000
      15 8.28348856885e-05     0.0000000000
      17 8.28348856885e-05     0.0000000000
      19 6.79146687617e-05     0.0000000000
      21 6.79146687617e-05     0.0000000000
      23 7.0086462074e-05     0.0000000000
      25 7.0086462074e-05     0.0000000000
      27 8.34715538076e-05     0.0000000000
      29 8.34715538076e-05     0.0000000000
      31 9.73517380771e-05     0.0000000000
      33 0.000108850377728     0.0000000000
      35 0.000123082092614     0.0000000000
      37 0.000149348255945     0.0000000001
      39 0.000149348255945     0.0000000001
      41 0.000246155075729     0.0000000003
      43 0.000246155075729     0.0000000003
      45 0.000410124892369     0.0000000011
      47 0.000410124892369     0.0000000011
      49 0.000506503100041     0.0000000019
      51 0.000604211352766     0.0000000029
      53 0.000667473766953     0.0000000037
      55 0.000779232359491     0.0000000062
      57 0.000866957299877     0.0000000079
      59 0.000993612455204     0.0000000127
      61 0.000993612455204     0.0000000127
      63 0.00125704472885     0.0000000203
      65 0.00125704472885     0.0000000203
      67 0.00162392761558     0.0000000309
      69 0.00162392761558     0.0000000309
      71 0.00188744685147     0.0000000354
      73 0.00209769955836     0.0000000462
      75 0.00238890643232     0.0000000527
      77 0.00259154639207     0.0000000698
      79 0.00280604511499     0.0000000785
      81 0.00286374054849     0.0000001020
      83 0.00298174703494     0.0000001170
      85 0.00312280701473     0.0000001563
      87 0.00312280701473     0.0000001563
      89 0.003396428423     0.0000001793
      91 0.00367776304483     0.0000002022
      93 0.00397626915947     0.0000002228
      95 0.00426783878356     0.0000002450
      97 0.00455428427085     0.0000002683
      99 0.00473705865443     0.0000003047
     101 0.0049156374298     0.0000003367
     103 0.00485246116295     0.0000003761
     105 0.00493376888335     0.0000004181
     107 0.00494177406654     0.0000004408
     109 0.00465327501297     0.0000004787
     111 0.00467677228153     0.0000005385
     113 0.00407352065668     0.0000006533
     115 0.00394670246169     0.0000007259
     117 0.00339264376089     0.0000008463
     119 0.00326321553439     0.0000009144
     121 0.00270404084586     0.0000010280
     123 0.00264390604571     0.0000010885
     125 0.00234389863908     0.0000011575
     127 0.00221439800225     0.0000012422
     129 0.00208714650944     0.0000012857
