       1 0.0480641163886     0.0000000000
       3 0.00724316528067     0.0000000000
       5 3.05220260088e-06     0.0000000000
       7 2.90044198437e-07     0.0000000000
       9 8.6526101839e-09     0.0000000000
      11 5.6228105505e-10     0.0000000000
      13 1.02401628843e-10     0.0000000000
      15 4.84750564342e-12     0.0000000000
      17 8.87033447996e-13     0.0000000000
      19 4.17390426421e-14     0.0000000000
      21 9.33771831559e-15     0.0000000000
      23 1.19570008395e-15     0.0000000000
      25 3.72928569053e-16     0.0000000000
      27 6.27927956938e-17     0.0000000000
      29 2.07912674146e-17     0.0000000000
      31 4.73888546927e-18     0.0000000000
      33 1.84199349858e-18     0.0000000000
      35 4.42582986746e-19     0.0000000000
      37 1.48431538014e-19     0.0000000000
      39 4.77299433938e-20     0.0000000000
      41 1.85362822688e-20     0.0000000000
      43 6.01836136127e-21     0.0000000000
      45 1.99506512563e-21     0.0000000000
      47 7.52461676607e-22     0.0000000000
      49 3.45797468104e-22     0.0000000000
      51 1.08744740842e-22     0.0000000000
      53 5.46554894444e-23     0.0000000000
      55 1.6078308957e-23     0.0000000000
      57 8.3202303522e-24     0.0000000000
      59 2.98374903094e-24     0.0000000000
      61 1.69867509203e-24     0.0000000000
      63 7.02771972292e-25     0.0000000000
      65 3.82883279243e-25     0.0000000000
      67 2.74388502587e-25     0.0000000000
      69 1.41006581855e-25     0.0000000000
      71 3.76134487917e-26     0.0000000000
      73 2.9006535663e-26     0.0000000000
      75 2.09216990014e-26     0.0000000000
      77 1.40938474809e-26     0.0000000000
      79 5.82495200564e-27     0.0000000000
      81 3.61749848126e-27     0.0000000000
      83 1.85282588074e-27     0.0000000000
      85 1.21991176017e-27     0.0000000000
      87 7.86576896752e-28     0.0000000000
      89 4.7711731773e-28     0.0000000000
      91 2.80982538123e-28     0.0000000000
      93 2.20324868968e-28     0.0000000000
      95 1.125382737e-28     0.0000000000
      97 7.47973593058e-29     0.0000000000
      99 5.81528467991e-29     0.0000000000
     101 4.23322742061e-29     0.0000000000
