       1 0.0197421759367     0.0000000000
       3 0.00325609999709     0.0000000000
       5 1.7918853068e-09     0.0000000000
       7 3.23373411382e-11     0.0000000000
       9 7.22207480587e-15     0.0000000000
      11 1.62418130885e-16     0.0000000000
      13 1.67478530705e-17     0.0000000000
      15 3.13440156782e-20     0.0000000000
      17 3.14456769025e-21     0.0000000000
      19 1.21724038132e-23     0.0000000000
      21 1.12336899043e-24     0.0000000000
      23 3.26832807568e-26     0.0000000000
      25 4.63227597638e-27     0.0000000000
      27 1.44439714337e-28     0.0000000000
      29 2.26806778789e-29     0.0000000000
      31 3.2551699285e-30     0.0000000000
      33 6.07850902977e-31     0.0000000000
      35 8.14928209502e-32     0.0000000000
      37 1.86811575267e-32     0.0000000000
      39 2.78521429446e-33     0.0000000000
      41 7.89192193325e-34     0.0000000000
      43 1.50148395948e-34     0.0000000000
      45 3.84602265245e-35     0.0000000000
      47 1.09417997393e-35     0.0000000000
      49 3.66501582222e-36     0.0000000000
      51 1.15897284014e-36     0.0000000000
      53 3.76108418142e-37     0.0000000000
      55 8.45773978945e-38     0.0000000000
      57 3.89338671094e-38     0.0000000000
      59 1.55170991785e-38     0.0000000000
      61 7.44717406398e-39     0.0000000000
      63 1.852094779e-39     0.0000000000
      65 7.02755383754e-40     0.0000000000
      67 4.23358890743e-40     0.0000000000
      69 1.78466569819e-40     0.0000000000
      71 4.96522084864e-41     0.0000000000
      73 2.55162437369e-41     0.0000000000
      75 8.89964654693e-42     0.0000000000
      77 4.86390696967e-42     0.0000000000
      79 1.85531916677e-42     0.0000000000
      81 1.34104263036e-42     0.0000000000
      83 3.9516616694e-43     0.0000000000
      85 2.81660991329e-43     0.0000000000
      87 1.09301280217e-43     0.0000000000
      89 5.88545355016e-44     0.0000000000
      91 2.52233723578e-44     0.0000000000
      93 1.68155815719e-44     0.0000000000
      95 8.40779078595e-45     0.0000000000
      97 4.20389539297e-45     0.0000000000
      99 2.80259692865e-45     0.0000000000
     101 1.40129846432e-45     0.0000000000
