       1 0.0247092824429     0.0000000001
       2 0.0247092824429     0.0000000001
       3 0.0247092824429     0.0000000001
       4 0.0247092824429     0.0000000001
       1 0.0247092824429     0.0000000001
       3 0.0247092824429     0.0000000001
       5 0.00476089166477     0.0000000002
       7 0.00476089166477     0.0000000002
       9 0.00299922912382     0.0000000002
      11 0.00299922912382     0.0000000002
      13 0.00299922912382     0.0000000002
      15 0.00329218199477     0.0000000003
      17 0.00329218199477     0.0000000003
      19 0.00446074502543     0.0000000004
      21 0.00446074502543     0.0000000004
      23 0.00606558891013     0.0000000005
      25 0.00606558891013     0.0000000005
      27 0.00932738091797     0.0000000008
      29 0.00932738091797     0.0000000008
      31 0.0095736393705     0.0000000009
      33 0.0131747499108     0.0000000014
      35 0.0129921780899     0.0000000015
      37 0.0154856722802     0.0000000020
      39 0.0154856722802     0.0000000020
      41 0.0169771201909     0.0000000029
      43 0.0169771201909     0.0000000029
      45 0.016728149727     0.0000000037
      47 0.016728149727     0.0000000037
      49 0.0159873999655     0.0000000039
      51 0.0159766562283     0.0000000044
      53 0.0145718408749     0.0000000044
      55 0.0140348952264     0.0000000054
      57 0.0127961402759     0.0000000055
      59 0.0123196048662     0.0000000063
      61 0.0123196048662     0.0000000063
      63 0.0109455622733     0.0000000073
      65 0.0109455622733     0.0000000073
      67 0.00991559959948     0.0000000085
      69 0.00991559959948     0.0000000085
      71 0.00911112688482     0.0000000082
      73 0.008485221304     0.0000000096
      75 0.00790017750114     0.0000000095
      77 0.00755896372721     0.0000000116
      79 0.00709015363827     0.0000000114
      81 0.00662161782384     0.0000000135
      83 0.00628670491278     0.0000000133
      85 0.00603904575109     0.0000000160
      87 0.00603904575109     0.0000000160
      89 0.00568065606058     0.0000000159
      91 0.00560498097911     0.0000000183
      93 0.00551578961313     0.0000000185
      95 0.00533046992496     0.0000000218
      97 0.00535564497113     0.0000000226
      99 0.0051373639144     0.0000000253
     101 0.00508318375796     0.0000000259
     103 0.00476099457592     0.0000000290
     105 0.0046846899204     0.0000000292
     107 0.00449754390866     0.0000000295
     109 0.00436202110723     0.0000000308
     111 0.00436924537644     0.0000000311
     113 0.00397628452629     0.0000000326
     115 0.00405929749832     0.0000000333
     117 0.00380104291253     0.0000000345
     119 0.00388955138624     0.0000000345
     121 0.00361168920062     0.0000000367
     123 0.00366927054711     0.0000000370
     125 0.00350195122883     0.0000000388
     127 0.00353358616121     0.0000000406
     129 0.00342815648764     0.0000000408
