       1  0.333294928074     0.0000009715
       3  0.455644667149     0.0000295587
       5  0.118927568197     0.0322479419
       7 0.0383611246943     0.3614906669
       9 0.000147070051753     0.9465639591
      11 5.1962051657e-06     0.9931359291
      13 4.3694200258e-07     0.9985949397
      15 3.70104014102e-09     0.9998607635
      17 1.89195062394e-10     0.9999792576
      19 9.58972701595e-13     0.9999988079
      21 3.20722897129e-08     0.9998345375
      23 2.17730208862e-11     0.9999988079
      25 6.09902017779e-10     0.9999896288
      27 5.52669628812e-12     0.9999997616
      29 9.82948358125e-12     0.9999997616
      31 1.22102727929e-08     0.9999724627
      33 1.13817666403e-08     0.9999666214
      35 6.80627942895e-10     0.9999926090
      37 1.17450527082e-09     0.9999934435
      39 4.17505890971e-11     0.9999996424
      41 5.74172966117e-11     0.9999996424
      43 1.58055826205e-08     0.9999784231
      45 1.28745023531e-08     0.9999803305
      47 2.58465249203e-09     0.9999936819
      49 1.99938043899e-09     0.9999957085
      51 7.82105769037e-11     0.9999997616
      53 1.40599087928e-10     0.9999996424
      55 2.27516494533e-08     0.9999817610
      57 3.14371391141e-08     0.9999755621
      59 1.88693793923e-09     0.9999941587
      61 4.13323864024e-09     0.9999947548
      63 9.68389118894e-11     0.9999997616
      65 1.03996478096e-10     0.9999997616
      67 1.7047165457e-08     0.9999786615
      69 2.11813144801e-08     0.9999794960
      71 6.30721197492e-10     0.9999991655
      73 4.10834560816e-10     0.9999988079
      75 2.87296245821e-11     1.0000000000
      77 7.81925496574e-11     1.0000000000
      79 6.17011064463e-09     0.9999943972
      81 3.6883749388e-09     0.9999938011
      83 2.17038068073e-10     0.9999996424
      85 1.89601029321e-10     0.9999997616
      87 3.01009670522e-08     0.9999809265
      89 2.48532057157e-08     0.9999805689
      91 4.66269856059e-10     0.9999991655
      93 6.83876621999e-10     0.9999992847
      95 6.80014933252e-11     1.0000000000
      97 6.95456262023e-11     1.0000000000
      99 2.71485056658e-09     0.9999965429
     101 7.48192618971e-09     0.9999940395
