 Iterations  Total_Loss        PSNR
        100  0.00892025 20.49623108
        200  0.00553823 22.56629181
        300  0.00447219 23.49479866
        400  0.00395386 24.02978325
        500  0.00334468 24.75645256
        600  0.00291688 25.35081482
        700  0.00274133 25.62038040
        800  0.00230622 26.37098503
        900  0.00242341 26.15573502
       1000  0.00230388 26.37539482
       1100  0.00203522 26.91389084
       1200  0.00196412 27.06832123
       1300  0.00178720 27.47826004
       1400  0.00178704 27.47866821
       1500  0.00184357 27.34340477
       1600  0.00162388 27.89446640
       1700  0.00158649 27.99563026
       1800  0.00150818 28.21546173
       1900  0.00144518 28.40077209
       2000  0.00144517 28.40081978
       2100  0.00134327 28.71837616
       2200  0.00131854 28.79907417
       2300  0.00122070 29.13392448
       2400  0.00125201 29.02392387
       2500  0.00118968 29.24571609
       2600  0.00120664 29.18421555
       2700  0.00119410 29.22958946
       2800  0.00112480 29.48925972
       2900  0.00116252 29.34597778
       3000  0.00118813 29.25135231
       3100  0.00112302 29.49611092
       3200  0.00101175 29.94928169
       3300  0.00103766 29.83943558
       3400  0.00102230 29.90419960
       3500  0.00103300 29.85899734
       3600  0.00101801 29.92247772
       3700  0.00099697 30.01316071
       3800  0.00096078 30.17374802
       3900  0.00100012 29.99946594
       4000  0.00087752 30.56744766
       4100  0.00092567 30.33546257
       4200  0.00090141 30.45077324
       4300  0.00088891 30.51144600
       4400  0.00089328 30.49014473
       4500  0.00082964 30.81111908
       4600  0.00085358 30.68757057
       4700  0.00084625 30.72500420
       4800  0.00085727 30.66883278
       4900  0.00077595 31.10167122
       5000  0.00085449 30.68291855
       5100  0.00082201 30.85121918
       5200  0.00079338 31.00516510
       5300  0.00079661 30.98751640
       5400  0.00076475 31.16481400
       5500  0.00078030 31.07735825
       5600  0.00075638 31.21262741
       5700  0.00074320 31.28892708
       5800  0.00073790 31.32004738
       5900  0.00072280 31.40982628
       6000  0.00072675 31.38612366
       6100  0.00073344 31.34635735
       6200  0.00073241 31.35246849
       6300  0.00074142 31.29934502
       6400  0.00068092 31.66904831
       6500  0.00071920 31.43150902
       6600  0.00068798 31.62421608
       6700  0.00071858 31.43525505
       6800  0.00066849 31.74904823
       6900  0.00067445 31.71051407
       7000  0.00066764 31.75460625
       7100  0.00067236 31.72400856
       7200  0.00063754 31.95494461
       7300  0.00065918 31.80998421
       7400  0.00065219 31.85623550
       7500  0.00062979 32.00802231
       7600  0.00064228 31.92275810
       7700  0.00061795 32.09047318
       7800  0.00060267 32.19919586
       7900  0.00063906 31.94456863
       8000  0.00061572 32.10618591
       8100  0.00059181 32.27814865
       8200  0.00060562 32.17802811
       8300  0.00064535 31.90204811
       8400  0.00060286 32.19782257
       8500  0.00060488 32.18333435
       8600  0.00065089 31.86490822
       8700  0.00062498 32.04132843
       8800  0.00059859 32.22869110
       8900  0.00060399 32.18973541
       9000  0.00059701 32.24018860
       9100  0.00057823 32.37897491
       9200  0.00056465 32.48217392
       9300  0.00056418 32.48582458
       9400  0.00055438 32.56189728
       9500  0.00055940 32.52275848
       9600  0.00054437 32.64105988
       9700  0.00055471 32.55931091
       9800  0.00054376 32.64592361
       9900  0.00054590 32.62884903
      10000  0.00054624 32.62612534
