6.984075517150927837e-05
1.470989377272822751e-01
5.644299647781767515e-01
7.526803181904030415e-01
8.702817107750254744e-01
9.228398600705330912e-01
9.474626386915619980e-01
9.520073794722706539e-01
9.700902310472928614e-01
9.779711148288277034e-01
9.840260107714665638e-01
9.938107715586391722e-01
9.993316925296197306e-01
1.003423965667718409e+00
1.003549285653058787e+00
1.004911293514733517e+00
9.984771483776126999e-01
9.966832635060900447e-01
9.935694730251856122e-01
9.910319571225399971e-01
9.893571426832831195e-01
9.880884834091141489e-01
9.881259149427932265e-01
9.924109374546701279e-01
9.916940150398455556e-01
9.902389217297420387e-01
9.885785799397108775e-01
9.931898949068576066e-01
9.959106871765157631e-01
1.005065493013756139e+00
1.012598572720490253e+00
1.015729269887081010e+00
1.020987380705077108e+00
1.022851852633959613e+00
1.025963669571787751e+00
1.027632168673200841e+00
1.028528354584116178e+00
1.026999516547731028e+00
1.027818800063442728e+00
1.026174575541867418e+00
1.026419426452858330e+00
1.030561630230785397e+00
1.033247951281378807e+00
1.033106250888505606e+00
1.035475291997210556e+00
1.035680737831445875e+00
1.037766180800096638e+00
1.039613153980369908e+00
1.040839974141323010e+00
1.042792268737097627e+00
1.042800031339863986e+00
