3.167181508615612984e-03 3.167181508615612984e-03 2.337735058972612023e-04 2.408741507679224014e-03 1.837947929743677378e-04 2.709920227061957121e-04
5.095766782760620117e-01 5.095766782760620117e-01 1.145381946116685867e-03 1.380596011877059937e-01 1.343997474759817123e-02 7.127617718651890755e-04
9.490512609481811523e-01 9.490512609481811523e-01 5.091025377623736858e-05 2.977987937629222870e-02 2.025934681296348572e-02 6.056836809875676408e-06
9.742644429206848145e-01 9.742644429206848145e-01 4.833726270589977503e-04 1.465740241110324860e-02 1.024461444467306137e-02 3.139166801702231169e-05
9.622617363929748535e-01 9.622617363929748535e-01 2.570526674389839172e-03 2.482885494828224182e-02 9.569775313138961792e-03 2.099941339110955596e-04
9.440062046051025391e-01 9.440062046051025391e-01 3.268863307312130928e-03 4.041016101837158203e-02 1.148896478116512299e-02 2.868071023840457201e-04
9.629004001617431641e-01 9.629004001617431641e-01 1.621091389097273350e-03 2.821425162255764008e-02 6.852807942777872086e-03 1.151698015746660531e-04
9.670701026916503906e-01 9.670701026916503906e-01 2.863682340830564499e-03 2.447096817195415497e-02 5.055830348283052444e-03 1.329401857219636440e-04
9.667134881019592285e-01 9.667134881019592285e-01 5.708828102797269821e-03 2.239720523357391357e-02 4.227848257869482040e-03 1.887959078885614872e-04
9.557787179946899414e-01 9.557787179946899414e-01 1.136961020529270172e-02 2.692129835486412048e-02 3.855281043797731400e-03 3.798148245550692081e-04
9.550311565399169922e-01 9.550311565399169922e-01 1.614430919289588928e-02 2.167404815554618835e-02 4.041234496980905533e-03 5.892307963222265244e-04
9.538615942001342773e-01 9.538615942001342773e-01 2.426450513303279877e-02 1.446925103664398193e-02 3.784055821597576141e-03 7.774843834340572357e-04
9.586666226387023926e-01 9.586666226387023926e-01 2.385780774056911469e-02 1.083928253501653671e-02 3.630860708653926849e-03 6.709432345815002918e-04
9.577671885490417480e-01 9.577671885490417480e-01 2.539799921214580536e-02 1.016325503587722778e-02 3.730511059984564781e-03 8.632515091449022293e-04
9.573880434036254883e-01 9.573880434036254883e-01 2.722669392824172974e-02 9.194983169436454773e-03 3.105925861746072769e-03 9.316719952039420605e-04
9.582214355468750000e-01 9.582214355468750000e-01 2.524909190833568573e-02 1.019855029881000519e-02 3.210705006495118141e-03 1.081474358215928078e-03
9.669947624206542969e-01 9.669947624206542969e-01 1.722894608974456787e-02 1.052991487085819244e-02 2.978725126013159752e-03 7.588837179355323315e-04
9.718118309974670410e-01 9.718118309974670410e-01 1.322063524276018143e-02 1.054787077009677887e-02 2.542962785810232162e-03 6.696732598356902599e-04
9.746315479278564453e-01 9.746315479278564453e-01 1.253008842468261719e-02 8.995507843792438507e-03 2.105968073010444641e-03 6.177515024319291115e-04
9.805034399032592773e-01 9.805034399032592773e-01 9.156072512269020081e-03 7.229068316519260406e-03 1.737335813231766224e-03 4.707434854935854673e-04
9.791694283485412598e-01 9.791694283485412598e-01 1.078169513493776321e-02 6.380192469805479050e-03 1.985285431146621704e-03 5.736179882660508156e-04
9.811004400253295898e-01 9.811004400253295898e-01 1.029274333268404007e-02 5.261934828013181686e-03 1.885666279122233391e-03 4.846714145969599485e-04
9.803527593612670898e-01 9.803527593612670898e-01 1.223514135926961899e-02 4.273080732673406601e-03 1.523558632470667362e-03 5.497526144608855247e-04
9.783006310462951660e-01 9.783006310462951660e-01 1.382148079574108124e-02 4.317236598581075668e-03 1.789389294572174549e-03 5.380309303291141987e-04
9.790123105049133301e-01 9.790123105049133301e-01 1.349575258791446686e-02 4.116505850106477737e-03 1.645582728087902069e-03 4.988609580323100090e-04
9.787018299102783203e-01 9.787018299102783203e-01 1.405133958905935287e-02 4.135142080485820770e-03 1.419822569005191326e-03 4.630205221474170685e-04
9.786717891693115234e-01 9.786717891693115234e-01 1.426277589052915573e-02 4.164049867540597916e-03 1.212287344969809055e-03 4.662084684241563082e-04
9.795714616775512695e-01 9.795714616775512695e-01 1.420774590224027634e-02 3.632878884673118591e-03 9.974223794415593147e-04 4.598605737555772066e-04
9.825366139411926270e-01 9.825366139411926270e-01 1.190920919179916382e-02 3.396491287276148796e-03 8.605408365838229656e-04 3.629362909123301506e-04
9.801948070526123047e-01 9.801948070526123047e-01 1.465708483010530472e-02 3.058064961805939674e-03 6.980677717365324497e-04 4.087304696440696716e-04
9.808005094528198242e-01 9.808005094528198242e-01 1.486974954605102539e-02 2.444254467263817787e-03 5.573059315793216228e-04 3.841131401713937521e-04
9.792196154594421387e-01 9.792196154594421387e-01 1.662307791411876678e-02 2.241055015474557877e-03 5.056249210610985756e-04 4.238973488099873066e-04
9.787377715110778809e-01 9.787377715110778809e-01 1.712051592767238617e-02 2.296064747497439384e-03 4.700894351117312908e-04 4.295887483749538660e-04
9.774798750877380371e-01 9.774798750877380371e-01 1.893813721835613251e-02 1.840857905335724354e-03 3.865023027174174786e-04 4.292678786441683769e-04
9.796293377876281738e-01 9.796293377876281738e-01 1.730076223611831665e-02 1.556838513351976871e-03 3.461536834947764874e-04 3.663472598418593407e-04
9.776900410652160645e-01 9.776900410652160645e-01 1.905128918588161469e-02 1.582087017595767975e-03 3.650332218967378139e-04 4.156460345257073641e-04
9.801279306411743164e-01 9.801279306411743164e-01 1.695986837148666382e-02 1.446858281269669533e-03 3.148132236674427986e-04 3.698025539051741362e-04
9.808679223060607910e-01 9.808679223060607910e-01 1.627970859408378601e-02 1.405322458595037460e-03 3.121195186395198107e-04 3.650797880254685879e-04
9.833225607872009277e-01 9.833225607872009277e-01 1.422628946602344513e-02 1.231021247804164886e-03 2.603142347652465105e-04 3.176711325068026781e-04
9.865670800209045410e-01 9.865670800209045410e-01 1.125488895922899246e-02 1.140177715569734573e-03 2.311388961970806122e-04 2.748679835349321365e-04
9.888605475425720215e-01 9.888605475425720215e-01 9.205501526594161987e-03 1.024232129566371441e-03 2.223353658337146044e-04 2.179337752750143409e-04
9.892605543136596680e-01 9.892605543136596680e-01 8.870888501405715942e-03 1.024979748763144016e-03 1.990492310142144561e-04 2.056101511698216200e-04
9.910389780998229980e-01 9.910389780998229980e-01 7.323278114199638367e-03 8.724639774300158024e-04 1.877485774457454681e-04 1.824180217226967216e-04
9.926931858062744141e-01 9.926931858062744141e-01 5.855917930603027344e-03 7.743501337245106697e-04 1.867314276751130819e-04 1.584243145771324635e-04
9.922025203704833984e-01 9.922025203704833984e-01 6.329224444925785065e-03 7.747288327664136887e-04 1.863710931502282619e-04 1.632839994272217155e-04
9.933043122291564941e-01 9.933043122291564941e-01 5.333904642611742020e-03 7.216135854832828045e-04 1.877987378975376487e-04 1.467589754611253738e-04
9.930382370948791504e-01 9.930382370948791504e-01 5.597385112196207047e-03 7.023736834526062012e-04 1.969041477423161268e-04 1.532393071101978421e-04
9.932112693786621094e-01 9.932112693786621094e-01 5.371909122914075851e-03 7.462679059244692326e-04 2.025327557930722833e-04 1.592681219335645437e-04
9.939100742340087891e-01 9.939100742340087891e-01 4.817399661988019943e-03 6.789421895518898964e-04 1.797061268007382751e-04 1.396821753587573767e-04
9.938207268714904785e-01 9.938207268714904785e-01 4.927817732095718384e-03 6.409154739230871201e-04 1.690953649813309312e-04 1.578446681378409266e-04
9.939660429954528809e-01 9.939660429954528809e-01 4.819453693926334381e-03 6.202998920343816280e-04 1.659176923567429185e-04 1.563826226629316807e-04
