9.043773636221885681e-03 9.043773636221885681e-03 1.585733727551996708e-03 2.527604345232248306e-03 5.579201970249414444e-03 1.337680965662002563e-03
1.107729673385620117e-01 1.107729673385620117e-01 3.128911182284355164e-02 4.592866078019142151e-02 5.968608707189559937e-02 1.254401169717311859e-02
8.826134204864501953e-01 8.826134204864501953e-01 2.086305618286132812e-02 4.663693159818649292e-02 3.533653542399406433e-02 1.137383631430566311e-03
7.164611220359802246e-01 7.164611220359802246e-01 4.419323429465293884e-02 2.076947391033172607e-01 2.205795049667358398e-02 1.325893681496381760e-03
7.645437717437744141e-01 7.645437717437744141e-01 2.254711650311946869e-02 1.752824932336807251e-01 1.204742025583982468e-02 6.627025548368692398e-03
9.066928625106811523e-01 9.066928625106811523e-01 5.800947081297636032e-03 6.230464950203895569e-02 6.879714783281087875e-03 6.259005516767501831e-03
9.697582721710205078e-01 9.697582721710205078e-01 1.478358404710888863e-03 1.315275020897388458e-02 6.985506042838096619e-03 2.270218217745423317e-03
9.742212295532226562e-01 9.742212295532226562e-01 9.390421328134834766e-04 7.341558579355478287e-03 6.849613972008228302e-03 2.101144287735223770e-03
9.747951030731201172e-01 9.747951030731201172e-01 8.435065392404794693e-04 5.057801958173513412e-03 6.047020200639963150e-03 2.990918466821312904e-03
9.674341678619384766e-01 9.674341678619384766e-01 8.598068961873650551e-04 5.418353248387575150e-03 6.058425642549991608e-03 4.813395906239748001e-03
9.585559964179992676e-01 9.585559964179992676e-01 9.372501517646014690e-04 6.951028015464544296e-03 6.736864801496267319e-03 6.345203146338462830e-03
9.547456502914428711e-01 9.547456502914428711e-01 1.010329346172511578e-03 7.438750471919775009e-03 7.167967502027750015e-03 7.610044442117214203e-03
9.389382004737854004e-01 9.389382004737854004e-01 1.390385441482067108e-03 1.167709659785032272e-02 8.495268411934375763e-03 9.943196550011634827e-03
9.087108373641967773e-01 9.087108373641967773e-01 2.074659103527665138e-03 1.955752260982990265e-02 1.126871630549430847e-02 1.341186650097370148e-02
8.886581063270568848e-01 8.886581063270568848e-01 2.474134555086493492e-03 2.485398389399051666e-02 1.063713245093822479e-02 1.728484779596328735e-02
8.291425108909606934e-01 8.291425108909606934e-01 4.233637824654579163e-03 4.297083616256713867e-02 1.169863902032375336e-02 2.582952007651329041e-02
7.970446348190307617e-01 7.970446348190307617e-01 5.227168556302785873e-03 5.485192686319351196e-02 9.887796826660633087e-03 2.962264046072959900e-02
7.281994819641113281e-01 7.281994819641113281e-01 7.279647514224052429e-03 7.448346912860870361e-02 1.145721226930618286e-02 4.024382680654525757e-02
6.635538339614868164e-01 6.635538339614868164e-01 9.432016871869564056e-03 9.661988168954849243e-02 1.252785976976156235e-02 5.196492746472358704e-02
6.132416725158691406e-01 6.132416725158691406e-01 1.191157009452581406e-02 1.136222556233406067e-01 1.281660888344049454e-02 6.654406338930130005e-02
6.133685708045959473e-01 6.133685708045959473e-01 1.194521877914667130e-02 1.143118664622306824e-01 1.213957928121089935e-02 6.835090368986129761e-02
5.637789368629455566e-01 5.637789368629455566e-01 1.341846585273742676e-02 1.191063374280929565e-01 1.322293467819690704e-02 8.642903715372085571e-02
5.279109477996826172e-01 5.279109477996826172e-01 1.496701408177614212e-02 1.272065192461013794e-01 1.603073067963123322e-02 9.820321947336196899e-02
5.091726779937744141e-01 5.091726779937744141e-01 1.712355762720108032e-02 1.240394487977027893e-01 1.641668193042278290e-02 1.048204079270362854e-01
4.881388247013092041e-01 4.881388247013092041e-01 1.530759502202272415e-02 1.180015727877616882e-01 1.706469617784023285e-02 1.101890504360198975e-01
4.896286427974700928e-01 4.896286427974700928e-01 1.545169111341238022e-02 1.065215393900871277e-01 1.592675596475601196e-02 1.045421436429023743e-01
4.099650979042053223e-01 4.099650979042053223e-01 1.661348529160022736e-02 1.148273721337318420e-01 1.309293415397405624e-02 1.246185004711151123e-01
3.833504915237426758e-01 3.833504915237426758e-01 1.850824989378452301e-02 1.064949259161949158e-01 1.369534805417060852e-02 1.133982986211776733e-01
3.528168797492980957e-01 3.528168797492980957e-01 1.921484619379043579e-02 1.181521490216255188e-01 1.316333748400211334e-02 1.064938828349113464e-01
3.653748333454132080e-01 3.653748333454132080e-01 1.840569637715816498e-02 9.926941245794296265e-02 1.412533875554800034e-02 8.894202113151550293e-02
4.005720615386962891e-01 4.005720615386962891e-01 1.574384048581123352e-02 7.540557533502578735e-02 1.384542603045701981e-02 7.930029928684234619e-02
4.320021867752075195e-01 4.320021867752075195e-01 1.532593928277492523e-02 5.925537273287773132e-02 1.438362989574670792e-02 7.151353359222412109e-02
4.720020294189453125e-01 4.720020294189453125e-01 1.467510964721441269e-02 4.797018319368362427e-02 1.480590179562568665e-02 6.519553810358047485e-02
4.667470753192901611e-01 4.667470753192901611e-01 1.359994523227214813e-02 4.335218295454978943e-02 1.437037903815507889e-02 5.907952412962913513e-02
5.069381594657897949e-01 5.069381594657897949e-01 1.112484000623226166e-02 3.589767590165138245e-02 1.575264520943164825e-02 4.854023829102516174e-02
5.130676031112670898e-01 5.130676031112670898e-01 1.216740719974040985e-02 3.533285483717918396e-02 1.542100962251424789e-02 4.742088541388511658e-02
4.973980486392974854e-01 4.973980486392974854e-01 1.387633755803108215e-02 3.912581130862236023e-02 1.414490398019552231e-02 4.938127845525741577e-02
5.250197052955627441e-01 5.250197052955627441e-01 1.397543214261531830e-02 3.959178552031517029e-02 1.532660704106092453e-02 4.872400313615798950e-02
5.248456597328186035e-01 5.248456597328186035e-01 1.479872781783342361e-02 4.193152859807014465e-02 1.441157236695289612e-02 4.808817058801651001e-02
5.261314511299133301e-01 5.261314511299133301e-01 1.515494752675294876e-02 4.083906486630439758e-02 1.352084800601005554e-02 4.971324652433395386e-02
5.474048852920532227e-01 5.474048852920532227e-01 1.679814048111438751e-02 3.984736651182174683e-02 1.313446555286645889e-02 4.937499761581420898e-02
5.443763136863708496e-01 5.443763136863708496e-01 1.856964826583862305e-02 3.923754394054412842e-02 1.294139493256807327e-02 5.149297788739204407e-02
5.541692376136779785e-01 5.541692376136779785e-01 1.901458390057086945e-02 3.970787674188613892e-02 1.223821472376585007e-02 5.357632786035537720e-02
5.483998656272888184e-01 5.483998656272888184e-01 2.165016159415245056e-02 4.043421149253845215e-02 1.199433393776416779e-02 5.275778472423553467e-02
5.905091166496276855e-01 5.905091166496276855e-01 2.110439352691173553e-02 3.921213373541831970e-02 1.070533413439989090e-02 5.273952335119247437e-02
5.840552449226379395e-01 5.840552449226379395e-01 2.545526809990406036e-02 3.919383510947227478e-02 1.123778708279132843e-02 4.749510437250137329e-02
5.946254134178161621e-01 5.946254134178161621e-01 2.864140644669532776e-02 4.181360825896263123e-02 1.101041585206985474e-02 4.710003361105918884e-02
6.210028529167175293e-01 6.210028529167175293e-01 3.090228885412216187e-02 4.137940332293510437e-02 1.034838333725929260e-02 4.513755440711975098e-02
6.273900866508483887e-01 6.273900866508483887e-01 3.384652733802795410e-02 4.078416898846626282e-02 9.905853308737277985e-03 4.412622004747390747e-02
6.392654776573181152e-01 6.392654776573181152e-01 3.639565408229827881e-02 3.955487161874771118e-02 9.725520387291908264e-03 4.194522649049758911e-02
6.238572001457214355e-01 6.238572001457214355e-01 4.097307845950126648e-02 4.197397828102111816e-02 1.002041343599557877e-02 4.391261190176010132e-02
