          0  0.08645949 10.63187313
        100  0.01198124 19.21498108
        200  0.00917829 20.37238121
        300  0.00805463 20.93954468
        400  0.00727771 21.38005257
        500  0.00685273 21.64136314
        600  0.00649447 21.87456512
        700  0.00631341 21.99736023
        800  0.00615210 22.10976219
        900  0.00609060 22.15340233
       1000  0.00594423 22.25904655
       1100  0.00583930 22.33639336
       1200  0.00576608 22.39119339
       1300  0.00560820 22.51176643
       1400  0.00549799 22.59796143
       1500  0.00540493 22.67210197
       1600  0.00534432 22.72107315
       1700  0.00523933 22.80723953
       1800  0.00519577 22.84349632
       1900  0.00514249 22.88826561
       2000  0.00500550 23.00552750
       2100  0.00495750 23.04737282
       2200  0.00485715 23.13618279
       2300  0.00472928 23.25205421
       2400  0.00474046 23.24179840
       2500  0.00461559 23.35773087
       2600  0.00455091 23.41901588
       2700  0.00440277 23.56274223
       2800  0.00440877 23.55682564
       2900  0.00426586 23.69993019
       3000  0.00425463 23.71138763
       3100  0.00419504 23.77264404
       3200  0.00398704 23.99348831
       3300  0.00389881 24.09068298
       3400  0.00391498 24.07270050
       3500  0.00377573 24.22999382
       3600  0.00374808 24.26191521
       3700  0.00364151 24.38718987
       3800  0.00360180 24.43480301
       3900  0.00355604 24.49033356
       4000  0.00338343 24.70642281
       4100  0.00337707 24.71460152
       4200  0.00327822 24.84361458
       4300  0.00319234 24.95891380
       4400  0.00316704 24.99346161
       4500  0.00307938 25.11536598
       4600  0.00304208 25.16830063
       4700  0.00292867 25.33329582
       4800  0.00301545 25.20648003
       4900  0.00280356 25.52289581
       5000  0.00276676 25.58028412
