          0  0.05768359 12.38947678
        100  0.00908783 20.41539764
        200  0.00760915 21.18663979
        300  0.00738588 21.31597710
        400  0.00689637 21.61379242
        500  0.00680924 21.66901016
        600  0.00661844 21.79244614
        700  0.00654638 21.83998871
        800  0.00640912 21.93201828
        900  0.00647325 21.88877678
       1000  0.00618833 22.08426285
       1100  0.00611119 22.13874245
       1200  0.00603473 22.19342422
       1300  0.00599258 22.22386169
       1400  0.00588606 22.30175400
       1500  0.00582878 22.34421921
       1600  0.00568062 22.45603943
       1700  0.00564926 22.48008919
       1800  0.00554469 22.56122971
       1900  0.00559793 22.51972389
       2000  0.00539575 22.67947769
       2100  0.00539425 22.68069077
       2200  0.00525227 22.79653358
       2300  0.00517064 22.86455917
       2400  0.00514472 22.88638496
       2500  0.00503759 22.97777176
       2600  0.00494908 23.05475616
       2700  0.00495548 23.04913902
       2800  0.00475089 23.23224640
       2900  0.00474622 23.23652267
       3000  0.00465629 23.31959915
       3100  0.00453675 23.43254662
       3200  0.00446795 23.49891472
       3300  0.00444220 23.52401543
       3400  0.00425718 23.70878410
       3500  0.00594208 22.26061440
       3600  0.00415997 23.80909920
       3700  0.00405259 23.92267227
       3800  0.00400494 23.97403717
       3900  0.00392660 24.05983734
       4000  0.00475971 23.22419167
       4100  0.00708868 21.49434853
       4200  0.00653612 21.84679794
       4300  0.00622305 22.05996513
       4400  0.00602532 22.20019722
       4500  0.00585455 22.32506180
       4600  0.00569147 22.44775772
       4700  0.00559649 22.52084351
       4800  0.00550161 22.59510231
       4900  0.00538672 22.68675613
       5000  0.00532236 22.73895454
