1.253341293334960938e+01
1.907959556579589844e+01
2.487054824829101562e+01
2.803240203857421875e+01
2.941845130920410156e+01
3.021558189392089844e+01
3.075715446472167969e+01
3.118749237060546875e+01
3.152998352050781250e+01
3.181516838073730469e+01
3.202683639526367188e+01
3.218078613281250000e+01
3.229186630249023438e+01
3.234770584106445312e+01
3.234629440307617188e+01
3.231422424316406250e+01
3.225111389160156250e+01
3.214758682250976562e+01
3.201502990722656250e+01
3.186416244506835938e+01
3.168326568603515625e+01
3.148450469970703125e+01
3.126591682434082031e+01
3.104952621459960938e+01
3.080481147766113281e+01
3.056485939025878906e+01
3.033026504516601562e+01
3.009318161010742188e+01
2.985508155822753906e+01
2.962376594543457031e+01
2.938037300109863281e+01
2.915949249267578125e+01
2.892698669433593750e+01
2.870539283752441406e+01
2.850805854797363281e+01
2.841964340209960938e+01
2.814492034912109375e+01
2.793523979187011719e+01
2.776262474060058594e+01
2.758841323852539062e+01
2.741571617126464844e+01
2.729445838928222656e+01
2.710821533203125000e+01
2.697307205200195312e+01
2.680170249938964844e+01
2.667756652832031250e+01
2.656846618652343750e+01
2.639931106567382812e+01
2.626391983032226562e+01
2.610817337036132812e+01
2.600764465332031250e+01
