6.432676455006003380e-04 6.432676455006003380e-04 9.125081123784184456e-04 2.101421356201171875e-03 7.425436342600733042e-05 3.892346576321870089e-04
8.953730762004852295e-02 8.953730762004852295e-02 8.241714909672737122e-03 1.510450150817632675e-02 4.816035507246851921e-04 3.670902224257588387e-03
7.648048996925354004e-01 7.648048996925354004e-01 7.327776402235031128e-02 7.430749479681253433e-03 1.081042806617915630e-03 4.092926625162363052e-03
8.432533144950866699e-01 8.432533144950866699e-01 5.334559082984924316e-02 1.237464486621320248e-03 2.918317215517163277e-03 2.620948245748877525e-03
8.821447491645812988e-01 8.821447491645812988e-01 4.478170350193977356e-02 1.073366729542613029e-03 4.483315162360668182e-03 4.724376834928989410e-03
8.961538672447204590e-01 8.961538672447204590e-01 3.780573233962059021e-02 9.501863387413322926e-04 5.067046731710433960e-03 9.863757528364658356e-03
9.297096133232116699e-01 9.297096133232116699e-01 2.603660523891448975e-02 7.415991858579218388e-04 6.115947850048542023e-03 5.069600418210029602e-03
9.486867785453796387e-01 9.486867785453796387e-01 1.223433297127485275e-02 6.466431077569723129e-04 8.943321183323860168e-03 1.982720103114843369e-03
9.574747681617736816e-01 9.574747681617736816e-01 8.230355568230152130e-03 2.969606721308082342e-04 1.081760227680206299e-02 1.070859376341104507e-03
9.573488235473632812e-01 9.573488235473632812e-01 8.109786547720432281e-03 2.524405135773122311e-04 1.237100828438997269e-02 9.794372599571943283e-04
9.568687677383422852e-01 9.568687677383422852e-01 8.332397788763046265e-03 2.094884257530793548e-04 1.225969288498163223e-02 1.005321973934769630e-03
9.518803954124450684e-01 9.518803954124450684e-01 8.923295885324478149e-03 2.127054758602753282e-04 1.279038283973932266e-02 1.120794564485549927e-03
9.468355774879455566e-01 9.468355774879455566e-01 8.861011825501918793e-03 2.102770813507959247e-04 1.511729136109352112e-02 1.225019223056733608e-03
9.447665810585021973e-01 9.447665810585021973e-01 8.816763758659362793e-03 1.830859400797635317e-04 1.413568761199712753e-02 1.344602904282510281e-03
9.640206694602966309e-01 9.640206694602966309e-01 7.500099949538707733e-03 1.393010170431807637e-04 8.926333859562873840e-03 1.054361695423722267e-03
9.777967333793640137e-01 9.777967333793640137e-01 4.803115036338567734e-03 8.974836964625865221e-05 6.382614839822053909e-03 6.451688823290169239e-04
9.829226732254028320e-01 9.829226732254028320e-01 4.193246830254793167e-03 8.173775859177112579e-05 4.928320180624723434e-03 5.971476784907281399e-04
9.884760379791259766e-01 9.884760379791259766e-01 3.290700959041714668e-03 6.677579222014173865e-05 3.582293866202235222e-03 4.618047678377479315e-04
9.907273054122924805e-01 9.907273054122924805e-01 2.322283806279301643e-03 5.384584801504388452e-05 3.406684147194027901e-03 3.288586158305406570e-04
9.915872216224670410e-01 9.915872216224670410e-01 2.167291473597288132e-03 5.323049117578193545e-05 3.322468604892492294e-03 2.827938587870448828e-04
9.936465024948120117e-01 9.936465024948120117e-01 1.560811186209321022e-03 4.708452252089045942e-05 2.660387428477406502e-03 1.767626672517508268e-04
9.953659772872924805e-01 9.953659772872924805e-01 1.136552193202078342e-03 4.273566446499899030e-05 1.884285476990044117e-03 1.416980812791734934e-04
9.964354038238525391e-01 9.964354038238525391e-01 8.830331498757004738e-04 3.404443123145028949e-05 1.476268633268773556e-03 1.104692346416413784e-04
9.971193075180053711e-01 9.971193075180053711e-01 6.985969957895576954e-04 2.887873779400251806e-05 1.194377429783344269e-03 8.930297190090641379e-05
9.975282549858093262e-01 9.975282549858093262e-01 5.791434086859226227e-04 3.001962977577932179e-05 1.059910049661993980e-03 8.245590288424864411e-05
9.976161718368530273e-01 9.976161718368530273e-01 5.077107925899326801e-04 3.037234273506328464e-05 1.080221845768392086e-03 7.156658102758228779e-05
9.975578784942626953e-01 9.975578784942626953e-01 4.722631711047142744e-04 3.340224429848603904e-05 1.126251765526831150e-03 7.588339212816208601e-05
9.975786805152893066e-01 9.975786805152893066e-01 4.216171510051935911e-04 3.356390880071558058e-05 1.129638985730707645e-03 7.350787927862256765e-05
9.976542592048645020e-01 9.976542592048645020e-01 3.503520274534821510e-04 2.987566767842508852e-05 1.186272827908396721e-03 6.309527088887989521e-05
9.977579712867736816e-01 9.977579712867736816e-01 2.940815465990453959e-04 2.789854079310316592e-05 1.194477081298828125e-03 5.556992982747033238e-05
9.972873926162719727e-01 9.972873926162719727e-01 3.458608407527208328e-04 2.816193591570481658e-05 1.554002985358238220e-03 6.825690070400014520e-05
9.975835084915161133e-01 9.975835084915161133e-01 3.323055570945143700e-04 3.429415301070548594e-05 1.304582343436777592e-03 7.632160122739151120e-05
9.975004792213439941e-01 9.975004792213439941e-01 3.872342349495738745e-04 3.926873978343792260e-05 1.251204754225909710e-03 1.068137717084027827e-04
9.974688291549682617e-01 9.974688291549682617e-01 4.659585538320243359e-04 4.843587521463632584e-05 1.157432212494313717e-03 1.201679333462379873e-04
9.977005124092102051e-01 9.977005124092102051e-01 4.394141724333167076e-04 4.856916348217055202e-05 9.951029205694794655e-04 1.087879500119015574e-04
9.977676868438720703e-01 9.977676868438720703e-01 4.490166320465505123e-04 4.841167901759035885e-05 9.455474792048335075e-04 1.101831585401669145e-04
9.975712895393371582e-01 9.975712895393371582e-01 4.686291795223951340e-04 5.595861512119881809e-05 1.008034101687371731e-03 1.228062610607594252e-04
9.974554181098937988e-01 9.974554181098937988e-01 5.053476779721677303e-04 6.307066360022872686e-05 1.062023104168474674e-03 1.418071333318948746e-04
9.976007342338562012e-01 9.976007342338562012e-01 4.739153955597430468e-04 6.081860919948667288e-05 9.789002360776066780e-04 1.328150974586606026e-04
9.978025555610656738e-01 9.978025555610656738e-01 4.793984699063003063e-04 6.027170456945896149e-05 8.099023834802210331e-04 1.312627719016745687e-04
9.980269074440002441e-01 9.980269074440002441e-01 4.406063235364854336e-04 5.281014091451652348e-05 7.157927611842751503e-04 1.245739549631252885e-04
9.980065226554870605e-01 9.980065226554870605e-01 4.869526892434805632e-04 5.659655653289519250e-05 6.773407803848385811e-04 1.273893867619335651e-04
9.979967474937438965e-01 9.979967474937438965e-01 5.198399885557591915e-04 5.828778739669360220e-05 6.718048825860023499e-04 1.435646699974313378e-04
9.978137016296386719e-01 9.978137016296386719e-01 5.582425510510802269e-04 6.331248732749372721e-05 7.739602588117122650e-04 1.533674512756988406e-04
9.976850748062133789e-01 9.976850748062133789e-01 5.597762647084891796e-04 6.800869596190750599e-05 8.455626666545867920e-04 1.594618370290845633e-04
9.972336888313293457e-01 9.972336888313293457e-01 6.937226862646639347e-04 7.272395305335521698e-05 1.096639549359679222e-03 1.896181638585403562e-04
9.973189234733581543e-01 9.973189234733581543e-01 6.654110620729625225e-04 7.948361599119380116e-05 1.057288143783807755e-03 1.779592421371489763e-04
9.974143505096435547e-01 9.974143505096435547e-01 6.443208549171686172e-04 7.824173371773213148e-05 1.009861240163445473e-03 1.621047267690300941e-04
9.973531961441040039e-01 9.973531961441040039e-01 6.280770758166909218e-04 8.114735101116821170e-05 1.059883739799261093e-03 1.701183500699698925e-04
9.973455071449279785e-01 9.973455071449279785e-01 6.761553813703358173e-04 9.814223449211567640e-05 1.007538754492998123e-03 1.735758996801450849e-04
9.971917271614074707e-01 9.971917271614074707e-01 7.808746886439621449e-04 1.221922284457832575e-04 9.823136497288942337e-04 1.957807835424318910e-04
