3.949015081161633134e-05 3.949015081161633134e-05 5.012392648495733738e-05 1.251276553375646472e-04 1.221072598127648234e-04 4.006108792964369059e-05
8.957301974296569824e-01 8.957301974296569824e-01 3.131618350744247437e-02 8.637069549877196550e-05 3.582132922019809484e-04 8.357662707567214966e-03
9.978985786437988281e-01 9.978985786437988281e-01 1.615473651327192783e-03 9.504553418082650751e-06 9.966235666070133448e-06 1.243925653398036957e-04
9.982280135154724121e-01 9.982280135154724121e-01 1.480408944189548492e-03 2.725676495174411684e-05 4.488503236643737182e-06 7.746971095912158489e-05
9.982715845108032227e-01 9.982715845108032227e-01 1.469131791964173317e-03 4.041975989821366966e-05 3.870844011544249952e-06 7.410123362205922604e-05
9.984179735183715820e-01 9.984179735183715820e-01 1.268772291950881481e-03 7.150909368647262454e-05 5.514688382390886545e-06 7.927247497718781233e-05
9.986180067062377930e-01 9.986180067062377930e-01 1.024592667818069458e-03 1.087760028894990683e-04 6.726488663844065741e-06 7.976998313097283244e-05
9.985895752906799316e-01 9.985895752906799316e-01 9.097312577068805695e-04 1.611848274478688836e-04 1.111449091695249081e-05 1.062454830389469862e-04
9.989145994186401367e-01 9.989145994186401367e-01 6.159784970805048943e-04 1.158284867415204644e-04 1.656416134210303426e-05 1.142410692409612238e-04
9.990051388740539551e-01 9.990051388740539551e-01 5.439596134237945080e-04 8.063491986831650138e-05 2.199526170443277806e-05 1.279084390262141824e-04
9.989213943481445312e-01 9.989213943481445312e-01 5.962138529866933823e-04 6.070539166103117168e-05 2.732688517426140606e-05 1.653416984481737018e-04
9.989820122718811035e-01 9.989820122718811035e-01 5.059401155449450016e-04 5.441500979941338301e-05 3.851098881568759680e-05 1.624607975827530026e-04
9.988962411880493164e-01 9.988962411880493164e-01 5.163973546586930752e-04 4.797370274900458753e-05 4.604025889420881867e-05 1.911814906634390354e-04
9.987581968307495117e-01 9.987581968307495117e-01 5.601496668532490730e-04 4.488547710934653878e-05 4.886529859504662454e-05 2.409003791399300098e-04
9.987211823463439941e-01 9.987211823463439941e-01 5.626870552077889442e-04 3.485122579149901867e-05 4.951256414642557502e-05 2.686551597435027361e-04
9.984670281410217285e-01 9.984670281410217285e-01 6.744888960383832455e-04 3.162669599987566471e-05 5.280910045257769525e-05 3.653138701338320971e-04
9.982644915580749512e-01 9.982644915580749512e-01 7.900759228505194187e-04 3.005112557730171829e-05 5.008409061701968312e-05 4.467515100259333849e-04
9.979630708694458008e-01 9.979630708694458008e-01 9.039196884259581566e-04 3.228856439818628132e-05 5.384114410844631493e-05 5.668151425197720528e-04
9.975887537002563477e-01 9.975887537002563477e-01 1.063486794009804726e-03 3.272800313425250351e-05 5.988668999634683132e-05 7.019518525339663029e-04
9.974380731582641602e-01 9.974380731582641602e-01 1.108139753341674805e-03 2.934977419499773532e-05 5.812197559862397611e-05 8.014689083211123943e-04
9.973769187927246094e-01 9.973769187927246094e-01 1.110252924263477325e-03 2.422585748718120158e-05 5.386641350924037397e-05 8.777682087384164333e-04
9.973745346069335938e-01 9.973745346069335938e-01 1.062311814166605473e-03 2.267473428219091147e-05 5.546980173676274717e-05 8.991414797492325306e-04
9.971809387207031250e-01 9.971809387207031250e-01 1.140300300903618336e-03 2.404858605586923659e-05 5.612754102912731469e-05 9.937939466908574104e-04
9.967787861824035645e-01 9.967787861824035645e-01 1.332412706688046455e-03 2.728520667005795985e-05 5.709815741283819079e-05 1.155633595772087574e-03
9.968000650405883789e-01 9.968000650405883789e-01 1.347562647424638271e-03 2.762989242910407484e-05 5.348170452634803951e-05 1.157040125690400600e-03
9.969442486763000488e-01 9.969442486763000488e-01 1.322510302998125553e-03 2.672808295756112784e-05 4.959331272402778268e-05 1.079198787920176983e-03
9.968219995498657227e-01 9.968219995498657227e-01 1.400771900080144405e-03 2.802621929731685668e-05 4.770531450049020350e-05 1.115631312131881714e-03
9.969857335090637207e-01 9.969857335090637207e-01 1.361233880743384361e-03 2.793565909087192267e-05 4.364005872048437595e-05 1.010856823995709419e-03
9.969356060028076172e-01 9.969356060028076172e-01 1.368184108287096024e-03 2.993559974129311740e-05 4.682043436332605779e-05 1.036716625094413757e-03
9.970318078994750977e-01 9.970318078994750977e-01 1.278146984986960888e-03 3.256642594351433218e-05 5.391637023421935737e-05 9.939192095771431923e-04
9.972641468048095703e-01 9.972641468048095703e-01 1.142434193752706051e-03 3.245559491915628314e-05 5.642042742692865431e-05 9.215284953825175762e-04
9.972647428512573242e-01 9.972647428512573242e-01 1.077840104699134827e-03 3.693445614771917462e-05 6.641339859925210476e-05 9.363222634419798851e-04
9.973948001861572266e-01 9.973948001861572266e-01 1.016086898744106293e-03 3.602313154260627925e-05 6.694914191029965878e-05 8.850102312862873077e-04
9.974619150161743164e-01 9.974619150161743164e-01 9.588046814315021038e-04 3.804904554272070527e-05 6.962369661778211594e-05 8.710688562132418156e-04
9.975739121437072754e-01 9.975739121437072754e-01 8.870122255757451057e-04 4.061353320139460266e-05 7.343227480305358768e-05 8.255926077254116535e-04
9.976835250854492188e-01 9.976835250854492188e-01 8.379432256333529949e-04 4.301291119190864265e-05 7.483171066269278526e-05 7.591245812363922596e-04
9.977058768272399902e-01 9.977058768272399902e-01 8.016596548259258270e-04 4.677116157836280763e-05 7.810846727807074785e-05 7.364753400906920433e-04
9.975798726081848145e-01 9.975798726081848145e-01 8.255896973423659801e-04 5.453409539768472314e-05 8.625317423138767481e-05 7.775225676596164703e-04
9.975299239158630371e-01 9.975299239158630371e-01 8.109856280498206615e-04 6.157770985737442970e-05 9.394924563821405172e-05 7.873967406339943409e-04
9.975799322128295898e-01 9.975799322128295898e-01 7.793043041601777077e-04 6.651343574048951268e-05 9.640910866437479854e-05 7.470306009054183960e-04
9.975716471672058105e-01 9.975716471672058105e-01 7.755921687930822372e-04 7.040580385364592075e-05 1.001273412839509547e-04 7.362400065176188946e-04
9.976702332496643066e-01 9.976702332496643066e-01 7.351789390668272972e-04 7.311274384846910834e-05 1.000373958959244192e-04 6.797646638005971909e-04
9.977082014083862305e-01 9.977082014083862305e-01 7.249221089296042919e-04 7.751787779852747917e-05 1.013073779176920652e-04 6.532620172947645187e-04
9.976953864097595215e-01 9.976953864097595215e-01 7.193394121713936329e-04 8.142625301843509078e-05 1.092971506295725703e-04 6.394130759872496128e-04
9.977930784225463867e-01 9.977930784225463867e-01 6.763046258129179478e-04 8.176612755050882697e-05 1.078836430679075420e-04 6.014461396262049675e-04
9.978199005126953125e-01 9.978199005126953125e-01 6.450551445595920086e-04 8.610032818978652358e-05 1.176034129457548261e-04 5.701676127500832081e-04
9.978814721107482910e-01 9.978814721107482910e-01 6.134014693088829517e-04 8.894116763258352876e-05 1.199899415951222181e-04 5.366878467611968517e-04
9.978966712951660156e-01 9.978966712951660156e-01 6.104905041866004467e-04 8.968252222985029221e-05 1.195196309708990157e-04 5.299386684782803059e-04
9.979848861694335938e-01 9.979848861694335938e-01 5.693972925655543804e-04 9.226312977261841297e-05 1.247996260644868016e-04 4.836271109525114298e-04
9.980362057685852051e-01 9.980362057685852051e-01 5.459196399897336960e-04 9.152870916295796633e-05 1.233743678312748671e-04 4.620116669684648514e-04
9.980650544166564941e-01 9.980650544166564941e-01 5.317449104040861130e-04 9.281746315537020564e-05 1.268462219741195440e-04 4.513596941251307726e-04
