4.439208714757114649e-04 5.085799377411603928e-03 1.740044332109391689e-03 7.665007142350077629e-04 6.477275746874511242e-04 2.088600303977727890e-03
5.145604372955858707e-04 1.884969533421099186e-03 5.303344223648309708e-03 1.730306656099855900e-03 9.168046526610851288e-04 7.076909969327971339e-05
4.402861930429935455e-03 2.479339309502393007e-04 2.190386112488340586e-05 3.564548096619546413e-04 2.278691827086731791e-04 8.816494982966105454e-07
1.750035095028579235e-03 1.057361077982932329e-04 1.425131904397858307e-05 1.797381846699863672e-04 6.865010363981127739e-04 4.563932805012882454e-07
4.457262111827731133e-04 8.872358739608898759e-05 3.992506390204653144e-05 1.565588027006015182e-04 1.957670086994767189e-03 3.637878194240329321e-07
4.634821088984608650e-04 1.654472871450707316e-04 1.530417503090575337e-04 9.103511547436937690e-05 9.952972177416086197e-04 9.528994837637583259e-07
3.397098917048424482e-04 6.176902679726481438e-04 7.354776025749742985e-04 1.012874708976596594e-04 4.377390432637184858e-04 2.542658648962969892e-06
1.741378218866884708e-04 2.547922544181346893e-03 1.966860843822360039e-03 2.790447615552693605e-04 4.777705471497029066e-04 6.778276201657718047e-06
7.627769809914752841e-05 6.323100998997688293e-03 2.856680657714605331e-03 4.999683005735278130e-04 8.323957445099949837e-04 1.351081300526857376e-05
4.771602471009828150e-05 7.673668209463357925e-03 5.048126913607120514e-03 6.322193657979369164e-04 9.584979270584881306e-04 2.502422466932330281e-05
3.472724347375333309e-05 1.041330117732286453e-02 7.815915159881114960e-03 9.873592061921954155e-04 1.455283141694962978e-03 5.506340676220133901e-05
2.888276685553137213e-05 8.095036260783672333e-03 8.503447286784648895e-03 1.243156730197370052e-03 1.539671095088124275e-03 1.163000197266228497e-04
2.937311910500284284e-05 6.512080784887075424e-03 9.759331122040748596e-03 1.416001236066222191e-03 1.663369941525161266e-03 1.801881298888474703e-04
3.923662734450772405e-05 4.408425185829401016e-03 9.841631166636943817e-03 2.028014743700623512e-03 2.182342112064361572e-03 2.818133798427879810e-04
4.639820690499618649e-05 4.062821157276630402e-03 1.077717170119285583e-02 2.827011980116367340e-03 3.362370189279317856e-03 3.855219110846519470e-04
4.868021642323583364e-05 5.281046964228153229e-03 1.234874967485666275e-02 2.953617600724101067e-03 4.196731373667716980e-03 4.966101259924471378e-04
4.432153218658640981e-05 5.701234564185142517e-03 1.306191086769104004e-02 3.083384130150079727e-03 4.749366547912359238e-03 6.301664398051798344e-04
3.998156898887827992e-05 6.105110049247741699e-03 1.043771207332611084e-02 3.091303166002035141e-03 5.693886429071426392e-03 6.603575311601161957e-04
3.810631824308075011e-05 5.518090445548295975e-03 8.956613019108772278e-03 3.196564037352800369e-03 6.634049583226442337e-03 7.377495639957487583e-04
3.574170114006847143e-05 4.925820976495742798e-03 8.037466555833816528e-03 3.485621651634573936e-03 7.566879037767648697e-03 8.938852115534245968e-04
3.156013553962111473e-05 4.214792978018522263e-03 8.061658591032028198e-03 3.445673501119017601e-03 9.626477956771850586e-03 9.017553529702126980e-04
2.991134533658623695e-05 4.697229247540235519e-03 6.077508442103862762e-03 3.141866996884346008e-03 1.033262629061937332e-02 9.200326749123632908e-04
3.134366124868392944e-05 4.275943618267774582e-03 5.559016484767198563e-03 3.037837566807866096e-03 1.047301199287176132e-02 8.857080247253179550e-04
2.575731741671916097e-05 3.607668448239564896e-03 4.207843448966741562e-03 2.565510803833603859e-03 1.164493430405855179e-02 8.102991268970072269e-04
2.331620817130897194e-05 3.538769669830799103e-03 3.591385670006275177e-03 2.613163320347666740e-03 1.139641087502241135e-02 8.744629449211061001e-04
2.140665856131818146e-05 3.468843176960945129e-03 3.191162832081317902e-03 2.322691027075052261e-03 1.311019901186227798e-02 8.026398718357086182e-04
2.320483145012985915e-05 3.607443533837795258e-03 3.415840910747647285e-03 2.478707581758499146e-03 1.218585297465324402e-02 1.029041130095720291e-03
2.107563705067150295e-05 3.393261926248669624e-03 3.116560168564319611e-03 2.355801640078425407e-03 1.354596670717000961e-02 1.270844950340688229e-03
2.064273212454281747e-05 3.395405365154147148e-03 2.925807842984795570e-03 2.430452266708016396e-03 1.443691551685333252e-02 1.342226751148700714e-03
1.801317375793587416e-05 2.829193137586116791e-03 2.653594361618161201e-03 2.428040374070405960e-03 1.724736392498016357e-02 1.256468589417636395e-03
1.544689621368888766e-05 2.468673745170235634e-03 2.292018150910735130e-03 2.672911621630191803e-03 1.862791366875171661e-02 1.202678657136857510e-03
1.675868588790763170e-05 2.685873070731759071e-03 2.368404995650053024e-03 3.353511681780219078e-03 1.857433095574378967e-02 1.379581168293952942e-03
1.562776196806225926e-05 2.473013242706656456e-03 2.174569526687264442e-03 3.436752362176775932e-03 1.859219931066036224e-02 1.353677245788276196e-03
1.533525573904626071e-05 2.337155863642692566e-03 2.015357837080955505e-03 3.785044420510530472e-03 2.144728600978851318e-02 1.355534070171415806e-03
1.659871304582338780e-05 2.326298737898468971e-03 2.132353140041232109e-03 4.084952641278505325e-03 2.182540670037269592e-02 1.512452377937734127e-03
1.585723839525599033e-05 2.536152722314000130e-03 2.126187086105346680e-03 4.281473346054553986e-03 2.147537842392921448e-02 1.558336894959211349e-03
1.570636413816828281e-05 2.491393359377980232e-03 2.002650871872901917e-03 4.567564465105533600e-03 2.114533632993698120e-02 1.510644331574440002e-03
1.673061888141091913e-05 2.684595296159386635e-03 2.117244061082601547e-03 4.887660034000873566e-03 2.383150905370712280e-02 1.450927928090095520e-03
1.644193980609998107e-05 2.549991942942142487e-03 1.971068559214472771e-03 5.010631401091814041e-03 2.490296773612499237e-02 1.417248044162988663e-03
1.565073762321844697e-05 2.556922612711787224e-03 1.858036615885794163e-03 4.712054505944252014e-03 2.626049704849720001e-02 1.394538790918886662e-03
1.510741822130512446e-05 2.783622127026319504e-03 1.836007111705839634e-03 5.122458562254905701e-03 2.684297598898410797e-02 1.627912279218435287e-03
1.453753338864771649e-05 2.832297934219241142e-03 1.756027224473655224e-03 4.893336445093154907e-03 2.791880257427692413e-02 1.509959925897419453e-03
1.535287628939840943e-05 3.014663700014352798e-03 1.737962826155126095e-03 5.124849732965230942e-03 2.905793488025665283e-02 1.554504153318703175e-03
1.472201620345003903e-05 3.024680772796273232e-03 1.625084318220615387e-03 5.193960387259721756e-03 2.962371706962585449e-02 1.540996949188411236e-03
1.469175640522735193e-05 2.844197675585746765e-03 1.725972280837595463e-03 5.378977395594120026e-03 3.091204725205898285e-02 1.533371047116816044e-03
1.533923386887181550e-05 3.232039511203765869e-03 1.730866380967199802e-03 5.517023615539073944e-03 3.199151530861854553e-02 1.717239501886069775e-03
1.606814112165011466e-05 3.391876583918929100e-03 1.766732195392251015e-03 5.793411284685134888e-03 3.253725916147232056e-02 1.816828502342104912e-03
1.707072078716009855e-05 3.486268455162644386e-03 1.804501865990459919e-03 6.265222094953060150e-03 3.224921599030494690e-02 1.803434337489306927e-03
1.723525201668962836e-05 3.528938163071870804e-03 1.935685635544359684e-03 6.241299211978912354e-03 3.085184469819068909e-02 2.045694971457123756e-03
1.715575308480765671e-05 3.616668749600648880e-03 1.810797955840826035e-03 5.912343505769968033e-03 3.127219527959823608e-02 2.187248086556792259e-03
1.654515835980419070e-05 3.639525501057505608e-03 1.755878096446394920e-03 5.773875396698713303e-03 3.076347336173057556e-02 2.085199113935232162e-03
1.725569018162786961e-05 3.619329072535037994e-03 1.836463110521435738e-03 6.157252937555313110e-03 3.262646123766899109e-02 2.065964741632342339e-03
1.680741297604981810e-05 3.462026594206690788e-03 1.812790054827928543e-03 6.216345354914665222e-03 3.266319260001182556e-02 2.171467989683151245e-03
1.712053199298679829e-05 3.430640790611505508e-03 1.816789852455258369e-03 5.943147931247949600e-03 3.051221184432506561e-02 2.150394953787326813e-03
1.736130616336595267e-05 3.552278969436883926e-03 1.781300641596317291e-03 5.956350825726985931e-03 3.080542571842670441e-02 2.169407205656170845e-03
1.802214683266356587e-05 3.526210552081465721e-03 1.836867420934140682e-03 6.021343637257814407e-03 2.995384298264980316e-02 2.288570860400795937e-03
1.764823355188127607e-05 3.381534013897180557e-03 1.840362790971994400e-03 6.102813873440027237e-03 3.202386572957038879e-02 2.133433008566498756e-03
1.790175883797928691e-05 3.329164115712046623e-03 1.798721379600465298e-03 6.307419855147600174e-03 3.165612742304801941e-02 2.197775291278958321e-03
1.774729935277719051e-05 3.241490805521607399e-03 1.776772551238536835e-03 6.154578644782304764e-03 3.256200626492500305e-02 2.074587857350707054e-03
1.765674642228987068e-05 3.344524186104536057e-03 1.803480205126106739e-03 5.844741594046354294e-03 3.128653019666671753e-02 1.871071988716721535e-03
1.765957313182298094e-05 3.369944635778665543e-03 1.809453009627759457e-03 6.053130608052015305e-03 3.157991170883178711e-02 2.118876203894615173e-03
1.742380482028238475e-05 3.291096538305282593e-03 1.802502083592116833e-03 6.442937068641185760e-03 3.277876228094100952e-02 2.186145400628447533e-03
1.793832780094817281e-05 3.370191901922225952e-03 1.775362179614603519e-03 6.652384996414184570e-03 3.236188739538192749e-02 2.230565529316663742e-03
1.636474007682409137e-05 3.376693697646260262e-03 1.667165546678006649e-03 6.001942325383424759e-03 3.262726590037345886e-02 2.197887515649199486e-03
1.669910307100508362e-05 3.523130901157855988e-03 1.559059135615825653e-03 6.065527908504009247e-03 3.053881414234638214e-02 2.218179171904921532e-03
1.768340189300943166e-05 3.611091757193207741e-03 1.611904939636588097e-03 5.960481241345405579e-03 3.132118284702301025e-02 2.349315444007515907e-03
1.681591857050079852e-05 3.458899678662419319e-03 1.510064234025776386e-03 6.078538019210100174e-03 3.090063109993934631e-02 2.232395112514495850e-03
1.443730161554412916e-05 2.699299016967415810e-03 1.415328006260097027e-03 4.809621721506118774e-03 2.821637876331806183e-02 1.279097283259034157e-03
1.548955879115965217e-05 3.211149945855140686e-03 1.492769224569201469e-03 5.410854239016771317e-03 2.967032045125961304e-02 1.810272457078099251e-03
1.651300772209651768e-05 3.186641726642847061e-03 1.554156071506440639e-03 5.891326814889907837e-03 3.261539712548255920e-02 2.140092663466930389e-03
1.721330409054644406e-05 3.257251577451825142e-03 1.536801457405090332e-03 5.894250702112913132e-03 3.206834197044372559e-02 2.396523021161556244e-03
1.728948700474575162e-05 3.328076098114252090e-03 1.531084650196135044e-03 5.947705358266830444e-03 3.172225877642631531e-02 2.382603008300065994e-03
1.728439747239463031e-05 3.268338739871978760e-03 1.532700960524380207e-03 5.856964737176895142e-03 3.149994835257530212e-02 2.409872366115450859e-03
1.734842589939944446e-05 3.181844949722290039e-03 1.495097181759774685e-03 5.913731642067432404e-03 3.099356964230537415e-02 2.364519983530044556e-03
1.446332225896185264e-05 2.435554750263690948e-03 1.916187698952853680e-03 2.108239335939288139e-03 2.983623929321765900e-02 2.657248114701360464e-04
2.147871600755024701e-05 4.122122656553983688e-03 4.618139471858739853e-03 3.022500080987811089e-03 1.875577308237552643e-02 3.243154205847531557e-04
3.108793680439703166e-05 3.244764637202024460e-03 5.271300207823514938e-03 3.365163691341876984e-03 2.626647055149078369e-02 6.596705061383545399e-04
2.521515489206649363e-05 2.596778329461812973e-03 3.692409954965114594e-03 3.789635607972741127e-03 3.387819230556488037e-02 1.189354923553764820e-03
2.332543226657435298e-05 2.630079630762338638e-03 2.830805024132132530e-03 3.151653800159692764e-03 2.782138064503669739e-02 1.496459590271115303e-03
2.178394970542285591e-05 2.439221600070595741e-03 2.675465540960431099e-03 3.175538964569568634e-03 2.320745587348937988e-02 1.871615764684975147e-03
2.054291326203383505e-05 2.685906598344445229e-03 2.726472681388258934e-03 3.742661094292998314e-03 2.258542366325855255e-02 2.271036850288510323e-03
2.031644180533476174e-05 2.699043136090040207e-03 2.663155319169163704e-03 4.703037440776824951e-03 2.446866407990455627e-02 2.457988681271672249e-03
1.804961357265710831e-05 2.465371973812580109e-03 2.615480916574597359e-03 4.538919311016798019e-03 2.845731377601623535e-02 2.371113514527678490e-03
1.687637450231704861e-05 2.444578800350427628e-03 2.111759269610047340e-03 4.756300244480371475e-03 3.254320472478866577e-02 2.119528129696846008e-03
1.552527828607708216e-05 2.564321970567107201e-03 1.878045615740120411e-03 4.891299176961183548e-03 3.645448014140129089e-02 1.776042976416647434e-03
1.725463698676321656e-05 2.458785660564899445e-03 1.857703784480690956e-03 5.438487045466899872e-03 3.384871408343315125e-02 2.109235618263483047e-03
1.861189230112358928e-05 2.577635226771235466e-03 1.882552984170615673e-03 5.567605607211589813e-03 3.293681889772415161e-02 2.146436134353280067e-03
1.960565350600518286e-05 2.587199909612536430e-03 1.685040188021957874e-03 5.733588710427284241e-03 3.336277976632118225e-02 2.185464836657047272e-03
2.062498424493242055e-05 2.833735896274447441e-03 1.682593603618443012e-03 6.056062877178192139e-03 3.109814971685409546e-02 2.410876331850886345e-03
2.065675835183355957e-05 2.606112975627183914e-03 1.675990642979741096e-03 6.083611864596605301e-03 3.209822997450828552e-02 2.345546381548047066e-03
2.006257091125007719e-05 2.688899170607328415e-03 1.406002673320472240e-03 6.154802162200212479e-03 3.228573873639106750e-02 2.218255307525396347e-03
1.938423520186915994e-05 2.849017502740025520e-03 1.337331137619912624e-03 6.095356773585081100e-03 3.148155286908149719e-02 2.241137903183698654e-03
1.992743273149244487e-05 2.976727671921253204e-03 1.422133995220065117e-03 6.383681669831275940e-03 3.093191608786582947e-02 2.530742203816771507e-03
1.909780985442921519e-05 2.929369220510125160e-03 1.320846495218575001e-03 6.097150500863790512e-03 3.065388090908527374e-02 2.569099888205528259e-03
1.855042864917777479e-05 2.816262887790799141e-03 1.306992489844560623e-03 5.942101124674081802e-03 3.077436052262783051e-02 2.513156738132238388e-03
1.811123547668103129e-05 2.865154761821031570e-03 1.314297900535166264e-03 5.962455645203590393e-03 2.961688674986362457e-02 2.780368551611900330e-03
1.766249442880507559e-05 2.833319129422307014e-03 1.409602467902004719e-03 6.341814063489437103e-03 3.074107877910137177e-02 2.773698419332504272e-03
1.775361852196510881e-05 3.051901236176490784e-03 1.353224623017013073e-03 6.369567941874265671e-03 2.927611768245697021e-02 2.840423258021473885e-03
1.727152630337513983e-05 3.037798916921019554e-03 1.344479620456695557e-03 6.465468090027570724e-03 3.018609434366226196e-02 2.782408613711595535e-03
1.810499452403746545e-05 3.041750285774469376e-03 1.380495843477547169e-03 6.610776763409376144e-03 2.889268659055233002e-02 2.960089594125747681e-03
1.691589386609848589e-05 3.085574600845575333e-03 1.264708698727190495e-03 6.480856332927942276e-03 2.868286333978176117e-02 2.958749886602163315e-03
