6.089812533677046134e-04
1.101520124484072632e-02
7.520747395317477491e-01
9.544736916304685792e-01
8.719274007135867643e-01
3.556759453533442916e-01
7.877128893689155920e-02
1.974978250038147976e-02
8.069385693257323175e-03
4.489502276075963555e-03
2.840382095182370902e-03
2.269359074883862872e-03
1.442439865426207914e-03
1.052053782202080944e-03
7.148439274863784432e-04
5.209514003590143532e-04
3.874775515041431386e-04
3.432699096352914573e-04
2.781087906531076563e-04
1.775148634015069550e-04
1.373882244104432783e-04
1.340681885343054816e-04
9.121293031658983042e-05
6.654226524801331959e-05
5.074107418103005325e-05
4.382923737307745560e-05
5.875900525195803387e-03
5.129978826375470972e-03
2.448636686110979791e-03
1.035417181868233212e-03
5.020866912166012126e-04
2.896442652722805216e-04
1.847957510093984636e-04
1.294330376388754477e-04
7.174835696813973126e-05
5.102535711246163855e-05
4.290762429924355496e-05
3.385380210637148492e-05
3.263943296804270206e-05
3.204187064809012266e-05
3.422823128141569562e-05
3.305220498843673525e-05
3.516394066717637678e-05
3.720355423572350756e-05
3.581335023084098270e-05
3.131083547311285566e-05
3.161213774641974763e-05
2.939255870462286540e-05
2.704393337127959329e-05
2.647568721481703786e-05
2.527299558113262510e-05
