          0  0.09799246 10.08807373
        100  0.01406130 18.51974678
        200  0.01041173 19.82476997
        300  0.00930223 20.31413078
        400  0.00863938 20.63517570
        500  0.00810265 20.91372871
        600  0.00781626 21.07001305
        700  0.00747028 21.26663208
        800  0.00706540 21.50863075
        900  0.00684920 21.64359856
       1000  0.00661845 21.79244041
       1100  0.00634629 21.97480202
       1200  0.00615354 22.10875130
       1300  0.00598563 22.22889900
       1400  0.00571421 22.43043518
       1500  0.00559667 22.52070618
       1600  0.00537694 22.69464684
       1700  0.00533039 22.73241234
       1800  0.00507102 22.94904327
       1900  0.00491198 23.08743286
       2000  0.00471114 23.26874161
       2100  0.00457627 23.39488411
       2200  0.00445880 23.50781631
       2300  0.00433521 23.62989616
       2400  0.00456077 23.40961647
       2500  0.00831147 20.80321884
       2600  0.00697062 21.56728745
       2700  0.00635243 21.97059822
       2800  0.00596062 22.24708748
       2900  0.00567691 22.45888138
       3000  0.00545760 22.62998581
       3100  0.00526275 22.78787422
       3200  0.00507378 22.94668579
       3300  0.00492396 23.07685280
       3400  0.00483628 23.15488434
       3500  0.00471138 23.26852417
       3600  0.00466194 23.31432915
       3700  0.00452330 23.44544411
       3800  0.00439418 23.57122612
       3900  0.00425269 23.71336365
       4000  0.00416072 23.80832100
       4100  0.00412751 23.84311676
       4200  0.00393799 24.04725266
       4300  0.00381595 24.18397141
       4400  0.00370453 24.31267357
       4500  0.00375096 24.25857162
       4600  0.00356642 24.47767830
       4700  0.00341157 24.67045784
       4800  0.00332731 24.77906609
       4900  0.00324889 24.88265228
       5000  0.00328868 24.82978249
