1.699773129075765610e-04
7.116105407476425171e-03
8.595343232154846191e-01
9.985229372978210449e-01
9.998124241828918457e-01
9.999747276306152344e-01
9.999971389770507812e-01
9.999985694885253906e-01
9.999989271163940430e-01
9.999994039535522461e-01
9.999997615814208984e-01
9.999998807907104492e-01
9.999998807907104492e-01
9.999995231628417969e-01
9.999990463256835938e-01
9.999979734420776367e-01
9.999960660934448242e-01
9.999927282333374023e-01
9.999864101409912109e-01
9.999759197235107422e-01
9.999707937240600586e-01
9.999684095382690430e-01
9.999593496322631836e-01
9.999635219573974609e-01
9.999541044235229492e-01
9.999990463256835938e-01
9.999997615814208984e-01
9.999998807907104492e-01
9.999996423721313477e-01
9.999991655349731445e-01
9.999980926513671875e-01
9.999972581863403320e-01
9.999963045120239258e-01
9.999959468841552734e-01
9.999953508377075195e-01
9.999951124191284180e-01
9.999957084655761719e-01
9.999958276748657227e-01
9.999963045120239258e-01
9.999959468841552734e-01
9.999957084655761719e-01
9.999951124191284180e-01
9.999934434890747070e-01
9.999926090240478516e-01
9.999885559082031250e-01
9.999847412109375000e-01
9.999907016754150391e-01
9.999825954437255859e-01
9.999766349792480469e-01
9.999771118164062500e-01
9.999760389328002930e-01
