9.215837409286014746e-04
1.189394820521822750e-02
2.689220819968352605e-01
1.404114434363998576e-01
8.425346666794185368e-02
1.010122574751594199e-01
8.943997891014568435e-02
6.159400163943074685e-02
4.659115099206539296e-02
4.162030765395732801e-02
4.672329808793753564e-02
5.925118753835185298e-02
8.388858997540854512e-02
9.212045897890674961e-02
9.577764827145567039e-02
7.880513603974123593e-02
7.216403778773722300e-02
6.825706977514747753e-02
5.877635730458333901e-02
5.886616503705687647e-02
6.299905225230451045e-02
5.927992925211538616e-02
6.252933945502656132e-02
6.104780109885668549e-02
6.302693013353308227e-02
6.340939970117565050e-02
6.647220665095519843e-02
6.955187761714262673e-02
6.943381022031122618e-02
7.162317064178747028e-02
7.429116370274412018e-02
7.953812108402344427e-02
7.308346411655075592e-02
7.793200959224327873e-02
8.255251870428821637e-02
8.203762052392060689e-02
9.076414163274838798e-02
9.438985502730481980e-02
9.728950946343967177e-02
9.862689190894341484e-02
1.042637077111553817e-01
1.071841943944055742e-01
4.818203743541694950e-02
3.722041905750317348e-02
6.139195352334152894e-02
8.679220878585561239e-02
9.016129450241548715e-02
8.957614822625871442e-02
8.968203712690532570e-02
8.038741500890518588e-02
8.198224268819748195e-02
7.488927517971573355e-02
7.264151350864403445e-02
7.233455215990527987e-02
6.626432380885977080e-02
6.994546131588226523e-02
7.570502617875347895e-02
7.465365714301580580e-02
7.620430595837746068e-02
7.912996792404690394e-02
8.121613892154827541e-02
8.574113283615657222e-02
9.169765151699790784e-02
9.192592697715069872e-02
9.874513669995610421e-02
1.052876346383272016e-01
1.085597474400477047e-01
1.090315156959914128e-01
1.096868869295658661e-01
1.097757459888090564e-01
1.101481580776517560e-01
1.088695470956870387e-01
1.123879832873085349e-01
1.076891893517831489e-01
1.023548691926158410e-01
1.033196852934670507e-01
9.916571516541312914e-02
1.008799137031297644e-01
6.622835135401122786e-02
8.389697377867191830e-02
9.609351018042068537e-02
9.552985173857095336e-02
8.026595398425788452e-02
8.191093794011110318e-02
7.972155438026340413e-02
8.501866032531316120e-02
8.420256996349381740e-02
8.681782296307516411e-02
8.914122397048901414e-02
9.463609357651041332e-02
8.950972567455293960e-02
8.883162484740243781e-02
9.208178704738645415e-02
9.634676736897279659e-02
9.920120942725126068e-02
1.001910766716162249e-01
1.061634142857539459e-01
1.055940560917316140e-01
1.084401529106991530e-01
1.055839600489793112e-01
1.026257655330201496e-01
