5.910000000000000000e+02 7.480000000000000000e+02 6.110000000000000000e+02 8.680000000000000000e+02 9.110000000000000000e+02
7.670000000000000000e+02 7.610000000000000000e+02 4.550000000000000000e+02 8.550000000000000000e+02 6.850000000000000000e+02
3.880000000000000000e+02 3.840000000000000000e+02 8.650000000000000000e+02 6.260000000000000000e+02 2.480000000000000000e+02
3.880000000000000000e+02 3.840000000000000000e+02 8.650000000000000000e+02 6.260000000000000000e+02 8.500000000000000000e+02
3.880000000000000000e+02 3.840000000000000000e+02 8.650000000000000000e+02 6.260000000000000000e+02 8.500000000000000000e+02
3.880000000000000000e+02 3.840000000000000000e+02 8.650000000000000000e+02 8.500000000000000000e+02 3.830000000000000000e+02
3.880000000000000000e+02 3.840000000000000000e+02 3.830000000000000000e+02 8.650000000000000000e+02 8.500000000000000000e+02
3.880000000000000000e+02 3.840000000000000000e+02 3.830000000000000000e+02 8.650000000000000000e+02 8.500000000000000000e+02
3.880000000000000000e+02 3.840000000000000000e+02 3.830000000000000000e+02 8.650000000000000000e+02 8.500000000000000000e+02
3.880000000000000000e+02 3.840000000000000000e+02 3.830000000000000000e+02 8.650000000000000000e+02 8.500000000000000000e+02
3.880000000000000000e+02 3.840000000000000000e+02 3.830000000000000000e+02 8.650000000000000000e+02 8.500000000000000000e+02
3.880000000000000000e+02 3.840000000000000000e+02 3.830000000000000000e+02 8.650000000000000000e+02 2.480000000000000000e+02
3.880000000000000000e+02 3.840000000000000000e+02 3.830000000000000000e+02 2.480000000000000000e+02 8.500000000000000000e+02
3.840000000000000000e+02 3.880000000000000000e+02 3.830000000000000000e+02 2.480000000000000000e+02 2.500000000000000000e+02
3.840000000000000000e+02 3.880000000000000000e+02 3.830000000000000000e+02 2.480000000000000000e+02 3.870000000000000000e+02
3.840000000000000000e+02 3.880000000000000000e+02 3.830000000000000000e+02 3.870000000000000000e+02 8.500000000000000000e+02
3.840000000000000000e+02 3.880000000000000000e+02 3.830000000000000000e+02 3.870000000000000000e+02 8.500000000000000000e+02
3.840000000000000000e+02 3.880000000000000000e+02 3.830000000000000000e+02 3.870000000000000000e+02 8.500000000000000000e+02
3.840000000000000000e+02 3.880000000000000000e+02 3.830000000000000000e+02 3.870000000000000000e+02 2.980000000000000000e+02
3.840000000000000000e+02 3.880000000000000000e+02 3.830000000000000000e+02 8.500000000000000000e+02 2.980000000000000000e+02
3.840000000000000000e+02 3.880000000000000000e+02 3.830000000000000000e+02 8.500000000000000000e+02 2.980000000000000000e+02
3.840000000000000000e+02 3.880000000000000000e+02 3.830000000000000000e+02 8.500000000000000000e+02 2.980000000000000000e+02
3.840000000000000000e+02 3.880000000000000000e+02 3.830000000000000000e+02 8.500000000000000000e+02 2.980000000000000000e+02
3.840000000000000000e+02 3.880000000000000000e+02 3.830000000000000000e+02 8.500000000000000000e+02 2.980000000000000000e+02
3.840000000000000000e+02 3.880000000000000000e+02 3.830000000000000000e+02 8.500000000000000000e+02 2.980000000000000000e+02
3.840000000000000000e+02 3.880000000000000000e+02 3.830000000000000000e+02 8.500000000000000000e+02 2.980000000000000000e+02
3.840000000000000000e+02 3.880000000000000000e+02 3.830000000000000000e+02 8.500000000000000000e+02 2.980000000000000000e+02
3.840000000000000000e+02 3.880000000000000000e+02 3.830000000000000000e+02 8.500000000000000000e+02 2.980000000000000000e+02
3.840000000000000000e+02 3.880000000000000000e+02 3.830000000000000000e+02 8.500000000000000000e+02 2.980000000000000000e+02
3.840000000000000000e+02 3.880000000000000000e+02 8.500000000000000000e+02 3.830000000000000000e+02 2.980000000000000000e+02
3.840000000000000000e+02 3.880000000000000000e+02 8.500000000000000000e+02 3.830000000000000000e+02 6.580000000000000000e+02
3.840000000000000000e+02 3.880000000000000000e+02 8.500000000000000000e+02 3.830000000000000000e+02 6.580000000000000000e+02
3.840000000000000000e+02 3.880000000000000000e+02 8.500000000000000000e+02 3.830000000000000000e+02 6.580000000000000000e+02
3.840000000000000000e+02 3.880000000000000000e+02 8.500000000000000000e+02 3.830000000000000000e+02 6.580000000000000000e+02
3.840000000000000000e+02 3.880000000000000000e+02 8.500000000000000000e+02 3.830000000000000000e+02 6.580000000000000000e+02
3.840000000000000000e+02 3.880000000000000000e+02 3.830000000000000000e+02 8.500000000000000000e+02 2.980000000000000000e+02
3.840000000000000000e+02 3.880000000000000000e+02 8.500000000000000000e+02 3.830000000000000000e+02 6.580000000000000000e+02
3.840000000000000000e+02 3.880000000000000000e+02 8.500000000000000000e+02 3.830000000000000000e+02 6.580000000000000000e+02
3.840000000000000000e+02 8.500000000000000000e+02 3.880000000000000000e+02 3.830000000000000000e+02 6.580000000000000000e+02
8.500000000000000000e+02 3.840000000000000000e+02 3.880000000000000000e+02 3.830000000000000000e+02 6.580000000000000000e+02
8.500000000000000000e+02 3.840000000000000000e+02 3.880000000000000000e+02 3.830000000000000000e+02 6.580000000000000000e+02
8.500000000000000000e+02 3.840000000000000000e+02 3.880000000000000000e+02 3.830000000000000000e+02 6.580000000000000000e+02
8.500000000000000000e+02 3.880000000000000000e+02 3.840000000000000000e+02 3.830000000000000000e+02 6.580000000000000000e+02
3.840000000000000000e+02 8.500000000000000000e+02 3.880000000000000000e+02 3.830000000000000000e+02 6.580000000000000000e+02
8.500000000000000000e+02 3.880000000000000000e+02 3.840000000000000000e+02 3.830000000000000000e+02 6.580000000000000000e+02
8.500000000000000000e+02 3.880000000000000000e+02 3.840000000000000000e+02 3.830000000000000000e+02 6.580000000000000000e+02
8.500000000000000000e+02 3.880000000000000000e+02 3.840000000000000000e+02 3.830000000000000000e+02 6.580000000000000000e+02
8.500000000000000000e+02 3.880000000000000000e+02 3.840000000000000000e+02 3.830000000000000000e+02 2.650000000000000000e+02
8.500000000000000000e+02 3.880000000000000000e+02 3.840000000000000000e+02 3.830000000000000000e+02 2.650000000000000000e+02
8.500000000000000000e+02 3.880000000000000000e+02 3.840000000000000000e+02 3.830000000000000000e+02 2.650000000000000000e+02
8.500000000000000000e+02 3.880000000000000000e+02 3.840000000000000000e+02 3.830000000000000000e+02 2.650000000000000000e+02
8.500000000000000000e+02 3.880000000000000000e+02 3.840000000000000000e+02 3.830000000000000000e+02 2.650000000000000000e+02
8.500000000000000000e+02 3.880000000000000000e+02 3.840000000000000000e+02 3.830000000000000000e+02 2.650000000000000000e+02
8.500000000000000000e+02 3.880000000000000000e+02 3.840000000000000000e+02 3.830000000000000000e+02 2.650000000000000000e+02
8.500000000000000000e+02 3.880000000000000000e+02 3.840000000000000000e+02 3.830000000000000000e+02 2.650000000000000000e+02
8.500000000000000000e+02 3.880000000000000000e+02 3.840000000000000000e+02 3.830000000000000000e+02 2.650000000000000000e+02
8.500000000000000000e+02 3.880000000000000000e+02 3.840000000000000000e+02 3.830000000000000000e+02 2.650000000000000000e+02
8.500000000000000000e+02 3.880000000000000000e+02 3.840000000000000000e+02 3.830000000000000000e+02 2.650000000000000000e+02
8.500000000000000000e+02 3.880000000000000000e+02 3.840000000000000000e+02 3.830000000000000000e+02 2.650000000000000000e+02
8.500000000000000000e+02 3.880000000000000000e+02 3.840000000000000000e+02 3.830000000000000000e+02 2.650000000000000000e+02
8.500000000000000000e+02 3.880000000000000000e+02 3.840000000000000000e+02 3.830000000000000000e+02 2.650000000000000000e+02
8.500000000000000000e+02 3.880000000000000000e+02 3.840000000000000000e+02 3.830000000000000000e+02 2.650000000000000000e+02
8.500000000000000000e+02 3.880000000000000000e+02 3.840000000000000000e+02 3.830000000000000000e+02 2.650000000000000000e+02
8.500000000000000000e+02 3.880000000000000000e+02 3.840000000000000000e+02 3.830000000000000000e+02 2.650000000000000000e+02
8.500000000000000000e+02 3.880000000000000000e+02 3.840000000000000000e+02 3.830000000000000000e+02 2.650000000000000000e+02
8.500000000000000000e+02 3.880000000000000000e+02 3.840000000000000000e+02 3.830000000000000000e+02 2.650000000000000000e+02
8.500000000000000000e+02 3.880000000000000000e+02 3.830000000000000000e+02 3.840000000000000000e+02 2.650000000000000000e+02
8.500000000000000000e+02 3.880000000000000000e+02 3.830000000000000000e+02 3.840000000000000000e+02 2.650000000000000000e+02
8.500000000000000000e+02 3.880000000000000000e+02 3.830000000000000000e+02 3.840000000000000000e+02 2.650000000000000000e+02
8.500000000000000000e+02 3.880000000000000000e+02 3.830000000000000000e+02 3.840000000000000000e+02 2.650000000000000000e+02
8.500000000000000000e+02 3.880000000000000000e+02 3.830000000000000000e+02 3.840000000000000000e+02 2.650000000000000000e+02
8.500000000000000000e+02 3.880000000000000000e+02 3.830000000000000000e+02 3.840000000000000000e+02 2.650000000000000000e+02
8.500000000000000000e+02 3.880000000000000000e+02 3.830000000000000000e+02 3.840000000000000000e+02 2.650000000000000000e+02
8.500000000000000000e+02 3.880000000000000000e+02 3.830000000000000000e+02 3.840000000000000000e+02 2.650000000000000000e+02
8.500000000000000000e+02 3.880000000000000000e+02 3.830000000000000000e+02 3.840000000000000000e+02 2.650000000000000000e+02
8.500000000000000000e+02 3.880000000000000000e+02 3.830000000000000000e+02 3.840000000000000000e+02 2.650000000000000000e+02
8.500000000000000000e+02 3.880000000000000000e+02 3.830000000000000000e+02 3.840000000000000000e+02 2.650000000000000000e+02
8.500000000000000000e+02 3.880000000000000000e+02 3.830000000000000000e+02 3.840000000000000000e+02 2.650000000000000000e+02
8.500000000000000000e+02 3.880000000000000000e+02 3.830000000000000000e+02 3.840000000000000000e+02 2.650000000000000000e+02
8.500000000000000000e+02 3.880000000000000000e+02 3.830000000000000000e+02 3.840000000000000000e+02 2.650000000000000000e+02
8.500000000000000000e+02 3.880000000000000000e+02 3.830000000000000000e+02 3.840000000000000000e+02 2.650000000000000000e+02
8.500000000000000000e+02 3.880000000000000000e+02 3.830000000000000000e+02 3.840000000000000000e+02 2.650000000000000000e+02
8.500000000000000000e+02 3.880000000000000000e+02 3.830000000000000000e+02 3.840000000000000000e+02 2.650000000000000000e+02
8.500000000000000000e+02 3.880000000000000000e+02 3.830000000000000000e+02 3.840000000000000000e+02 2.650000000000000000e+02
8.500000000000000000e+02 3.880000000000000000e+02 3.830000000000000000e+02 3.840000000000000000e+02 2.650000000000000000e+02
8.500000000000000000e+02 3.880000000000000000e+02 3.830000000000000000e+02 3.840000000000000000e+02 2.650000000000000000e+02
8.500000000000000000e+02 3.880000000000000000e+02 3.830000000000000000e+02 3.840000000000000000e+02 2.650000000000000000e+02
8.500000000000000000e+02 3.880000000000000000e+02 3.830000000000000000e+02 3.840000000000000000e+02 2.650000000000000000e+02
8.500000000000000000e+02 3.880000000000000000e+02 3.830000000000000000e+02 3.840000000000000000e+02 2.650000000000000000e+02
8.500000000000000000e+02 3.880000000000000000e+02 3.830000000000000000e+02 3.840000000000000000e+02 2.650000000000000000e+02
8.500000000000000000e+02 3.880000000000000000e+02 3.830000000000000000e+02 3.840000000000000000e+02 2.650000000000000000e+02
8.500000000000000000e+02 3.880000000000000000e+02 3.830000000000000000e+02 3.840000000000000000e+02 2.650000000000000000e+02
8.500000000000000000e+02 3.880000000000000000e+02 3.830000000000000000e+02 3.840000000000000000e+02 2.650000000000000000e+02
8.500000000000000000e+02 3.880000000000000000e+02 3.830000000000000000e+02 3.840000000000000000e+02 2.650000000000000000e+02
8.500000000000000000e+02 3.880000000000000000e+02 3.830000000000000000e+02 3.840000000000000000e+02 2.650000000000000000e+02
8.500000000000000000e+02 3.880000000000000000e+02 3.830000000000000000e+02 3.840000000000000000e+02 2.650000000000000000e+02
8.500000000000000000e+02 3.880000000000000000e+02 3.830000000000000000e+02 3.840000000000000000e+02 2.650000000000000000e+02
8.500000000000000000e+02 3.880000000000000000e+02 3.830000000000000000e+02 3.840000000000000000e+02 2.650000000000000000e+02
8.500000000000000000e+02 3.880000000000000000e+02 3.830000000000000000e+02 3.840000000000000000e+02 2.650000000000000000e+02
8.500000000000000000e+02 3.880000000000000000e+02 3.830000000000000000e+02 3.840000000000000000e+02 2.650000000000000000e+02
8.500000000000000000e+02 3.880000000000000000e+02 3.830000000000000000e+02 3.840000000000000000e+02 2.650000000000000000e+02
