          0  0.10039563  9.98285103
        100  0.01484454 18.28433228
        200  0.01270839 18.95909309
        300  0.01194161 19.22937012
        400  0.01096643 19.59934616
        500  0.01021171 19.90901375
        600  0.00979923 20.08807945
        700  0.00924604 20.34044075
        800  0.00877015 20.56992912
        900  0.00817751 20.87378693
       1000  0.00787911 21.03523064
       1100  0.00751978 21.23794556
       1200  0.00713005 21.46907616
       1300  0.00685082 21.64257431
       1400  0.00646617 21.89353180
       1500  0.00616583 22.10008621
       1600  0.00590795 22.28563118
       1700  0.00560053 22.51771164
       1800  0.00535100 22.71565056
       1900  0.00505249 22.96494865
       2000  0.00490188 23.09637451
       2100  0.00472524 23.25576401
       2200  0.00436199 23.60314941
       2300  0.00423168 23.73487473
       2400  0.00396974 24.01238441
       2500  0.00382140 24.17777252
       2600  0.00367559 24.34673309
       2700  0.00367209 24.35086632
       2800  0.00346249 24.60610962
       2900  0.00314530 25.02337837
       3000  0.00311169 25.07004166
       3100  0.00284035 25.46628189
       3200  0.00285143 25.44938087
       3300  0.00273497 25.63047218
       3400  0.00256533 25.90856552
       3500  0.00250361 26.01432610
       3600  0.00236576 26.26029015
       3700  0.00214628 26.68313980
       3800  0.00222434 26.52798271
       3900  0.00203181 26.92116356
       4000  0.00208371 26.81162834
       4100  0.00185457 27.31757545
       4200  0.00170591 27.68044662
       4300  0.00176318 27.53704071
       4400  0.00160907 27.93425369
       4500  0.00158010 28.01316261
       4600  0.00151035 28.20923615
       4700  0.00153222 28.14679146
       4800  0.00163395 27.86762238
       4900  0.00144871 28.39019585
       5000  0.00120328 29.19634056
