1.280000000000000000e+02 1.800000000000000000e+01 1.330000000000000000e+02 2.300000000000000000e+01 1.380000000000000000e+02
9.400000000000000000e+01 3.310000000000000000e+02 2.100000000000000000e+01 1.280000000000000000e+02 1.600000000000000000e+01
1.480000000000000000e+02 1.460000000000000000e+02 1.470000000000000000e+02 7.440000000000000000e+02 3.310000000000000000e+02
1.480000000000000000e+02 1.470000000000000000e+02 1.460000000000000000e+02 1.450000000000000000e+02 3.310000000000000000e+02
1.480000000000000000e+02 1.470000000000000000e+02 1.460000000000000000e+02 1.450000000000000000e+02 3.950000000000000000e+02
1.470000000000000000e+02 1.480000000000000000e+02 1.460000000000000000e+02 3.950000000000000000e+02 2.000000000000000000e+00
1.470000000000000000e+02 1.480000000000000000e+02 1.460000000000000000e+02 3.950000000000000000e+02 2.000000000000000000e+00
1.470000000000000000e+02 1.480000000000000000e+02 3.950000000000000000e+02 1.460000000000000000e+02 3.940000000000000000e+02
1.470000000000000000e+02 1.480000000000000000e+02 3.950000000000000000e+02 3.940000000000000000e+02 3.910000000000000000e+02
1.470000000000000000e+02 1.480000000000000000e+02 3.950000000000000000e+02 3.890000000000000000e+02 3.910000000000000000e+02
1.470000000000000000e+02 1.480000000000000000e+02 3.950000000000000000e+02 3.890000000000000000e+02 3.910000000000000000e+02
1.470000000000000000e+02 3.950000000000000000e+02 1.480000000000000000e+02 3.890000000000000000e+02 3.000000000000000000e+00
1.470000000000000000e+02 3.950000000000000000e+02 1.480000000000000000e+02 3.890000000000000000e+02 3.000000000000000000e+00
1.470000000000000000e+02 3.950000000000000000e+02 3.890000000000000000e+02 1.480000000000000000e+02 3.000000000000000000e+00
1.470000000000000000e+02 3.950000000000000000e+02 3.940000000000000000e+02 3.890000000000000000e+02 3.000000000000000000e+00
1.470000000000000000e+02 3.950000000000000000e+02 3.940000000000000000e+02 3.890000000000000000e+02 3.000000000000000000e+00
1.470000000000000000e+02 3.950000000000000000e+02 3.940000000000000000e+02 3.000000000000000000e+00 2.000000000000000000e+00
1.470000000000000000e+02 3.950000000000000000e+02 3.940000000000000000e+02 2.000000000000000000e+00 3.000000000000000000e+00
1.470000000000000000e+02 3.940000000000000000e+02 3.950000000000000000e+02 2.000000000000000000e+00 3.000000000000000000e+00
1.470000000000000000e+02 2.000000000000000000e+00 3.940000000000000000e+02 3.000000000000000000e+00 3.950000000000000000e+02
1.470000000000000000e+02 2.000000000000000000e+00 3.940000000000000000e+02 3.000000000000000000e+00 4.000000000000000000e+00
1.470000000000000000e+02 2.000000000000000000e+00 3.940000000000000000e+02 3.000000000000000000e+00 4.000000000000000000e+00
2.000000000000000000e+00 1.470000000000000000e+02 3.000000000000000000e+00 3.940000000000000000e+02 4.000000000000000000e+00
2.000000000000000000e+00 1.470000000000000000e+02 3.000000000000000000e+00 3.940000000000000000e+02 4.000000000000000000e+00
2.000000000000000000e+00 1.470000000000000000e+02 3.000000000000000000e+00 4.000000000000000000e+00 3.940000000000000000e+02
2.000000000000000000e+00 1.470000000000000000e+02 3.000000000000000000e+00 4.000000000000000000e+00 3.940000000000000000e+02
2.000000000000000000e+00 1.470000000000000000e+02 3.000000000000000000e+00 4.000000000000000000e+00 3.940000000000000000e+02
2.000000000000000000e+00 1.470000000000000000e+02 3.000000000000000000e+00 4.000000000000000000e+00 3.940000000000000000e+02
2.000000000000000000e+00 1.470000000000000000e+02 3.000000000000000000e+00 4.000000000000000000e+00 3.940000000000000000e+02
2.000000000000000000e+00 1.470000000000000000e+02 3.000000000000000000e+00 4.000000000000000000e+00 1.480000000000000000e+02
2.000000000000000000e+00 1.470000000000000000e+02 3.000000000000000000e+00 4.000000000000000000e+00 1.480000000000000000e+02
2.000000000000000000e+00 1.470000000000000000e+02 3.000000000000000000e+00 4.000000000000000000e+00 1.480000000000000000e+02
2.000000000000000000e+00 1.470000000000000000e+02 3.000000000000000000e+00 4.000000000000000000e+00 1.480000000000000000e+02
2.000000000000000000e+00 1.470000000000000000e+02 3.000000000000000000e+00 4.000000000000000000e+00 1.480000000000000000e+02
2.000000000000000000e+00 1.470000000000000000e+02 3.000000000000000000e+00 4.000000000000000000e+00 1.480000000000000000e+02
2.000000000000000000e+00 1.470000000000000000e+02 4.000000000000000000e+00 3.000000000000000000e+00 1.480000000000000000e+02
2.000000000000000000e+00 1.470000000000000000e+02 4.000000000000000000e+00 3.000000000000000000e+00 1.480000000000000000e+02
2.000000000000000000e+00 1.470000000000000000e+02 3.000000000000000000e+00 4.000000000000000000e+00 1.480000000000000000e+02
2.000000000000000000e+00 4.000000000000000000e+00 3.000000000000000000e+00 1.470000000000000000e+02 1.480000000000000000e+02
2.000000000000000000e+00 4.000000000000000000e+00 3.000000000000000000e+00 1.470000000000000000e+02 1.480000000000000000e+02
2.000000000000000000e+00 3.000000000000000000e+00 4.000000000000000000e+00 1.470000000000000000e+02 1.480000000000000000e+02
2.000000000000000000e+00 4.000000000000000000e+00 3.000000000000000000e+00 1.470000000000000000e+02 1.480000000000000000e+02
2.000000000000000000e+00 3.000000000000000000e+00 4.000000000000000000e+00 1.470000000000000000e+02 3.950000000000000000e+02
2.000000000000000000e+00 3.000000000000000000e+00 4.000000000000000000e+00 1.470000000000000000e+02 3.950000000000000000e+02
2.000000000000000000e+00 4.000000000000000000e+00 3.000000000000000000e+00 1.470000000000000000e+02 3.950000000000000000e+02
2.000000000000000000e+00 4.000000000000000000e+00 3.000000000000000000e+00 1.470000000000000000e+02 3.950000000000000000e+02
2.000000000000000000e+00 4.000000000000000000e+00 3.000000000000000000e+00 1.470000000000000000e+02 3.950000000000000000e+02
2.000000000000000000e+00 4.000000000000000000e+00 3.000000000000000000e+00 1.470000000000000000e+02 3.950000000000000000e+02
2.000000000000000000e+00 4.000000000000000000e+00 3.000000000000000000e+00 1.470000000000000000e+02 3.950000000000000000e+02
2.000000000000000000e+00 4.000000000000000000e+00 3.000000000000000000e+00 1.470000000000000000e+02 3.950000000000000000e+02
2.000000000000000000e+00 4.000000000000000000e+00 3.000000000000000000e+00 1.470000000000000000e+02 1.480000000000000000e+02
2.000000000000000000e+00 4.000000000000000000e+00 3.000000000000000000e+00 1.470000000000000000e+02 3.950000000000000000e+02
2.000000000000000000e+00 4.000000000000000000e+00 3.000000000000000000e+00 1.470000000000000000e+02 3.950000000000000000e+02
2.000000000000000000e+00 4.000000000000000000e+00 3.000000000000000000e+00 1.470000000000000000e+02 3.950000000000000000e+02
2.000000000000000000e+00 4.000000000000000000e+00 3.000000000000000000e+00 1.470000000000000000e+02 3.950000000000000000e+02
2.000000000000000000e+00 4.000000000000000000e+00 3.000000000000000000e+00 1.470000000000000000e+02 3.950000000000000000e+02
2.000000000000000000e+00 4.000000000000000000e+00 3.000000000000000000e+00 1.470000000000000000e+02 3.950000000000000000e+02
2.000000000000000000e+00 4.000000000000000000e+00 3.000000000000000000e+00 1.470000000000000000e+02 3.950000000000000000e+02
2.000000000000000000e+00 4.000000000000000000e+00 3.000000000000000000e+00 1.470000000000000000e+02 3.950000000000000000e+02
2.000000000000000000e+00 4.000000000000000000e+00 3.000000000000000000e+00 1.470000000000000000e+02 3.950000000000000000e+02
2.000000000000000000e+00 4.000000000000000000e+00 3.000000000000000000e+00 1.470000000000000000e+02 3.950000000000000000e+02
2.000000000000000000e+00 3.940000000000000000e+02 3.910000000000000000e+02 3.000000000000000000e+00 1.470000000000000000e+02
2.000000000000000000e+00 1.470000000000000000e+02 3.890000000000000000e+02 3.910000000000000000e+02 3.940000000000000000e+02
1.470000000000000000e+02 2.000000000000000000e+00 3.890000000000000000e+02 3.950000000000000000e+02 3.940000000000000000e+02
1.470000000000000000e+02 2.000000000000000000e+00 3.940000000000000000e+02 3.950000000000000000e+02 3.000000000000000000e+00
2.000000000000000000e+00 3.940000000000000000e+02 1.470000000000000000e+02 3.000000000000000000e+00 3.950000000000000000e+02
2.000000000000000000e+00 3.940000000000000000e+02 1.470000000000000000e+02 3.950000000000000000e+02 3.000000000000000000e+00
2.000000000000000000e+00 3.940000000000000000e+02 1.470000000000000000e+02 3.000000000000000000e+00 3.950000000000000000e+02
2.000000000000000000e+00 1.470000000000000000e+02 3.940000000000000000e+02 3.000000000000000000e+00 3.950000000000000000e+02
2.000000000000000000e+00 1.470000000000000000e+02 3.000000000000000000e+00 4.000000000000000000e+00 3.950000000000000000e+02
2.000000000000000000e+00 1.470000000000000000e+02 4.000000000000000000e+00 3.000000000000000000e+00 3.950000000000000000e+02
2.000000000000000000e+00 4.000000000000000000e+00 1.470000000000000000e+02 3.000000000000000000e+00 3.950000000000000000e+02
2.000000000000000000e+00 4.000000000000000000e+00 3.000000000000000000e+00 1.470000000000000000e+02 3.950000000000000000e+02
2.000000000000000000e+00 4.000000000000000000e+00 3.000000000000000000e+00 1.470000000000000000e+02 3.950000000000000000e+02
2.000000000000000000e+00 4.000000000000000000e+00 3.000000000000000000e+00 1.470000000000000000e+02 3.950000000000000000e+02
2.000000000000000000e+00 4.000000000000000000e+00 3.000000000000000000e+00 3.950000000000000000e+02 1.470000000000000000e+02
2.000000000000000000e+00 4.000000000000000000e+00 3.000000000000000000e+00 3.950000000000000000e+02 1.470000000000000000e+02
2.000000000000000000e+00 4.000000000000000000e+00 3.000000000000000000e+00 3.950000000000000000e+02 1.470000000000000000e+02
2.000000000000000000e+00 4.000000000000000000e+00 3.000000000000000000e+00 3.950000000000000000e+02 1.470000000000000000e+02
2.000000000000000000e+00 4.000000000000000000e+00 3.000000000000000000e+00 3.950000000000000000e+02 1.470000000000000000e+02
2.000000000000000000e+00 4.000000000000000000e+00 3.000000000000000000e+00 3.950000000000000000e+02 1.470000000000000000e+02
2.000000000000000000e+00 4.000000000000000000e+00 3.000000000000000000e+00 3.950000000000000000e+02 1.470000000000000000e+02
2.000000000000000000e+00 4.000000000000000000e+00 3.000000000000000000e+00 3.950000000000000000e+02 3.890000000000000000e+02
2.000000000000000000e+00 4.000000000000000000e+00 3.000000000000000000e+00 3.950000000000000000e+02 1.470000000000000000e+02
2.000000000000000000e+00 4.000000000000000000e+00 3.000000000000000000e+00 3.950000000000000000e+02 3.890000000000000000e+02
2.000000000000000000e+00 4.000000000000000000e+00 3.000000000000000000e+00 3.950000000000000000e+02 3.890000000000000000e+02
2.000000000000000000e+00 4.000000000000000000e+00 3.000000000000000000e+00 3.950000000000000000e+02 3.890000000000000000e+02
2.000000000000000000e+00 4.000000000000000000e+00 3.000000000000000000e+00 3.950000000000000000e+02 3.890000000000000000e+02
2.000000000000000000e+00 4.000000000000000000e+00 3.000000000000000000e+00 3.950000000000000000e+02 3.890000000000000000e+02
2.000000000000000000e+00 4.000000000000000000e+00 3.000000000000000000e+00 3.950000000000000000e+02 3.890000000000000000e+02
2.000000000000000000e+00 4.000000000000000000e+00 3.000000000000000000e+00 3.950000000000000000e+02 3.890000000000000000e+02
2.000000000000000000e+00 4.000000000000000000e+00 3.000000000000000000e+00 3.950000000000000000e+02 3.890000000000000000e+02
2.000000000000000000e+00 4.000000000000000000e+00 3.000000000000000000e+00 3.950000000000000000e+02 3.890000000000000000e+02
2.000000000000000000e+00 4.000000000000000000e+00 3.000000000000000000e+00 3.950000000000000000e+02 3.890000000000000000e+02
2.000000000000000000e+00 4.000000000000000000e+00 3.000000000000000000e+00 3.950000000000000000e+02 3.890000000000000000e+02
2.000000000000000000e+00 4.000000000000000000e+00 3.000000000000000000e+00 3.950000000000000000e+02 3.890000000000000000e+02
2.000000000000000000e+00 4.000000000000000000e+00 3.000000000000000000e+00 3.950000000000000000e+02 3.890000000000000000e+02
2.000000000000000000e+00 4.000000000000000000e+00 3.000000000000000000e+00 3.950000000000000000e+02 3.890000000000000000e+02
2.000000000000000000e+00 4.000000000000000000e+00 3.000000000000000000e+00 3.950000000000000000e+02 3.890000000000000000e+02
2.000000000000000000e+00 4.000000000000000000e+00 3.000000000000000000e+00 3.950000000000000000e+02 3.890000000000000000e+02
2.000000000000000000e+00 4.000000000000000000e+00 3.000000000000000000e+00 3.950000000000000000e+02 3.890000000000000000e+02
