1.280000000000000000e+02 1.800000000000000000e+01 1.400000000000000000e+01 9.710000000000000000e+02 1.330000000000000000e+02
3.400000000000000000e+02 3.530000000000000000e+02 3.520000000000000000e+02 8.300000000000000000e+01 1.170000000000000000e+02
3.400000000000000000e+02 3.530000000000000000e+02 3.520000000000000000e+02 8.300000000000000000e+01 3.510000000000000000e+02
3.400000000000000000e+02 3.530000000000000000e+02 3.520000000000000000e+02 3.510000000000000000e+02 2.680000000000000000e+02
3.400000000000000000e+02 3.530000000000000000e+02 3.520000000000000000e+02 3.510000000000000000e+02 1.170000000000000000e+02
3.400000000000000000e+02 3.530000000000000000e+02 3.520000000000000000e+02 3.510000000000000000e+02 1.170000000000000000e+02
3.530000000000000000e+02 3.400000000000000000e+02 3.520000000000000000e+02 3.510000000000000000e+02 1.350000000000000000e+02
3.530000000000000000e+02 3.520000000000000000e+02 3.400000000000000000e+02 3.510000000000000000e+02 1.350000000000000000e+02
3.530000000000000000e+02 3.520000000000000000e+02 3.400000000000000000e+02 3.510000000000000000e+02 1.350000000000000000e+02
3.530000000000000000e+02 3.520000000000000000e+02 3.400000000000000000e+02 3.510000000000000000e+02 1.350000000000000000e+02
3.530000000000000000e+02 3.520000000000000000e+02 3.400000000000000000e+02 3.510000000000000000e+02 1.350000000000000000e+02
3.530000000000000000e+02 3.520000000000000000e+02 3.400000000000000000e+02 3.510000000000000000e+02 1.350000000000000000e+02
3.530000000000000000e+02 3.520000000000000000e+02 3.400000000000000000e+02 3.510000000000000000e+02 1.350000000000000000e+02
3.530000000000000000e+02 3.520000000000000000e+02 3.510000000000000000e+02 3.400000000000000000e+02 1.350000000000000000e+02
3.530000000000000000e+02 3.520000000000000000e+02 3.510000000000000000e+02 3.400000000000000000e+02 1.340000000000000000e+02
3.520000000000000000e+02 3.530000000000000000e+02 3.510000000000000000e+02 3.400000000000000000e+02 1.340000000000000000e+02
3.520000000000000000e+02 3.530000000000000000e+02 3.510000000000000000e+02 3.400000000000000000e+02 1.340000000000000000e+02
3.520000000000000000e+02 3.530000000000000000e+02 3.510000000000000000e+02 3.400000000000000000e+02 1.340000000000000000e+02
3.520000000000000000e+02 3.530000000000000000e+02 3.510000000000000000e+02 3.400000000000000000e+02 1.340000000000000000e+02
3.520000000000000000e+02 3.530000000000000000e+02 3.510000000000000000e+02 3.400000000000000000e+02 1.340000000000000000e+02
3.520000000000000000e+02 3.530000000000000000e+02 3.510000000000000000e+02 3.400000000000000000e+02 1.340000000000000000e+02
3.520000000000000000e+02 3.530000000000000000e+02 3.510000000000000000e+02 3.400000000000000000e+02 1.340000000000000000e+02
3.520000000000000000e+02 3.530000000000000000e+02 3.510000000000000000e+02 3.400000000000000000e+02 1.340000000000000000e+02
3.520000000000000000e+02 3.530000000000000000e+02 3.510000000000000000e+02 3.400000000000000000e+02 1.340000000000000000e+02
3.520000000000000000e+02 3.530000000000000000e+02 3.510000000000000000e+02 3.400000000000000000e+02 1.340000000000000000e+02
3.520000000000000000e+02 3.530000000000000000e+02 3.510000000000000000e+02 3.400000000000000000e+02 1.340000000000000000e+02
3.520000000000000000e+02 3.530000000000000000e+02 3.510000000000000000e+02 3.400000000000000000e+02 1.340000000000000000e+02
3.520000000000000000e+02 3.530000000000000000e+02 3.510000000000000000e+02 3.400000000000000000e+02 1.340000000000000000e+02
3.520000000000000000e+02 3.530000000000000000e+02 3.510000000000000000e+02 3.400000000000000000e+02 1.340000000000000000e+02
3.520000000000000000e+02 3.530000000000000000e+02 3.510000000000000000e+02 3.400000000000000000e+02 1.340000000000000000e+02
3.520000000000000000e+02 3.530000000000000000e+02 3.510000000000000000e+02 3.400000000000000000e+02 1.340000000000000000e+02
3.520000000000000000e+02 3.530000000000000000e+02 3.510000000000000000e+02 3.400000000000000000e+02 1.340000000000000000e+02
3.520000000000000000e+02 3.530000000000000000e+02 3.510000000000000000e+02 3.400000000000000000e+02 1.340000000000000000e+02
3.520000000000000000e+02 3.530000000000000000e+02 3.510000000000000000e+02 3.400000000000000000e+02 1.340000000000000000e+02
3.520000000000000000e+02 3.530000000000000000e+02 3.510000000000000000e+02 3.400000000000000000e+02 1.340000000000000000e+02
3.520000000000000000e+02 3.530000000000000000e+02 3.510000000000000000e+02 3.400000000000000000e+02 1.340000000000000000e+02
3.520000000000000000e+02 3.530000000000000000e+02 3.510000000000000000e+02 3.400000000000000000e+02 1.340000000000000000e+02
3.520000000000000000e+02 3.530000000000000000e+02 3.510000000000000000e+02 3.400000000000000000e+02 1.340000000000000000e+02
3.520000000000000000e+02 3.530000000000000000e+02 3.510000000000000000e+02 3.400000000000000000e+02 1.340000000000000000e+02
3.520000000000000000e+02 3.530000000000000000e+02 3.510000000000000000e+02 3.400000000000000000e+02 1.340000000000000000e+02
3.520000000000000000e+02 3.530000000000000000e+02 3.510000000000000000e+02 3.400000000000000000e+02 1.340000000000000000e+02
3.520000000000000000e+02 3.530000000000000000e+02 3.510000000000000000e+02 3.400000000000000000e+02 1.340000000000000000e+02
3.520000000000000000e+02 3.530000000000000000e+02 3.510000000000000000e+02 3.400000000000000000e+02 1.340000000000000000e+02
3.520000000000000000e+02 3.530000000000000000e+02 3.510000000000000000e+02 3.400000000000000000e+02 1.340000000000000000e+02
3.520000000000000000e+02 3.530000000000000000e+02 3.510000000000000000e+02 3.400000000000000000e+02 1.340000000000000000e+02
3.520000000000000000e+02 3.530000000000000000e+02 3.510000000000000000e+02 3.400000000000000000e+02 1.340000000000000000e+02
3.520000000000000000e+02 3.530000000000000000e+02 3.510000000000000000e+02 3.400000000000000000e+02 1.340000000000000000e+02
3.520000000000000000e+02 3.530000000000000000e+02 3.510000000000000000e+02 3.400000000000000000e+02 1.340000000000000000e+02
3.520000000000000000e+02 3.530000000000000000e+02 3.510000000000000000e+02 3.400000000000000000e+02 1.340000000000000000e+02
3.520000000000000000e+02 3.530000000000000000e+02 3.510000000000000000e+02 3.400000000000000000e+02 1.340000000000000000e+02
3.520000000000000000e+02 3.530000000000000000e+02 3.510000000000000000e+02 3.400000000000000000e+02 1.340000000000000000e+02
3.520000000000000000e+02 3.530000000000000000e+02 3.510000000000000000e+02 3.400000000000000000e+02 1.340000000000000000e+02
3.520000000000000000e+02 3.530000000000000000e+02 3.510000000000000000e+02 3.400000000000000000e+02 1.340000000000000000e+02
3.520000000000000000e+02 3.530000000000000000e+02 3.510000000000000000e+02 3.400000000000000000e+02 1.340000000000000000e+02
3.520000000000000000e+02 3.530000000000000000e+02 3.510000000000000000e+02 3.400000000000000000e+02 1.340000000000000000e+02
3.520000000000000000e+02 3.530000000000000000e+02 3.510000000000000000e+02 3.400000000000000000e+02 1.340000000000000000e+02
3.520000000000000000e+02 3.530000000000000000e+02 3.510000000000000000e+02 3.400000000000000000e+02 1.340000000000000000e+02
3.520000000000000000e+02 3.530000000000000000e+02 3.510000000000000000e+02 3.400000000000000000e+02 1.340000000000000000e+02
3.520000000000000000e+02 3.530000000000000000e+02 3.510000000000000000e+02 3.400000000000000000e+02 1.340000000000000000e+02
3.520000000000000000e+02 3.530000000000000000e+02 3.510000000000000000e+02 3.400000000000000000e+02 1.340000000000000000e+02
3.520000000000000000e+02 3.530000000000000000e+02 3.510000000000000000e+02 3.400000000000000000e+02 1.340000000000000000e+02
3.520000000000000000e+02 3.530000000000000000e+02 3.510000000000000000e+02 3.400000000000000000e+02 1.340000000000000000e+02
3.520000000000000000e+02 3.530000000000000000e+02 3.510000000000000000e+02 3.400000000000000000e+02 1.340000000000000000e+02
3.520000000000000000e+02 3.530000000000000000e+02 3.510000000000000000e+02 3.400000000000000000e+02 1.340000000000000000e+02
3.520000000000000000e+02 3.530000000000000000e+02 3.510000000000000000e+02 3.400000000000000000e+02 1.340000000000000000e+02
3.520000000000000000e+02 3.530000000000000000e+02 3.510000000000000000e+02 3.400000000000000000e+02 1.340000000000000000e+02
3.520000000000000000e+02 3.530000000000000000e+02 3.510000000000000000e+02 3.400000000000000000e+02 1.340000000000000000e+02
3.520000000000000000e+02 3.530000000000000000e+02 3.510000000000000000e+02 3.400000000000000000e+02 1.340000000000000000e+02
3.520000000000000000e+02 3.530000000000000000e+02 3.510000000000000000e+02 3.400000000000000000e+02 1.340000000000000000e+02
3.520000000000000000e+02 3.530000000000000000e+02 3.510000000000000000e+02 3.400000000000000000e+02 1.340000000000000000e+02
3.520000000000000000e+02 3.530000000000000000e+02 3.510000000000000000e+02 3.400000000000000000e+02 1.340000000000000000e+02
3.520000000000000000e+02 3.530000000000000000e+02 3.510000000000000000e+02 3.400000000000000000e+02 1.340000000000000000e+02
3.520000000000000000e+02 3.530000000000000000e+02 3.510000000000000000e+02 3.400000000000000000e+02 1.340000000000000000e+02
3.520000000000000000e+02 3.530000000000000000e+02 3.510000000000000000e+02 3.400000000000000000e+02 1.340000000000000000e+02
3.520000000000000000e+02 3.530000000000000000e+02 3.510000000000000000e+02 3.400000000000000000e+02 1.340000000000000000e+02
3.520000000000000000e+02 3.530000000000000000e+02 3.510000000000000000e+02 3.400000000000000000e+02 1.340000000000000000e+02
3.520000000000000000e+02 3.530000000000000000e+02 3.510000000000000000e+02 3.400000000000000000e+02 1.340000000000000000e+02
3.520000000000000000e+02 3.530000000000000000e+02 3.510000000000000000e+02 3.400000000000000000e+02 1.340000000000000000e+02
3.520000000000000000e+02 3.530000000000000000e+02 3.510000000000000000e+02 3.400000000000000000e+02 1.340000000000000000e+02
3.520000000000000000e+02 3.530000000000000000e+02 3.510000000000000000e+02 3.400000000000000000e+02 1.340000000000000000e+02
3.520000000000000000e+02 3.530000000000000000e+02 3.510000000000000000e+02 3.400000000000000000e+02 1.340000000000000000e+02
3.520000000000000000e+02 3.530000000000000000e+02 3.510000000000000000e+02 3.400000000000000000e+02 1.340000000000000000e+02
3.520000000000000000e+02 3.530000000000000000e+02 3.510000000000000000e+02 3.400000000000000000e+02 1.340000000000000000e+02
3.520000000000000000e+02 3.530000000000000000e+02 3.510000000000000000e+02 3.400000000000000000e+02 1.340000000000000000e+02
3.520000000000000000e+02 3.530000000000000000e+02 3.510000000000000000e+02 3.400000000000000000e+02 1.340000000000000000e+02
3.520000000000000000e+02 3.530000000000000000e+02 3.510000000000000000e+02 3.400000000000000000e+02 1.340000000000000000e+02
3.520000000000000000e+02 3.530000000000000000e+02 3.510000000000000000e+02 3.400000000000000000e+02 7.900000000000000000e+01
3.520000000000000000e+02 3.530000000000000000e+02 3.510000000000000000e+02 3.400000000000000000e+02 1.340000000000000000e+02
3.520000000000000000e+02 3.530000000000000000e+02 3.510000000000000000e+02 3.400000000000000000e+02 7.900000000000000000e+01
3.520000000000000000e+02 3.530000000000000000e+02 3.510000000000000000e+02 3.400000000000000000e+02 7.900000000000000000e+01
3.520000000000000000e+02 3.530000000000000000e+02 3.510000000000000000e+02 3.400000000000000000e+02 7.900000000000000000e+01
3.520000000000000000e+02 3.530000000000000000e+02 3.510000000000000000e+02 3.400000000000000000e+02 7.900000000000000000e+01
3.520000000000000000e+02 3.530000000000000000e+02 3.510000000000000000e+02 3.400000000000000000e+02 1.340000000000000000e+02
3.520000000000000000e+02 3.530000000000000000e+02 3.510000000000000000e+02 3.400000000000000000e+02 1.340000000000000000e+02
3.520000000000000000e+02 3.530000000000000000e+02 3.510000000000000000e+02 3.400000000000000000e+02 1.340000000000000000e+02
3.520000000000000000e+02 3.530000000000000000e+02 3.510000000000000000e+02 3.400000000000000000e+02 1.340000000000000000e+02
3.520000000000000000e+02 3.530000000000000000e+02 3.510000000000000000e+02 3.400000000000000000e+02 1.340000000000000000e+02
3.520000000000000000e+02 3.530000000000000000e+02 3.510000000000000000e+02 3.400000000000000000e+02 1.340000000000000000e+02
3.520000000000000000e+02 3.530000000000000000e+02 3.510000000000000000e+02 3.400000000000000000e+02 1.340000000000000000e+02
3.520000000000000000e+02 3.530000000000000000e+02 3.510000000000000000e+02 3.400000000000000000e+02 1.340000000000000000e+02
3.520000000000000000e+02 3.530000000000000000e+02 3.510000000000000000e+02 3.400000000000000000e+02 1.340000000000000000e+02
