3.900000000000000000e+02 1.150000000000000000e+02 1.800000000000000000e+01 3.970000000000000000e+02 1.250000000000000000e+02
1.150000000000000000e+02 3.270000000000000000e+02 1.000000000000000000e+00 3.290000000000000000e+02 3.970000000000000000e+02
1.000000000000000000e+00 2.900000000000000000e+01 1.150000000000000000e+02 2.700000000000000000e+01 3.270000000000000000e+02
1.000000000000000000e+00 2.900000000000000000e+01 1.150000000000000000e+02 3.270000000000000000e+02 2.700000000000000000e+01
1.000000000000000000e+00 2.900000000000000000e+01 1.150000000000000000e+02 3.930000000000000000e+02 3.270000000000000000e+02
1.000000000000000000e+00 1.150000000000000000e+02 2.900000000000000000e+01 3.930000000000000000e+02 3.270000000000000000e+02
1.000000000000000000e+00 1.150000000000000000e+02 2.900000000000000000e+01 3.930000000000000000e+02 3.270000000000000000e+02
1.000000000000000000e+00 1.150000000000000000e+02 2.900000000000000000e+01 3.930000000000000000e+02 3.270000000000000000e+02
1.000000000000000000e+00 1.150000000000000000e+02 3.930000000000000000e+02 2.900000000000000000e+01 9.850000000000000000e+02
1.000000000000000000e+00 1.150000000000000000e+02 3.930000000000000000e+02 2.900000000000000000e+01 9.850000000000000000e+02
1.000000000000000000e+00 1.150000000000000000e+02 3.930000000000000000e+02 2.900000000000000000e+01 9.850000000000000000e+02
1.000000000000000000e+00 1.150000000000000000e+02 3.930000000000000000e+02 2.900000000000000000e+01 9.850000000000000000e+02
1.000000000000000000e+00 1.150000000000000000e+02 2.900000000000000000e+01 3.930000000000000000e+02 9.400000000000000000e+01
1.000000000000000000e+00 1.150000000000000000e+02 2.900000000000000000e+01 3.930000000000000000e+02 9.400000000000000000e+01
1.000000000000000000e+00 2.900000000000000000e+01 1.150000000000000000e+02 3.930000000000000000e+02 9.400000000000000000e+01
1.000000000000000000e+00 2.900000000000000000e+01 1.150000000000000000e+02 3.930000000000000000e+02 9.400000000000000000e+01
1.000000000000000000e+00 2.900000000000000000e+01 1.150000000000000000e+02 9.400000000000000000e+01 3.930000000000000000e+02
1.000000000000000000e+00 2.900000000000000000e+01 9.400000000000000000e+01 1.150000000000000000e+02 3.930000000000000000e+02
1.000000000000000000e+00 2.900000000000000000e+01 9.400000000000000000e+01 1.150000000000000000e+02 3.930000000000000000e+02
1.000000000000000000e+00 2.900000000000000000e+01 9.400000000000000000e+01 1.150000000000000000e+02 3.930000000000000000e+02
1.000000000000000000e+00 2.900000000000000000e+01 9.400000000000000000e+01 1.150000000000000000e+02 3.930000000000000000e+02
1.000000000000000000e+00 2.900000000000000000e+01 9.400000000000000000e+01 1.150000000000000000e+02 4.000000000000000000e+01
1.000000000000000000e+00 2.900000000000000000e+01 9.400000000000000000e+01 1.150000000000000000e+02 4.000000000000000000e+01
1.000000000000000000e+00 2.900000000000000000e+01 9.400000000000000000e+01 1.150000000000000000e+02 4.000000000000000000e+01
1.000000000000000000e+00 2.900000000000000000e+01 9.400000000000000000e+01 1.150000000000000000e+02 4.000000000000000000e+01
1.000000000000000000e+00 2.900000000000000000e+01 9.400000000000000000e+01 1.150000000000000000e+02 4.000000000000000000e+01
1.000000000000000000e+00 2.900000000000000000e+01 9.400000000000000000e+01 1.150000000000000000e+02 4.000000000000000000e+01
1.000000000000000000e+00 2.900000000000000000e+01 9.400000000000000000e+01 1.150000000000000000e+02 4.000000000000000000e+01
1.000000000000000000e+00 2.900000000000000000e+01 9.400000000000000000e+01 1.150000000000000000e+02 4.000000000000000000e+01
1.000000000000000000e+00 2.900000000000000000e+01 9.400000000000000000e+01 1.150000000000000000e+02 4.000000000000000000e+01
1.000000000000000000e+00 2.900000000000000000e+01 9.400000000000000000e+01 8.800000000000000000e+01 1.150000000000000000e+02
1.000000000000000000e+00 2.900000000000000000e+01 9.400000000000000000e+01 8.800000000000000000e+01 1.150000000000000000e+02
1.000000000000000000e+00 2.900000000000000000e+01 9.400000000000000000e+01 8.800000000000000000e+01 7.000000000000000000e+00
1.000000000000000000e+00 2.900000000000000000e+01 9.400000000000000000e+01 7.000000000000000000e+00 8.800000000000000000e+01
1.000000000000000000e+00 2.900000000000000000e+01 9.400000000000000000e+01 7.000000000000000000e+00 8.800000000000000000e+01
1.000000000000000000e+00 2.900000000000000000e+01 9.400000000000000000e+01 7.000000000000000000e+00 8.800000000000000000e+01
1.000000000000000000e+00 2.900000000000000000e+01 9.400000000000000000e+01 7.000000000000000000e+00 8.800000000000000000e+01
1.000000000000000000e+00 2.900000000000000000e+01 9.400000000000000000e+01 7.000000000000000000e+00 8.800000000000000000e+01
1.000000000000000000e+00 2.900000000000000000e+01 7.000000000000000000e+00 9.400000000000000000e+01 8.800000000000000000e+01
1.000000000000000000e+00 2.900000000000000000e+01 7.000000000000000000e+00 9.400000000000000000e+01 1.150000000000000000e+02
1.000000000000000000e+00 2.900000000000000000e+01 7.000000000000000000e+00 9.400000000000000000e+01 1.150000000000000000e+02
1.000000000000000000e+00 7.000000000000000000e+00 2.900000000000000000e+01 9.400000000000000000e+01 8.800000000000000000e+01
1.000000000000000000e+00 7.000000000000000000e+00 2.900000000000000000e+01 9.400000000000000000e+01 8.800000000000000000e+01
1.000000000000000000e+00 7.000000000000000000e+00 2.900000000000000000e+01 9.400000000000000000e+01 8.800000000000000000e+01
1.000000000000000000e+00 7.000000000000000000e+00 2.900000000000000000e+01 9.400000000000000000e+01 8.800000000000000000e+01
1.000000000000000000e+00 7.000000000000000000e+00 2.900000000000000000e+01 9.400000000000000000e+01 8.800000000000000000e+01
1.000000000000000000e+00 7.000000000000000000e+00 2.900000000000000000e+01 8.800000000000000000e+01 9.400000000000000000e+01
1.000000000000000000e+00 7.000000000000000000e+00 2.900000000000000000e+01 8.800000000000000000e+01 9.400000000000000000e+01
1.000000000000000000e+00 7.000000000000000000e+00 2.900000000000000000e+01 8.800000000000000000e+01 9.400000000000000000e+01
1.000000000000000000e+00 7.000000000000000000e+00 2.900000000000000000e+01 8.800000000000000000e+01 9.400000000000000000e+01
1.000000000000000000e+00 7.000000000000000000e+00 2.900000000000000000e+01 8.800000000000000000e+01 9.400000000000000000e+01
1.000000000000000000e+00 7.000000000000000000e+00 2.900000000000000000e+01 8.800000000000000000e+01 8.000000000000000000e+00
1.000000000000000000e+00 7.000000000000000000e+00 2.900000000000000000e+01 8.800000000000000000e+01 8.000000000000000000e+00
1.000000000000000000e+00 7.000000000000000000e+00 2.900000000000000000e+01 8.800000000000000000e+01 8.000000000000000000e+00
1.000000000000000000e+00 7.000000000000000000e+00 2.900000000000000000e+01 8.800000000000000000e+01 8.000000000000000000e+00
1.000000000000000000e+00 7.000000000000000000e+00 2.900000000000000000e+01 8.800000000000000000e+01 8.000000000000000000e+00
1.000000000000000000e+00 7.000000000000000000e+00 2.900000000000000000e+01 8.800000000000000000e+01 8.000000000000000000e+00
1.000000000000000000e+00 7.000000000000000000e+00 2.900000000000000000e+01 8.000000000000000000e+00 8.800000000000000000e+01
1.000000000000000000e+00 7.000000000000000000e+00 2.900000000000000000e+01 8.800000000000000000e+01 8.000000000000000000e+00
1.000000000000000000e+00 7.000000000000000000e+00 2.900000000000000000e+01 8.800000000000000000e+01 8.000000000000000000e+00
1.000000000000000000e+00 7.000000000000000000e+00 2.900000000000000000e+01 8.000000000000000000e+00 8.800000000000000000e+01
1.000000000000000000e+00 7.000000000000000000e+00 2.900000000000000000e+01 8.000000000000000000e+00 8.800000000000000000e+01
1.000000000000000000e+00 7.000000000000000000e+00 2.900000000000000000e+01 8.000000000000000000e+00 8.800000000000000000e+01
1.000000000000000000e+00 7.000000000000000000e+00 8.000000000000000000e+00 2.900000000000000000e+01 8.800000000000000000e+01
1.000000000000000000e+00 7.000000000000000000e+00 8.000000000000000000e+00 2.900000000000000000e+01 8.800000000000000000e+01
1.000000000000000000e+00 7.000000000000000000e+00 8.000000000000000000e+00 2.900000000000000000e+01 8.800000000000000000e+01
1.000000000000000000e+00 7.000000000000000000e+00 8.000000000000000000e+00 8.800000000000000000e+01 2.900000000000000000e+01
1.000000000000000000e+00 7.000000000000000000e+00 8.000000000000000000e+00 8.800000000000000000e+01 2.900000000000000000e+01
1.000000000000000000e+00 7.000000000000000000e+00 8.000000000000000000e+00 8.800000000000000000e+01 2.900000000000000000e+01
1.000000000000000000e+00 7.000000000000000000e+00 8.000000000000000000e+00 8.800000000000000000e+01 2.900000000000000000e+01
1.000000000000000000e+00 7.000000000000000000e+00 8.000000000000000000e+00 8.800000000000000000e+01 4.300000000000000000e+01
1.000000000000000000e+00 7.000000000000000000e+00 8.000000000000000000e+00 8.800000000000000000e+01 4.300000000000000000e+01
7.000000000000000000e+00 1.000000000000000000e+00 8.000000000000000000e+00 8.800000000000000000e+01 4.300000000000000000e+01
7.000000000000000000e+00 1.000000000000000000e+00 8.000000000000000000e+00 8.800000000000000000e+01 4.300000000000000000e+01
7.000000000000000000e+00 1.000000000000000000e+00 8.000000000000000000e+00 8.800000000000000000e+01 4.300000000000000000e+01
7.000000000000000000e+00 1.000000000000000000e+00 8.000000000000000000e+00 8.800000000000000000e+01 4.300000000000000000e+01
7.000000000000000000e+00 1.000000000000000000e+00 8.000000000000000000e+00 8.800000000000000000e+01 4.300000000000000000e+01
7.000000000000000000e+00 1.000000000000000000e+00 8.000000000000000000e+00 8.800000000000000000e+01 4.300000000000000000e+01
7.000000000000000000e+00 1.000000000000000000e+00 8.000000000000000000e+00 8.800000000000000000e+01 4.300000000000000000e+01
7.000000000000000000e+00 1.000000000000000000e+00 8.000000000000000000e+00 8.800000000000000000e+01 4.300000000000000000e+01
7.000000000000000000e+00 1.000000000000000000e+00 8.000000000000000000e+00 8.800000000000000000e+01 4.300000000000000000e+01
7.000000000000000000e+00 1.000000000000000000e+00 8.000000000000000000e+00 8.800000000000000000e+01 4.300000000000000000e+01
7.000000000000000000e+00 1.000000000000000000e+00 8.000000000000000000e+00 8.800000000000000000e+01 4.300000000000000000e+01
7.000000000000000000e+00 1.000000000000000000e+00 8.000000000000000000e+00 8.800000000000000000e+01 4.300000000000000000e+01
7.000000000000000000e+00 1.000000000000000000e+00 8.000000000000000000e+00 8.800000000000000000e+01 4.300000000000000000e+01
7.000000000000000000e+00 1.000000000000000000e+00 8.000000000000000000e+00 8.800000000000000000e+01 4.300000000000000000e+01
7.000000000000000000e+00 1.000000000000000000e+00 8.000000000000000000e+00 8.800000000000000000e+01 4.300000000000000000e+01
7.000000000000000000e+00 1.000000000000000000e+00 8.000000000000000000e+00 8.800000000000000000e+01 4.300000000000000000e+01
7.000000000000000000e+00 1.000000000000000000e+00 8.000000000000000000e+00 4.300000000000000000e+01 8.800000000000000000e+01
7.000000000000000000e+00 1.000000000000000000e+00 8.000000000000000000e+00 4.300000000000000000e+01 8.800000000000000000e+01
7.000000000000000000e+00 1.000000000000000000e+00 8.000000000000000000e+00 8.800000000000000000e+01 4.300000000000000000e+01
7.000000000000000000e+00 1.000000000000000000e+00 8.000000000000000000e+00 4.300000000000000000e+01 8.800000000000000000e+01
