2.454751194740834892e-05
9.639516239858373498e-03
5.058413256894063181e-01
6.855155818791116573e-01
7.829029595054616264e-01
8.261144087919501944e-01
8.838648183514771217e-01
9.251127238466564373e-01
9.484063212058453374e-01
9.559636097076479322e-01
9.668736189721168772e-01
9.814268545400733901e-01
9.861139535613473450e-01
9.888456003179246778e-01
9.939812198956561318e-01
1.001415030385655935e+00
1.002842165168846167e+00
1.006435460832505013e+00
1.002453640321905981e+00
1.004349754724777277e+00
1.002427260629453754e+00
1.000980982478424153e+00
1.001206426882498501e+00
1.000046575616599043e+00
9.990770396880170878e-01
1.000136437611336637e+00
1.001089001069463080e+00
9.996696946738085066e-01
1.002590012148473431e+00
1.002979589551720840e+00
1.003056491946924478e+00
1.003710589907155892e+00
1.002765065419334745e+00
1.003267200562696582e+00
1.002618102244924980e+00
1.002535147650954084e+00
1.003715194841000580e+00
1.001997422947451089e+00
1.002460942431288027e+00
1.003819989978348204e+00
1.000086112262892790e+00
9.973358484166297000e-01
9.956035380890853048e-01
9.928999814289596326e-01
9.933246878989641093e-01
9.926417104250505608e-01
9.931237154290347702e-01
9.881223625652559850e-01
9.872117697898841193e-01
9.853063139497852951e-01
9.828964204994024012e-01
9.820033922574089580e-01
9.788571698852851499e-01
9.781384054969226582e-01
9.769705284891797570e-01
9.751538163027420048e-01
9.732448080851060501e-01
9.728869389406165080e-01
9.697692671583288959e-01
9.688997240789425369e-01
9.641275653510831267e-01
9.647316011019475557e-01
9.624403175904460150e-01
9.608726665402282929e-01
9.585930927176458116e-01
9.550928825024157520e-01
9.515172829416738143e-01
9.486215689706927190e-01
9.426283133568014172e-01
9.403270963451495490e-01
9.375872264924212107e-01
9.344308732658395122e-01
9.342233223189894131e-01
9.326275811723201414e-01
9.277751650260274152e-01
9.251967967817038563e-01
9.185023413128284853e-01
9.158489126468389863e-01
9.106331014354434039e-01
9.068612659081550786e-01
9.024328983841747309e-01
8.974365451628557588e-01
8.939152838214793340e-01
8.905346703166687750e-01
8.859375648596709008e-01
8.844181998300516545e-01
8.850552595350582585e-01
8.806936635518236578e-01
8.750159116910520840e-01
8.695495920785138999e-01
8.679053017721692909e-01
8.626039045760346413e-01
8.645908019604124917e-01
8.580806754148568860e-01
8.547655835401770652e-01
8.496860783705796338e-01
8.455084166020495617e-01
8.429751767094024739e-01
8.415908678109663699e-01
8.374885296031789883e-01
8.332758703374304465e-01
