1.280000000000000000e+02 8.600000000000000000e+01 8.200000000000000000e+01 9.710000000000000000e+02 1.800000000000000000e+01
8.000000000000000000e+01 2.000000000000000000e+01 1.000000000000000000e+01 8.300000000000000000e+01 8.100000000000000000e+01
4.990000000000000000e+02 6.230000000000000000e+02 7.770000000000000000e+02 7.440000000000000000e+02 4.180000000000000000e+02
4.990000000000000000e+02 8.130000000000000000e+02 6.230000000000000000e+02 4.730000000000000000e+02 7.440000000000000000e+02
4.990000000000000000e+02 8.130000000000000000e+02 6.230000000000000000e+02 4.730000000000000000e+02 7.770000000000000000e+02
4.990000000000000000e+02 8.130000000000000000e+02 6.230000000000000000e+02 4.730000000000000000e+02 5.120000000000000000e+02
4.990000000000000000e+02 6.230000000000000000e+02 8.130000000000000000e+02 4.730000000000000000e+02 4.180000000000000000e+02
4.990000000000000000e+02 6.230000000000000000e+02 8.130000000000000000e+02 4.730000000000000000e+02 5.120000000000000000e+02
4.990000000000000000e+02 6.230000000000000000e+02 4.730000000000000000e+02 8.130000000000000000e+02 5.120000000000000000e+02
4.990000000000000000e+02 6.230000000000000000e+02 4.730000000000000000e+02 8.130000000000000000e+02 6.930000000000000000e+02
4.990000000000000000e+02 6.230000000000000000e+02 4.730000000000000000e+02 8.130000000000000000e+02 7.770000000000000000e+02
4.990000000000000000e+02 6.230000000000000000e+02 4.730000000000000000e+02 8.130000000000000000e+02 7.770000000000000000e+02
4.990000000000000000e+02 6.230000000000000000e+02 4.730000000000000000e+02 8.130000000000000000e+02 6.930000000000000000e+02
4.990000000000000000e+02 6.230000000000000000e+02 4.730000000000000000e+02 8.130000000000000000e+02 7.440000000000000000e+02
4.990000000000000000e+02 6.230000000000000000e+02 4.730000000000000000e+02 8.130000000000000000e+02 5.120000000000000000e+02
4.990000000000000000e+02 6.230000000000000000e+02 4.730000000000000000e+02 5.120000000000000000e+02 6.930000000000000000e+02
4.990000000000000000e+02 6.230000000000000000e+02 4.730000000000000000e+02 7.440000000000000000e+02 5.120000000000000000e+02
4.990000000000000000e+02 6.230000000000000000e+02 4.730000000000000000e+02 6.930000000000000000e+02 7.770000000000000000e+02
4.990000000000000000e+02 6.230000000000000000e+02 4.730000000000000000e+02 6.930000000000000000e+02 7.770000000000000000e+02
4.990000000000000000e+02 6.230000000000000000e+02 4.730000000000000000e+02 6.930000000000000000e+02 7.770000000000000000e+02
4.990000000000000000e+02 6.230000000000000000e+02 4.730000000000000000e+02 6.930000000000000000e+02 7.770000000000000000e+02
4.990000000000000000e+02 6.230000000000000000e+02 6.930000000000000000e+02 4.730000000000000000e+02 7.770000000000000000e+02
4.990000000000000000e+02 6.230000000000000000e+02 6.930000000000000000e+02 4.730000000000000000e+02 7.770000000000000000e+02
4.990000000000000000e+02 6.230000000000000000e+02 6.930000000000000000e+02 7.770000000000000000e+02 4.730000000000000000e+02
4.990000000000000000e+02 6.230000000000000000e+02 6.930000000000000000e+02 7.770000000000000000e+02 4.730000000000000000e+02
4.990000000000000000e+02 6.230000000000000000e+02 6.930000000000000000e+02 7.770000000000000000e+02 4.730000000000000000e+02
4.990000000000000000e+02 6.230000000000000000e+02 6.930000000000000000e+02 7.770000000000000000e+02 4.730000000000000000e+02
4.990000000000000000e+02 6.230000000000000000e+02 6.930000000000000000e+02 7.770000000000000000e+02 4.730000000000000000e+02
4.990000000000000000e+02 6.930000000000000000e+02 6.230000000000000000e+02 7.770000000000000000e+02 7.440000000000000000e+02
4.990000000000000000e+02 6.930000000000000000e+02 6.230000000000000000e+02 7.770000000000000000e+02 7.440000000000000000e+02
4.990000000000000000e+02 6.930000000000000000e+02 6.230000000000000000e+02 7.770000000000000000e+02 5.120000000000000000e+02
4.990000000000000000e+02 6.930000000000000000e+02 6.230000000000000000e+02 7.770000000000000000e+02 5.120000000000000000e+02
4.990000000000000000e+02 6.930000000000000000e+02 6.230000000000000000e+02 7.770000000000000000e+02 5.120000000000000000e+02
4.990000000000000000e+02 6.930000000000000000e+02 6.230000000000000000e+02 7.770000000000000000e+02 5.120000000000000000e+02
4.990000000000000000e+02 6.930000000000000000e+02 6.230000000000000000e+02 7.770000000000000000e+02 5.120000000000000000e+02
4.990000000000000000e+02 6.930000000000000000e+02 6.230000000000000000e+02 7.770000000000000000e+02 5.120000000000000000e+02
4.990000000000000000e+02 6.930000000000000000e+02 6.230000000000000000e+02 7.770000000000000000e+02 5.120000000000000000e+02
4.990000000000000000e+02 6.930000000000000000e+02 6.230000000000000000e+02 7.770000000000000000e+02 5.120000000000000000e+02
4.990000000000000000e+02 6.930000000000000000e+02 6.230000000000000000e+02 7.770000000000000000e+02 5.120000000000000000e+02
4.990000000000000000e+02 6.930000000000000000e+02 6.230000000000000000e+02 7.770000000000000000e+02 5.120000000000000000e+02
4.990000000000000000e+02 6.930000000000000000e+02 6.230000000000000000e+02 7.770000000000000000e+02 5.120000000000000000e+02
4.990000000000000000e+02 6.930000000000000000e+02 6.230000000000000000e+02 7.770000000000000000e+02 5.120000000000000000e+02
4.990000000000000000e+02 6.930000000000000000e+02 6.230000000000000000e+02 7.770000000000000000e+02 5.120000000000000000e+02
4.990000000000000000e+02 6.930000000000000000e+02 7.770000000000000000e+02 6.230000000000000000e+02 5.120000000000000000e+02
4.990000000000000000e+02 6.930000000000000000e+02 7.770000000000000000e+02 6.230000000000000000e+02 5.120000000000000000e+02
4.990000000000000000e+02 6.930000000000000000e+02 7.770000000000000000e+02 6.230000000000000000e+02 5.120000000000000000e+02
4.990000000000000000e+02 6.930000000000000000e+02 7.770000000000000000e+02 6.230000000000000000e+02 7.580000000000000000e+02
4.990000000000000000e+02 6.930000000000000000e+02 7.770000000000000000e+02 6.230000000000000000e+02 7.580000000000000000e+02
4.990000000000000000e+02 6.930000000000000000e+02 7.770000000000000000e+02 6.230000000000000000e+02 7.580000000000000000e+02
4.990000000000000000e+02 6.930000000000000000e+02 7.770000000000000000e+02 6.230000000000000000e+02 7.580000000000000000e+02
4.990000000000000000e+02 6.930000000000000000e+02 7.770000000000000000e+02 6.230000000000000000e+02 7.580000000000000000e+02
4.990000000000000000e+02 6.930000000000000000e+02 7.770000000000000000e+02 7.580000000000000000e+02 6.230000000000000000e+02
4.990000000000000000e+02 6.930000000000000000e+02 7.770000000000000000e+02 7.580000000000000000e+02 6.230000000000000000e+02
4.990000000000000000e+02 6.930000000000000000e+02 7.770000000000000000e+02 7.580000000000000000e+02 6.230000000000000000e+02
4.990000000000000000e+02 6.930000000000000000e+02 7.770000000000000000e+02 7.580000000000000000e+02 6.230000000000000000e+02
4.990000000000000000e+02 6.930000000000000000e+02 7.770000000000000000e+02 7.580000000000000000e+02 6.230000000000000000e+02
4.990000000000000000e+02 6.930000000000000000e+02 7.770000000000000000e+02 7.580000000000000000e+02 6.230000000000000000e+02
4.990000000000000000e+02 6.230000000000000000e+02 8.130000000000000000e+02 4.730000000000000000e+02 7.770000000000000000e+02
4.990000000000000000e+02 8.130000000000000000e+02 6.230000000000000000e+02 4.730000000000000000e+02 4.180000000000000000e+02
4.990000000000000000e+02 8.130000000000000000e+02 6.230000000000000000e+02 4.730000000000000000e+02 4.180000000000000000e+02
4.990000000000000000e+02 6.230000000000000000e+02 8.130000000000000000e+02 4.730000000000000000e+02 4.180000000000000000e+02
4.990000000000000000e+02 6.230000000000000000e+02 8.130000000000000000e+02 4.730000000000000000e+02 5.120000000000000000e+02
4.990000000000000000e+02 6.230000000000000000e+02 4.730000000000000000e+02 8.130000000000000000e+02 5.120000000000000000e+02
4.990000000000000000e+02 6.230000000000000000e+02 4.730000000000000000e+02 8.130000000000000000e+02 5.120000000000000000e+02
4.990000000000000000e+02 6.230000000000000000e+02 4.730000000000000000e+02 8.130000000000000000e+02 5.120000000000000000e+02
4.990000000000000000e+02 6.230000000000000000e+02 4.730000000000000000e+02 8.130000000000000000e+02 5.120000000000000000e+02
4.990000000000000000e+02 6.230000000000000000e+02 4.730000000000000000e+02 5.120000000000000000e+02 7.440000000000000000e+02
4.990000000000000000e+02 6.230000000000000000e+02 4.730000000000000000e+02 5.120000000000000000e+02 7.440000000000000000e+02
4.990000000000000000e+02 6.230000000000000000e+02 4.730000000000000000e+02 5.120000000000000000e+02 7.440000000000000000e+02
4.990000000000000000e+02 6.230000000000000000e+02 4.730000000000000000e+02 5.120000000000000000e+02 7.440000000000000000e+02
4.990000000000000000e+02 6.230000000000000000e+02 4.730000000000000000e+02 7.440000000000000000e+02 5.120000000000000000e+02
4.990000000000000000e+02 6.230000000000000000e+02 4.730000000000000000e+02 7.440000000000000000e+02 7.770000000000000000e+02
4.990000000000000000e+02 6.230000000000000000e+02 4.730000000000000000e+02 7.440000000000000000e+02 7.770000000000000000e+02
4.990000000000000000e+02 6.230000000000000000e+02 4.730000000000000000e+02 7.440000000000000000e+02 7.770000000000000000e+02
4.990000000000000000e+02 6.230000000000000000e+02 7.440000000000000000e+02 4.730000000000000000e+02 5.120000000000000000e+02
4.990000000000000000e+02 6.230000000000000000e+02 7.440000000000000000e+02 4.730000000000000000e+02 6.930000000000000000e+02
4.990000000000000000e+02 6.230000000000000000e+02 7.440000000000000000e+02 4.730000000000000000e+02 5.120000000000000000e+02
4.990000000000000000e+02 6.230000000000000000e+02 7.440000000000000000e+02 4.730000000000000000e+02 7.770000000000000000e+02
4.990000000000000000e+02 6.230000000000000000e+02 7.440000000000000000e+02 4.730000000000000000e+02 6.930000000000000000e+02
4.990000000000000000e+02 6.230000000000000000e+02 7.440000000000000000e+02 4.730000000000000000e+02 6.930000000000000000e+02
4.990000000000000000e+02 6.230000000000000000e+02 4.730000000000000000e+02 7.440000000000000000e+02 6.930000000000000000e+02
4.990000000000000000e+02 6.230000000000000000e+02 7.440000000000000000e+02 4.730000000000000000e+02 6.930000000000000000e+02
4.990000000000000000e+02 6.230000000000000000e+02 4.730000000000000000e+02 6.930000000000000000e+02 7.440000000000000000e+02
4.990000000000000000e+02 6.230000000000000000e+02 4.730000000000000000e+02 6.930000000000000000e+02 5.120000000000000000e+02
4.990000000000000000e+02 6.230000000000000000e+02 6.930000000000000000e+02 4.730000000000000000e+02 7.770000000000000000e+02
4.990000000000000000e+02 6.230000000000000000e+02 6.930000000000000000e+02 4.730000000000000000e+02 5.120000000000000000e+02
4.990000000000000000e+02 6.230000000000000000e+02 6.930000000000000000e+02 5.120000000000000000e+02 4.730000000000000000e+02
4.990000000000000000e+02 6.230000000000000000e+02 6.930000000000000000e+02 5.120000000000000000e+02 7.770000000000000000e+02
4.990000000000000000e+02 6.230000000000000000e+02 6.930000000000000000e+02 7.770000000000000000e+02 5.120000000000000000e+02
4.990000000000000000e+02 6.230000000000000000e+02 6.930000000000000000e+02 5.120000000000000000e+02 7.770000000000000000e+02
4.990000000000000000e+02 6.230000000000000000e+02 6.930000000000000000e+02 7.770000000000000000e+02 5.120000000000000000e+02
4.990000000000000000e+02 6.230000000000000000e+02 6.930000000000000000e+02 7.770000000000000000e+02 5.120000000000000000e+02
4.990000000000000000e+02 6.230000000000000000e+02 6.930000000000000000e+02 7.770000000000000000e+02 5.120000000000000000e+02
4.990000000000000000e+02 6.230000000000000000e+02 6.930000000000000000e+02 7.770000000000000000e+02 5.120000000000000000e+02
4.990000000000000000e+02 6.230000000000000000e+02 6.930000000000000000e+02 7.770000000000000000e+02 5.120000000000000000e+02
4.990000000000000000e+02 6.230000000000000000e+02 6.930000000000000000e+02 7.770000000000000000e+02 5.120000000000000000e+02
4.990000000000000000e+02 6.230000000000000000e+02 6.930000000000000000e+02 7.770000000000000000e+02 5.120000000000000000e+02
4.990000000000000000e+02 6.230000000000000000e+02 6.930000000000000000e+02 7.770000000000000000e+02 5.120000000000000000e+02
4.990000000000000000e+02 6.230000000000000000e+02 6.930000000000000000e+02 7.770000000000000000e+02 5.120000000000000000e+02
4.990000000000000000e+02 6.230000000000000000e+02 6.930000000000000000e+02 7.770000000000000000e+02 5.120000000000000000e+02
4.990000000000000000e+02 6.230000000000000000e+02 6.930000000000000000e+02 7.770000000000000000e+02 5.120000000000000000e+02
