1.607432913962883133e-04
1.405046120882501026e-01
6.569210334992450218e-01
1.049389855153514794e+00
1.108898341815334643e+00
1.124114982383535688e+00
1.131312426598064969e+00
1.137838907219954176e+00
1.147275809518483403e+00
1.150496896146747883e+00
1.153833538392707414e+00
1.156379187405626174e+00
1.157377383815222815e+00
1.156803800123035630e+00
1.157580182875677988e+00
1.156404353783345496e+00
1.155032366758011353e+00
1.148381801912644606e+00
1.143789706951512830e+00
1.139002852189474835e+00
1.133106160170012755e+00
1.125788896034897402e+00
1.124044306806107008e+00
1.118370407136066280e+00
1.114531485934791011e+00
1.112001216374923107e+00
1.106961509423410428e+00
1.100785680331077598e+00
1.104202575359319871e+00
1.097205203847659627e+00
1.093672124042279536e+00
1.085645168055477949e+00
1.083707776410715251e+00
1.081867904479615339e+00
1.079848232761031257e+00
1.074283107768021939e+00
1.072108453106649595e+00
1.073429687936916288e+00
1.071758081203512125e+00
1.072851630222023456e+00
1.074836698171243166e+00
1.075267952016106587e+00
1.072707762429394363e+00
1.070688440243834139e+00
1.062763967339634297e+00
1.061179324422571346e+00
1.061788490576589750e+00
1.067552639673396309e+00
1.058397391085509787e+00
1.056996113192774533e+00
1.048707496784296200e+00
1.047288462613947813e+00
1.047932442257144547e+00
1.037339144902410304e+00
1.031966612605558886e+00
1.021192187237850213e+00
1.014242492030646980e+00
1.018315250824898044e+00
1.002336418544824026e+00
9.799452631284604198e-01
9.715891868463732983e-01
9.630386303897991995e-01
9.422602902522230206e-01
9.248561322073709512e-01
9.102882249314915297e-01
9.083334964487445040e-01
8.845463760416084620e-01
8.563438845702141533e-01
8.302660645377775150e-01
7.862950897600805567e-01
7.607409401040210462e-01
7.085653067501818114e-01
6.639601392539566938e-01
6.099983921480901516e-01
5.836419243890162978e-01
5.222300556456573872e-01
5.059616352552989138e-01
4.931185685923605844e-01
4.169466892231978306e-01
3.579838935182595994e-01
3.153487290979251623e-01
2.882301045802807549e-01
2.498817005480677700e-01
1.920769951345003002e-01
1.840346422179967578e-01
1.370769951345003068e-01
1.160214753089871959e-01
1.030389187545439345e-01
8.840956357306638258e-02
7.845641847491750809e-02
5.655752789273530562e-02
5.273163116576254361e-02
1.091689712544041235e+00
1.078801521167719990e+00
1.036929981544656432e+00
1.113899180694591928e+00
1.119919327778088558e+00
1.133118813265477254e+00
1.130453554051786824e+00
1.135942131312566383e+00
1.142097337956490044e+00
