2.898047800735727673e-03
8.570897486829032880e-03
1.704503745176354657e-03
1.428925271735514632e-02
1.613222204261150206e-01
1.023515144948011768e+00
1.658208366464460237e+00
1.874299486917603286e+00
2.007878049158279055e+00
2.042638659949665314e+00
2.063909679265672370e+00
2.074812739902850645e+00
2.072560153082012135e+00
2.082617231306589822e+00
2.091628943297820786e+00
2.073975628091447199e+00
2.055660293094216495e+00
2.045193529565133783e+00
2.018544332978895905e+00
2.002558690797522356e+00
1.990882796089920914e+00
1.951273241742783826e+00
1.939615770591514243e+00
1.924385630690533366e+00
1.913884885935327462e+00
1.876652106825784427e+00
1.856328467717596409e+00
1.840487075158761643e+00
1.823675784712146530e+00
1.781155035523004804e+00
1.768125623543558067e+00
1.747499428699165192e+00
1.737014787496901302e+00
1.709908004359695699e+00
1.703985581588344012e+00
1.689490746291184564e+00
1.658460291538449427e+00
1.639915685617978180e+00
1.626482456577895475e+00
1.639755059500922263e+00
1.626957920802044377e+00
1.607669003205767000e+00
1.602128698639816218e+00
1.563766077879374938e+00
1.551425843377526537e+00
1.528857123341820223e+00
1.527336019942749035e+00
1.519300210553954811e+00
1.515385546010409534e+00
1.530956316997347910e+00
1.511816971384327690e+00
