2.100000000000000000e+01 8.000000000000000000e+01 7.010000000000000000e+02 5.490000000000000000e+02 1.280000000000000000e+02
7.830000000000000000e+02 1.260000000000000000e+02 5.180000000000000000e+02 6.910000000000000000e+02 6.750000000000000000e+02
5.600000000000000000e+02 5.180000000000000000e+02 5.890000000000000000e+02 7.140000000000000000e+02 4.510000000000000000e+02
5.180000000000000000e+02 5.600000000000000000e+02 5.890000000000000000e+02 6.410000000000000000e+02 7.150000000000000000e+02
5.180000000000000000e+02 5.600000000000000000e+02 7.190000000000000000e+02 6.410000000000000000e+02 7.150000000000000000e+02
5.180000000000000000e+02 5.600000000000000000e+02 7.190000000000000000e+02 7.150000000000000000e+02 6.410000000000000000e+02
5.600000000000000000e+02 5.180000000000000000e+02 7.150000000000000000e+02 7.190000000000000000e+02 6.410000000000000000e+02
5.600000000000000000e+02 5.180000000000000000e+02 7.190000000000000000e+02 7.150000000000000000e+02 6.910000000000000000e+02
5.600000000000000000e+02 5.180000000000000000e+02 7.190000000000000000e+02 7.150000000000000000e+02 6.910000000000000000e+02
5.600000000000000000e+02 5.180000000000000000e+02 7.190000000000000000e+02 7.150000000000000000e+02 6.910000000000000000e+02
5.600000000000000000e+02 5.180000000000000000e+02 7.190000000000000000e+02 7.150000000000000000e+02 6.910000000000000000e+02
5.600000000000000000e+02 5.180000000000000000e+02 7.190000000000000000e+02 7.150000000000000000e+02 6.910000000000000000e+02
5.600000000000000000e+02 5.180000000000000000e+02 7.190000000000000000e+02 7.150000000000000000e+02 6.910000000000000000e+02
5.600000000000000000e+02 5.180000000000000000e+02 7.190000000000000000e+02 7.150000000000000000e+02 6.910000000000000000e+02
5.600000000000000000e+02 5.180000000000000000e+02 7.190000000000000000e+02 7.150000000000000000e+02 6.910000000000000000e+02
5.600000000000000000e+02 5.180000000000000000e+02 7.190000000000000000e+02 6.910000000000000000e+02 7.150000000000000000e+02
5.600000000000000000e+02 5.180000000000000000e+02 7.190000000000000000e+02 6.910000000000000000e+02 7.150000000000000000e+02
5.600000000000000000e+02 5.180000000000000000e+02 7.190000000000000000e+02 6.910000000000000000e+02 7.150000000000000000e+02
5.600000000000000000e+02 5.180000000000000000e+02 7.190000000000000000e+02 6.910000000000000000e+02 7.150000000000000000e+02
5.600000000000000000e+02 5.180000000000000000e+02 7.190000000000000000e+02 6.910000000000000000e+02 7.150000000000000000e+02
5.600000000000000000e+02 5.180000000000000000e+02 7.190000000000000000e+02 6.910000000000000000e+02 7.150000000000000000e+02
5.600000000000000000e+02 5.180000000000000000e+02 7.190000000000000000e+02 6.910000000000000000e+02 7.150000000000000000e+02
5.600000000000000000e+02 5.180000000000000000e+02 7.190000000000000000e+02 6.910000000000000000e+02 7.150000000000000000e+02
5.600000000000000000e+02 5.180000000000000000e+02 7.190000000000000000e+02 6.910000000000000000e+02 7.150000000000000000e+02
5.600000000000000000e+02 5.180000000000000000e+02 7.190000000000000000e+02 6.910000000000000000e+02 7.150000000000000000e+02
5.600000000000000000e+02 5.180000000000000000e+02 7.190000000000000000e+02 6.910000000000000000e+02 6.760000000000000000e+02
5.600000000000000000e+02 5.180000000000000000e+02 7.190000000000000000e+02 6.910000000000000000e+02 7.150000000000000000e+02
5.600000000000000000e+02 5.180000000000000000e+02 7.190000000000000000e+02 6.910000000000000000e+02 6.760000000000000000e+02
5.600000000000000000e+02 5.180000000000000000e+02 7.190000000000000000e+02 6.910000000000000000e+02 6.760000000000000000e+02
5.600000000000000000e+02 5.180000000000000000e+02 7.190000000000000000e+02 6.910000000000000000e+02 6.760000000000000000e+02
5.600000000000000000e+02 5.180000000000000000e+02 7.190000000000000000e+02 6.910000000000000000e+02 6.760000000000000000e+02
5.600000000000000000e+02 5.180000000000000000e+02 7.190000000000000000e+02 6.910000000000000000e+02 6.760000000000000000e+02
5.600000000000000000e+02 5.180000000000000000e+02 7.190000000000000000e+02 6.910000000000000000e+02 6.760000000000000000e+02
5.600000000000000000e+02 5.180000000000000000e+02 6.910000000000000000e+02 7.190000000000000000e+02 6.760000000000000000e+02
5.600000000000000000e+02 5.180000000000000000e+02 6.910000000000000000e+02 7.190000000000000000e+02 6.760000000000000000e+02
5.600000000000000000e+02 5.180000000000000000e+02 6.910000000000000000e+02 7.190000000000000000e+02 6.760000000000000000e+02
5.600000000000000000e+02 5.180000000000000000e+02 6.910000000000000000e+02 7.190000000000000000e+02 6.760000000000000000e+02
5.600000000000000000e+02 5.180000000000000000e+02 6.910000000000000000e+02 7.190000000000000000e+02 6.760000000000000000e+02
5.600000000000000000e+02 5.180000000000000000e+02 6.910000000000000000e+02 7.190000000000000000e+02 6.760000000000000000e+02
5.600000000000000000e+02 5.180000000000000000e+02 6.910000000000000000e+02 7.190000000000000000e+02 6.760000000000000000e+02
5.600000000000000000e+02 5.180000000000000000e+02 6.910000000000000000e+02 7.190000000000000000e+02 7.150000000000000000e+02
5.600000000000000000e+02 5.180000000000000000e+02 6.910000000000000000e+02 7.190000000000000000e+02 7.150000000000000000e+02
5.600000000000000000e+02 5.180000000000000000e+02 6.910000000000000000e+02 7.190000000000000000e+02 6.760000000000000000e+02
5.600000000000000000e+02 5.180000000000000000e+02 6.910000000000000000e+02 7.190000000000000000e+02 6.760000000000000000e+02
5.600000000000000000e+02 5.180000000000000000e+02 6.910000000000000000e+02 7.190000000000000000e+02 6.760000000000000000e+02
5.600000000000000000e+02 5.180000000000000000e+02 6.910000000000000000e+02 7.190000000000000000e+02 6.760000000000000000e+02
5.600000000000000000e+02 5.180000000000000000e+02 6.910000000000000000e+02 7.190000000000000000e+02 6.760000000000000000e+02
5.600000000000000000e+02 5.180000000000000000e+02 6.910000000000000000e+02 7.190000000000000000e+02 6.760000000000000000e+02
5.600000000000000000e+02 5.180000000000000000e+02 6.910000000000000000e+02 6.760000000000000000e+02 7.190000000000000000e+02
5.600000000000000000e+02 5.180000000000000000e+02 6.910000000000000000e+02 6.760000000000000000e+02 7.190000000000000000e+02
5.600000000000000000e+02 5.180000000000000000e+02 6.910000000000000000e+02 6.760000000000000000e+02 7.190000000000000000e+02
