          0  0.09538101 10.20538139
        100  0.00832998 20.79355812
        200  0.00428851 23.67693520
        300  0.00320770 24.93806648
        400  0.00236066 26.26967239
        500  0.00202362 26.93870926
        600  0.00162146 27.90093613
        700  0.00133983 28.72949219
        800  0.00116468 29.33794975
        900  0.00102169 29.90680885
       1000  0.00093253 30.30338860
       1100  0.00085361 30.68738556
       1200  0.00072157 31.41724205
       1300  0.00065849 31.81447792
       1400  0.00064394 31.91155052
       1500  0.00057466 32.40590286
       1600  0.00053883 32.68550110
       1700  0.00053339 32.72956467
       1800  0.00043272 33.63793182
       1900  0.00043210 33.64416122
       2000  0.00040481 33.92753601
       2100  0.00038629 34.13083649
       2200  0.00033813 34.70913696
       2300  0.00036082 34.42706680
       2400  0.00031613 35.00139999
       2500  0.00029762 35.26331329
       2600  0.00028116 35.51039886
       2700  0.00028467 35.45653534
       2800  0.00025582 35.92059326
       2900  0.00023076 36.36833572
       3000  0.00022253 36.52608871
       3100  0.00022330 36.51116180
       3200  0.00021908 36.59405899
       3300  0.00020687 36.84305573
       3400  0.00021122 36.75262833
       3500  0.00018348 37.36404419
       3600  0.00017284 37.62348938
       3700  0.00017973 37.45370102
       3800  0.00015977 37.96517944
       3900  0.00015821 38.00762177
       4000  0.00014460 38.39842224
       4100  0.00014704 38.32578278
       4200  0.00015950 37.97252274
       4300  0.00013384 38.73413467
       4400  0.00012734 38.95022202
       4500  0.00012169 39.14739609
       4600  0.00012000 39.20817566
       4700  0.00011376 39.44012070
       4800  0.00011672 39.32859802
       4900  0.00011547 39.37520599
       5000  0.00009953 40.02054596
