1.000168631435371935e-04 1.000168631435371935e-04 7.496335892938077450e-04 2.477278758306056261e-04 2.624558692332357168e-04 1.561993267387151718e-04
4.159407224506139755e-03 4.159407224506139755e-03 7.393098473548889160e-01 7.427293894579634070e-05 8.882489637471735477e-04 6.279070512391626835e-04
7.544250488281250000e-01 7.544250488281250000e-01 1.769220232963562012e-01 4.263137525413185358e-04 1.970307435840368271e-03 6.969598471187055111e-04
8.510967493057250977e-01 8.510967493057250977e-01 7.432793825864791870e-02 3.838423581328243017e-04 1.494539785198867321e-03 3.863606543745845556e-04
9.082251191139221191e-01 9.082251191139221191e-01 1.847843267023563385e-02 3.688656724989414215e-04 1.370040816254913807e-03 3.925191704183816910e-04
8.863633275032043457e-01 8.863633275032043457e-01 2.634902484714984894e-02 3.223264939151704311e-04 1.752807176671922207e-03 4.785140627063810825e-04
9.191485047340393066e-01 9.191485047340393066e-01 1.232836022973060608e-02 2.380581718171015382e-04 1.072860788553953171e-03 4.548821598291397095e-04
9.442948102951049805e-01 9.442948102951049805e-01 6.709130480885505676e-03 1.711084332782775164e-04 7.307330961339175701e-04 4.042304935865104198e-04
9.491794705390930176e-01 9.491794705390930176e-01 4.409184213727712631e-03 1.842342753661796451e-04 6.014396203681826591e-04 4.027246905025094748e-04
9.515168666839599609e-01 9.515168666839599609e-01 3.082499839365482330e-03 2.138023410225287080e-04 5.182775785215198994e-04 4.317896964494138956e-04
9.544056057929992676e-01 9.544056057929992676e-01 2.423442434519529343e-03 2.229933888884261250e-04 4.495127650443464518e-04 4.470662388484925032e-04
9.580036997795104980e-01 9.580036997795104980e-01 2.321023494005203247e-03 2.023499400820583105e-04 4.110231820959597826e-04 3.979459579568356276e-04
9.613081812858581543e-01 9.613081812858581543e-01 2.038577105849981308e-03 1.890554558485746384e-04 3.749829775188118219e-04 3.572253335732966661e-04
9.644668698310852051e-01 9.644668698310852051e-01 1.761250314302742481e-03 1.833380811149254441e-04 3.285296843387186527e-04 3.640980867203325033e-04
9.627870917320251465e-01 9.627870917320251465e-01 1.799509511329233646e-03 2.022358385147526860e-04 3.149778058286756277e-04 3.828472981695085764e-04
9.623023271560668945e-01 9.623023271560668945e-01 1.585005084052681923e-03 2.220884489361196756e-04 2.985646715387701988e-04 4.049539566040039062e-04
9.620841741561889648e-01 9.620841741561889648e-01 1.517683616839349270e-03 2.422723628114908934e-04 2.974200178869068623e-04 4.095803888048976660e-04
9.620967507362365723e-01 9.620967507362365723e-01 1.521539408713579178e-03 2.538241387810558081e-04 2.865370479412376881e-04 4.174357163719832897e-04
9.618086218833923340e-01 9.618086218833923340e-01 1.435750396922230721e-03 2.859965024981647730e-04 2.785424585454165936e-04 4.664712760131806135e-04
9.622463583946228027e-01 9.622463583946228027e-01 1.364820520393550396e-03 2.905582368839532137e-04 2.696131996344774961e-04 4.666982276830822229e-04
9.602982997894287109e-01 9.602982997894287109e-01 1.475043245591223240e-03 3.186623507644981146e-04 2.764842647593468428e-04 4.857862368226051331e-04
9.605402350425720215e-01 9.605402350425720215e-01 1.618523383513092995e-03 3.159109619446098804e-04 2.829553559422492981e-04 4.556168860290199518e-04
9.600732922554016113e-01 9.600732922554016113e-01 1.718010171316564083e-03 3.271489695180207491e-04 2.825568662956357002e-04 4.598048108164221048e-04
9.591180682182312012e-01 9.591180682182312012e-01 1.784596475772559643e-03 3.271998721174895763e-04 2.780892828013747931e-04 4.562953836284577847e-04
9.558954834938049316e-01 9.558954834938049316e-01 1.829536398872733116e-03 3.642124938778579235e-04 2.847221912816166878e-04 4.905508831143379211e-04
9.535329341888427734e-01 9.535329341888427734e-01 2.006789902225136757e-03 3.872793458867818117e-04 2.980922581627964973e-04 5.019934615120291710e-04
9.521189928054809570e-01 9.521189928054809570e-01 2.088316716253757477e-03 4.276446125004440546e-04 3.159767657052725554e-04 5.071678315289318562e-04
9.500870108604431152e-01 9.500870108604431152e-01 2.328399103134870529e-03 4.378471930976957083e-04 3.354245855007320642e-04 5.231575923971831799e-04
9.475983977317810059e-01 9.475983977317810059e-01 2.474764827638864517e-03 4.690224595833569765e-04 3.489616210572421551e-04 5.432449979707598686e-04
9.433643221855163574e-01 9.433643221855163574e-01 2.730538835749030113e-03 5.167669150978326797e-04 3.558776516001671553e-04 5.658841691911220551e-04
9.416133165359497070e-01 9.416133165359497070e-01 2.714355476200580597e-03 5.650899838656187057e-04 3.605117090046405792e-04 5.626917700283229351e-04
9.405137896537780762e-01 9.405137896537780762e-01 2.707104198634624481e-03 5.993753438815474510e-04 3.617196052800863981e-04 5.738143809139728546e-04
9.402160048484802246e-01 9.402160048484802246e-01 2.739907940849661827e-03 6.159019540064036846e-04 3.619355848059058189e-04 5.765493842773139477e-04
9.386749863624572754e-01 9.386749863624572754e-01 2.704747719690203667e-03 6.325375288724899292e-04 3.697143984027206898e-04 5.654583219438791275e-04
9.389197826385498047e-01 9.389197826385498047e-01 2.665780717507004738e-03 6.559784524142742157e-04 3.658506029751151800e-04 5.642771720886230469e-04
9.364833831787109375e-01 9.364833831787109375e-01 2.419293159618973732e-03 7.458342588506639004e-04 3.504286578390747309e-04 5.743818474002182484e-04
9.356205463409423828e-01 9.356205463409423828e-01 2.464908175170421600e-03 7.494320161640644073e-04 3.627624828368425369e-04 5.588533822447061539e-04
9.358453750610351562e-01 9.358453750610351562e-01 2.333104843273758888e-03 7.765662739984691143e-04 3.583515353966504335e-04 5.552226211875677109e-04
9.340247511863708496e-01 9.340247511863708496e-01 2.159708645194768906e-03 8.844259427860379219e-04 3.528074594214558601e-04 5.556665710173547268e-04
9.343672394752502441e-01 9.343672394752502441e-01 2.082966966554522514e-03 9.181454079225659370e-04 3.497398574836552143e-04 5.616327398456633091e-04
9.350761175155639648e-01 9.350761175155639648e-01 2.000049222260713577e-03 9.404455195181071758e-04 3.492686082608997822e-04 5.460328538902103901e-04
9.332523941993713379e-01 9.332523941993713379e-01 1.983078895136713982e-03 1.017659902572631836e-03 3.619516210164874792e-04 5.570793873630464077e-04
9.324281811714172363e-01 9.324281811714172363e-01 1.926756114698946476e-03 1.056428882293403149e-03 3.622254589572548866e-04 5.589658976532518864e-04
9.288330674171447754e-01 9.288330674171447754e-01 1.975562656298279762e-03 1.139556872658431530e-03 3.769109607674181461e-04 5.794647149741649628e-04
9.263918399810791016e-01 9.263918399810791016e-01 1.986278919503092766e-03 1.196047873236238956e-03 3.880661388393491507e-04 5.868616281077265739e-04
9.240674972534179688e-01 9.240674972534179688e-01 2.021993743255734444e-03 1.252349698916077614e-03 3.981209301855415106e-04 5.995295941829681396e-04
9.218005537986755371e-01 9.218005537986755371e-01 2.080633305013179779e-03 1.321330782957375050e-03 4.048241244163364172e-04 6.309318705461919308e-04
9.180057644844055176e-01 9.180057644844055176e-01 2.124037593603134155e-03 1.427928800694644451e-03 4.095261392649263144e-04 6.636753096245229244e-04
9.155348539352416992e-01 9.155348539352416992e-01 2.097616437822580338e-03 1.413244288414716721e-03 4.178074304945766926e-04 6.646015681326389313e-04
9.132599830627441406e-01 9.132599830627441406e-01 2.227829769253730774e-03 1.448715338483452797e-03 4.219799011480063200e-04 6.715712952427566051e-04
9.081313610076904297e-01 9.081313610076904297e-01 2.147644059732556343e-03 1.572027103975415230e-03 4.264347953721880913e-04 7.183885318227112293e-04
