1.125599723309278488e-03
9.987928867340087891e-01
9.994124174118041992e-01
9.983434677124023438e-01
9.986553192138671875e-01
9.990959167480468750e-01
9.992619156837463379e-01
9.992978572845458984e-01
9.992423057556152344e-01
9.990760087966918945e-01
9.990940093994140625e-01
9.990931749343872070e-01
9.991049170494079590e-01
9.991546869277954102e-01
9.991432428359985352e-01
9.991637468338012695e-01
9.992054104804992676e-01
9.992252588272094727e-01
9.992640614509582520e-01
9.992823004722595215e-01
9.992726445198059082e-01
9.992722868919372559e-01
9.992669224739074707e-01
9.992612004280090332e-01
9.992524981498718262e-01
9.992450475692749023e-01
9.992382526397705078e-01
9.992027878761291504e-01
9.991930127143859863e-01
9.991790652275085449e-01
9.991770386695861816e-01
9.991577863693237305e-01
9.991317391395568848e-01
9.991058707237243652e-01
9.990974664688110352e-01
9.990824460983276367e-01
9.990832805633544922e-01
9.990807771682739258e-01
9.990647435188293457e-01
9.990304708480834961e-01
9.990130662918090820e-01
9.989957213401794434e-01
9.989525079727172852e-01
9.989658594131469727e-01
9.989481568336486816e-01
9.989487528800964355e-01
9.989452958106994629e-01
9.989213943481445312e-01
9.989025592803955078e-01
9.988884329795837402e-01
9.988501071929931641e-01
