1.706473558442667127e-04 1.706473558442667127e-04 1.510168513050302863e-04 3.196859324816614389e-04 2.551906974986195564e-03 2.395823830738663673e-04
2.411764726275578141e-04 2.411764726275578141e-04 1.406213385052978992e-03 1.698432970442809165e-05 1.880967756733298302e-04 6.375197699526324868e-05
4.270084798336029053e-01 4.270084798336029053e-01 1.003616899251937866e-01 7.495378376916050911e-04 1.464780536480247974e-03 1.169470953755080700e-03
5.667709708213806152e-01 5.667709708213806152e-01 1.486882120370864868e-01 1.033061766065657139e-03 2.022014698013663292e-03 1.115494989790022373e-03
7.825706005096435547e-01 7.825706005096435547e-01 8.794956654310226440e-02 1.129527925513684750e-03 1.930036931298673153e-03 9.525835048407316208e-04
9.005045890808105469e-01 9.005045890808105469e-01 3.369306772947311401e-02 1.440014457330107689e-03 2.123286249116063118e-03 1.406673341989517212e-03
9.049499034881591797e-01 9.049499034881591797e-01 2.158795669674873352e-02 2.440327778458595276e-03 2.720145508646965027e-03 2.323191380128264427e-03
8.743733763694763184e-01 8.743733763694763184e-01 1.873285882174968719e-02 3.047859296202659607e-03 3.651899751275777817e-03 3.811702597886323929e-03
8.586411476135253906e-01 8.586411476135253906e-01 1.562901958823204041e-02 3.484836546704173088e-03 4.047992173582315445e-03 5.381218157708644867e-03
8.417754769325256348e-01 8.417754769325256348e-01 1.502187550067901611e-02 4.550904966890811920e-03 3.970834892243146896e-03 6.423624698072671890e-03
8.456058502197265625e-01 8.456058502197265625e-01 1.508091669529676437e-02 4.308634437620639801e-03 4.250039346516132355e-03 6.211372558027505875e-03
8.458424806594848633e-01 8.458424806594848633e-01 1.510259695351123810e-02 4.069408867508172989e-03 3.719611326232552528e-03 6.498609669506549835e-03
8.369563817977905273e-01 8.369563817977905273e-01 1.555009186267852783e-02 3.676377702504396439e-03 3.835590789094567299e-03 6.821394432336091995e-03
8.316539525985717773e-01 8.316539525985717773e-01 1.560263615101575851e-02 4.030100069940090179e-03 3.892337437719106674e-03 6.890524644404649734e-03
8.353533744812011719e-01 8.353533744812011719e-01 1.531239505857229233e-02 4.237122833728790283e-03 3.794374410063028336e-03 6.963874213397502899e-03
8.235491514205932617e-01 8.235491514205932617e-01 1.579425111413002014e-02 4.624677356332540512e-03 4.354163073003292084e-03 7.343972567468881607e-03
8.126909136772155762e-01 8.126909136772155762e-01 1.601005159318447113e-02 4.685199353843927383e-03 4.875938408076763153e-03 7.950335741043090820e-03
8.074198961257934570e-01 8.074198961257934570e-01 1.647230610251426697e-02 4.789213184267282486e-03 5.162371322512626648e-03 8.340317755937576294e-03
8.089637160301208496e-01 8.089637160301208496e-01 1.654269173741340637e-02 4.516979679465293884e-03 5.880173761397600174e-03 8.324520662426948547e-03
8.047202229499816895e-01 8.047202229499816895e-01 1.669571734964847565e-02 4.920989740639925003e-03 6.217232905328273773e-03 8.933996781706809998e-03
8.013964295387268066e-01 8.013964295387268066e-01 1.608205214142799377e-02 5.538183730095624924e-03 6.739018484950065613e-03 9.614009410142898560e-03
8.097876310348510742e-01 8.097876310348510742e-01 1.573188602924346924e-02 5.739734973758459091e-03 6.775168236345052719e-03 8.791958913207054138e-03
8.071501851081848145e-01 8.071501851081848145e-01 1.457397174090147018e-02 6.877438165247440338e-03 6.497802212834358215e-03 9.317022748291492462e-03
8.058472275733947754e-01 8.058472275733947754e-01 1.428475789725780487e-02 7.186158094555139542e-03 6.714596413075923920e-03 9.053849615156650543e-03
8.102473020553588867e-01 8.102473020553588867e-01 1.340203452855348587e-02 8.361359126865863800e-03 6.241491995751857758e-03 8.511908352375030518e-03
8.029934167861938477e-01 8.029934167861938477e-01 1.262368820607662201e-02 9.709781967103481293e-03 6.403578445315361023e-03 8.871347643435001373e-03
8.036155104637145996e-01 8.036155104637145996e-01 1.292883884161710739e-02 1.048076618462800980e-02 6.294748280197381973e-03 8.824937045574188232e-03
8.006499409675598145e-01 8.006499409675598145e-01 1.265635900199413300e-02 1.127411238849163055e-02 6.435682531446218491e-03 8.970001712441444397e-03
7.992407679557800293e-01 7.992407679557800293e-01 1.263140980154275894e-02 1.159524545073509216e-02 6.672246847301721573e-03 8.810973726212978363e-03
7.958353757858276367e-01 7.958353757858276367e-01 1.321342866867780685e-02 1.142850331962108612e-02 6.809055805206298828e-03 8.669135160744190216e-03
7.859120368957519531e-01 7.859120368957519531e-01 1.358947157859802246e-02 1.253793761134147644e-02 7.362060248851776123e-03 8.794190362095832825e-03
7.830089330673217773e-01 7.830089330673217773e-01 1.383734028786420822e-02 1.267824880778789520e-02 6.948429159820079803e-03 8.647667244076728821e-03
7.809216380119323730e-01 7.809216380119323730e-01 1.411774288862943649e-02 1.274285279214382172e-02 7.151228841394186020e-03 8.790535852313041687e-03
7.854282259941101074e-01 7.854282259941101074e-01 1.395666226744651794e-02 1.255432609468698502e-02 7.093031890690326691e-03 8.487459272146224976e-03
7.781250476837158203e-01 7.781250476837158203e-01 1.412367634475231171e-02 1.374677009880542755e-02 7.214448880404233932e-03 8.773514069616794586e-03
7.788270115852355957e-01 7.788270115852355957e-01 1.369727309793233871e-02 1.469138544052839279e-02 6.816993933171033859e-03 8.621194399893283844e-03
7.777968049049377441e-01 7.777968049049377441e-01 1.378483790904283524e-02 1.489297207444906235e-02 6.561212241649627686e-03 8.862071670591831207e-03
7.815210819244384766e-01 7.815210819244384766e-01 1.377737801522016525e-02 1.431246660649776459e-02 6.715629715472459793e-03 8.421985432505607605e-03
7.815769314765930176e-01 7.815769314765930176e-01 1.401558797806501389e-02 1.398930046707391739e-02 6.471521221101284027e-03 8.595468476414680481e-03
7.812993526458740234e-01 7.812993526458740234e-01 1.362044271081686020e-02 1.419132482260465622e-02 6.353051401674747467e-03 8.513983339071273804e-03
7.777042388916015625e-01 7.777042388916015625e-01 1.359759923070669174e-02 1.524853520095348358e-02 6.456070113927125931e-03 8.350290358066558838e-03
7.819745540618896484e-01 7.819745540618896484e-01 1.349250879138708115e-02 1.412130892276763916e-02 6.162363570183515549e-03 8.457458578050136566e-03
7.839371562004089355e-01 7.839371562004089355e-01 1.365045178681612015e-02 1.373915839940309525e-02 6.099276244640350342e-03 8.639243431389331818e-03
7.862986326217651367e-01 7.862986326217651367e-01 1.340274047106504440e-02 1.432641223073005676e-02 5.997827276587486267e-03 8.229970932006835938e-03
7.853206992149353027e-01 7.853206992149353027e-01 1.289827283471822739e-02 1.513430383056402206e-02 5.766074173152446747e-03 7.998369634151458740e-03
7.861421108245849609e-01 7.861421108245849609e-01 1.253713481128215790e-02 1.572164148092269897e-02 5.645222496241331100e-03 7.652735803276300430e-03
7.841996550559997559e-01 7.841996550559997559e-01 1.258524879813194275e-02 1.627781055867671967e-02 5.543107632547616959e-03 7.788162678480148315e-03
7.840354442596435547e-01 7.840354442596435547e-01 1.276998501271009445e-02 1.620640233159065247e-02 5.694238934665918350e-03 7.601629011332988739e-03
7.819742560386657715e-01 7.819742560386657715e-01 1.279398892074823380e-02 1.670622825622558594e-02 5.401050671935081482e-03 7.483125198632478714e-03
7.799443602561950684e-01 7.799443602561950684e-01 1.276757009327411652e-02 1.662742160260677338e-02 5.363259930163621902e-03 7.370419334620237350e-03
7.820340394973754883e-01 7.820340394973754883e-01 1.280042994767427444e-02 1.659041456878185272e-02 5.313417874276638031e-03 7.134458981454372406e-03
