7.000000000000000000e+02 5.490000000000000000e+02 7.800000000000000000e+01 3.180000000000000000e+02 7.720000000000000000e+02
6.530000000000000000e+02 5.030000000000000000e+02 6.260000000000000000e+02 8.040000000000000000e+02 7.730000000000000000e+02
6.260000000000000000e+02 7.470000000000000000e+02 4.730000000000000000e+02 8.040000000000000000e+02 6.310000000000000000e+02
6.260000000000000000e+02 7.600000000000000000e+02 6.290000000000000000e+02 4.730000000000000000e+02 4.820000000000000000e+02
6.260000000000000000e+02 7.600000000000000000e+02 6.290000000000000000e+02 6.510000000000000000e+02 4.730000000000000000e+02
7.600000000000000000e+02 6.260000000000000000e+02 8.270000000000000000e+02 6.510000000000000000e+02 7.710000000000000000e+02
7.600000000000000000e+02 8.270000000000000000e+02 6.510000000000000000e+02 5.500000000000000000e+02 4.730000000000000000e+02
7.600000000000000000e+02 8.270000000000000000e+02 6.510000000000000000e+02 5.500000000000000000e+02 4.730000000000000000e+02
7.600000000000000000e+02 8.270000000000000000e+02 6.510000000000000000e+02 5.500000000000000000e+02 4.730000000000000000e+02
7.600000000000000000e+02 8.270000000000000000e+02 6.510000000000000000e+02 5.500000000000000000e+02 7.070000000000000000e+02
7.600000000000000000e+02 8.270000000000000000e+02 6.510000000000000000e+02 5.500000000000000000e+02 7.070000000000000000e+02
7.600000000000000000e+02 8.270000000000000000e+02 6.510000000000000000e+02 5.500000000000000000e+02 7.070000000000000000e+02
7.600000000000000000e+02 8.270000000000000000e+02 6.510000000000000000e+02 5.500000000000000000e+02 7.070000000000000000e+02
7.600000000000000000e+02 8.270000000000000000e+02 6.510000000000000000e+02 5.500000000000000000e+02 7.070000000000000000e+02
7.600000000000000000e+02 8.270000000000000000e+02 6.510000000000000000e+02 5.500000000000000000e+02 7.070000000000000000e+02
7.600000000000000000e+02 8.270000000000000000e+02 6.510000000000000000e+02 5.500000000000000000e+02 7.070000000000000000e+02
7.600000000000000000e+02 8.270000000000000000e+02 6.510000000000000000e+02 5.500000000000000000e+02 7.070000000000000000e+02
7.600000000000000000e+02 8.270000000000000000e+02 6.510000000000000000e+02 5.500000000000000000e+02 7.070000000000000000e+02
7.600000000000000000e+02 6.510000000000000000e+02 8.270000000000000000e+02 5.500000000000000000e+02 7.070000000000000000e+02
7.600000000000000000e+02 6.510000000000000000e+02 8.270000000000000000e+02 5.500000000000000000e+02 7.070000000000000000e+02
7.600000000000000000e+02 6.510000000000000000e+02 8.270000000000000000e+02 5.500000000000000000e+02 7.070000000000000000e+02
7.600000000000000000e+02 6.510000000000000000e+02 8.270000000000000000e+02 5.500000000000000000e+02 7.070000000000000000e+02
7.600000000000000000e+02 6.510000000000000000e+02 8.270000000000000000e+02 5.500000000000000000e+02 7.070000000000000000e+02
7.600000000000000000e+02 6.510000000000000000e+02 8.270000000000000000e+02 5.500000000000000000e+02 7.070000000000000000e+02
7.600000000000000000e+02 6.510000000000000000e+02 8.270000000000000000e+02 5.500000000000000000e+02 7.070000000000000000e+02
7.600000000000000000e+02 6.510000000000000000e+02 8.270000000000000000e+02 5.500000000000000000e+02 7.070000000000000000e+02
7.600000000000000000e+02 6.510000000000000000e+02 8.270000000000000000e+02 5.500000000000000000e+02 7.070000000000000000e+02
7.600000000000000000e+02 6.510000000000000000e+02 8.270000000000000000e+02 5.500000000000000000e+02 7.070000000000000000e+02
7.600000000000000000e+02 6.510000000000000000e+02 8.270000000000000000e+02 5.500000000000000000e+02 7.070000000000000000e+02
7.600000000000000000e+02 6.510000000000000000e+02 8.270000000000000000e+02 5.500000000000000000e+02 7.070000000000000000e+02
7.600000000000000000e+02 6.510000000000000000e+02 8.270000000000000000e+02 5.500000000000000000e+02 7.070000000000000000e+02
7.600000000000000000e+02 6.510000000000000000e+02 8.270000000000000000e+02 5.500000000000000000e+02 7.070000000000000000e+02
7.600000000000000000e+02 6.510000000000000000e+02 8.270000000000000000e+02 7.070000000000000000e+02 5.500000000000000000e+02
7.600000000000000000e+02 6.510000000000000000e+02 8.270000000000000000e+02 7.070000000000000000e+02 5.500000000000000000e+02
7.600000000000000000e+02 6.510000000000000000e+02 8.270000000000000000e+02 7.070000000000000000e+02 5.500000000000000000e+02
7.600000000000000000e+02 6.510000000000000000e+02 8.270000000000000000e+02 7.070000000000000000e+02 5.500000000000000000e+02
7.600000000000000000e+02 6.510000000000000000e+02 8.270000000000000000e+02 7.070000000000000000e+02 5.500000000000000000e+02
7.600000000000000000e+02 6.510000000000000000e+02 8.270000000000000000e+02 7.070000000000000000e+02 5.500000000000000000e+02
7.600000000000000000e+02 6.510000000000000000e+02 8.270000000000000000e+02 7.070000000000000000e+02 5.500000000000000000e+02
7.600000000000000000e+02 6.510000000000000000e+02 8.270000000000000000e+02 7.070000000000000000e+02 5.500000000000000000e+02
7.600000000000000000e+02 6.510000000000000000e+02 8.270000000000000000e+02 7.070000000000000000e+02 5.500000000000000000e+02
7.600000000000000000e+02 6.510000000000000000e+02 8.270000000000000000e+02 7.070000000000000000e+02 5.500000000000000000e+02
7.600000000000000000e+02 6.510000000000000000e+02 8.270000000000000000e+02 7.070000000000000000e+02 5.500000000000000000e+02
7.600000000000000000e+02 6.510000000000000000e+02 8.270000000000000000e+02 7.070000000000000000e+02 5.500000000000000000e+02
7.600000000000000000e+02 6.510000000000000000e+02 8.270000000000000000e+02 7.070000000000000000e+02 5.500000000000000000e+02
7.600000000000000000e+02 6.510000000000000000e+02 8.270000000000000000e+02 7.070000000000000000e+02 5.500000000000000000e+02
7.600000000000000000e+02 6.510000000000000000e+02 8.270000000000000000e+02 7.070000000000000000e+02 5.500000000000000000e+02
7.600000000000000000e+02 6.510000000000000000e+02 8.270000000000000000e+02 7.070000000000000000e+02 5.500000000000000000e+02
7.600000000000000000e+02 6.510000000000000000e+02 8.270000000000000000e+02 7.070000000000000000e+02 5.500000000000000000e+02
7.600000000000000000e+02 6.510000000000000000e+02 8.270000000000000000e+02 7.070000000000000000e+02 5.500000000000000000e+02
7.600000000000000000e+02 6.510000000000000000e+02 8.270000000000000000e+02 7.070000000000000000e+02 5.500000000000000000e+02
