          0  0.07720385 11.12360954
        100  0.00797078 20.98499489
        200  0.00626256 22.03248024
        300  0.00520098 22.83914566
        400  0.00451825 23.45029259
        500  0.00411329 23.85810471
        600  0.00370652 24.31033134
        700  0.00338453 24.70502090
        800  0.00315604 25.00856781
        900  0.00294945 25.30259323
       1000  0.00273023 25.63800049
       1100  0.00263513 25.79198647
       1200  0.00249094 26.03635979
       1300  0.00230522 26.37287521
       1400  0.00216564 26.64413643
       1500  0.00211984 26.73697281
       1600  0.00199993 26.98984528
       1700  0.00186614 27.29055214
       1800  0.00180375 27.43824387
       1900  0.00172913 27.62173271
       2000  0.00169241 27.71494102
       2100  0.00156190 28.06347847
       2200  0.00151356 28.19999886
       2300  0.00154103 28.12187958
       2400  0.00137319 28.62269592
       2500  0.00151071 28.20818520
       2600  0.00125141 29.02599907
       2700  0.00120112 29.20414734
       2800  0.00118687 29.25597572
       2900  0.00115875 29.36009216
       3000  0.00105515 29.76687622
       3100  0.00101360 29.94131660
       3200  0.00101544 29.93347740
       3300  0.00094226 30.25828743
       3400  0.00096108 30.17238998
       3500  0.00087630 30.57347488
       3600  0.00084314 30.74100685
       3700  0.00078518 31.05032158
       3800  0.00080744 30.92890739
       3900  0.00074655 31.26943016
       4000  0.00073079 31.36204720
       4100  0.00067297 31.72002983
       4200  0.00065884 31.81221581
       4300  0.00066485 31.77277184
       4400  0.00061134 32.13717651
       4500  0.00069973 31.55070877
       4600  0.00056136 32.50757980
       4700  0.00057572 32.39787674
       4800  0.00050819 32.93972015
       4900  0.00050176 32.99501801
       5000  0.00051831 32.85408783
