2.621077874209731817e-04 2.621077874209731817e-04 5.880832322873175144e-04 9.538333979435265064e-04 1.938222092576324940e-03 5.824770196340978146e-04
1.352637540549039841e-03 1.352637540549039841e-03 1.010301057249307632e-03 1.803203718736767769e-03 1.160356216132640839e-03 4.992170725017786026e-04
1.952101737260818481e-01 1.952101737260818481e-01 1.030845865607261658e-01 3.580340147018432617e-01 1.693247631192207336e-02 1.242529507726430893e-02
1.381232142448425293e-01 1.381232142448425293e-01 3.930419683456420898e-02 2.438741922378540039e-01 9.806352853775024414e-02 3.603991493582725525e-02
1.274469941854476929e-01 1.274469941854476929e-01 2.759804949164390564e-02 2.285887897014617920e-01 1.152705997228622437e-01 2.261599525809288025e-02
3.923008963465690613e-02 3.923008963465690613e-02 1.315812952816486359e-02 1.720372885465621948e-01 3.648991286754608154e-01 1.497144624590873718e-02
2.808373607695102692e-02 2.808373607695102692e-02 9.755901992321014404e-03 2.276113927364349365e-01 3.614427447319030762e-01 1.301505882292985916e-02
2.694809250533580780e-02 2.694809250533580780e-02 7.280000019818544388e-03 2.027889639139175415e-01 3.289755582809448242e-01 1.874495297670364380e-02
3.297602385282516479e-02 3.297602385282516479e-02 7.782632485032081604e-03 1.951940357685089111e-01 3.138137161731719971e-01 3.075393661856651306e-02
2.549093030393123627e-02 2.549093030393123627e-02 5.913196131587028503e-03 1.611247062683105469e-01 4.907239973545074463e-01 2.344004064798355103e-02
2.809142135083675385e-02 2.809142135083675385e-02 6.409382913261651993e-03 1.933897882699966431e-01 5.063272118568420410e-01 2.145722135901451111e-02
2.826578542590141296e-02 2.826578542590141296e-02 7.356126792728900909e-03 2.383242249488830566e-01 5.200150609016418457e-01 1.814135164022445679e-02
4.293521121144294739e-02 4.293521121144294739e-02 1.022300310432910919e-02 3.671027123928070068e-01 4.258072078227996826e-01 1.557388622313737869e-02
5.886555463075637817e-02 5.886555463075637817e-02 1.301102712750434875e-02 4.639072418212890625e-01 3.324133455753326416e-01 1.229794602841138840e-02
6.441825628280639648e-02 6.441825628280639648e-02 1.294384431093931198e-02 4.475259482860565186e-01 3.532145023345947266e-01 1.104599703103303909e-02
6.742351502180099487e-02 6.742351502180099487e-02 1.434286963194608688e-02 4.712887406349182129e-01 3.189157545566558838e-01 1.081016752868890762e-02
7.246358692646026611e-02 7.246358692646026611e-02 1.589912734925746918e-02 5.298981070518493652e-01 2.658796608448028564e-01 8.673341944813728333e-03
7.281375676393508911e-02 7.281375676393508911e-02 1.617079786956310272e-02 5.164613127708435059e-01 2.778534889221191406e-01 7.760732434689998627e-03
7.373789697885513306e-02 7.373789697885513306e-02 1.599782332777976990e-02 4.976594150066375732e-01 2.978068888187408447e-01 6.910937838256359100e-03
6.815733760595321655e-02 6.815733760595321655e-02 1.440293900668621063e-02 4.774554073810577393e-01 3.329795300960540771e-01 5.883719306439161301e-03
6.995052099227905273e-02 6.995052099227905273e-02 1.501657813787460327e-02 5.226219892501831055e-01 2.872841060161590576e-01 5.693036131560802460e-03
6.470420211553573608e-02 6.470420211553573608e-02 1.468966715037822723e-02 5.197651386260986328e-01 3.001879453659057617e-01 5.287887062877416611e-03
6.418360769748687744e-02 6.418360769748687744e-02 1.396000478416681290e-02 4.704679250717163086e-01 3.476249277591705322e-01 5.388195626437664032e-03
6.111417338252067566e-02 6.111417338252067566e-02 1.258244179189205170e-02 4.472332298755645752e-01 3.819147646427154541e-01 5.203651729971170425e-03
5.478299409151077271e-02 5.478299409151077271e-02 1.217666361480951309e-02 4.649975597858428955e-01 3.760296404361724854e-01 4.784096032381057739e-03
5.588939785957336426e-02 5.588939785957336426e-02 1.257161889225244522e-02 4.677795171737670898e-01 3.727557659149169922e-01 4.605944268405437469e-03
6.187019124627113342e-02 6.187019124627113342e-02 1.384271122515201569e-02 4.836447238922119141e-01 3.490109741687774658e-01 4.853809252381324768e-03
6.696899235248565674e-02 6.696899235248565674e-02 1.469127368181943893e-02 5.245279073715209961e-01 3.020319938659667969e-01 4.918616730719804764e-03
6.929744035005569458e-02 6.929744035005569458e-02 1.617099530994892120e-02 5.479263067245483398e-01 2.716151475906372070e-01 4.972065798938274384e-03
7.311608642339706421e-02 7.311608642339706421e-02 1.732663437724113464e-02 5.687614083290100098e-01 2.451927661895751953e-01 4.946706350892782211e-03
7.361380755901336670e-02 7.361380755901336670e-02 1.751254498958587646e-02 5.737503767013549805e-01 2.389289736747741699e-01 5.291741341352462769e-03
7.635618001222610474e-02 7.635618001222610474e-02 1.911387406289577484e-02 6.192373037338256836e-01 1.958567798137664795e-01 5.383137147873640060e-03
7.788688689470291138e-02 7.788688689470291138e-02 1.966052129864692688e-02 6.025820374488830566e-01 2.056689709424972534e-01 5.459729582071304321e-03
7.577063888311386108e-02 7.577063888311386108e-02 1.866541244089603424e-02 5.936015248298645020e-01 2.170176804065704346e-01 5.567601881921291351e-03
7.952807843685150146e-02 7.952807843685150146e-02 1.964846625924110413e-02 5.931206941604614258e-01 2.082818001508712769e-01 5.935235414654016495e-03
8.445931226015090942e-02 8.445931226015090942e-02 2.023995667695999146e-02 6.200787425041198730e-01 1.771106421947479248e-01 5.961888004094362259e-03
8.655086159706115723e-02 8.655086159706115723e-02 2.098641917109489441e-02 6.197790503501892090e-01 1.704426407814025879e-01 6.299676373600959778e-03
8.625433593988418579e-02 8.625433593988418579e-02 2.151654101908206940e-02 6.382556557655334473e-01 1.531717032194137573e-01 6.278482731431722641e-03
9.503114223480224609e-02 9.503114223480224609e-02 2.143525332212448120e-02 6.457417011260986328e-01 1.354513913393020630e-01 6.451848428696393967e-03
9.480223059654235840e-02 9.480223059654235840e-02 2.116418443620204926e-02 6.336477398872375488e-01 1.447768211364746094e-01 6.474146619439125061e-03
9.471363574266433716e-02 9.471363574266433716e-02 2.171883173286914825e-02 6.378669738769531250e-01 1.389677971601486206e-01 6.699994672089815140e-03
9.814027696847915649e-02 9.814027696847915649e-02 2.142702788114547729e-02 6.375156641006469727e-01 1.362676620483398438e-01 6.710877176374197006e-03
9.232268482446670532e-02 9.232268482446670532e-02 2.085621468722820282e-02 6.316124200820922852e-01 1.456657350063323975e-01 6.942288950085639954e-03
9.032875299453735352e-02 9.032875299453735352e-02 2.113490551710128784e-02 6.173341870307922363e-01 1.599236875772476196e-01 6.977060344070196152e-03
8.798960596323013306e-02 8.798960596323013306e-02 2.117360383272171021e-02 6.192333102226257324e-01 1.613369733095169067e-01 7.113580126315355301e-03
9.423891454935073853e-02 9.423891454935073853e-02 2.110642194747924805e-02 6.148801445960998535e-01 1.565378159284591675e-01 7.175508420914411545e-03
9.038643538951873779e-02 9.038643538951873779e-02 2.048965170979499817e-02 5.926500558853149414e-01 1.771847754716873169e-01 7.389067206531763077e-03
8.653058856725692749e-02 8.653058856725692749e-02 2.030899934470653534e-02 5.793045759201049805e-01 1.897740066051483154e-01 8.031097240746021271e-03
9.046543389558792114e-02 9.046543389558792114e-02 2.091452665627002716e-02 6.012614369392395020e-01 1.670937687158584595e-01 7.684821262955665588e-03
9.641098976135253906e-02 9.641098976135253906e-02 2.136379107832908630e-02 5.931329131126403809e-01 1.684096753597259521e-01 7.874371483922004700e-03
9.393652528524398804e-02 9.393652528524398804e-02 2.123853191733360291e-02 5.873765945434570312e-01 1.733855903148651123e-01 8.126144297420978546e-03
