1.989396696444600821e-04 1.910477294586598873e-04 9.801491250982508063e-05 8.205541234929114580e-05 2.532456892367918044e-05 1.266113849851535633e-05
2.845621202141046524e-03 1.684835366904735565e-02 4.932166193611919880e-04 6.950840470381081104e-04 1.311951666139066219e-03 4.989164881408214569e-05
2.461580634117126465e-01 1.371882855892181396e-01 8.138382108882069588e-04 1.982675865292549133e-03 1.109479344449937344e-03 1.469968556193634868e-04
2.542521357536315918e-01 1.741946935653686523e-01 6.845224415883421898e-04 1.707902760244905949e-03 3.654100582934916019e-04 9.222498192684724927e-05
3.350558578968048096e-01 2.196784168481826782e-01 1.010481151752173901e-03 2.066336572170257568e-03 5.409556906670331955e-04 8.319603512063622475e-05
3.143163621425628662e-01 2.139254808425903320e-01 1.088519347831606865e-03 2.783568110316991806e-03 6.880391738377511501e-04 1.510242873337119818e-04
3.569134771823883057e-01 1.618960648775100708e-01 1.047972473315894604e-03 3.093968611210584641e-03 7.168534793891012669e-04 1.934857573360204697e-04
3.308673202991485596e-01 1.647768169641494751e-01 1.348492805846035480e-03 3.553284797817468643e-03 8.277596789412200451e-04 2.037224621744826436e-04
3.344025611877441406e-01 1.595333814620971680e-01 1.541286124847829342e-03 3.754104720428586006e-03 7.474623271264135838e-04 1.939838693942874670e-04
3.978644311428070068e-01 1.182604953646659851e-01 1.334572676569223404e-03 3.680062014609575272e-03 6.183879449963569641e-04 1.486481633037328720e-04
4.584091603755950928e-01 9.041257947683334351e-02 1.046971417963504791e-03 3.171465126797556877e-03 4.005530499853193760e-04 1.230245979968458414e-04
5.277395248413085938e-01 8.503940701484680176e-02 9.154750732704997063e-04 2.727605402469635010e-03 3.039914008695632219e-04 1.105216506402939558e-04
5.493608117103576660e-01 7.516433298587799072e-02 8.249626262113451958e-04 2.611817093566060066e-03 3.010528453160077333e-04 1.011599451885558665e-04
6.147022247314453125e-01 7.771702110767364502e-02 8.012552862055599689e-04 2.473325468599796295e-03 2.842923277057707310e-04 6.918100552866235375e-05
6.253798007965087891e-01 6.397248059511184692e-02 6.916149286553263664e-04 2.101637423038482666e-03 2.263419737573713064e-04 6.853521335870027542e-05
6.542174220085144043e-01 7.323844730854034424e-02 7.194322533905506134e-04 1.968530472368001938e-03 1.939570793183520436e-04 5.046709338785149157e-05
6.452599167823791504e-01 9.259839355945587158e-02 9.304687846451997757e-04 2.342981519177556038e-03 2.074997464660555124e-04 5.409372897702269256e-05
6.080106496810913086e-01 9.858324378728866577e-02 1.029441948048770428e-03 2.530116820707917213e-03 2.132320223608985543e-04 6.733350892318412662e-05
5.323113203048706055e-01 1.310740113258361816e-01 1.432705787010490894e-03 3.405411029234528542e-03 2.497417153790593147e-04 9.390874765813350677e-05
4.849266707897186279e-01 1.744171679019927979e-01 1.810821471735835075e-03 4.181700758635997772e-03 2.998354029841721058e-04 1.275923859793692827e-04
4.319612979888916016e-01 2.236005216836929321e-01 2.159134019166231155e-03 4.691095557063817978e-03 3.287698782514780760e-04 1.789278321666643023e-04
3.984208703041076660e-01 2.543867230415344238e-01 2.568390453234314919e-03 4.779737442731857300e-03 4.020974738523364067e-04 2.353009913349524140e-04
3.518615365028381348e-01 3.095507621765136719e-01 2.768670674413442612e-03 5.104081705212593079e-03 4.763605829793959856e-04 3.234561590943485498e-04
3.275621831417083740e-01 3.491223454475402832e-01 3.001055913046002388e-03 5.257291253656148911e-03 4.767083155456930399e-04 3.394019149709492922e-04
2.801314592361450195e-01 4.140738248825073242e-01 3.274481277912855148e-03 5.479944404214620590e-03 5.558034754358232021e-04 4.180505638942122459e-04
2.421068698167800903e-01 4.805658161640167236e-01 3.687726100906729698e-03 5.844077561050653458e-03 5.279049510136246681e-04 5.560812423937022686e-04
2.191120535135269165e-01 5.243843197822570801e-01 3.371100174263119698e-03 5.614410620182752609e-03 4.567265859805047512e-04 6.754099158570170403e-04
1.565280258655548096e-01 6.321744322776794434e-01 3.894765162840485573e-03 6.112017668783664703e-03 4.312503733672201633e-04 7.444586954079568386e-04
1.388793140649795532e-01 6.620609164237976074e-01 3.658319124951958656e-03 6.126502994447946548e-03 4.230892227496951818e-04 7.568143191747367382e-04
9.856145083904266357e-02 7.447862625122070312e-01 3.356957109645009041e-03 5.320026539266109467e-03 3.853820089716464281e-04 8.006789721548557281e-04
5.259587988257408142e-02 8.298348784446716309e-01 3.119986969977617264e-03 4.975223913788795471e-03 3.469177463557571173e-04 7.562359678559005260e-04
4.632470011711120605e-02 8.556452989578247070e-01 2.876910381019115448e-03 4.692427348345518112e-03 2.848459116648882627e-04 7.479775813408195972e-04
1.935007236897945404e-02 9.107054471969604492e-01 2.543364884331822395e-03 3.890318097546696663e-03 2.283246285514906049e-04 8.189339423552155495e-04
9.570392780005931854e-03 9.358838796615600586e-01 2.464710967615246773e-03 3.644044976681470871e-03 1.856809103628620505e-04 8.820322109386324883e-04
5.220363847911357880e-03 9.548510313034057617e-01 2.152359345927834511e-03 2.976516960188746452e-03 1.491785369580611587e-04 6.919166771695017815e-04
2.941189799457788467e-03 9.685885310173034668e-01 1.773421769030392170e-03 2.454142086207866669e-03 1.203702267957851291e-04 6.219955394044518471e-04
2.147694118320941925e-03 9.743747115135192871e-01 1.536141266115009785e-03 2.201428404077887535e-03 1.007336177281104028e-04 5.336599424481391907e-04
1.084952731616795063e-03 9.802700281143188477e-01 1.413274439983069897e-03 1.918628346174955368e-03 7.827035733498632908e-05 4.286999756004661322e-04
9.189600823447108269e-04 9.814720153808593750e-01 1.403153757564723492e-03 1.849739463068544865e-03 7.605172868352383375e-05 4.118774086236953735e-04
3.736381477210670710e-04 9.874835014343261719e-01 1.187025569379329681e-03 1.540050376206636429e-03 5.720202170778065920e-05 3.265995474066585302e-04
2.267214149469509721e-04 9.900986552238464355e-01 1.014632754959166050e-03 1.370328362099826336e-03 4.902077125734649599e-05 2.768365084193646908e-04
2.450118772685527802e-04 9.889590740203857422e-01 1.114418148063123226e-03 1.402541762217879295e-03 5.286049417918547988e-05 2.897531667258590460e-04
1.168493326986208558e-04 9.910484552383422852e-01 1.058277208358049393e-03 1.388440257869660854e-03 4.371765680843964219e-05 2.503095893189311028e-04
6.370057235471904278e-05 9.933331608772277832e-01 8.798533817753195763e-04 1.081044552847743034e-03 3.245155676268041134e-05 1.716466213110834360e-04
3.943515912396833301e-05 9.946217536926269531e-01 7.502983789891004562e-04 9.344403515569865704e-04 2.691078771022148430e-05 1.382624323014169931e-04
1.985220296774059534e-05 9.966521859169006348e-01 5.982005386613309383e-04 7.243184954859316349e-04 1.890210478450171649e-05 1.097169661079533398e-04
1.682829861238133162e-05 9.970557689666748047e-01 5.081704002805054188e-04 6.534894928336143494e-04 1.639587026147637516e-05 9.545871580485254526e-05
1.834443173720501363e-05 9.970287680625915527e-01 5.155577673576772213e-04 6.006650510244071484e-04 1.714736026769969612e-05 9.373517241328954697e-05
9.479260370426345617e-06 9.977586269378662109e-01 4.271057259757071733e-04 5.310152773745357990e-04 1.321631862083449960e-05 8.328344119945541024e-05
4.826712029171176255e-06 9.984564781188964844e-01 3.381311835255473852e-04 4.118402721360325813e-04 9.493872312305029482e-06 6.460070289904251695e-05
3.486389914542087354e-06 9.987028837203979492e-01 3.025832411367446184e-04 3.607961116358637810e-04 8.066415830398909748e-06 5.201921885600313544e-05
