6.136959418654441833e-04 2.628472400829195976e-03 1.414644531905651093e-03 3.620448696892708540e-04 2.978013071697205305e-04 7.182930130511522293e-03
5.548130348324775696e-02 5.117336753755807877e-03 2.167555612686555833e-05 3.364298891028738581e-06 1.176990281237522140e-05 4.009687690995633602e-04
9.705476164817810059e-01 1.414360851049423218e-02 1.271205564989941195e-05 2.073388714052271098e-07 4.777422759616456460e-07 2.587954986665863544e-05
9.895989894866943359e-01 9.305709041655063629e-03 6.991625014052260667e-06 2.731739279226985673e-08 2.833297685356228612e-08 2.125029368471587077e-06
9.764019250869750977e-01 2.277699299156665802e-02 6.225222932698670775e-06 2.014681577122701128e-08 2.455572634119107533e-08 9.021313758239557501e-07
9.743020534515380859e-01 2.533087506890296936e-02 4.706860181613592431e-06 5.322587259826150330e-09 8.078323787685803836e-09 2.985106277719751233e-07
9.734519124031066895e-01 2.631598152220249176e-02 5.102745490148663521e-06 1.686486172935985905e-09 2.455232017695152535e-09 9.420958946293467307e-08
9.749673008918762207e-01 2.484488300979137421e-02 6.151190518721705303e-06 7.430110415818091951e-10 1.200261334766139498e-09 9.487960994647437474e-08
9.786222577095031738e-01 2.123809978365898132e-02 5.010126642446266487e-06 2.923306041680007183e-10 6.460253998419318577e-10 5.752849574491847306e-08
9.820237755775451660e-01 1.785578392446041107e-02 6.390091584762558341e-06 1.584990749758929951e-10 4.058431368747505985e-10 3.765342526662607270e-08
9.807640314102172852e-01 1.912958547472953796e-02 7.376733265118673444e-06 1.327437604281556105e-10 3.607991960752343630e-10 3.019029648498872120e-08
9.722360372543334961e-01 2.765627950429916382e-02 9.234790923073887825e-06 1.119716472319787215e-10 3.124734082593505491e-10 2.432457257839359954e-08
9.544801115989685059e-01 4.540634155273437500e-02 1.099135715776355937e-05 1.059688378712841939e-10 3.735272091631713920e-10 2.355844941348550492e-08
9.261689186096191406e-01 7.372040301561355591e-02 1.184203210868872702e-05 9.365079545187171561e-11 3.276367788185297059e-10 2.323419145966454380e-08
9.033533930778503418e-01 9.653373062610626221e-02 1.163807246484793723e-05 9.822830049355246729e-11 3.539962767362681006e-10 2.323560011063818820e-08
8.331639766693115234e-01 1.667170375585556030e-01 1.454687844670843333e-05 1.005459882019721363e-10 3.934353676182666959e-10 2.563169587688207685e-08
7.155644893646240234e-01 2.843084931373596191e-01 1.678941953286994249e-05 1.130246798930478747e-10 4.968767064461587779e-10 3.331717124410715769e-08
5.672816038131713867e-01 4.326026737689971924e-01 1.569116830069106072e-05 1.142525588027076822e-10 5.194248364759346259e-10 3.502361778373597190e-08
4.019248187541961670e-01 5.979542732238769531e-01 1.661886199144646525e-05 1.298650492698172343e-10 7.264848167487514274e-10 4.886844351403851761e-08
2.530256211757659912e-01 7.468735575675964355e-01 1.582604090799577534e-05 1.048198750019935233e-10 6.313483069675385195e-10 4.372959239162810263e-08
1.748782396316528320e-01 8.250306248664855957e-01 1.487656754761701450e-05 9.741269596519330776e-11 6.413450881481708166e-10 4.592732949504352291e-08
9.778378158807754517e-02 9.021439552307128906e-01 1.377086209686240181e-05 7.649714889312875243e-11 5.729079988192609108e-10 4.000415998461903655e-08
6.600335985422134399e-02 9.339358210563659668e-01 1.252517540706321597e-05 6.568644933535594532e-11 5.879860487389976242e-10 3.390643854572772398e-08
3.348751738667488098e-02 9.664652347564697266e-01 1.167589107353705913e-05 6.201174296283085141e-11 6.078499370509860000e-10 2.987672331755675259e-08
1.745110005140304565e-02 9.825161695480346680e-01 8.652520591567736119e-06 5.035491468241559687e-11 5.164946248470414503e-10 2.333102422369393025e-08
8.375701494514942169e-03 9.915999174118041992e-01 6.532766747113782912e-06 4.912543635771093875e-11 4.918969120915051008e-10 2.511168339935920812e-08
5.030279979109764099e-03 9.949530959129333496e-01 4.834867468161974102e-06 3.898205369612384175e-11 3.756821798095444365e-10 1.828707318907163426e-08
2.102384343743324280e-03 9.978862404823303223e-01 3.682815531647065654e-06 3.292810121791056588e-11 3.351761090897298345e-10 1.506600355583032069e-08
1.285267295315861702e-03 9.987050294876098633e-01 3.516202013997826725e-06 2.949798738605124981e-11 3.162326511763069448e-10 1.424012197048796224e-08
6.004367023706436157e-04 9.993927478790283203e-01 2.514536390663124621e-06 2.751890902652487370e-11 2.830022882704952281e-10 1.323368969963212294e-08
2.794715401250869036e-04 9.997152686119079590e-01 2.296021648362511769e-06 2.003050329768552018e-11 2.268161908292043449e-10 9.209419893352333020e-09
1.081774244084954262e-04 9.998883008956909180e-01 1.592314674780936912e-06 1.537934189721479328e-11 1.916668490586914686e-10 7.118805545047734995e-09
4.400301986606791615e-05 9.999537467956542969e-01 1.130374812419177033e-06 1.263946759755274485e-11 1.249865488883727949e-10 5.222895893552959024e-09
2.021208820224273950e-05 9.999781847000122070e-01 8.318127697748423088e-07 9.002693555915097789e-12 9.342113888033409808e-11 4.047186585864892550e-09
8.822014024190139025e-06 9.999899864196777344e-01 6.330006954158307053e-07 7.240315985646006425e-12 7.115028705095838291e-11 3.118810765201374124e-09
4.182964858046034351e-06 9.999949932098388672e-01 5.068591804047173355e-07 5.434090243755518301e-12 5.933542546188164124e-11 2.805291332563797368e-09
1.959675728357979096e-06 9.999973773956298828e-01 3.317553876058809692e-07 3.902170687269945759e-12 3.493737937843022223e-11 1.920047454362361350e-09
8.444250170214218087e-07 9.999988079071044922e-01 2.854524439044325845e-07 2.881172514110352800e-12 2.919008784685317437e-11 1.315523578959698625e-09
3.375735673216695432e-07 9.999992847442626953e-01 1.865996068772801664e-07 2.252986642733989520e-12 2.342490611206837769e-11 1.100976532164565924e-09
1.935629683202932938e-07 9.999996423721313477e-01 1.415965442674860242e-07 1.662865483330333571e-12 1.743100976059341889e-11 8.478208690654298607e-10
7.142835301010563853e-08 9.999997615814208984e-01 1.042681532226197305e-07 1.327981669942135401e-12 1.347493557707357681e-11 7.024540948918911454e-10
3.238584156406432157e-08 9.999998807907104492e-01 8.389680061782200937e-08 1.009150662339974858e-12 8.875120256768287419e-12 5.103687472640672240e-10
1.442778962967850021e-08 9.999998807907104492e-01 5.965080873693295871e-08 9.293877516539095218e-13 6.905598488871067531e-12 4.146049337183654870e-10
6.253841000614102086e-09 1.000000000000000000e+00 4.331233682819402020e-08 7.958638088834124602e-13 5.439478728552771258e-12 3.783772462018220040e-10
2.597454029640289264e-09 1.000000000000000000e+00 3.257535396983257669e-08 5.793197410501604860e-13 4.220616044159353208e-12 2.427510414904077152e-10
1.031187801814326122e-09 1.000000000000000000e+00 2.523944431231939234e-08 4.101431379851389059e-13 3.071925309613976474e-12 1.900257451392661778e-10
6.102760519155481234e-10 1.000000000000000000e+00 2.336993354390415334e-08 4.248656819156454434e-13 2.924171104909389918e-12 1.788582476569544610e-10
2.278243982356542574e-10 1.000000000000000000e+00 1.622859535643783602e-08 3.179209011935218987e-13 1.911130975695840561e-12 1.395473042675732245e-10
1.134029120608559538e-10 1.000000000000000000e+00 1.260468174280049425e-08 2.034950035085039688e-13 1.335228152002376767e-12 9.936541173205526434e-11
5.599606889283847977e-11 1.000000000000000000e+00 1.188741460822484441e-08 1.738378457025527291e-13 1.205445465668475435e-12 6.631054039196726535e-11
2.417657914144388798e-11 1.000000000000000000e+00 8.835375098215081380e-09 1.272086955087306515e-13 9.001769056722619400e-13 6.212343139910814216e-11
