1.257297345515875214e-02
5.273545918724157344e-01
9.894930268917064842e-01
9.736429668612530675e-01
9.227937119788698350e-01
9.264301479954204499e-01
9.195373154151724737e-01
9.192768228175735024e-01
9.026847354565572523e-01
8.873643277683076480e-01
8.747084999368195390e-01
8.031570172629245441e-01
7.073338767933373683e-01
6.058793621601447077e-01
4.680243842111599384e-01
2.825911326598302686e-01
2.059857020765647473e-01
1.158465065001809402e-01
5.735265610996206909e-02
2.598743348861274477e-02
1.450408572298531040e-02
5.834756986945841863e-03
2.627271898323965162e-03
1.297360882315864040e-03
4.923139717002407521e-04
2.272808847217818980e-04
1.096774101146621744e-04
5.515936337486219428e-05
2.942029574541484149e-05
1.283342222231583673e-05
4.869513204215407005e-06
2.407589681403035834e-06
9.094426206914498801e-07
3.151217953604972010e-07
1.106107057062681935e-07
4.455996257830758677e-08
1.889750154269043717e-08
6.187043716633440870e-09
2.689750463147656451e-09
8.520521352513037438e-10
3.288858676419883796e-10
1.431642804965708830e-10
6.089421512306143622e-11
2.908850252655036643e-11
8.619068583770758737e-12
3.304209039205618517e-12
1.713698061320125761e-12
7.142233666020062094e-13
3.258102821792971425e-13
1.338791291044751278e-13
4.073483055326027693e-14
2.413156052434405536e-14
1.145273281015293461e-14
3.609215738324938948e-15
1.431554650999047875e-15
4.505787072098634208e-16
1.761457465881697699e-16
9.587266518950150401e-17
4.385986771102857366e-17
1.626969233447996648e-17
7.978024024935522731e-18
3.580501410043575926e-18
2.259193713046390843e-18
1.257059382158687220e-18
4.825385780245857693e-19
2.922472846130846315e-19
1.515944757427983976e-19
8.925584585635924847e-20
4.573797044337695055e-20
3.143462619206091498e-20
2.233564247200399634e-20
9.041455007680830895e-21
4.079765581443541774e-21
1.790300884679321638e-21
1.311705839294057876e-21
7.656851194216790259e-22
3.897779163118068970e-22
1.943464823504919945e-22
9.711661777901874364e-23
4.948599086847269543e-23
3.296269590775536538e-23
1.675619324854155133e-23
1.108464844756402361e-23
6.996539076110170968e-24
8.250678951959605522e-24
5.656899264284288195e-24
3.247629368773545848e-24
1.949610237212147202e-24
7.782910078268251899e-25
5.611630945117387364e-25
3.063694554145720395e-25
1.764296371422032126e-25
1.192993593290434240e-25
3.054796963413424271e-25
5.416646613767758648e-26
2.091776986919467888e-26
9.971305905546186167e-26
3.278742469287241841e-26
9.424974341514673653e-27
5.617995518516406555e-27
9.477665718540557727e-01
