2.316743498167887002e-04
3.275487558252100032e-03
1.286655534959225911e+00
1.614625095869827165e+00
1.571774637148076748e+00
1.438132657008503568e+00
1.315302026291252036e+00
1.314048451436761633e+00
1.193337298561561344e+00
1.009788015880291878e+00
8.197140647465123164e-01
6.481932310870911484e-01
4.575907031981950590e-01
2.807239213107166065e-01
1.752904499397389682e-01
1.025773610809868064e-01
5.102383752244415982e-02
2.930218557351958047e-02
1.216980155295144944e-02
5.482504974994186105e-03
2.857416915989941224e-03
1.408230841739179342e-03
7.249244703026090858e-04
3.102520246212163717e-04
1.310440773120237002e-04
4.915013873987959944e-05
2.254916317616920867e-05
1.035576208999337232e-05
4.166261792642198068e-06
1.872533264735404627e-06
9.532742163581401475e-07
3.791349122111318675e-07
1.579128550849178284e-07
4.847503794702691136e-08
1.633873023772047317e-08
4.994960512498087811e-09
1.812977811974381733e-09
7.160993771232721772e-10
2.457142432226658772e-10
1.064955921442161050e-10
3.594619178325396898e-11
1.260404883058156186e-11
4.420762360722300397e-12
2.393556851400951890e-12
7.698605448142863251e-13
2.160972625615742596e-13
7.092305495133356906e-14
2.352254117076720392e-14
1.105967038539043964e-14
3.289313470393236082e-15
1.845676485852045398e-15
