7.350000000000000000e+02 6.110000000000000000e+02 5.910000000000000000e+02 7.940000000000000000e+02 9.710000000000000000e+02
1.900000000000000000e+01 9.890000000000000000e+02 1.400000000000000000e+01 1.000000000000000000e+01 9.400000000000000000e+01
3.710000000000000000e+02 3.700000000000000000e+02 3.820000000000000000e+02 3.730000000000000000e+02 3.800000000000000000e+02
3.710000000000000000e+02 3.700000000000000000e+02 2.860000000000000000e+02 2.870000000000000000e+02 3.840000000000000000e+02
3.710000000000000000e+02 3.700000000000000000e+02 2.860000000000000000e+02 3.800000000000000000e+02 3.750000000000000000e+02
3.710000000000000000e+02 3.700000000000000000e+02 2.860000000000000000e+02 3.750000000000000000e+02 3.800000000000000000e+02
3.710000000000000000e+02 3.700000000000000000e+02 3.750000000000000000e+02 3.800000000000000000e+02 3.730000000000000000e+02
3.710000000000000000e+02 3.700000000000000000e+02 3.800000000000000000e+02 3.750000000000000000e+02 3.730000000000000000e+02
3.710000000000000000e+02 3.700000000000000000e+02 3.800000000000000000e+02 3.750000000000000000e+02 3.730000000000000000e+02
3.710000000000000000e+02 3.700000000000000000e+02 3.800000000000000000e+02 3.750000000000000000e+02 3.730000000000000000e+02
3.710000000000000000e+02 3.700000000000000000e+02 3.800000000000000000e+02 3.730000000000000000e+02 3.750000000000000000e+02
3.710000000000000000e+02 3.700000000000000000e+02 3.800000000000000000e+02 3.730000000000000000e+02 3.750000000000000000e+02
3.710000000000000000e+02 3.700000000000000000e+02 3.800000000000000000e+02 3.730000000000000000e+02 3.750000000000000000e+02
3.710000000000000000e+02 3.700000000000000000e+02 3.800000000000000000e+02 3.730000000000000000e+02 3.750000000000000000e+02
3.710000000000000000e+02 3.700000000000000000e+02 3.800000000000000000e+02 3.730000000000000000e+02 3.740000000000000000e+02
3.710000000000000000e+02 3.700000000000000000e+02 3.800000000000000000e+02 3.730000000000000000e+02 3.740000000000000000e+02
3.710000000000000000e+02 3.700000000000000000e+02 3.800000000000000000e+02 3.730000000000000000e+02 3.740000000000000000e+02
3.710000000000000000e+02 3.700000000000000000e+02 3.800000000000000000e+02 3.730000000000000000e+02 3.740000000000000000e+02
3.710000000000000000e+02 3.700000000000000000e+02 3.800000000000000000e+02 3.730000000000000000e+02 3.740000000000000000e+02
3.710000000000000000e+02 3.700000000000000000e+02 3.800000000000000000e+02 3.740000000000000000e+02 3.730000000000000000e+02
3.710000000000000000e+02 3.700000000000000000e+02 3.800000000000000000e+02 3.740000000000000000e+02 3.730000000000000000e+02
3.710000000000000000e+02 3.700000000000000000e+02 3.800000000000000000e+02 3.740000000000000000e+02 3.730000000000000000e+02
3.710000000000000000e+02 3.700000000000000000e+02 3.800000000000000000e+02 3.740000000000000000e+02 3.730000000000000000e+02
3.710000000000000000e+02 3.700000000000000000e+02 3.740000000000000000e+02 3.800000000000000000e+02 3.730000000000000000e+02
3.710000000000000000e+02 3.700000000000000000e+02 3.740000000000000000e+02 3.800000000000000000e+02 3.730000000000000000e+02
3.710000000000000000e+02 3.700000000000000000e+02 3.800000000000000000e+02 3.740000000000000000e+02 3.730000000000000000e+02
3.710000000000000000e+02 3.700000000000000000e+02 3.800000000000000000e+02 3.740000000000000000e+02 3.760000000000000000e+02
3.710000000000000000e+02 3.700000000000000000e+02 3.760000000000000000e+02 3.800000000000000000e+02 3.740000000000000000e+02
3.710000000000000000e+02 3.700000000000000000e+02 3.760000000000000000e+02 3.800000000000000000e+02 3.740000000000000000e+02
3.710000000000000000e+02 3.700000000000000000e+02 3.760000000000000000e+02 3.800000000000000000e+02 3.740000000000000000e+02
3.710000000000000000e+02 3.700000000000000000e+02 3.760000000000000000e+02 3.800000000000000000e+02 3.740000000000000000e+02
3.710000000000000000e+02 3.700000000000000000e+02 3.760000000000000000e+02 3.800000000000000000e+02 3.730000000000000000e+02
3.710000000000000000e+02 3.700000000000000000e+02 3.760000000000000000e+02 3.800000000000000000e+02 3.730000000000000000e+02
3.710000000000000000e+02 3.700000000000000000e+02 3.760000000000000000e+02 3.800000000000000000e+02 3.740000000000000000e+02
3.710000000000000000e+02 3.760000000000000000e+02 3.700000000000000000e+02 3.800000000000000000e+02 3.730000000000000000e+02
3.710000000000000000e+02 3.760000000000000000e+02 3.700000000000000000e+02 3.730000000000000000e+02 3.800000000000000000e+02
3.710000000000000000e+02 3.760000000000000000e+02 3.700000000000000000e+02 3.730000000000000000e+02 3.800000000000000000e+02
3.710000000000000000e+02 3.760000000000000000e+02 3.700000000000000000e+02 3.730000000000000000e+02 3.740000000000000000e+02
3.710000000000000000e+02 3.760000000000000000e+02 3.700000000000000000e+02 3.730000000000000000e+02 3.740000000000000000e+02
3.710000000000000000e+02 3.760000000000000000e+02 3.700000000000000000e+02 3.730000000000000000e+02 3.740000000000000000e+02
3.710000000000000000e+02 3.760000000000000000e+02 3.700000000000000000e+02 3.730000000000000000e+02 3.740000000000000000e+02
3.710000000000000000e+02 3.760000000000000000e+02 3.700000000000000000e+02 3.730000000000000000e+02 3.740000000000000000e+02
3.710000000000000000e+02 3.760000000000000000e+02 3.730000000000000000e+02 3.700000000000000000e+02 3.740000000000000000e+02
3.710000000000000000e+02 3.760000000000000000e+02 3.730000000000000000e+02 3.700000000000000000e+02 3.740000000000000000e+02
3.710000000000000000e+02 3.760000000000000000e+02 3.730000000000000000e+02 3.740000000000000000e+02 3.700000000000000000e+02
3.710000000000000000e+02 3.760000000000000000e+02 3.730000000000000000e+02 3.740000000000000000e+02 3.800000000000000000e+02
3.710000000000000000e+02 3.760000000000000000e+02 3.730000000000000000e+02 3.740000000000000000e+02 3.800000000000000000e+02
3.710000000000000000e+02 3.760000000000000000e+02 3.730000000000000000e+02 3.740000000000000000e+02 3.800000000000000000e+02
3.710000000000000000e+02 3.760000000000000000e+02 3.730000000000000000e+02 3.740000000000000000e+02 3.800000000000000000e+02
3.710000000000000000e+02 3.760000000000000000e+02 3.730000000000000000e+02 3.740000000000000000e+02 3.800000000000000000e+02
3.710000000000000000e+02 3.760000000000000000e+02 3.730000000000000000e+02 3.740000000000000000e+02 3.800000000000000000e+02
3.710000000000000000e+02 3.760000000000000000e+02 3.730000000000000000e+02 3.740000000000000000e+02 3.800000000000000000e+02
3.710000000000000000e+02 3.760000000000000000e+02 3.730000000000000000e+02 3.740000000000000000e+02 3.800000000000000000e+02
3.710000000000000000e+02 3.760000000000000000e+02 3.730000000000000000e+02 3.740000000000000000e+02 3.800000000000000000e+02
3.710000000000000000e+02 3.760000000000000000e+02 3.730000000000000000e+02 3.740000000000000000e+02 3.800000000000000000e+02
3.710000000000000000e+02 3.760000000000000000e+02 3.730000000000000000e+02 3.740000000000000000e+02 3.800000000000000000e+02
3.710000000000000000e+02 3.760000000000000000e+02 3.730000000000000000e+02 3.740000000000000000e+02 3.800000000000000000e+02
3.710000000000000000e+02 3.760000000000000000e+02 3.730000000000000000e+02 3.740000000000000000e+02 3.800000000000000000e+02
3.710000000000000000e+02 3.760000000000000000e+02 3.730000000000000000e+02 3.740000000000000000e+02 3.800000000000000000e+02
3.710000000000000000e+02 3.760000000000000000e+02 3.730000000000000000e+02 3.740000000000000000e+02 3.800000000000000000e+02
3.710000000000000000e+02 3.760000000000000000e+02 3.730000000000000000e+02 3.740000000000000000e+02 3.800000000000000000e+02
3.710000000000000000e+02 3.760000000000000000e+02 3.730000000000000000e+02 3.740000000000000000e+02 3.800000000000000000e+02
3.710000000000000000e+02 3.760000000000000000e+02 3.730000000000000000e+02 3.740000000000000000e+02 3.800000000000000000e+02
3.710000000000000000e+02 3.760000000000000000e+02 3.730000000000000000e+02 3.740000000000000000e+02 3.800000000000000000e+02
3.710000000000000000e+02 3.760000000000000000e+02 3.730000000000000000e+02 3.740000000000000000e+02 3.800000000000000000e+02
3.710000000000000000e+02 3.760000000000000000e+02 3.730000000000000000e+02 3.740000000000000000e+02 3.800000000000000000e+02
3.710000000000000000e+02 3.760000000000000000e+02 3.730000000000000000e+02 3.740000000000000000e+02 3.800000000000000000e+02
3.710000000000000000e+02 3.760000000000000000e+02 3.730000000000000000e+02 3.740000000000000000e+02 3.800000000000000000e+02
3.710000000000000000e+02 3.760000000000000000e+02 3.730000000000000000e+02 3.740000000000000000e+02 3.800000000000000000e+02
3.710000000000000000e+02 3.700000000000000000e+02 3.740000000000000000e+02 3.750000000000000000e+02 3.730000000000000000e+02
3.710000000000000000e+02 3.700000000000000000e+02 3.740000000000000000e+02 3.750000000000000000e+02 3.730000000000000000e+02
3.710000000000000000e+02 3.700000000000000000e+02 3.750000000000000000e+02 3.740000000000000000e+02 3.830000000000000000e+02
3.710000000000000000e+02 3.700000000000000000e+02 3.740000000000000000e+02 3.750000000000000000e+02 3.800000000000000000e+02
3.710000000000000000e+02 3.700000000000000000e+02 3.750000000000000000e+02 3.740000000000000000e+02 3.800000000000000000e+02
3.710000000000000000e+02 3.700000000000000000e+02 3.750000000000000000e+02 3.800000000000000000e+02 3.740000000000000000e+02
3.710000000000000000e+02 3.700000000000000000e+02 3.800000000000000000e+02 3.750000000000000000e+02 3.730000000000000000e+02
3.710000000000000000e+02 3.700000000000000000e+02 3.800000000000000000e+02 3.750000000000000000e+02 3.730000000000000000e+02
3.710000000000000000e+02 3.700000000000000000e+02 3.800000000000000000e+02 3.750000000000000000e+02 3.730000000000000000e+02
3.710000000000000000e+02 3.700000000000000000e+02 3.800000000000000000e+02 3.750000000000000000e+02 3.730000000000000000e+02
3.710000000000000000e+02 3.700000000000000000e+02 3.800000000000000000e+02 3.750000000000000000e+02 3.730000000000000000e+02
3.710000000000000000e+02 3.700000000000000000e+02 3.800000000000000000e+02 3.730000000000000000e+02 3.750000000000000000e+02
3.710000000000000000e+02 3.700000000000000000e+02 3.800000000000000000e+02 3.730000000000000000e+02 3.750000000000000000e+02
3.710000000000000000e+02 3.700000000000000000e+02 3.800000000000000000e+02 3.730000000000000000e+02 3.750000000000000000e+02
3.710000000000000000e+02 3.700000000000000000e+02 3.800000000000000000e+02 3.730000000000000000e+02 3.750000000000000000e+02
3.710000000000000000e+02 3.700000000000000000e+02 3.800000000000000000e+02 3.730000000000000000e+02 3.740000000000000000e+02
3.710000000000000000e+02 3.700000000000000000e+02 3.800000000000000000e+02 3.730000000000000000e+02 3.740000000000000000e+02
3.710000000000000000e+02 3.700000000000000000e+02 3.800000000000000000e+02 3.730000000000000000e+02 3.740000000000000000e+02
3.710000000000000000e+02 3.700000000000000000e+02 3.800000000000000000e+02 3.730000000000000000e+02 3.740000000000000000e+02
3.710000000000000000e+02 3.700000000000000000e+02 3.800000000000000000e+02 3.730000000000000000e+02 3.740000000000000000e+02
3.710000000000000000e+02 3.700000000000000000e+02 3.800000000000000000e+02 3.730000000000000000e+02 3.740000000000000000e+02
3.710000000000000000e+02 3.700000000000000000e+02 3.800000000000000000e+02 3.730000000000000000e+02 3.740000000000000000e+02
3.710000000000000000e+02 3.700000000000000000e+02 3.800000000000000000e+02 3.730000000000000000e+02 3.740000000000000000e+02
3.710000000000000000e+02 3.700000000000000000e+02 3.800000000000000000e+02 3.740000000000000000e+02 3.730000000000000000e+02
3.710000000000000000e+02 3.700000000000000000e+02 3.800000000000000000e+02 3.730000000000000000e+02 3.740000000000000000e+02
3.710000000000000000e+02 3.700000000000000000e+02 3.800000000000000000e+02 3.740000000000000000e+02 3.730000000000000000e+02
3.710000000000000000e+02 3.700000000000000000e+02 3.800000000000000000e+02 3.760000000000000000e+02 3.740000000000000000e+02
3.710000000000000000e+02 3.700000000000000000e+02 3.800000000000000000e+02 3.760000000000000000e+02 3.740000000000000000e+02
3.710000000000000000e+02 3.700000000000000000e+02 3.760000000000000000e+02 3.800000000000000000e+02 3.740000000000000000e+02
3.710000000000000000e+02 3.700000000000000000e+02 3.760000000000000000e+02 3.800000000000000000e+02 3.730000000000000000e+02
3.710000000000000000e+02 3.700000000000000000e+02 3.760000000000000000e+02 3.800000000000000000e+02 3.730000000000000000e+02
3.710000000000000000e+02 3.700000000000000000e+02 3.760000000000000000e+02 3.800000000000000000e+02 3.740000000000000000e+02
