          0  0.09135615 10.39262199
        100  0.00669026 21.74556732
        200  0.00430028 23.66503334
        300  0.00256349 25.91168594
        400  0.00208173 26.81576538
        500  0.00132146 28.78947258
        600  0.00108857 29.63144112
        700  0.00090057 30.45483398
        800  0.00076044 31.18935394
        900  0.00074851 31.25804138
       1000  0.00065672 31.82618523
       1100  0.00059289 32.27026367
       1200  0.00053931 32.68162537
       1300  0.00053499 32.71650314
       1400  0.00052644 32.78651428
       1500  0.00047502 33.23285294
       1600  0.00046329 33.34142685
       1700  0.00043434 33.62165451
       1800  0.00043865 33.57878494
       1900  0.00040844 33.88870239
       2000  0.00039370 34.04831314
       2100  0.00038552 34.13949203
       2200  0.00036303 34.40056229
       2300  0.00035536 34.49327469
       2400  0.00033672 34.72736740
       2500  0.00033723 34.72079468
       2600  0.00034289 34.64847565
       2700  0.00035698 34.47352219
       2800  0.00032079 34.93779373
       2900  0.00031202 35.05819702
       3000  0.00029488 35.30350876
       3100  0.00030327 35.18167877
       3200  0.00031271 35.04851532
       3300  0.00028662 35.42695236
       3400  0.00027188 35.65618515
       3500  0.00032022 34.94547272
       3600  0.00027959 35.53474808
       3700  0.00028273 35.48630905
       3800  0.00028590 35.43785095
       3900  0.00027492 35.60801315
       4000  0.00025252 35.97700500
       4100  0.00025301 35.96860886
       4200  0.00024835 36.04932022
       4300  0.00023730 36.24709702
       4400  0.00024084 36.18278503
       4500  0.00025028 36.01578522
       4600  0.00024155 36.16997147
       4700  0.00023075 36.36865997
       4800  0.00022121 36.55192566
       4900  0.00022720 36.43597031
       5000  0.00023071 36.36926270
