1.280000000000000000e+02 1.800000000000000000e+01 1.400000000000000000e+01 1.330000000000000000e+02 1.380000000000000000e+02
5.060000000000000000e+02 1.110000000000000000e+02 5.770000000000000000e+02 8.750000000000000000e+02 5.070000000000000000e+02
5.060000000000000000e+02 1.110000000000000000e+02 1.170000000000000000e+02 5.770000000000000000e+02 3.900000000000000000e+02
5.060000000000000000e+02 1.110000000000000000e+02 6.160000000000000000e+02 1.170000000000000000e+02 1.090000000000000000e+02
5.060000000000000000e+02 1.110000000000000000e+02 6.160000000000000000e+02 5.200000000000000000e+01 6.600000000000000000e+01
5.060000000000000000e+02 1.110000000000000000e+02 6.160000000000000000e+02 5.200000000000000000e+01 6.600000000000000000e+01
5.060000000000000000e+02 6.160000000000000000e+02 1.110000000000000000e+02 5.200000000000000000e+01 6.600000000000000000e+01
5.060000000000000000e+02 6.160000000000000000e+02 1.110000000000000000e+02 5.200000000000000000e+01 6.600000000000000000e+01
5.060000000000000000e+02 6.160000000000000000e+02 1.110000000000000000e+02 5.200000000000000000e+01 6.600000000000000000e+01
5.060000000000000000e+02 6.160000000000000000e+02 1.110000000000000000e+02 5.200000000000000000e+01 6.600000000000000000e+01
5.060000000000000000e+02 6.160000000000000000e+02 1.110000000000000000e+02 5.200000000000000000e+01 6.600000000000000000e+01
5.060000000000000000e+02 6.160000000000000000e+02 1.110000000000000000e+02 5.200000000000000000e+01 6.600000000000000000e+01
5.060000000000000000e+02 6.160000000000000000e+02 1.110000000000000000e+02 5.200000000000000000e+01 6.600000000000000000e+01
5.060000000000000000e+02 6.160000000000000000e+02 1.110000000000000000e+02 5.200000000000000000e+01 6.600000000000000000e+01
5.060000000000000000e+02 6.160000000000000000e+02 1.110000000000000000e+02 5.200000000000000000e+01 6.600000000000000000e+01
5.060000000000000000e+02 6.160000000000000000e+02 1.110000000000000000e+02 5.200000000000000000e+01 4.880000000000000000e+02
6.160000000000000000e+02 5.060000000000000000e+02 1.110000000000000000e+02 5.200000000000000000e+01 4.880000000000000000e+02
6.160000000000000000e+02 5.060000000000000000e+02 1.110000000000000000e+02 4.880000000000000000e+02 5.200000000000000000e+01
6.160000000000000000e+02 5.060000000000000000e+02 1.110000000000000000e+02 4.880000000000000000e+02 5.200000000000000000e+01
6.160000000000000000e+02 5.060000000000000000e+02 1.110000000000000000e+02 4.880000000000000000e+02 5.200000000000000000e+01
6.160000000000000000e+02 5.060000000000000000e+02 1.110000000000000000e+02 4.880000000000000000e+02 5.200000000000000000e+01
6.160000000000000000e+02 5.060000000000000000e+02 1.110000000000000000e+02 4.880000000000000000e+02 9.110000000000000000e+02
6.160000000000000000e+02 5.060000000000000000e+02 1.110000000000000000e+02 4.880000000000000000e+02 9.110000000000000000e+02
6.160000000000000000e+02 5.060000000000000000e+02 1.110000000000000000e+02 4.880000000000000000e+02 9.110000000000000000e+02
6.160000000000000000e+02 5.060000000000000000e+02 1.110000000000000000e+02 4.880000000000000000e+02 9.110000000000000000e+02
6.160000000000000000e+02 5.060000000000000000e+02 1.110000000000000000e+02 4.880000000000000000e+02 9.110000000000000000e+02
6.160000000000000000e+02 5.060000000000000000e+02 1.110000000000000000e+02 4.880000000000000000e+02 9.110000000000000000e+02
6.160000000000000000e+02 5.060000000000000000e+02 1.110000000000000000e+02 4.880000000000000000e+02 9.110000000000000000e+02
6.160000000000000000e+02 5.060000000000000000e+02 4.880000000000000000e+02 1.110000000000000000e+02 9.110000000000000000e+02
6.160000000000000000e+02 5.060000000000000000e+02 4.880000000000000000e+02 1.110000000000000000e+02 9.110000000000000000e+02
6.160000000000000000e+02 5.060000000000000000e+02 4.880000000000000000e+02 1.110000000000000000e+02 9.110000000000000000e+02
6.160000000000000000e+02 5.060000000000000000e+02 4.880000000000000000e+02 1.110000000000000000e+02 9.110000000000000000e+02
6.160000000000000000e+02 5.060000000000000000e+02 4.880000000000000000e+02 9.110000000000000000e+02 1.110000000000000000e+02
6.160000000000000000e+02 5.060000000000000000e+02 4.880000000000000000e+02 9.110000000000000000e+02 1.110000000000000000e+02
6.160000000000000000e+02 5.060000000000000000e+02 4.880000000000000000e+02 9.110000000000000000e+02 8.400000000000000000e+02
6.160000000000000000e+02 5.060000000000000000e+02 4.880000000000000000e+02 9.110000000000000000e+02 8.400000000000000000e+02
6.160000000000000000e+02 5.060000000000000000e+02 4.880000000000000000e+02 8.400000000000000000e+02 9.110000000000000000e+02
6.160000000000000000e+02 5.060000000000000000e+02 4.880000000000000000e+02 8.400000000000000000e+02 9.110000000000000000e+02
6.160000000000000000e+02 5.060000000000000000e+02 4.880000000000000000e+02 8.400000000000000000e+02 9.110000000000000000e+02
6.160000000000000000e+02 5.060000000000000000e+02 4.880000000000000000e+02 8.400000000000000000e+02 9.110000000000000000e+02
6.160000000000000000e+02 5.060000000000000000e+02 4.880000000000000000e+02 8.400000000000000000e+02 9.110000000000000000e+02
6.160000000000000000e+02 5.060000000000000000e+02 4.880000000000000000e+02 8.400000000000000000e+02 9.110000000000000000e+02
6.160000000000000000e+02 5.060000000000000000e+02 4.880000000000000000e+02 8.400000000000000000e+02 9.110000000000000000e+02
6.160000000000000000e+02 5.060000000000000000e+02 8.400000000000000000e+02 4.880000000000000000e+02 9.110000000000000000e+02
6.160000000000000000e+02 5.060000000000000000e+02 8.400000000000000000e+02 4.880000000000000000e+02 9.110000000000000000e+02
6.160000000000000000e+02 5.060000000000000000e+02 8.400000000000000000e+02 4.880000000000000000e+02 9.110000000000000000e+02
6.160000000000000000e+02 5.060000000000000000e+02 8.400000000000000000e+02 4.880000000000000000e+02 9.110000000000000000e+02
6.160000000000000000e+02 5.060000000000000000e+02 8.400000000000000000e+02 4.880000000000000000e+02 9.110000000000000000e+02
6.160000000000000000e+02 5.060000000000000000e+02 8.400000000000000000e+02 4.880000000000000000e+02 9.110000000000000000e+02
6.160000000000000000e+02 5.060000000000000000e+02 8.400000000000000000e+02 4.880000000000000000e+02 9.110000000000000000e+02
6.160000000000000000e+02 5.060000000000000000e+02 8.400000000000000000e+02 4.880000000000000000e+02 9.110000000000000000e+02
