3.043446245047309808e-04
1.200000807428697885e-02
4.796994359575945666e-01
8.135698015472988542e-01
6.400548491107481697e-01
7.425473409455793927e-01
7.688333112488680010e-01
7.186324827164172202e-01
6.541133994156576037e-01
7.321052600919554232e-01
6.519653441279544825e-01
5.879231230545669540e-01
5.250790671787313180e-01
4.942468308792293818e-01
5.023671671028625552e-01
4.270115058220770865e-01
3.991747193853454334e-01
3.664220194580730117e-01
3.039022439070287462e-01
2.826085978694647949e-01
2.695852338324569719e-01
2.641783373295523707e-01
2.281782439775220661e-01
2.054077961038283939e-01
1.843027897435761397e-01
1.622760242564853794e-01
1.546816411876826280e-01
1.305449151938098129e-01
1.246048945369079286e-01
1.214722094471517300e-01
1.125959503653301413e-01
9.948282901484334362e-02
9.495639848162111540e-02
9.809323132153809077e-02
9.291427673302403434e-02
8.425220746950444484e-02
8.517006771119182973e-02
8.262392058028093789e-02
7.564084214739459633e-02
7.096964591633903030e-02
6.971978131733871931e-02
6.742990984302775492e-02
6.352188120710811070e-02
6.253119568982025422e-02
5.867349308918459044e-02
5.405353078983707316e-02
5.305959159297866240e-02
5.307438062660743694e-02
4.989613941425213861e-02
4.874212471285586240e-02
4.222040974757419046e-02
3.979791626617834588e-02
4.114995377747220767e-02
3.888330509545023794e-02
3.927935071524540911e-02
3.941706984641674127e-02
3.839123445082202185e-02
3.743285529867525219e-02
3.815548094029533321e-02
3.627637959885025160e-02
3.625906735054033880e-02
3.631835252617156284e-02
3.618608999076729227e-02
3.342307082978378252e-02
3.248914036052907850e-02
3.327129773848438998e-02
3.171908980443192277e-02
3.021218912796889630e-02
2.933523722439490555e-02
2.906980656146792436e-02
2.729176976130121696e-02
2.701672553522383585e-02
2.695543561368157412e-02
2.404702167942367186e-02
2.222123736198960628e-02
2.139599638139215443e-02
2.204264906590085518e-02
2.060458491196704572e-02
2.015948984221515791e-02
1.821855245878998067e-02
1.730144918150694835e-02
1.537352651636399864e-02
1.509610424686111223e-02
1.403309579260334818e-02
1.198203449025699030e-02
1.098245780963839728e-02
1.037553481090572848e-02
8.984721596372809843e-03
8.856981260796594271e-03
8.655533100557907464e-03
6.884702440219121929e-03
6.145686272547077819e-03
6.081542468463641687e-03
5.785324553891957149e-03
5.603054553459116752e-03
4.646782976862780246e-03
4.331919197089215655e-03
3.824240914251883419e-03
3.482176246531651451e-03
3.414329135238702850e-03
3.339675393109012638e-03
