4.505848119151778519e-05 2.173758184653706849e-05 4.082675150129944086e-04 8.725256775505840778e-04 1.447059767087921500e-04 9.380525443702936172e-05
2.176322489976882935e-01 5.922500463384494651e-07 2.555367427703458816e-05 1.709404386929236352e-05 2.815939069478190504e-06 4.249889570928644389e-06
9.787384867668151855e-01 7.134277613118911177e-09 2.904396296798950061e-07 1.431613213753735181e-06 1.014110928565514769e-08 1.147909927112777950e-07
9.945819973945617676e-01 4.450681767576014636e-10 2.388149411558515567e-08 6.508908967362003750e-08 4.087658822538031700e-10 5.811998438076670936e-09
9.969546794891357422e-01 6.844586702969834846e-11 3.726639885570648403e-09 7.481827601907298231e-09 6.588517231786994444e-11 9.776617293510980744e-10
9.973402619361877441e-01 3.732545522661112614e-11 1.745754207860272800e-09 1.392067572325572655e-09 3.754602184713462520e-11 4.791150809424493673e-10
9.986961483955383301e-01 1.718694457586433799e-11 4.949193277425933957e-10 3.110582624810120933e-10 1.219683295333728879e-11 1.537675264895455030e-10
9.992121458053588867e-01 1.305136380913562988e-11 2.157215239773080384e-10 1.779683067582027434e-10 6.670155747179329353e-12 8.844281557118804926e-11
9.993195533752441406e-01 1.114090417142499234e-11 1.456814391342931003e-10 1.415565858975398328e-10 5.232194452003957608e-12 7.085984576882253805e-11
9.993201494216918945e-01 1.232610281204360447e-11 1.388629489174064702e-10 1.402478688738995061e-10 5.807764425630468352e-12 7.716940281232709253e-11
9.993508458137512207e-01 1.568007182428665658e-11 1.334902466343379501e-10 1.123571097272346719e-10 6.609427415094071279e-12 9.946165419050245760e-11
9.993991851806640625e-01 1.457869241994202980e-11 1.115064152124034536e-10 9.102051751197492990e-11 5.602936517523637860e-12 9.200460532321486085e-11
9.993577599525451660e-01 1.807336919013025067e-11 1.403960697698991567e-10 1.030187046779929005e-10 6.473801529571776570e-12 1.126144871799183989e-10
9.992979764938354492e-01 2.622430571308509428e-11 1.749967531994300884e-10 1.354177603385409157e-10 7.647445177116907189e-12 1.419989126283383030e-10
9.992157220840454102e-01 4.297018643684147321e-11 2.456296832598070523e-10 2.125164072497298662e-10 1.001347008783293191e-11 1.847900027440729787e-10
9.990558028221130371e-01 8.075851098965358688e-11 4.016602050960216275e-10 3.423904770816221799e-10 1.588822649833954159e-11 2.911850205400412506e-10
9.988413453102111816e-01 1.575050923019460924e-10 6.704453658912257197e-10 5.993177620844392095e-10 2.554253163145059347e-11 4.661814823059273749e-10
9.986788630485534668e-01 2.799017961852001690e-10 9.565911396336446160e-10 9.265976874672787744e-10 3.734719478121206748e-11 6.441177591298696825e-10
9.985349178314208984e-01 5.582241890955685903e-10 1.495961132746970179e-09 1.554841588813360431e-09 5.767045174742690961e-11 9.944060019861922228e-10
9.982464313507080078e-01 1.054405895928312020e-09 2.364863860293553444e-09 2.412003485829927740e-09 8.761741332463657272e-11 1.494536605584073641e-09
9.978886246681213379e-01 1.577892150272930394e-09 3.361579237193268455e-09 3.601649867235323654e-09 1.237554225763659588e-10 1.914303604522160640e-09
9.975003600120544434e-01 2.839000590171281146e-09 4.899593175622385388e-09 5.718368889517932985e-09 1.790438769466717872e-10 2.755945249788283036e-09
9.969173669815063477e-01 4.497907379885646151e-09 7.099711929470231553e-09 7.114067113178634827e-09 2.501380491626292724e-10 3.708547025027542077e-09
9.967163205146789551e-01 5.790464552291041400e-09 8.617160318635797012e-09 8.813571206189863005e-09 3.054398400870184105e-10 4.128167585548681018e-09
9.959939718246459961e-01 1.021637618947579540e-08 1.255818649070761239e-08 1.261520399253868163e-08 4.508290962768057852e-10 6.051743994817115890e-09
9.950962662696838379e-01 1.797739201947479160e-08 1.878549582556843234e-08 1.968920848582911276e-08 6.990056311551029467e-10 8.891243297171058657e-09
9.945070147514343262e-01 2.878299021347174858e-08 2.555533562542677828e-08 2.802088516773437732e-08 1.008654160195021632e-09 1.208558497722833636e-08
9.928724765777587891e-01 5.123217050595485489e-08 4.160239086559158750e-08 4.718621937627176521e-08 1.537578619981161410e-09 1.735225119148253725e-08
9.917117357254028320e-01 7.797633116979341139e-08 5.496626798162651539e-08 5.866315078151274065e-08 2.125480458303741216e-09 2.359605488777560822e-08
9.900422096252441406e-01 1.350045124581811251e-07 8.561275421925529372e-08 9.130289413405989762e-08 3.279390980992502591e-09 3.352873534367972752e-08
9.890468716621398926e-01 2.079415537536988268e-07 1.114218264319788432e-07 1.227179353691099095e-07 4.401282449606469527e-09 4.306831158373825019e-08
9.872987866401672363e-01 3.571212516817467986e-07 1.740893225132822408e-07 1.745092106375523144e-07 6.961580201192418826e-09 6.576340183528373018e-08
9.852520227432250977e-01 5.971023142592457589e-07 2.336064284236272215e-07 2.625601212002948159e-07 9.726669247811514651e-09 9.064822137361261412e-08
9.827913641929626465e-01 9.712996416055830196e-07 3.370797969637351343e-07 3.879720225086202845e-07 1.441005714752918720e-08 1.247186958153179148e-07
9.796104431152343750e-01 1.679381739450036548e-06 4.850675736634002533e-07 5.964413389847322833e-07 2.066549598112032982e-08 1.703530188024160452e-07
9.770253896713256836e-01 2.603157781777554192e-06 6.758780273230513558e-07 8.086424827524751890e-07 2.778485352905590844e-08 2.264940235363610554e-07
9.729788303375244141e-01 4.055241788591956720e-06 9.141143095803272445e-07 1.106879267354088370e-06 3.750166754912243050e-08 3.030631603451183764e-07
9.679199457168579102e-01 6.790518909838283435e-06 1.327136942563811317e-06 1.616278723304276355e-06 5.275495240653071960e-08 4.144906711189833004e-07
9.618072509765625000e-01 1.254764902114402503e-05 1.895293507914175279e-06 2.374575160501990467e-06 7.765946463678119471e-08 6.033921522430318873e-07
9.579552412033081055e-01 1.738357786962296814e-05 2.424212425466976129e-06 2.848053100024117157e-06 9.924862354182550916e-08 7.206116947600094136e-07
9.492486119270324707e-01 2.755723835434764624e-05 3.327035983602399938e-06 4.000832632300443947e-06 1.350072409422864439e-07 9.690375009085983038e-07
9.397730827331542969e-01 4.285231261746957898e-05 4.305547463445691392e-06 5.124938979861326516e-06 1.807089944350082078e-07 1.208350568049354479e-06
9.289532899856567383e-01 6.499688606709241867e-05 5.915170277148718014e-06 6.697935077681904659e-06 2.347379677303251810e-07 1.587906922395632137e-06
9.201877117156982422e-01 1.061487491824664176e-04 7.964800715853925794e-06 9.019941899168770760e-06 3.237072974116017576e-07 2.094446017508744262e-06
9.114520549774169922e-01 1.337680732831358910e-04 9.642135410103946924e-06 1.109681306843413040e-05 3.589662753711309051e-07 2.331815267098136246e-06
9.133940339088439941e-01 1.361852628178894520e-04 1.018466628011083230e-05 1.101615725929150358e-05 3.872192166909371736e-07 2.499868969607632607e-06
8.980496525764465332e-01 2.309849951416254044e-04 1.393714046571403742e-05 1.468687150918412954e-05 5.289838327371398918e-07 3.286529590695863590e-06
8.891050815582275391e-01 3.394967643544077873e-04 1.778900150384288281e-05 1.767979483702220023e-05 6.423684340006730054e-07 3.890018888341728598e-06
8.792531490325927734e-01 4.559419467113912106e-04 2.175185545638669282e-05 2.102345206367317587e-05 7.942275601635628846e-07 4.834724677493795753e-06
8.615854382514953613e-01 6.700739031657576561e-04 2.740987474680878222e-05 2.436197428323794156e-05 1.023428126245562453e-06 6.011350706103257835e-06
8.406435251235961914e-01 9.940844029188156128e-04 3.621542782639153302e-05 3.210250724805518985e-05 1.342518203273357358e-06 7.682882824155967683e-06
8.190656304359436035e-01 1.328346086665987968e-03 4.403043203637935221e-05 3.865414328174665570e-05 1.633560714253690094e-06 8.901685760065447539e-06
8.199300765991210938e-01 1.506205648183822632e-03 4.703161539509892464e-05 3.853529415209777653e-05 1.764076728250074666e-06 9.521404535917099565e-06
8.098156452178955078e-01 1.879862509667873383e-03 5.348834019969217479e-05 4.300098225940018892e-05 2.021944737862213515e-06 1.076257558452198282e-05
7.913563847541809082e-01 2.479494549334049225e-03 6.278492946876212955e-05 5.086345481686294079e-05 2.404623955953866243e-06 1.214069197885692120e-05
7.687690258026123047e-01 3.300291020423173904e-03 7.233116048155352473e-05 6.031461089150980115e-05 2.905800329244812019e-06 1.441908534616231918e-05
7.584260702133178711e-01 3.990462049841880798e-03 7.706758333370089531e-05 6.456443225033581257e-05 3.145093387502129190e-06 1.558508120069745928e-05
7.468445897102355957e-01 4.777966067194938660e-03 8.306756353704258800e-05 6.499578739749267697e-05 3.340838929943856783e-06 1.625637196411844343e-05
7.365526556968688965e-01 5.781466141343116760e-03 9.007131302496418357e-05 7.319324504351243377e-05 3.612361751947901212e-06 1.699679705779999495e-05
7.255377173423767090e-01 6.528958212584257126e-03 1.026808386086486280e-04 7.921698852442204952e-05 3.956447471864521503e-06 1.920557406265288591e-05
7.192170619964599609e-01 7.124228868633508682e-03 1.035615132423117757e-04 7.931957952678203583e-05 4.010785232821945101e-06 1.944707400980405509e-05
7.120767235755920410e-01 8.358822204172611237e-03 1.100896624848246574e-04 8.472796616842970252e-05 4.491325853450689465e-06 2.096656317007727921e-05
6.946449279785156250e-01 1.006976608186960220e-02 1.223915896844118834e-04 9.083130862563848495e-05 5.089645583211677149e-06 2.292765202582813799e-05
6.709443926811218262e-01 1.086928788572549820e-02 1.276070543099194765e-04 1.013720902847126126e-04 5.376834906201111153e-06 2.371002483414486051e-05
6.642405390739440918e-01 1.294748578220605850e-02 1.349143421975895762e-04 1.018426701193675399e-04 6.003777343721594661e-06 2.620109808049164712e-05
6.410186886787414551e-01 1.614193990826606750e-02 1.495048054493963718e-04 1.139403902925550938e-04 6.832225608377484605e-06 2.879498970287386328e-05
6.386982798576354980e-01 1.661147736012935638e-02 1.513409079052507877e-04 1.135171041823923588e-04 6.826848675700603053e-06 2.863824192900210619e-05
6.170212030410766602e-01 2.108566649258136749e-02 1.702381414361298084e-04 1.281397708225995302e-04 7.656688467250205576e-06 3.132405618089251220e-05
5.896782875061035156e-01 2.549885585904121399e-02 1.884026714833453298e-04 1.364100608043372631e-04 8.427186003245878965e-06 3.394125815248116851e-05
5.951011776924133301e-01 2.738375030457973480e-02 1.901713694678619504e-04 1.406274823239073157e-04 8.847396202327217907e-06 3.562846177374012768e-05
5.753707289695739746e-01 3.145743533968925476e-02 2.057376259472221136e-04 1.484409294789656997e-04 9.414990017830859870e-06 3.860903962049633265e-05
5.809549093246459961e-01 3.444331139326095581e-02 2.103488077409565449e-04 1.446250971639528871e-04 9.933128239936195314e-06 4.069872011314146221e-05
5.613872408866882324e-01 4.022067785263061523e-02 2.285698137711733580e-04 1.584320998517796397e-04 1.119650914915837348e-05 4.389739478938281536e-05
5.369874835014343262e-01 4.430704563856124878e-02 2.361255756113678217e-04 1.646609016461297870e-04 1.156738380814203992e-05 4.515108958003111184e-05
5.365300178527832031e-01 4.654406011104583740e-02 2.356391923967748880e-04 1.598498638486489654e-04 1.094689650926738977e-05 4.405717118061147630e-05
5.374565124511718750e-01 5.023201182484626770e-02 2.414845657767727971e-04 1.675287348916754127e-04 1.176553905679611489e-05 4.599888779921457171e-05
5.156829357147216797e-01 5.573535710573196411e-02 2.518452529329806566e-04 1.719912106636911631e-04 1.286029237235197797e-05 4.932477895636111498e-05
4.857170879840850830e-01 6.636363267898559570e-02 2.829625154845416546e-04 1.833167771110311151e-04 1.362785133096622303e-05 5.400426380219869316e-05
4.822163283824920654e-01 7.091978192329406738e-02 2.914066426455974579e-04 1.839030446717515588e-04 1.413377140124794096e-05 5.536334720090962946e-05
4.578204751014709473e-01 8.377636969089508057e-02 3.069081285502761602e-04 1.914204913191497326e-04 1.530820736661553383e-05 5.965417585684917867e-05
4.471220672130584717e-01 9.256137162446975708e-02 3.164625086355954409e-04 2.033720229519531131e-04 1.604485078132711351e-05 6.205809768289327621e-05
4.269147813320159912e-01 9.796002507209777832e-02 3.254618786741048098e-04 2.112742222379893064e-04 1.617512316443026066e-05 6.373082578647881746e-05
4.272138476371765137e-01 1.053904742002487183e-01 3.304659039713442326e-04 2.106573519995436072e-04 1.666858588578179479e-05 6.498273432953283191e-05
3.966631591320037842e-01 1.195872873067855835e-01 3.322911506984382868e-04 2.204810734838247299e-04 1.784430787665769458e-05 7.071365689625963569e-05
3.920502662658691406e-01 1.273197233676910400e-01 3.347077872604131699e-04 2.274008147651329637e-04 1.860966222011484206e-05 7.220547558972612023e-05
4.195950031280517578e-01 1.146668046712875366e-01 3.094918793067336082e-04 2.085751766571775079e-04 1.713077472231816500e-05 6.768468301743268967e-05
3.876691460609436035e-01 1.434484720230102539e-01 3.492432588245719671e-04 2.225309144705533981e-04 1.893982880574185401e-05 7.547993300249800086e-05
3.886255323886871338e-01 1.456236392259597778e-01 3.488188958726823330e-04 2.143047313438728452e-04 1.905835597426630557e-05 7.673101208638399839e-05
3.690291345119476318e-01 1.513973325490951538e-01 3.568393585737794638e-04 2.129079803125932813e-04 1.941253867698833346e-05 7.873978756833821535e-05
3.624390065670013428e-01 1.586564332246780396e-01 3.630255232565104961e-04 2.166484337067231536e-04 1.946335578395519406e-05 7.925459794932976365e-05
3.611856102943420410e-01 1.658562123775482178e-01 3.772219351958483458e-04 2.185686607845127583e-04 1.987958057725336403e-05 8.128528133966028690e-05
3.564676642417907715e-01 1.740402281284332275e-01 3.660840447992086411e-04 2.140384021913632751e-04 1.998218067456036806e-05 7.987904245965182781e-05
3.339822292327880859e-01 1.930609345436096191e-01 3.698078508023172617e-04 2.173755783587694168e-04 2.103783299389760941e-05 8.234901179093867540e-05
3.259887695312500000e-01 2.060456871986389160e-01 3.917472204193472862e-04 2.228356461273506284e-04 2.071357812383212149e-05 8.156813419191166759e-05
3.156471550464630127e-01 2.109891623258590698e-01 3.864655445795506239e-04 2.175050758523866534e-04 2.139167190762236714e-05 8.315416198456659913e-05
3.025209009647369385e-01 2.198214083909988403e-01 3.936569264624267817e-04 2.260520122945308685e-04 2.177293390559498221e-05 8.698880265001207590e-05
3.073161244392395020e-01 2.283450663089752197e-01 3.803961735684424639e-04 2.198968431912362576e-04 2.195736124122049659e-05 8.571203215979039669e-05
2.888703644275665283e-01 2.468279153108596802e-01 3.979080065619200468e-04 2.297723258379846811e-04 2.209636477346066386e-05 8.730019908398389816e-05
2.782426774501800537e-01 2.611259520053863525e-01 3.961758047807961702e-04 2.281040215166285634e-04 2.318460974493063986e-05 8.908096060622483492e-05
2.864339649677276611e-01 2.572486698627471924e-01 3.905833291355520487e-04 2.149795618606731296e-04 2.287674215040169656e-05 8.936019003158435225e-05
2.780707478523254395e-01 2.584046125411987305e-01 3.829186898656189442e-04 2.258228487335145473e-04 2.259692337247543037e-05 8.786446414887905121e-05
