          0  0.10001446  9.99937248
        100  0.00651453 21.86116791
        200  0.00382570 24.17289734
        300  0.00271480 25.66261482
        400  0.00195499 27.08855247
        500  0.00158504 27.99958992
        600  0.00134188 28.72284698
        700  0.00113578 29.44706535
        800  0.00095838 30.18461609
        900  0.00091319 30.39437103
       1000  0.00078624 31.04444313
       1100  0.00072009 31.42610359
       1200  0.00067438 31.71093941
       1300  0.00058519 32.32699966
       1400  0.00056102 32.51018143
       1500  0.00053177 32.74274826
       1600  0.00051139 32.91246414
       1700  0.00050784 32.94270706
       1800  0.00043029 33.66236877
       1900  0.00039817 33.99928284
       2000  0.00039833 33.99753571
       2100  0.00038122 34.18823624
       2200  0.00034822 34.58152390
       2300  0.00032202 34.92118073
       2400  0.00033427 34.75906372
       2500  0.00030385 35.17336655
       2600  0.00030134 35.20940781
       2700  0.00029453 35.30871201
       2800  0.00027797 35.55995560
       2900  0.00028410 35.46527863
       3000  0.00025713 35.89855194
       3100  0.00024509 36.10671616
       3200  0.00024627 36.08595276
       3300  0.00023440 36.30042267
       3400  0.00023307 36.32509232
       3500  0.00023985 36.20054245
       3600  0.00021408 36.69424438
       3700  0.00023190 36.34691238
       3800  0.00020084 36.97142410
       3900  0.00020248 36.93613052
       4000  0.00020714 36.83734894
       4100  0.00020758 36.82804108
       4200  0.00021130 36.75092316
       4300  0.00020593 36.86276627
       4400  0.00017851 37.48338318
       4500  0.00017646 37.53360748
       4600  0.00017171 37.65202713
       4700  0.00017101 37.66975021
       4800  0.00017062 37.67969131
       4900  0.00018407 37.35014343
       5000  0.00014958 38.25123978
       5100  0.00017497 37.57036591
       5200  0.00016316 37.87377548
       5300  0.00014456 38.39942169
       5400  0.00015507 38.09463120
       5500  0.00014614 38.35225677
       5600  0.00016187 37.90821075
       5700  0.00015712 38.03777695
       5800  0.00014989 38.24221802
       5900  0.00013991 38.54155731
       6000  0.00013392 38.73140335
       6100  0.00012732 38.95105743
       6200  0.00014008 38.53631592
       6300  0.00013268 38.77206039
       6400  0.00012284 39.10655975
       6500  0.00012735 38.95006943
       6600  0.00012392 39.06848907
       6700  0.00013032 38.84983826
       6800  0.00013615 38.65975571
       6900  0.00011879 39.25217056
       7000  0.00011674 39.32773209
       7100  0.00011515 39.38719177
       7200  0.00011092 39.54970932
       7300  0.00012603 38.99509430
       7400  0.00012099 39.17261505
       7500  0.00011676 39.32708740
       7600  0.00010718 39.69884491
       7700  0.00011390 39.43479538
       7800  0.00011481 39.40014267
       7900  0.00009956 40.01893997
       8000  0.00010561 39.76299667
       8100  0.00010452 39.80791473
       8200  0.00009890 40.04793930
       8300  0.00010277 39.88112640
       8400  0.00009940 40.02626419
       8500  0.00010245 39.89477921
       8600  0.00009922 40.03388977
       8700  0.00010100 39.95690155
       8800  0.00009543 40.20301437
       8900  0.00009755 40.10758591
       9000  0.00009460 40.24113464
       9100  0.00008751 40.57949066
       9200  0.00010755 39.68401337
       9300  0.00008487 40.71255875
       9400  0.00008974 40.47021866
       9500  0.00008407 40.75348663
       9600  0.00008642 40.63372803
       9700  0.00008484 40.71384048
       9800  0.00008582 40.66404724
       9900  0.00008183 40.87098312
      10000  0.00008726 40.59186554
