2.527178148739039898e-04 6.373491487465798855e-04 4.284042224753648043e-04 7.153750048018991947e-04 2.356895245611667633e-03 2.292716817464679480e-04
6.149824912426993251e-05 3.524015710354433395e-06 4.869739132118411362e-05 1.297653125220676884e-05 5.200242158025503159e-04 3.748912058654241264e-05
2.251517213881015778e-02 2.257769438074319623e-08 7.875180472183274105e-07 5.467013579618651420e-07 6.783125172660220414e-06 3.988749995187390596e-06
2.116320282220840454e-01 6.450561418347433573e-09 2.238135579091249383e-07 3.013952891706139781e-07 2.174251221731537953e-06 2.999306616402463987e-07
6.607633233070373535e-01 9.310108239901637717e-11 6.670210161985323793e-09 5.083954235374221753e-08 1.657606532035060809e-07 7.836750803846825875e-09
8.489565253257751465e-01 4.665893973271328932e-12 5.867739627518631096e-10 1.193556276035678820e-08 1.523783232926234632e-08 5.741715436435868014e-10
8.777701854705810547e-01 3.698856325395905031e-12 3.465279729830683664e-10 1.104524827155728417e-08 8.696858344592328649e-09 4.792024554944873671e-10
8.799834847450256348e-01 5.276516636815165029e-12 3.938011861048806850e-10 1.309656560977146000e-08 6.568205979107233361e-09 9.540469525504136072e-10
8.718453049659729004e-01 6.555164397403778764e-12 4.942990461387353207e-10 1.652144021591084311e-08 6.937868946010894433e-09 1.433817065077391817e-09
8.709060549736022949e-01 7.508868526961975931e-12 6.040887234881608947e-10 1.555850914769507654e-08 6.656408313432393697e-09 1.745030453470519660e-09
8.929117918014526367e-01 7.891455718056494817e-12 7.024438253289133627e-10 1.547177141958400171e-08 6.159659005078310656e-09 1.947445982253270813e-09
8.879155516624450684e-01 9.298942692248512998e-12 8.380353078152324997e-10 1.582801800736888254e-08 6.265820751139017375e-09 2.274933352808261589e-09
8.947957158088684082e-01 1.329476025796472172e-11 1.093821477837764178e-09 2.016987465935926593e-08 7.771300936099123646e-09 3.245144819530310087e-09
8.771551251411437988e-01 1.887414530221676046e-11 1.598441823347229729e-09 2.611747262903918454e-08 9.429956371320713515e-09 4.554266741507717597e-09
8.719323277473449707e-01 3.343128204824630245e-11 2.543587340753106218e-09 3.626473699114285409e-08 1.363436297197040403e-08 7.017084246996319052e-09
8.579223155975341797e-01 5.148820605982429299e-11 3.662188552411294040e-09 4.664283892452658620e-08 1.824084350232624274e-08 1.005297445288988456e-08
8.394899368286132812e-01 1.016616998916752834e-10 6.263118024207869894e-09 7.160927140148487524e-08 2.781741059720843623e-08 1.690503381723829079e-08
8.405578136444091797e-01 1.191692994284565543e-10 7.414076019784943128e-09 7.627704690094105899e-08 2.919477104512679944e-08 1.973707064450991311e-08
8.294576406478881836e-01 2.303349733168147395e-10 1.224919010667235852e-08 1.171358405827049864e-07 4.586978619158799120e-08 3.294111294849244587e-08
8.116698861122131348e-01 3.221228284111532503e-10 1.554171902284906537e-08 1.407995000590744894e-07 5.447092021881871915e-08 4.016954946450823627e-08
7.887351512908935547e-01 5.494839583342070455e-10 2.298149937018933997e-08 1.942971010748806293e-07 7.823585690402978798e-08 6.347222836211585673e-08
7.613597512245178223e-01 9.627730834793624126e-10 3.528309022726716648e-08 2.830929872743581655e-07 1.051968041565487511e-07 9.171693449161466560e-08
7.514763474464416504e-01 1.579343211766115473e-09 5.207669317996987957e-08 3.866494182602764340e-07 1.484388860717444913e-07 1.316234943260496948e-07
7.240411639213562012e-01 2.366356888217069354e-09 6.694602205925548333e-08 4.513991598287248053e-07 1.734008350240401342e-07 1.672009659614559496e-07
7.019096612930297852e-01 4.026677657975596958e-09 1.016833408584716381e-07 6.044678571015538182e-07 2.387678250670433044e-07 2.393236400166642852e-07
6.849569082260131836e-01 5.656902501982585818e-09 1.277478389738462283e-07 7.167265607677109074e-07 2.830768153216922656e-07 2.827239029556949390e-07
6.534262895584106445e-01 8.653138650061009685e-09 1.748926621303326101e-07 8.742549084672646131e-07 3.693608334742748411e-07 3.676163657928555040e-07
6.324774026870727539e-01 1.211399158762560546e-08 2.317351146530199912e-07 1.061122134160541464e-06 4.707829930339357816e-07 4.747799948745523579e-07
6.376026272773742676e-01 1.508020197604764689e-08 2.707408270907762926e-07 1.185405153592000715e-06 4.901449983663042076e-07 5.657255428559437860e-07
6.085752844810485840e-01 2.248834363172136364e-08 3.397622663214860950e-07 1.364831405226141214e-06 6.096166771385469474e-07 6.991216423557489179e-07
6.091864109039306641e-01 3.245136426244243921e-08 4.194509415356151294e-07 1.579223180669941939e-06 6.963212513255712111e-07 8.593132179157692008e-07
5.871569514274597168e-01 4.745167103692438104e-08 5.371692282096773852e-07 1.851478828029939905e-06 8.337997883245407138e-07 1.079774733625527006e-06
5.527210235595703125e-01 6.514386541311978363e-08 6.289628800004720688e-07 2.097352989949285984e-06 9.821409321375540458e-07 1.203953615913633257e-06
5.464212894439697266e-01 8.777492865874592098e-08 7.717408152529969811e-07 2.462769089106586762e-06 1.127296968661539722e-06 1.433642182746552862e-06
5.296413302421569824e-01 1.187034968097577803e-07 9.292798495152965188e-07 2.756223693722859025e-06 1.282844095840118825e-06 1.667346055000962224e-06
5.042173266410827637e-01 1.670059788239086629e-07 1.136198534368304536e-06 3.262328846176387742e-06 1.521573494756012224e-06 2.009519448620267212e-06
4.862053096294403076e-01 2.395191529558360344e-07 1.399391976519837044e-06 4.035734946228330955e-06 1.767481080605648458e-06 2.429385176583309658e-06
4.645262360572814941e-01 3.620608310939132934e-07 1.874913436950009782e-06 4.768361577589530498e-06 2.243136805191170424e-06 3.052944293813197874e-06
4.490995109081268311e-01 5.540145480154023971e-07 2.392745955148711801e-06 5.860403234692057595e-06 2.737084969339775853e-06 4.044308752781944349e-06
4.401281177997589111e-01 7.153057026698661502e-07 2.697217041713884100e-06 6.334728823276236653e-06 2.911293222496169619e-06 4.579246706271078438e-06
4.205494523048400879e-01 9.509665233053965494e-07 3.163266001138254069e-06 6.920088708284310997e-06 3.188240043527912349e-06 5.324535322870360687e-06
4.136390388011932373e-01 1.336533500762016047e-06 3.833231858152430505e-06 8.114162483252584934e-06 3.785041371884290129e-06 6.597320862056221813e-06
4.112543165683746338e-01 1.614669372429489158e-06 4.473731223697541282e-06 9.210024472849909216e-06 4.280434040992986411e-06 7.477707185898907483e-06
3.830673098564147949e-01 2.567010142229264602e-06 5.919172508583869785e-06 1.146913473348831758e-05 5.271680038276826963e-06 9.827646863413974643e-06
3.544816374778747559e-01 4.056281341036083177e-06 7.425372132274787873e-06 1.364811760140582919e-05 6.397860488505102694e-06 1.246719602931989357e-05
3.576699495315551758e-01 4.737043582281330600e-06 8.252455700130667537e-06 1.444546614948194474e-05 7.069687399052781984e-06 1.422914738213876262e-05
3.309902548789978027e-01 6.661704446742078289e-06 9.711626262287609279e-06 1.717821214697323740e-05 7.973867468535900116e-06 1.795832213247194886e-05
3.136956393718719482e-01 9.773089004738721997e-06 1.221096863446291536e-05 2.070682239718735218e-05 9.577801392879337072e-06 2.168790160794742405e-05
3.024330139160156250e-01 1.229361987498123199e-05 1.387294469168409705e-05 2.341364233870990574e-05 1.069150130206253380e-05 2.448074701533187181e-05
2.952958345413208008e-01 1.537396929052192718e-05 1.508906734670745209e-05 2.646237044245935977e-05 1.121333934861468151e-05 2.767731530184391886e-05
2.888087034225463867e-01 2.012307959375903010e-05 1.736305057420395315e-05 2.714413130888715386e-05 1.265509945369558409e-05 3.339893373777158558e-05
2.705766260623931885e-01 2.710663102334365249e-05 1.915538086905144155e-05 2.984528873639646918e-05 1.377174521621782333e-05 3.870320142596028745e-05
2.610690295696258545e-01 3.659508365672081709e-05 2.248165765195153654e-05 3.381703936611302197e-05 1.598597191332373768e-05 4.711097062681801617e-05
2.506902515888214111e-01 4.404704304761253297e-05 2.460722316754981875e-05 3.644805474323220551e-05 1.712268931441940367e-05 5.173198951524682343e-05
2.502678036689758301e-01 5.443974441732279956e-05 2.646088250912725925e-05 3.869637293973937631e-05 1.793144656403455883e-05 5.802220039186067879e-05
2.379537969827651978e-01 7.120849477360025048e-05 3.049521001230459660e-05 4.354141856310889125e-05 2.020957435888703912e-05 7.097181514836847782e-05
2.272621691226959229e-01 9.021489677252247930e-05 3.420861321501433849e-05 4.520462243817746639e-05 2.190472878282889724e-05 7.670924242120236158e-05
2.144315987825393677e-01 1.282694720430299640e-04 4.142649049754254520e-05 5.238607263891026378e-05 2.534457416913937777e-05 9.337188384961336851e-05
2.108367979526519775e-01 1.524892140878364444e-04 4.487225305638276041e-05 5.681469338014721870e-05 2.735506677709054202e-05 1.009759580483660102e-04
1.996989101171493530e-01 1.997338404180482030e-04 5.072105341241694987e-05 6.488602230092510581e-05 3.023731551365926862e-05 1.186649824376218021e-04
1.928251981735229492e-01 2.417304785922169685e-04 5.171841985429637134e-05 6.502595351776108146e-05 3.095442662015557289e-05 1.219625119119882584e-04
1.827304959297180176e-01 3.082868352066725492e-04 6.071297684684395790e-05 7.668825128348544240e-05 3.452604141784831882e-05 1.432662247680127621e-04
1.712571829557418823e-01 4.115367191843688488e-04 6.986861990299075842e-05 8.321114728460088372e-05 3.952316183131188154e-05 1.699314889265224338e-04
1.784838885068893433e-01 4.490647988859564066e-04 7.094647298799827695e-05 8.608224015915766358e-05 4.052061194670386612e-05 1.747930655255913734e-04
1.597888171672821045e-01 5.771558498963713646e-04 8.266788790933787823e-05 9.160952322417870164e-05 4.606842412613332272e-05 2.058577083516865969e-04
1.585497409105300903e-01 7.202699780464172363e-04 8.934490324463695288e-05 1.012648863252252340e-04 4.781590178026817739e-05 2.278138708788901567e-04
1.601652503013610840e-01 8.798899943940341473e-04 9.374141518492251635e-05 1.048141275532543659e-04 5.139260974829085171e-05 2.312787692062556744e-04
1.529159992933273315e-01 1.147558679804205894e-03 1.034517990774475038e-04 1.118528380175121129e-04 5.666090874001383781e-05 2.578946878202259541e-04
1.466878950595855713e-01 1.502263592556118965e-03 1.161481632152572274e-04 1.202615094371140003e-04 6.111383117968216538e-05 2.973547379951924086e-04
1.336065977811813354e-01 1.883094199001789093e-03 1.245438761543482542e-04 1.221715065184980631e-04 6.722327088937163353e-05 3.356480447109788656e-04
1.249794140458106995e-01 2.204094314947724342e-03 1.348602818325161934e-04 1.312903041252866387e-04 7.103056123014539480e-05 3.557083546184003353e-04
1.186253428459167480e-01 2.419100841507315636e-03 1.428580144420266151e-04 1.395108556607738137e-04 7.657621608814224601e-05 3.741675755009055138e-04
1.106972470879554749e-01 3.211946925148367882e-03 1.532962633064016700e-04 1.470278220949694514e-04 8.337943290825933218e-05 4.149108135607093573e-04
1.076458916068077087e-01 4.281945060938596725e-03 1.663917937548831105e-04 1.575794740347191691e-04 8.674027048982679844e-05 4.562340327538549900e-04
9.966762363910675049e-02 5.304073449224233627e-03 1.803449122235178947e-04 1.633834326639771461e-04 9.183571819448843598e-05 4.867138050030916929e-04
9.609784185886383057e-02 6.460619159042835236e-03 1.978916552616283298e-04 1.778077130438759923e-04 1.010484556900337338e-04 5.438430816866457462e-04
8.897358179092407227e-02 7.965366356074810028e-03 2.138107374776154757e-04 1.807193184504285455e-04 1.059498317772522569e-04 5.862654070369899273e-04
8.755514025688171387e-02 8.632321842014789581e-03 2.192909742007032037e-04 1.876115566119551659e-04 1.070664438884705305e-04 5.937381647527217865e-04
8.155401796102523804e-02 1.118412520736455917e-02 2.477644593454897404e-04 1.929208083311095834e-04 1.159019375336356461e-04 6.443029269576072693e-04
7.478484511375427246e-02 1.331835705786943436e-02 2.631477254908531904e-04 2.033805067185312510e-04 1.252898800885304809e-04 6.944722263142466545e-04
7.246630638837814331e-02 1.498657651245594025e-02 2.749132399912923574e-04 1.994014310184866190e-04 1.286668411921709776e-04 7.114459294825792313e-04
7.223542034626007080e-02 1.808319054543972015e-02 3.005138423759490252e-04 2.043171407422050834e-04 1.372005499433726072e-04 7.515601464547216892e-04
6.402398645877838135e-02 2.322966419160366058e-02 3.263044054619967937e-04 2.186949859606102109e-04 1.432692661182954907e-04 8.336695609614253044e-04
5.884158611297607422e-02 2.830113470554351807e-02 3.584291844163089991e-04 2.328905975446105003e-04 1.468870323151350021e-04 9.144477662630379200e-04
5.294689536094665527e-02 3.569666296243667603e-02 3.834286180790513754e-04 2.418699150439351797e-04 1.583380217198282480e-04 9.816698729991912842e-04
5.077826231718063354e-02 4.007316008210182190e-02 4.137566429562866688e-04 2.408240106888115406e-04 1.591074833413586020e-04 1.005493453703820705e-03
5.154956132173538208e-02 4.511091113090515137e-02 4.282179870642721653e-04 2.473471686244010925e-04 1.625113509362563491e-04 1.024545636028051376e-03
4.659936949610710144e-02 5.574180930852890015e-02 4.677671240642666817e-04 2.476536028552800417e-04 1.663540751906111836e-04 1.090652542188763618e-03
4.546368122100830078e-02 6.256496161222457886e-02 4.776838468387722969e-04 2.533559163566678762e-04 1.777810830390080810e-04 1.097517204470932484e-03
4.245964810252189636e-02 7.391639053821563721e-02 5.011860630474984646e-04 2.531779755372554064e-04 1.766366622177883983e-04 1.159828854724764824e-03
3.816708177328109741e-02 8.690636605024337769e-02 5.386197590269148350e-04 2.656356082297861576e-04 1.848649844760075212e-04 1.238831900991499424e-03
3.593010455369949341e-02 1.033980101346969604e-01 5.935074877925217152e-04 2.789708669297397137e-04 1.907255500555038452e-04 1.291406340897083282e-03
3.570656105875968933e-02 1.169239953160285950e-01 6.106286891736090183e-04 2.735090383794158697e-04 1.973151665879413486e-04 1.258281292393803596e-03
3.374468162655830383e-02 1.380523443222045898e-01 6.272979080677032471e-04 2.707186213228851557e-04 1.948621938936412334e-04 1.298998249694705009e-03
3.412444889545440674e-02 1.511358320713043213e-01 6.081867031753063202e-04 2.648014633450657129e-04 1.929341669892892241e-04 1.322506228461861610e-03
2.891665138304233551e-02 1.898765563964843750e-01 6.392777431756258011e-04 2.696577575989067554e-04 2.036420337390154600e-04 1.322411699220538139e-03
2.801298722624778748e-02 1.960085332393646240e-01 6.785592413507401943e-04 2.595165860839188099e-04 1.978308864636346698e-04 1.339307753369212151e-03
2.602705173194408417e-02 2.209888100624084473e-01 6.930066738277673721e-04 2.631254901643842459e-04 1.976816565729677677e-04 1.452729688026010990e-03
2.424827963113784790e-02 2.469396740198135376e-01 7.088940474204719067e-04 2.607025089673697948e-04 1.953011087607592344e-04 1.384092029184103012e-03
2.299784123897552490e-02 2.595176100730895996e-01 6.972688133828341961e-04 2.637199359014630318e-04 1.939525973284617066e-04 1.386046060360968113e-03
2.100713178515434265e-02 2.987823486328125000e-01 7.087412523105740547e-04 2.514644002076238394e-04 1.948440039996057749e-04 1.395030179992318153e-03
