5.800000000000000000e+01 1.280000000000000000e+02 1.400000000000000000e+01 1.000000000000000000e+00 1.800000000000000000e+01
5.620000000000000000e+02 9.740000000000000000e+02 9.400000000000000000e+01 1.400000000000000000e+01 1.200000000000000000e+01
5.620000000000000000e+02 9.740000000000000000e+02 5.540000000000000000e+02 8.070000000000000000e+02 8.350000000000000000e+02
5.620000000000000000e+02 9.740000000000000000e+02 5.540000000000000000e+02 8.350000000000000000e+02 7.080000000000000000e+02
5.620000000000000000e+02 9.740000000000000000e+02 5.540000000000000000e+02 8.350000000000000000e+02 7.080000000000000000e+02
5.620000000000000000e+02 9.740000000000000000e+02 5.540000000000000000e+02 8.350000000000000000e+02 7.080000000000000000e+02
5.620000000000000000e+02 9.740000000000000000e+02 5.540000000000000000e+02 8.350000000000000000e+02 7.080000000000000000e+02
5.620000000000000000e+02 9.740000000000000000e+02 5.540000000000000000e+02 8.350000000000000000e+02 7.080000000000000000e+02
5.620000000000000000e+02 9.740000000000000000e+02 5.540000000000000000e+02 8.350000000000000000e+02 7.080000000000000000e+02
5.620000000000000000e+02 9.740000000000000000e+02 8.350000000000000000e+02 5.540000000000000000e+02 9.140000000000000000e+02
5.620000000000000000e+02 9.740000000000000000e+02 8.350000000000000000e+02 5.540000000000000000e+02 9.140000000000000000e+02
5.620000000000000000e+02 9.740000000000000000e+02 8.350000000000000000e+02 5.540000000000000000e+02 9.140000000000000000e+02
5.620000000000000000e+02 8.350000000000000000e+02 9.740000000000000000e+02 5.540000000000000000e+02 9.140000000000000000e+02
5.620000000000000000e+02 8.350000000000000000e+02 9.740000000000000000e+02 5.540000000000000000e+02 9.140000000000000000e+02
5.620000000000000000e+02 8.350000000000000000e+02 9.740000000000000000e+02 5.540000000000000000e+02 9.140000000000000000e+02
5.620000000000000000e+02 8.350000000000000000e+02 9.740000000000000000e+02 5.540000000000000000e+02 9.140000000000000000e+02
5.620000000000000000e+02 8.350000000000000000e+02 9.740000000000000000e+02 5.540000000000000000e+02 9.140000000000000000e+02
5.620000000000000000e+02 8.350000000000000000e+02 9.740000000000000000e+02 5.540000000000000000e+02 9.140000000000000000e+02
5.620000000000000000e+02 8.350000000000000000e+02 9.740000000000000000e+02 5.540000000000000000e+02 7.550000000000000000e+02
5.620000000000000000e+02 8.350000000000000000e+02 9.740000000000000000e+02 5.540000000000000000e+02 7.550000000000000000e+02
5.620000000000000000e+02 8.350000000000000000e+02 9.740000000000000000e+02 5.540000000000000000e+02 7.550000000000000000e+02
5.620000000000000000e+02 8.350000000000000000e+02 9.740000000000000000e+02 5.540000000000000000e+02 7.550000000000000000e+02
5.620000000000000000e+02 9.740000000000000000e+02 8.350000000000000000e+02 5.540000000000000000e+02 8.070000000000000000e+02
5.620000000000000000e+02 9.740000000000000000e+02 8.350000000000000000e+02 5.540000000000000000e+02 8.070000000000000000e+02
5.620000000000000000e+02 9.740000000000000000e+02 8.350000000000000000e+02 5.540000000000000000e+02 8.070000000000000000e+02
5.620000000000000000e+02 9.740000000000000000e+02 8.350000000000000000e+02 5.540000000000000000e+02 8.070000000000000000e+02
5.620000000000000000e+02 9.740000000000000000e+02 8.350000000000000000e+02 5.540000000000000000e+02 8.070000000000000000e+02
5.620000000000000000e+02 9.740000000000000000e+02 8.350000000000000000e+02 5.540000000000000000e+02 8.070000000000000000e+02
5.620000000000000000e+02 9.740000000000000000e+02 8.350000000000000000e+02 5.540000000000000000e+02 8.070000000000000000e+02
5.620000000000000000e+02 9.740000000000000000e+02 8.350000000000000000e+02 5.540000000000000000e+02 8.070000000000000000e+02
5.620000000000000000e+02 9.740000000000000000e+02 8.350000000000000000e+02 5.540000000000000000e+02 8.070000000000000000e+02
5.620000000000000000e+02 9.740000000000000000e+02 8.350000000000000000e+02 8.070000000000000000e+02 5.540000000000000000e+02
5.620000000000000000e+02 9.740000000000000000e+02 8.350000000000000000e+02 8.070000000000000000e+02 5.540000000000000000e+02
5.620000000000000000e+02 9.740000000000000000e+02 8.350000000000000000e+02 8.070000000000000000e+02 5.540000000000000000e+02
5.620000000000000000e+02 9.740000000000000000e+02 8.350000000000000000e+02 8.070000000000000000e+02 5.540000000000000000e+02
5.620000000000000000e+02 9.740000000000000000e+02 8.350000000000000000e+02 8.070000000000000000e+02 5.540000000000000000e+02
5.620000000000000000e+02 9.740000000000000000e+02 8.350000000000000000e+02 8.070000000000000000e+02 5.540000000000000000e+02
5.620000000000000000e+02 9.740000000000000000e+02 8.350000000000000000e+02 8.070000000000000000e+02 5.540000000000000000e+02
5.620000000000000000e+02 9.740000000000000000e+02 8.350000000000000000e+02 8.070000000000000000e+02 5.540000000000000000e+02
5.620000000000000000e+02 9.740000000000000000e+02 8.350000000000000000e+02 8.070000000000000000e+02 5.540000000000000000e+02
5.620000000000000000e+02 9.740000000000000000e+02 8.350000000000000000e+02 8.070000000000000000e+02 5.540000000000000000e+02
5.620000000000000000e+02 9.740000000000000000e+02 8.350000000000000000e+02 8.070000000000000000e+02 7.080000000000000000e+02
5.620000000000000000e+02 9.740000000000000000e+02 8.350000000000000000e+02 8.070000000000000000e+02 7.080000000000000000e+02
5.620000000000000000e+02 9.740000000000000000e+02 8.350000000000000000e+02 8.070000000000000000e+02 7.080000000000000000e+02
5.620000000000000000e+02 9.740000000000000000e+02 8.350000000000000000e+02 8.070000000000000000e+02 7.080000000000000000e+02
5.620000000000000000e+02 9.740000000000000000e+02 8.350000000000000000e+02 8.070000000000000000e+02 7.080000000000000000e+02
5.620000000000000000e+02 9.740000000000000000e+02 8.350000000000000000e+02 8.070000000000000000e+02 7.080000000000000000e+02
5.620000000000000000e+02 9.740000000000000000e+02 8.350000000000000000e+02 8.070000000000000000e+02 7.080000000000000000e+02
5.620000000000000000e+02 9.740000000000000000e+02 8.350000000000000000e+02 8.070000000000000000e+02 7.080000000000000000e+02
5.620000000000000000e+02 9.740000000000000000e+02 8.350000000000000000e+02 8.070000000000000000e+02 7.080000000000000000e+02
5.620000000000000000e+02 9.740000000000000000e+02 8.350000000000000000e+02 8.070000000000000000e+02 7.080000000000000000e+02
5.620000000000000000e+02 9.740000000000000000e+02 8.350000000000000000e+02 8.070000000000000000e+02 7.080000000000000000e+02
5.620000000000000000e+02 9.740000000000000000e+02 8.350000000000000000e+02 8.070000000000000000e+02 7.080000000000000000e+02
5.620000000000000000e+02 9.740000000000000000e+02 8.350000000000000000e+02 8.070000000000000000e+02 7.080000000000000000e+02
5.620000000000000000e+02 9.740000000000000000e+02 8.350000000000000000e+02 8.070000000000000000e+02 7.080000000000000000e+02
5.620000000000000000e+02 9.740000000000000000e+02 8.350000000000000000e+02 8.070000000000000000e+02 7.080000000000000000e+02
5.620000000000000000e+02 9.740000000000000000e+02 8.350000000000000000e+02 8.070000000000000000e+02 7.080000000000000000e+02
5.620000000000000000e+02 8.350000000000000000e+02 9.740000000000000000e+02 8.070000000000000000e+02 7.080000000000000000e+02
5.620000000000000000e+02 8.350000000000000000e+02 9.740000000000000000e+02 8.070000000000000000e+02 7.080000000000000000e+02
5.620000000000000000e+02 8.350000000000000000e+02 9.740000000000000000e+02 8.070000000000000000e+02 7.080000000000000000e+02
5.620000000000000000e+02 8.350000000000000000e+02 9.740000000000000000e+02 8.070000000000000000e+02 7.080000000000000000e+02
5.620000000000000000e+02 8.350000000000000000e+02 9.740000000000000000e+02 8.070000000000000000e+02 7.080000000000000000e+02
5.620000000000000000e+02 8.350000000000000000e+02 9.740000000000000000e+02 8.070000000000000000e+02 7.080000000000000000e+02
5.620000000000000000e+02 8.350000000000000000e+02 9.740000000000000000e+02 8.070000000000000000e+02 7.080000000000000000e+02
5.620000000000000000e+02 8.350000000000000000e+02 9.740000000000000000e+02 8.070000000000000000e+02 7.080000000000000000e+02
5.620000000000000000e+02 8.350000000000000000e+02 9.740000000000000000e+02 8.070000000000000000e+02 7.080000000000000000e+02
5.620000000000000000e+02 8.350000000000000000e+02 9.740000000000000000e+02 8.070000000000000000e+02 7.080000000000000000e+02
5.620000000000000000e+02 8.350000000000000000e+02 8.070000000000000000e+02 9.740000000000000000e+02 7.080000000000000000e+02
5.620000000000000000e+02 8.350000000000000000e+02 9.740000000000000000e+02 8.070000000000000000e+02 7.080000000000000000e+02
5.620000000000000000e+02 8.350000000000000000e+02 8.070000000000000000e+02 9.740000000000000000e+02 7.080000000000000000e+02
5.620000000000000000e+02 8.350000000000000000e+02 9.740000000000000000e+02 8.070000000000000000e+02 7.080000000000000000e+02
5.620000000000000000e+02 8.350000000000000000e+02 8.070000000000000000e+02 9.740000000000000000e+02 7.080000000000000000e+02
5.620000000000000000e+02 8.350000000000000000e+02 8.070000000000000000e+02 9.740000000000000000e+02 7.080000000000000000e+02
5.620000000000000000e+02 8.350000000000000000e+02 8.070000000000000000e+02 9.740000000000000000e+02 7.080000000000000000e+02
5.620000000000000000e+02 8.350000000000000000e+02 8.070000000000000000e+02 9.740000000000000000e+02 7.080000000000000000e+02
5.620000000000000000e+02 8.350000000000000000e+02 8.070000000000000000e+02 9.740000000000000000e+02 7.080000000000000000e+02
5.620000000000000000e+02 8.350000000000000000e+02 8.070000000000000000e+02 9.740000000000000000e+02 7.080000000000000000e+02
5.620000000000000000e+02 8.350000000000000000e+02 8.070000000000000000e+02 9.740000000000000000e+02 7.080000000000000000e+02
5.620000000000000000e+02 8.350000000000000000e+02 8.070000000000000000e+02 9.740000000000000000e+02 7.080000000000000000e+02
5.620000000000000000e+02 8.350000000000000000e+02 8.070000000000000000e+02 9.740000000000000000e+02 7.080000000000000000e+02
5.620000000000000000e+02 8.350000000000000000e+02 8.070000000000000000e+02 9.740000000000000000e+02 7.080000000000000000e+02
5.620000000000000000e+02 8.350000000000000000e+02 8.070000000000000000e+02 9.740000000000000000e+02 7.080000000000000000e+02
5.620000000000000000e+02 8.350000000000000000e+02 8.070000000000000000e+02 9.740000000000000000e+02 7.080000000000000000e+02
5.620000000000000000e+02 8.350000000000000000e+02 8.070000000000000000e+02 9.740000000000000000e+02 7.080000000000000000e+02
5.620000000000000000e+02 8.350000000000000000e+02 8.070000000000000000e+02 9.740000000000000000e+02 7.080000000000000000e+02
5.620000000000000000e+02 8.350000000000000000e+02 8.070000000000000000e+02 9.740000000000000000e+02 7.080000000000000000e+02
5.620000000000000000e+02 8.350000000000000000e+02 8.070000000000000000e+02 9.740000000000000000e+02 7.080000000000000000e+02
5.620000000000000000e+02 8.350000000000000000e+02 8.070000000000000000e+02 9.740000000000000000e+02 7.080000000000000000e+02
5.620000000000000000e+02 8.350000000000000000e+02 8.070000000000000000e+02 9.740000000000000000e+02 7.080000000000000000e+02
5.620000000000000000e+02 8.350000000000000000e+02 8.070000000000000000e+02 9.740000000000000000e+02 7.080000000000000000e+02
5.620000000000000000e+02 8.350000000000000000e+02 8.070000000000000000e+02 9.740000000000000000e+02 7.080000000000000000e+02
5.620000000000000000e+02 8.350000000000000000e+02 8.070000000000000000e+02 9.740000000000000000e+02 7.080000000000000000e+02
5.620000000000000000e+02 8.350000000000000000e+02 8.070000000000000000e+02 9.740000000000000000e+02 7.080000000000000000e+02
5.620000000000000000e+02 8.350000000000000000e+02 8.070000000000000000e+02 9.740000000000000000e+02 7.080000000000000000e+02
5.620000000000000000e+02 8.350000000000000000e+02 8.070000000000000000e+02 9.740000000000000000e+02 7.080000000000000000e+02
5.620000000000000000e+02 8.350000000000000000e+02 8.070000000000000000e+02 9.740000000000000000e+02 7.080000000000000000e+02
5.620000000000000000e+02 8.350000000000000000e+02 8.070000000000000000e+02 9.740000000000000000e+02 7.080000000000000000e+02
5.620000000000000000e+02 8.350000000000000000e+02 8.070000000000000000e+02 9.740000000000000000e+02 7.080000000000000000e+02
5.620000000000000000e+02 8.350000000000000000e+02 8.070000000000000000e+02 9.740000000000000000e+02 7.080000000000000000e+02
5.620000000000000000e+02 8.350000000000000000e+02 8.070000000000000000e+02 9.740000000000000000e+02 7.080000000000000000e+02
5.620000000000000000e+02 8.350000000000000000e+02 8.070000000000000000e+02 9.740000000000000000e+02 7.080000000000000000e+02
