          0  0.17030622  7.68769455
        100  0.00464745 23.32785034
        200  0.00190136 27.20934677
        300  0.00129257 28.88546753
        400  0.00105893 29.75130653
        500  0.00085744 30.66798019
        600  0.00077087 31.13020515
        700  0.00071586 31.45174217
        800  0.00063127 31.99784470
        900  0.00057464 32.40605927
       1000  0.00055856 32.52932358
       1100  0.00051252 32.90288925
       1200  0.00048325 33.15832520
       1300  0.00046600 33.31615067
       1400  0.00045215 33.44714355
       1500  0.00042735 33.69218826
       1600  0.00041938 33.77394104
       1700  0.00039679 34.01436234
       1800  0.00038704 34.12246704
       1900  0.00037377 34.27397156
       2000  0.00036865 34.33383560
       2100  0.00035196 34.53511429
       2200  0.00035669 34.47705841
       2300  0.00033401 34.76243591
       2400  0.00032318 34.90557861
       2500  0.00031538 35.01169205
       2600  0.00032171 34.92536926
       2700  0.00029913 35.24143219
       2800  0.00030477 35.16026688
       2900  0.00029644 35.28064346
       3000  0.00029576 35.29063416
       3100  0.00029877 35.24658966
       3200  0.00029051 35.36834335
       3300  0.00034907 34.57089233
       3400  0.00026154 35.82467270
       3500  0.00025762 35.89025497
       3600  0.00025659 35.90765762
       3700  0.00032455 34.88722610
       3800  0.00024669 36.07841110
       3900  0.00025031 36.01529694
       4000  0.00023301 36.32616425
       4100  0.00022803 36.42006302
       4200  0.00022757 36.42876816
       4300  0.00024328 36.13887024
       4400  0.00022261 36.52455902
       4500  0.00021987 36.57828903
       4600  0.00021673 36.64089966
       4700  0.00021016 36.77443695
       4800  0.00020547 36.87251282
       4900  0.00020773 36.82498932
       5000  0.00020617 36.85776901
       5100  0.00019690 37.05746078
       5200  0.00019739 37.04676056
       5300  0.00019044 37.20248795
       5400  0.00018942 37.22579575
       5500  0.00018417 37.34774780
       5600  0.00017824 37.49003601
       5700  0.00018412 37.34902954
       5800  0.00017404 37.59356308
       5900  0.00017746 37.50891113
       6000  0.00018199 37.39962769
       6100  0.00018344 37.36498642
       6200  0.00017334 37.61101913
       6300  0.00016461 37.83549500
       6400  0.00016004 37.95783234
       6500  0.00015449 38.11112213
       6600  0.00015468 38.10567474
       6700  0.00017538 37.56011200
       6800  0.00015882 37.99089813
       6900  0.00015221 38.17547607
       7000  0.00015047 38.22558975
       7100  0.00015583 38.07353973
       7200  0.00016781 37.75181961
       7300  0.00014787 38.30120850
       7400  0.00013972 38.54747391
       7500  0.00013720 38.62654877
       7600  0.00013127 38.81837082
       7700  0.00014276 38.45381546
       7800  0.00013247 38.77893829
       7900  0.00013469 38.70661926
       8000  0.00013191 38.79713058
       8100  0.00013664 38.64424896
       8200  0.00012534 39.01918030
       8300  0.00012082 39.17874908
       8400  0.00012995 38.86231613
       8500  0.00012612 38.99202347
       8600  0.00012473 39.04018784
       8700  0.00011895 39.24619675
       8800  0.00011869 39.25589752
       8900  0.00011642 39.33988571
       9000  0.00011863 39.25807571
       9100  0.00014089 38.51128387
       9200  0.00012161 39.15025711
       9300  0.00011190 39.51183319
       9400  0.00011619 39.34833145
       9500  0.00011267 39.48183441
       9600  0.00010601 39.74638748
       9700  0.00010566 39.76101685
       9800  0.00010672 39.71750259
       9900  0.00010233 39.89989471
      10000  0.00010546 39.76921463
