1.494893367635086179e-04 1.254640636034309864e-03 4.411586560308933258e-04 4.049353301525115967e-04 2.114293456543236971e-04 1.436077756807208061e-03
8.532942272722721100e-03 6.956962897675111890e-05 2.983999438583850861e-04 1.713377278065308928e-04 4.555298437480814755e-05 3.513862192630767822e-02
3.729473650455474854e-01 4.657037777633377118e-07 1.516539941803785041e-05 6.260057853069156408e-05 5.853608672623522580e-05 1.409413293004035950e-03
7.414466738700866699e-01 6.848371203460601464e-09 6.897892035340191796e-07 8.601115041528828442e-06 4.665155756811145693e-06 4.165394420851953328e-05
8.131768703460693359e-01 1.075665556626859143e-09 1.697532212574515142e-07 2.893083546950947493e-06 5.766182198385649826e-07 7.704272320552263409e-06
8.511099815368652344e-01 5.585673590324802262e-10 1.210771500836926862e-07 1.700823304418008775e-06 4.353229030584770953e-07 4.072102001373423263e-06
8.506507277488708496e-01 7.444095340147782736e-10 2.122478974797559204e-07 2.750386556726880372e-06 7.004711619629233610e-07 4.150604127062251791e-06
8.511526584625244141e-01 9.136336132087308215e-10 2.456469871958688600e-07 4.117249318369431421e-06 1.014224494610971306e-06 4.839775556320091709e-06
8.289818167686462402e-01 1.302872587594094966e-09 2.771994047634507297e-07 5.692904778697993606e-06 1.757211748554254882e-06 6.446846782637294382e-06
8.127306103706359863e-01 1.836507168562206971e-09 3.200030960215372033e-07 7.536450084444368258e-06 2.560768507464672439e-06 8.501579031872097403e-06
8.090885281562805176e-01 2.441037594280714984e-09 3.687150922360160621e-07 9.135090294876135886e-06 3.581251121431705542e-06 1.019190221995813772e-05
8.095313906669616699e-01 2.766374018747796981e-09 3.894406575000175508e-07 9.919885087583679706e-06 4.028090188512578607e-06 1.058992711477912962e-05
8.041213750839233398e-01 4.236750061892280428e-09 4.838719291910820175e-07 1.183941822091583163e-05 5.571517704083817080e-06 1.276431885344209149e-05
7.951442599296569824e-01 5.688537640935464879e-09 5.669106144523539115e-07 1.436209913663333282e-05 7.008645752648590133e-06 1.464603519707452506e-05
7.821699976921081543e-01 8.509795534905606473e-09 7.236786245812254492e-07 1.696491744951345026e-05 9.108636731980368495e-06 1.927752418851014227e-05
7.636714577674865723e-01 1.244044423032164559e-08 8.941190685618494172e-07 1.920811700983904302e-05 1.110928133130073547e-05 2.506410601199604571e-05
7.459670305252075195e-01 1.677020655677097238e-08 1.071154088094772305e-06 2.140543620043899864e-05 1.349743251921609044e-05 3.355583976372145116e-05
7.251839637756347656e-01 2.380849473127000238e-08 1.257584358427266125e-06 2.405318264209199697e-05 1.647774115554057062e-05 4.070264549227431417e-05
7.024022936820983887e-01 3.258118397297948832e-08 1.475647081861097831e-06 2.632077485031913966e-05 1.906465877254959196e-05 4.892440483672544360e-05
6.847277879714965820e-01 4.305456258180129225e-08 1.910095761559205130e-06 2.971516005345620215e-05 2.161640441045165062e-05 5.662226249114610255e-05
6.810281276702880859e-01 5.447254736168360978e-08 2.142225412171683274e-06 3.131329503958113492e-05 2.317328835488297045e-05 6.332147313514724374e-05
6.691826581954956055e-01 7.734546159099409124e-08 2.639179911056999117e-06 3.540764009812846780e-05 2.614505683595780283e-05 7.742912566754966974e-05
6.641159653663635254e-01 1.021611311102788022e-07 3.136455461572040804e-06 3.879099313053302467e-05 2.846197821781970561e-05 8.615355181973427534e-05
6.592884659767150879e-01 1.364240773682467989e-07 3.740512511285487562e-06 4.210489350953139365e-05 2.971685353259090334e-05 1.050076170940883458e-04
6.520454287528991699e-01 1.849372495144052664e-07 4.358485966804437339e-06 4.560044180834665895e-05 3.389114863239228725e-05 1.236297102877870202e-04
6.469160914421081543e-01 2.590971632798755309e-07 5.262477770884288475e-06 5.071458872407674789e-05 3.891883898177184165e-05 1.450590352760627866e-04
6.405885815620422363e-01 3.327398019337124424e-07 5.633736236632103100e-06 5.421356399892829359e-05 4.074057869729585946e-05 1.580183889018371701e-04
6.483976244926452637e-01 3.943320336929900805e-07 5.958402653050143272e-06 5.477249578689225018e-05 4.333327888161875308e-05 1.681093708612024784e-04
6.454728245735168457e-01 5.098032147543563042e-07 6.547804332512896508e-06 5.814866744913160801e-05 4.857692329096607864e-05 1.954585168277844787e-04
6.462720632553100586e-01 7.078008366079302505e-07 7.625173111591720954e-06 6.701701204292476177e-05 5.401184535003267229e-05 2.240379690192639828e-04
6.427279114723205566e-01 9.135334835264075082e-07 8.883056580089032650e-06 7.203175482572987676e-05 5.931253690505400300e-05 2.348595007788389921e-04
6.390703916549682617e-01 1.271916630685154814e-06 1.077892466128105298e-05 7.799154991516843438e-05 6.774233042960986495e-05 2.730745181906968355e-04
6.216585636138916016e-01 1.792962393665220588e-06 1.282393805013271049e-05 8.377847552765160799e-05 7.844572246540337801e-05 3.304373822174966335e-04
6.130918264389038086e-01 2.381943886575754732e-06 1.390341276419349015e-05 9.237073390977457166e-05 8.506271115038543940e-05 3.622094809543341398e-04
5.924236774444580078e-01 3.391207656022743322e-06 1.686400355538353324e-05 1.063982417690567672e-04 1.003799479804001749e-04 4.443229991011321545e-04
5.843958258628845215e-01 4.707335392595268786e-06 1.942942071764264256e-05 1.200859987875446677e-04 1.175358993350528181e-04 4.958037752658128738e-04
5.749043822288513184e-01 6.090256192692322657e-06 2.259580833197105676e-05 1.309908839175477624e-04 1.279733260162174702e-04 5.511352210305631161e-04
5.621832013130187988e-01 7.962813469930551946e-06 2.580805630714166909e-05 1.432218268746510148e-04 1.472428848501294851e-04 6.254935287870466709e-04
5.426952242851257324e-01 1.069655809260439128e-05 3.080222450080327690e-05 1.683511945884674788e-04 1.632613857509568334e-04 6.923973560333251953e-04
5.268368124961853027e-01 1.540733865112997591e-05 3.737114457180723548e-05 2.014337806031107903e-04 1.900731585919857025e-04 8.451265748590230942e-04
4.997482299804687500e-01 2.071259223157539964e-05 4.399340105010196567e-05 2.304170775460079312e-04 2.081553539028391242e-04 9.135430445894598961e-04
4.858967363834381104e-01 2.472482992743607610e-05 4.583228655974380672e-05 2.438657393213361502e-04 2.310595737071707845e-04 1.009591156616806984e-03
4.652910828590393066e-01 3.410120552871376276e-05 5.603068348136730492e-05 2.842899120878428221e-04 2.625661145430058241e-04 1.137104234658181667e-03
4.425637722015380859e-01 4.420183176989667118e-05 6.216638576006516814e-05 3.155275771860033274e-04 2.942240971606224775e-04 1.341238385066390038e-03
4.315311908721923828e-01 5.576136391027830541e-05 6.955197022762149572e-05 3.430334327276796103e-04 3.144767251797020435e-04 1.489177229814231396e-03
4.071761369705200195e-01 7.001236372161656618e-05 7.641428237548097968e-05 3.814648371189832687e-04 3.524633648339658976e-04 1.636070199310779572e-03
3.940816521644592285e-01 9.232528100255876780e-05 8.919291576603427529e-05 4.342136671766638756e-04 3.979033790528774261e-04 1.797425909899175167e-03
3.725608289241790771e-01 1.140868043876253068e-04 9.614587906980887055e-05 4.764777550008147955e-04 4.332404932938516140e-04 1.962001668289303780e-03
3.621832728385925293e-01 1.310044899582862854e-04 1.030172206810675561e-04 5.013921181671321392e-04 4.713755915872752666e-04 2.168774604797363281e-03
3.504194617271423340e-01 1.700663124211132526e-04 1.155106147052720189e-04 5.729516851715743542e-04 5.245927604846656322e-04 2.419731579720973969e-03
3.335784375667572021e-01 2.090951165882870555e-04 1.229679328389465809e-04 6.332010962069034576e-04 5.776016623713076115e-04 2.716186922043561935e-03
3.121474385261535645e-01 2.526464522816240788e-04 1.379567984258756042e-04 7.026887615211308002e-04 6.204711971804499626e-04 2.945571439340710640e-03
2.990607619285583496e-01 3.065879282075911760e-04 1.467265246901661158e-04 7.493461598642170429e-04 6.572823622263967991e-04 3.029977669939398766e-03
2.861342728137969971e-01 3.861596924252808094e-04 1.551729510538280010e-04 8.401431841775774956e-04 7.345686899498105049e-04 3.463411936536431313e-03
2.750687301158905029e-01 4.730569489765912294e-04 1.716502447379752994e-04 9.066271595656871796e-04 7.504650275222957134e-04 3.744028741493821144e-03
2.705403864383697510e-01 5.575249087996780872e-04 1.865041558630764484e-04 9.635463356971740723e-04 7.756479899398982525e-04 4.007283132523298264e-03
2.570685744285583496e-01 7.381383911706507206e-04 2.017715742113068700e-04 1.045977813191711903e-03 8.622917230241000652e-04 4.369914997369050980e-03
2.638584673404693604e-01 7.887682877480983734e-04 2.001503598876297474e-04 1.090365229174494743e-03 8.772541768848896027e-04 4.489504732191562653e-03
2.483628988265991211e-01 9.733253391459584236e-04 2.156736009055748582e-04 1.153912977315485477e-03 9.610692504793405533e-04 4.742776975035667419e-03
2.412613183259963989e-01 1.106072682887315750e-03 2.274485159432515502e-04 1.263337791897356510e-03 9.934836998581886292e-04 4.926761146634817123e-03
2.274729460477828979e-01 1.331666368059813976e-03 2.420588280074298382e-04 1.321313437074422836e-03 1.039503142237663269e-03 5.171667784452438354e-03
2.171960920095443726e-01 1.568719395436346531e-03 2.512028149794787169e-04 1.398450229316949844e-03 1.097933622077107430e-03 5.618436262011528015e-03
2.069427520036697388e-01 1.968762604519724846e-03 2.845873823389410973e-04 1.542307902127504349e-03 1.116293598897755146e-03 5.811469629406929016e-03
1.959579139947891235e-01 2.295058220624923706e-03 2.889803145080804825e-04 1.654874533414840698e-03 1.134366146288812160e-03 6.090182345360517502e-03
1.899846792221069336e-01 2.850554417818784714e-03 3.202073858119547367e-04 1.763717387802898884e-03 1.231500995345413685e-03 6.515807006508111954e-03
1.757206767797470093e-01 3.610527841374278069e-03 3.361455746926367283e-04 1.941695925779640675e-03 1.280358177609741688e-03 7.007370702922344208e-03
1.740867942571640015e-01 4.064215347170829773e-03 3.436880360823124647e-04 2.004374517127871513e-03 1.365802716463804245e-03 7.269927766174077988e-03
1.652478575706481934e-01 4.781927447766065598e-03 3.579091862775385380e-04 2.110955538228154182e-03 1.388530363328754902e-03 7.619750685989856720e-03
1.577416807413101196e-01 5.913830827921628952e-03 3.792929928749799728e-04 2.208567224442958832e-03 1.473913667723536491e-03 7.963350974023342133e-03
1.534653156995773315e-01 6.980503909289836884e-03 3.946991055272519588e-04 2.447973238304257393e-03 1.515780342742800713e-03 8.613815531134605408e-03
1.448767036199569702e-01 7.962674833834171295e-03 4.137335927225649357e-04 2.527623670175671577e-03 1.582060242071747780e-03 8.940396830439567566e-03
1.432708650827407837e-01 9.269990026950836182e-03 4.163242992945015430e-04 2.477316884323954582e-03 1.661910791881382465e-03 9.346659295260906219e-03
1.342550665140151978e-01 1.035806629806756973e-02 4.386727814562618732e-04 2.635372569784522057e-03 1.658165594562888145e-03 9.938349016010761261e-03
1.293860077857971191e-01 1.280734594911336899e-02 4.734072426799684763e-04 2.833134960383176804e-03 1.719939988106489182e-03 1.036259345710277557e-02
1.233583763241767883e-01 1.424615085124969482e-02 4.932184237986803055e-04 2.922748913988471031e-03 1.793958712369203568e-03 1.082813646644353867e-02
1.190490722656250000e-01 1.573424786329269409e-02 4.923430387862026691e-04 2.914250595495104790e-03 1.871047075837850571e-03 1.130434498190879822e-02
1.157574951648712158e-01 1.885367184877395630e-02 5.281113553792238235e-04 3.030582563951611519e-03 1.944974879734218121e-03 1.184511277824640274e-02
1.114625334739685059e-01 2.289228327572345734e-02 5.315523594617843628e-04 3.209020243957638741e-03 2.035582903772592545e-03 1.247461885213851929e-02
1.103288382291793823e-01 2.504342794418334961e-02 5.525010637938976288e-04 3.190836869180202484e-03 2.037522615864872932e-03 1.275622006505727768e-02
1.065792888402938843e-01 2.894007787108421326e-02 5.833480972796678543e-04 3.255910938605666161e-03 2.124319551512598991e-03 1.335374172776937485e-02
1.025967746973037720e-01 3.296774625778198242e-02 5.919788382016122341e-04 3.383747767657041550e-03 2.126382431015372276e-03 1.353067718446254730e-02
9.829125553369522095e-02 3.633961454033851624e-02 6.090695387683808804e-04 3.457073122262954712e-03 2.194065600633621216e-03 1.404416095465421677e-02
9.656591713428497314e-02 4.119841009378433228e-02 6.473838584497570992e-04 3.523377235978841782e-03 2.197272377088665962e-03 1.394835114479064941e-02
9.114780277013778687e-02 4.819789901375770569e-02 6.781424162909388542e-04 3.684769850224256516e-03 2.267474541440606117e-03 1.401431486010551453e-02
9.006287902593612671e-02 5.292741581797599792e-02 6.809209589846432209e-04 3.811206202954053879e-03 2.269635908305644989e-03 1.469212211668491364e-02
8.947615325450897217e-02 5.555470287799835205e-02 7.003396749496459961e-04 3.772372147068381310e-03 2.259816508740186691e-03 1.459486316889524460e-02
8.611903339624404907e-02 6.402634084224700928e-02 7.151129539124667645e-04 4.018939100205898285e-03 2.381123602390289307e-03 1.493029017001390457e-02
8.630990982055664062e-02 6.853735446929931641e-02 7.281811558641493320e-04 4.055541474372148514e-03 2.437039045616984367e-03 1.542406715452671051e-02
8.136423677206039429e-02 7.742929458618164062e-02 7.684823940508067608e-04 4.142786376178264618e-03 2.493489068001508713e-03 1.571220718324184418e-02
8.051258325576782227e-02 8.295978605747222900e-02 7.582845282740890980e-04 4.251572303473949432e-03 2.443949924781918526e-03 1.569166965782642365e-02
8.080987632274627686e-02 8.375846594572067261e-02 7.571602473035454750e-04 4.305422306060791016e-03 2.491205232217907906e-03 1.579724252223968506e-02
7.724037021398544312e-02 9.331598877906799316e-02 7.614892674610018730e-04 4.445420578122138977e-03 2.563151996582746506e-03 1.637659035623073578e-02
7.553619891405105591e-02 1.017447188496589661e-01 7.810901151970028877e-04 4.397851414978504181e-03 2.580795204266905785e-03 1.640217751264572144e-02
7.498537003993988037e-02 1.088147759437561035e-01 7.864374201744794846e-04 4.498208407312631607e-03 2.545754192396998405e-03 1.628002524375915527e-02
6.899216771125793457e-02 1.237353160977363586e-01 8.105497690849006176e-04 4.568189848214387894e-03 2.582567045465111732e-03 1.627788133919239044e-02
7.019358873367309570e-02 1.202026903629302979e-01 8.630061056464910507e-04 4.505382385104894638e-03 2.519142115488648415e-03 1.631310023367404938e-02
6.816896796226501465e-02 1.362361013889312744e-01 8.129537454806268215e-04 4.546771757304668427e-03 2.464185701683163643e-03 1.605137996375560760e-02
7.901449799537658691e-01 3.517118685181230830e-08 5.321893468135385774e-07 1.576081558596342802e-05 6.404529813153203577e-06 4.922491643810644746e-05
8.199623823165893555e-01 1.437758023747903735e-09 2.235445890619303100e-07 3.555712282832246274e-06 1.131400040321750566e-06 1.039449125528335571e-05
8.082643747329711914e-01 8.270698570456147536e-10 2.177275462145189522e-07 3.946224751416593790e-06 1.089673332899110392e-06 6.921792646608082578e-06
7.974982857704162598e-01 8.058217426665237326e-10 2.212986771610303549e-07 4.667547727876808494e-06 1.160618580797745381e-06 6.064688932383432984e-06
