          0  0.06394444 11.94197273
        100  0.00209270 26.79292870
        200  0.00147486 28.31250572
        300  0.00120284 29.19793701
        400  0.00107615 29.68128967
        500  0.00094388 30.25084114
        600  0.00089030 30.50463676
        700  0.00077712 31.09512901
        800  0.00070516 31.51713562
        900  0.00063038 32.00397110
       1000  0.00060980 32.14812469
       1100  0.00056690 32.46494675
       1200  0.00052127 32.82936096
       1300  0.00049316 33.07012939
       1400  0.00045512 33.41873932
       1500  0.00044515 33.51497650
       1600  0.00042440 33.72229767
       1700  0.00040986 33.87366486
       1800  0.00039840 33.99685669
       1900  0.00037795 34.22568512
       2000  0.00035851 34.45493317
       2100  0.00034187 34.66135406
       2200  0.00032781 34.84381485
       2300  0.00032644 34.86197281
       2400  0.00031803 34.97531891
       2500  0.00029441 35.31049347
       2600  0.00029545 35.29511261
       2700  0.00028174 35.50154495
       2800  0.00026900 35.70253372
       2900  0.00026061 35.84011459
       3000  0.00025214 35.98358154
       3100  0.00024787 36.05779648
       3200  0.00026411 35.78211594
       3300  0.00023853 36.22462082
       3400  0.00022969 36.38860321
       3500  0.00023377 36.31209183
       3600  0.00022580 36.46274185
       3700  0.00023449 36.29877853
       3800  0.00021859 36.60379028
       3900  0.00020440 36.89525986
       4000  0.00022164 36.54352188
       4100  0.00018765 37.26659393
       4200  0.00021376 36.70067978
       4300  0.00019769 37.04005051
       4400  0.00018477 37.33373642
       4500  0.00018144 37.41265488
       4600  0.00017975 37.45336914
       4700  0.00017180 37.64985657
       4800  0.00017406 37.59290314
       4900  0.00017779 37.50099564
       5000  0.00015994 37.96047592
       5100  0.00015772 38.02116013
       5200  0.00015177 38.18806458
       5300  0.00015442 38.11303711
       5400  0.00016584 37.80311203
       5500  0.00014913 38.26434326
       5600  0.00013881 38.57572937
       5700  0.00015954 37.97119141
       5800  0.00013595 38.66609955
       5900  0.00013530 38.68713760
       6000  0.00013047 38.84474564
       6100  0.00012931 38.88359833
       6200  0.00012996 38.86198044
       6300  0.00013311 38.75793457
       6400  0.00011887 39.24926376
       6500  0.00012656 38.97687912
       6600  0.00012071 39.18273926
       6700  0.00012130 39.16153336
       6800  0.00012043 39.19249725
       6900  0.00011805 39.27926254
       7000  0.00010933 39.61246490
       7100  0.00010570 39.75919342
       7200  0.00010565 39.76146698
       7300  0.00010570 39.75915527
       7400  0.00010620 39.73855209
       7500  0.00010756 39.68347549
       7600  0.00010112 39.95153809
       7700  0.00011160 39.52329636
       7800  0.00009103 40.40801239
       7900  0.00009239 40.34355545
       8000  0.00009091 40.41370010
       8100  0.00009782 40.09585953
       8200  0.00009950 40.02195740
       8300  0.00008990 40.46223450
       8400  0.00008751 40.57958603
       8500  0.00012370 39.07642365
       8600  0.00149273 28.26017761
       8700  0.00106233 29.73741341
       8800  0.00087543 30.57781029
       8900  0.00074525 31.27696037
       9000  0.00066424 31.77672768
       9100  0.00059213 32.27582932
       9200  0.00054839 32.60910416
       9300  0.00051196 32.90767670
       9400  0.00048994 33.09857941
       9500  0.00045128 33.45554352
       9600  0.00043392 33.62586594
       9700  0.00041491 33.82043839
       9800  0.00039515 34.03237534
       9900  0.00037864 34.21770477
      10000  0.00037092 34.30719757
