2.570612414274364710e-04 5.734155420213937759e-04 1.147735281847417355e-03 5.242529368842951953e-05 7.268660119734704494e-04 5.260970283416099846e-05
1.586927287280559540e-02 2.342889638384804130e-05 1.057030051015317440e-03 9.843542648013681173e-05 3.087566437898203731e-05 1.076107582775875926e-04
5.357578992843627930e-01 9.217035881192714442e-07 2.088201872538775206e-04 2.039784885710105300e-05 5.266803782433271408e-06 2.603367283882107586e-05
6.786322593688964844e-01 4.726717008907144191e-07 3.166609676554799080e-04 9.819559636525809765e-06 3.558784101187484339e-06 2.281005072291009128e-05
7.154303193092346191e-01 4.079637960785476025e-07 3.218122292309999466e-04 1.069843165169004351e-05 2.772138486761832610e-06 1.698702726571355015e-05
7.986668348312377930e-01 3.635865652995562414e-07 3.341016126796603203e-04 8.602212801633868366e-06 1.771187839949561749e-06 1.511694790679030120e-05
8.832097649574279785e-01 2.335280697707275976e-07 4.039302293676882982e-04 5.986759333609370515e-06 6.496350692941632587e-07 1.345897362625692040e-05
9.176845550537109375e-01 1.767477328940003645e-07 3.994436410721391439e-04 4.263115442881826311e-06 2.766270199572318234e-07 1.105837691284250468e-05
9.240718483924865723e-01 1.868696841711425805e-07 3.930725797545164824e-04 3.315754611321608536e-06 1.667117288661756902e-07 9.393055734108202159e-06
9.183567166328430176e-01 2.723268153204116970e-07 4.192942578811198473e-04 3.456354988884413615e-06 1.588668254726144369e-07 1.056286782841198146e-05
9.112286567687988281e-01 4.558761190764926141e-07 4.552857135422527790e-04 4.242533577780704945e-06 1.953831514356352272e-07 1.393867114529712126e-05
8.987228274345397949e-01 7.200911227300821338e-07 5.584371974691748619e-04 5.862470516149187461e-06 2.664408498276316095e-07 1.737724960548803210e-05
8.764616250991821289e-01 1.241798145201755688e-06 6.749798776581883430e-04 7.745851689833216369e-06 4.239826694174553268e-07 2.427218714728951454e-05
8.649042844772338867e-01 1.570099016134918202e-06 7.125884876586496830e-04 9.060639058589003980e-06 4.994703317606763449e-07 2.748388396867085248e-05
8.351525664329528809e-01 2.542204128985758871e-06 7.594420458190143108e-04 1.231816986546618864e-05 6.695073011542262975e-07 3.591712811612524092e-05
8.273257017135620117e-01 2.837783085851697251e-06 7.336213020607829094e-04 1.333357613475527614e-05 7.120635245883022435e-07 3.963397102779708803e-05
8.051179647445678711e-01 4.289927801437443122e-06 8.007925353012979031e-04 1.490607064624782652e-05 9.327664542979619000e-07 4.988893851987086236e-05
8.046481013298034668e-01 5.446927843877347186e-06 7.397627341561019421e-04 1.483248706790618598e-05 1.081061441254860256e-06 5.173221870791167021e-05
7.828190922737121582e-01 8.117482138914056122e-06 7.794347475282847881e-04 1.678299304330721498e-05 1.462017166886653285e-06 6.238362402655184269e-05
7.711715698242187500e-01 1.067672383214812726e-05 8.597610285505652428e-04 1.814913230191450566e-05 1.803266627575794701e-06 7.320268923649564385e-05
7.461916804313659668e-01 1.437427181372186169e-05 9.480358567088842392e-04 2.005805617955047637e-05 2.293634224770357832e-06 8.910598262446001172e-05
7.404682636260986328e-01 1.802456608857028186e-05 9.424618910998106003e-04 2.073056384688243270e-05 2.623192813189234585e-06 8.804722892818972468e-05
7.434034347534179688e-01 2.016545295191463083e-05 8.916770457290112972e-04 2.000799031520728022e-05 2.636918452481040731e-06 8.949104812927544117e-05
7.336574792861938477e-01 2.671400216058827937e-05 9.244769462384283543e-04 2.095968375215306878e-05 3.112809963567997329e-06 9.503680485067889094e-05
7.253829240798950195e-01 3.264151018811389804e-05 9.509046794846653938e-04 2.116852920153178275e-05 3.199266302544856444e-06 9.649304411141201854e-05
7.161678671836853027e-01 3.966786607634276152e-05 9.757885709404945374e-04 2.138674426532816142e-05 3.721818302437895909e-06 1.038118862197734416e-04
7.034865617752075195e-01 4.881452696281485260e-05 9.862578008323907852e-04 2.449219573463778943e-05 3.936869688914157450e-06 1.083212409866973758e-04
6.900431513786315918e-01 6.603503425139933825e-05 1.077245222404599190e-03 2.771024082903750241e-05 5.039503321313532069e-06 1.206802044180221856e-04
7.033991217613220215e-01 7.297916454263031483e-05 9.713147883303463459e-04 2.594388934085145593e-05 5.424476057669380680e-06 1.174582794192247093e-04
7.041627168655395508e-01 8.532516949344426394e-05 9.255544282495975494e-04 2.740904892561957240e-05 5.441385837912093848e-06 1.116101193474605680e-04
6.779186725616455078e-01 1.246811734745278955e-04 1.012486056424677372e-03 3.276202915003523231e-05 7.103885309334145859e-06 1.272805384360253811e-04
6.760956048965454102e-01 1.415435690432786942e-04 1.023154007270932198e-03 3.371615457581356168e-05 7.661483323317952454e-06 1.265220198547467589e-04
6.565487384796142578e-01 1.888410188257694244e-04 1.057291170582175255e-03 3.718000152730382979e-05 9.226360816683154553e-06 1.367167424177750945e-04
6.458334922790527344e-01 2.329665876459330320e-04 1.164970104582607746e-03 4.154250927967950702e-05 1.032038289849879220e-05 1.506937114754691720e-04
6.204768419265747070e-01 3.063200565520673990e-04 1.288040424697101116e-03 4.683001679950393736e-05 1.242733560502529144e-05 1.699599815765395761e-04
6.020472645759582520e-01 3.868580970447510481e-04 1.436782767996191978e-03 5.112681174068711698e-05 1.421443266735877842e-05 1.872339780675247312e-04
5.886571407318115234e-01 5.018940428271889687e-04 1.478933496400713921e-03 5.699575558537617326e-05 1.694027923804242164e-05 1.962820970220491290e-04
5.747945308685302734e-01 6.018417188897728920e-04 1.603578566573560238e-03 6.294227932812646031e-05 1.888425140350591391e-05 2.074344811262562871e-04
5.713159441947937012e-01 7.528057903982698917e-04 1.518013887107372284e-03 6.818753900006413460e-05 2.073522773571312428e-05 2.030871692113578320e-04
5.734877586364746094e-01 8.738528704270720482e-04 1.501346006989479065e-03 7.570513844257220626e-05 2.239114110125228763e-05 2.115742681780830026e-04
5.426291823387145996e-01 1.147864852100610733e-03 1.712732715532183647e-03 8.366617839783430099e-05 2.610965202620718628e-05 2.375779877183958888e-04
5.348103642463684082e-01 1.383411930873990059e-03 1.785393455065786839e-03 9.170084376819431782e-05 2.817526547005400062e-05 2.513767976779490709e-04
5.274115204811096191e-01 1.636264612898230553e-03 1.779839745722711086e-03 1.032238506013527513e-04 3.122393536614254117e-05 2.598065766505897045e-04
5.162826180458068848e-01 1.921872724778950214e-03 1.850795699283480644e-03 1.118562722695060074e-04 3.351620034663937986e-05 2.802375238388776779e-04
4.991163611412048340e-01 2.234690124168992043e-03 1.932903775013983250e-03 1.209758484037593007e-04 3.731092147063463926e-05 2.980595745611935854e-04
4.746608436107635498e-01 2.920086728408932686e-03 2.137125935405492783e-03 1.329564547631889582e-04 4.390493268147110939e-05 3.250555309932678938e-04
4.487950503826141357e-01 3.616887610405683517e-03 2.265908755362033844e-03 1.420655607944354415e-04 4.902061118627898395e-05 3.515152202453464270e-04
4.341331422328948975e-01 4.136372823268175125e-03 2.430716063827276230e-03 1.535510527901351452e-04 5.500196130014955997e-05 3.689633158501237631e-04
4.184533059597015381e-01 5.165734793990850449e-03 2.539858687669038773e-03 1.682987931417301297e-04 6.076694626244716346e-05 3.980770416092127562e-04
3.976124525070190430e-01 6.252473685890436172e-03 2.694106893613934517e-03 1.905305252876132727e-04 6.598812615266069770e-05 4.203705175314098597e-04
3.644151091575622559e-01 8.085765875875949860e-03 2.811689162626862526e-03 2.113020746037364006e-04 7.857475429773330688e-05 4.535123589448630810e-04
3.500970900058746338e-01 1.001779641956090927e-02 2.919189864769577980e-03 2.318888000445440412e-04 8.968725160229951143e-05 4.828628443647176027e-04
3.164401650428771973e-01 1.298252958804368973e-02 3.039735136553645134e-03 2.494973887223750353e-04 1.019272312987595797e-04 5.279024480842053890e-04
3.052824735641479492e-01 1.562525890767574310e-02 3.270980902016162872e-03 2.722445351537317038e-04 1.100919689633883536e-04 5.669298116117715836e-04
2.801033258438110352e-01 1.882337965071201324e-02 3.392435377463698387e-03 2.825621049851179123e-04 1.158988598035648465e-04 6.068769143894314766e-04
2.635197043418884277e-01 2.245150506496429443e-02 3.529977519065141678e-03 2.853665791917592287e-04 1.290379877900704741e-04 6.257959757931530476e-04
2.440556585788726807e-01 2.709219418466091156e-02 3.592118388041853905e-03 3.044329059775918722e-04 1.372293918393552303e-04 6.505174678750336170e-04
2.327950298786163330e-01 3.195035085082054138e-02 3.749151714146137238e-03 3.214000607840716839e-04 1.476190955145284534e-04 6.715451017953455448e-04
2.108052074909210205e-01 3.757679089903831482e-02 3.816022537648677826e-03 3.524160129018127918e-04 1.543895050417631865e-04 7.063167286105453968e-04
1.877301633358001709e-01 4.524708911776542664e-02 4.026652313768863678e-03 3.741361724678426981e-04 1.758286671247333288e-04 7.478906773030757904e-04
1.824017167091369629e-01 5.065199732780456543e-02 4.017516970634460449e-03 3.824784071184694767e-04 1.843906356953084469e-04 7.576020434498786926e-04
1.633657813072204590e-01 5.950487777590751648e-02 4.240094218403100967e-03 3.942412731703370810e-04 2.023662527790293097e-04 8.213387336581945419e-04
1.527452468872070312e-01 7.007259875535964966e-02 4.361836239695549011e-03 4.193441709503531456e-04 2.252135163871571422e-04 8.514725486747920513e-04
1.419031620025634766e-01 7.894090563058853149e-02 4.570868797600269318e-03 4.522192466538399458e-04 2.301103377249091864e-04 8.821157389320433140e-04
1.240674778819084167e-01 9.295175969600677490e-02 4.489962011575698853e-03 4.609529278241097927e-04 2.428864681860432029e-04 8.791863801889121532e-04
1.146885082125663757e-01 1.062357202172279358e-01 4.633238073438405991e-03 4.651050257962197065e-04 2.686128427740186453e-04 9.090869571082293987e-04
1.061456277966499329e-01 1.229561790823936462e-01 4.689869936555624008e-03 4.958962672390043736e-04 2.821090456563979387e-04 9.448947384953498840e-04
9.990002214908599854e-02 1.359332948923110962e-01 4.656038247048854828e-03 4.982454702258110046e-04 2.942731080111116171e-04 9.582708007656037807e-04
8.717381209135055542e-02 1.577397286891937256e-01 5.001234821975231171e-03 5.497726378962397575e-04 3.087716468144208193e-04 1.014295616187155247e-03
8.091294765472412109e-02 1.758853048086166382e-01 4.716664087027311325e-03 5.715054576285183430e-04 3.159045008942484856e-04 9.703068644739687443e-04
7.263956218957901001e-02 2.001569867134094238e-01 4.910190589725971222e-03 5.733245052397251129e-04 3.366631281096488237e-04 1.013140543363988400e-03
6.475779414176940918e-02 2.267968803644180298e-01 4.845997318625450134e-03 5.882427212782204151e-04 3.489406662993133068e-04 1.025449368171393871e-03
5.922380089759826660e-02 2.483709603548049927e-01 4.828512202948331833e-03 6.154722068458795547e-04 3.660604124888777733e-04 1.046352088451385498e-03
4.869624599814414978e-02 2.928355336189270020e-01 4.983153194189071655e-03 6.141922203823924065e-04 3.771563933696597815e-04 1.076563727110624313e-03
4.745050147175788879e-02 3.085660040378570557e-01 4.813992418348789215e-03 6.100157042965292931e-04 3.604317316785454750e-04 1.019234419800341129e-03
4.326083511114120483e-02 3.407726287841796875e-01 4.702594596892595291e-03 6.210728897713124752e-04 3.711622557602822781e-04 1.025279052555561066e-03
3.714780136942863464e-02 3.769282102584838867e-01 4.623156040906906128e-03 6.230481667444109917e-04 3.593233413994312286e-04 1.001712516881525517e-03
3.367547690868377686e-02 3.955567181110382080e-01 4.684117622673511505e-03 6.421397556550800800e-04 3.647317353170365095e-04 1.006597187370061874e-03
3.185802698135375977e-02 4.136826992034912109e-01 4.617587663233280182e-03 6.100644241087138653e-04 3.553866990841925144e-04 1.004328485578298569e-03
2.756260335445404053e-02 4.421483874320983887e-01 4.551263991743326187e-03 6.224053213372826576e-04 3.528152883518487215e-04 9.998148307204246521e-04
2.389382570981979370e-02 4.708847403526306152e-01 4.547329153865575790e-03 6.352288764901459217e-04 3.533339768182486296e-04 9.977302979677915573e-04
2.110100723803043365e-02 4.991860687732696533e-01 4.368735477328300476e-03 6.402176222763955593e-04 3.479752631392329931e-04 9.562409250065684319e-04
1.852670870721340179e-02 5.292536616325378418e-01 4.079794045537710190e-03 6.547502707690000534e-04 3.335290821269154549e-04 9.111693361774086952e-04
2.096551284193992615e-02 5.009564161300659180e-01 4.319312982261180878e-03 6.354060606099665165e-04 3.451211669016629457e-04 9.548008674755692482e-04
1.624212041497230530e-02 5.461987853050231934e-01 4.206888843327760696e-03 6.811950006522238255e-04 3.165779344271868467e-04 9.379531838931143284e-04
1.289583649486303329e-02 5.995737314224243164e-01 3.870788030326366425e-03 6.212189327925443649e-04 3.117164887953549623e-04 8.933561621233820915e-04
1.122341211885213852e-02 6.169648766517639160e-01 3.876281436532735825e-03 6.268431898206472397e-04 3.047711797989904881e-04 8.965829038061201572e-04
1.056130416691303253e-02 6.310594081878662109e-01 3.810218302533030510e-03 6.391148781403899193e-04 2.840854576788842678e-04 8.939657127484679222e-04
9.180313907563686371e-03 6.709508895874023438e-01 3.448718227446079254e-03 6.173754227347671986e-04 2.675857685972005129e-04 8.002028334885835648e-04
8.757966570556163788e-03 6.738747358322143555e-01 3.431936260312795639e-03 6.106554646976292133e-04 2.662578772287815809e-04 8.100586710497736931e-04
7.387722376734018326e-03 7.055319547653198242e-01 3.025233047083020210e-03 5.956284585408866405e-04 2.566387411206960678e-04 7.426506490446627140e-04
6.219490431249141693e-03 7.273027300834655762e-01 2.924568718299269676e-03 5.583279998973011971e-04 2.476968802511692047e-04 7.237783283926546574e-04
5.328352097421884537e-03 7.473969459533691406e-01 2.900290535762906075e-03 5.310343112796545029e-04 2.397516072960570455e-04 7.159333326853811741e-04
4.696227610111236572e-03 7.644522786140441895e-01 2.707762643694877625e-03 5.369273130781948566e-04 2.326697431271895766e-04 6.741414545103907585e-04
4.051200114190578461e-03 7.827212214469909668e-01 2.526497002691030502e-03 5.044683348387479782e-04 2.232269180240109563e-04 6.395610398612916470e-04
3.641613526269793510e-03 7.971857786178588867e-01 2.400140045210719109e-03 4.832278646063059568e-04 2.079576079268008471e-04 6.048498908057808876e-04
3.145724534988403320e-03 8.135267496109008789e-01 2.268158365041017532e-03 4.750420921482145786e-04 1.981200330192223191e-04 5.806441185995936394e-04
2.679554512724280357e-03 8.273508548736572266e-01 2.159678842872381210e-03 4.679931153077632189e-04 1.908831036416813731e-04 5.591740482486784458e-04
2.611937234178185463e-03 8.338633775711059570e-01 2.088807523250579834e-03 4.675539967138320208e-04 1.845451333792880177e-04 5.398429930210113525e-04
2.215252257883548737e-03 8.492606878280639648e-01 1.785762491635978222e-03 4.296791448723524809e-04 1.778900477802380919e-04 4.838502791244536638e-04
1.861667027696967125e-03 8.617235422134399414e-01 1.712415250949561596e-03 4.111276066396385431e-04 1.627667952561751008e-04 4.554154293145984411e-04
