2.504935837350785732e-04 2.609958937682677060e-05 1.554149057483300567e-04 5.649063386954367161e-04 1.238818458659807220e-05 4.465277306735515594e-03
8.844243884086608887e-01 2.167152501897362527e-08 1.331368224555262714e-07 2.635622877278365195e-06 8.894756042820972652e-09 2.638614569150377065e-05
8.603893518447875977e-01 3.949178406514874951e-08 3.034953977021359606e-08 9.223250344803091139e-06 8.117063998724916019e-08 6.918299277458572760e-06
8.776527643203735352e-01 2.029238821421586181e-08 2.010534494445437304e-08 3.275061544627533294e-06 1.335214108166837832e-07 1.577886564518848900e-06
9.147058129310607910e-01 3.358928246655068506e-09 6.994268275661852385e-09 9.971348617909825407e-07 3.504966983314261597e-08 2.495858097972813994e-07
9.152802824974060059e-01 1.896747647833763040e-09 5.590983231940072073e-09 7.294055421880329959e-07 2.150966693648115324e-08 1.266682971845511929e-07
9.120423197746276855e-01 1.814015382350930849e-09 6.261436702459377557e-09 6.460455210799409542e-07 1.972644803061029961e-08 1.120979149504819361e-07
9.142423868179321289e-01 2.574904733876337559e-09 9.148108048862013675e-09 8.238760642598208506e-07 2.638689622358469933e-08 1.313607214115108945e-07
9.117275476455688477e-01 4.182751478509771914e-09 1.453976761212061319e-08 1.257328449355554767e-06 4.006480835982983990e-08 1.884352229808428092e-07
9.008338451385498047e-01 7.746749908221772785e-09 2.622361705562070711e-08 1.970018274732865393e-06 6.331840296525115264e-08 2.987484322147793137e-07
8.963453769683837891e-01 1.319960496459771093e-08 4.034509260009144782e-08 2.929200945800403133e-06 1.005848915269780264e-07 4.544999683275818825e-07
8.803761601448059082e-01 2.451711900164355029e-08 6.879590586095218896e-08 4.672153863793937489e-06 1.737593464667952503e-07 7.158088806136220228e-07
8.554076552391052246e-01 5.365220445696650131e-08 1.352606062710037804e-07 8.263152267318218946e-06 3.446961613917665090e-07 1.366065475849609356e-06
8.333687186241149902e-01 9.963148528413512395e-08 2.233220328662355314e-07 1.241300651599885896e-05 5.824706477142171934e-07 2.156193204427836463e-06
8.179829120635986328e-01 1.695826767900143750e-07 3.471870968496659771e-07 1.670263372943736613e-05 8.499998784827766940e-07 3.350800398038700223e-06
8.071786165237426758e-01 2.805001315664412687e-07 5.180589823794434778e-07 2.343183768971357495e-05 1.273605448659509420e-06 4.797181190951960161e-06
7.784174084663391113e-01 4.477049628803797532e-07 7.525721912315930240e-07 2.991567635035607964e-05 1.806017280614469200e-06 6.653188847849378362e-06
7.631992101669311523e-01 6.241941150619823020e-07 9.776324532140279189e-07 3.659408321254886687e-05 2.222391003670054488e-06 8.882276233634911478e-06
7.343245744705200195e-01 8.809322480374248698e-07 1.257204417015600484e-06 4.608978633768856525e-05 2.800908077915664762e-06 1.114606220653513446e-05
7.007830739021301270e-01 1.292392084906168748e-06 1.683351456449599937e-06 5.823885294375941157e-05 3.547385631463839673e-06 1.442844040866475552e-05
6.665754914283752441e-01 1.800201630430819932e-06 2.143782239727443084e-06 7.172860205173492432e-05 4.427302883414085954e-06 1.796484320948366076e-05
6.302163004875183105e-01 2.444611027385690250e-06 2.680955049072508700e-06 8.808795246295630932e-05 5.148526270204456523e-06 2.180897536163683981e-05
6.058503985404968262e-01 2.912802528953761794e-06 3.047480504392297007e-06 9.560650505591183901e-05 5.587828127318061888e-06 2.451807449688203633e-05
5.799829363822937012e-01 3.744134573935298249e-06 3.647199719125637785e-06 1.060510403476655483e-04 6.329520147119183093e-06 2.860074528143741190e-05
5.617953538894653320e-01 4.336535312177147716e-06 3.996821305918274447e-06 1.160399187938310206e-04 6.680673777736956254e-06 3.108181772404350340e-05
5.566946268081665039e-01 5.146032890479546040e-06 4.464052835828624666e-06 1.200357801280915737e-04 7.125376669137040153e-06 3.453649333096109331e-05
5.218728780746459961e-01 6.315826794889289886e-06 5.163344212633091956e-06 1.332603133050724864e-04 7.986587661434896290e-06 4.086526678293012083e-05
5.148614645004272461e-01 7.365345936705125496e-06 5.785317625850439072e-06 1.409280812367796898e-04 8.627138413430657238e-06 4.423972495715133846e-05
4.973725676536560059e-01 9.498632607574108988e-06 6.920915438968222588e-06 1.536530617158859968e-04 9.811962627281900495e-06 5.098359542898833752e-05
4.763550162315368652e-01 1.149608397099655122e-05 8.126933607854880393e-06 1.711037330096587539e-04 1.081383470591390505e-05 5.920428884564898908e-05
4.676731824874877930e-01 1.434091609553433955e-05 9.458899512537755072e-06 1.981099921977147460e-04 1.237472042703302577e-05 7.095575710991397500e-05
4.478760361671447754e-01 1.706825059955008328e-05 1.067010362021392211e-05 2.057339297607541084e-04 1.331367548118578270e-05 7.872899732319638133e-05
4.307753443717956543e-01 2.073549694614484906e-05 1.217979934153845534e-05 2.280609041918069124e-04 1.480602350056869909e-05 8.810590225039049983e-05
4.147204160690307617e-01 2.596855483716353774e-05 1.370065911032725126e-05 2.446898142807185650e-04 1.696366416581440717e-05 9.707854769658297300e-05
4.227498769760131836e-01 2.850398232112638652e-05 1.438602703274227679e-05 2.425453130854293704e-04 1.733830504235811532e-05 1.067327029886655509e-04
3.990238010883331299e-01 3.606003519962541759e-05 1.661341229919344187e-05 2.667305525392293930e-04 1.967741081898566335e-05 1.241003919858485460e-04
3.898786604404449463e-01 4.485827957978472114e-05 1.911661820486187935e-05 2.853235928341746330e-04 2.212446270277723670e-05 1.399256143486127257e-04
3.881115317344665527e-01 5.187041097087785602e-05 2.090406451316084713e-05 2.948942419607192278e-04 2.389086330367717892e-05 1.465679524699226022e-04
3.610889613628387451e-01 6.485595076810568571e-05 2.427882463962305337e-05 3.323439159430563450e-04 2.712443529162555933e-05 1.620595576241612434e-04
3.596085906028747559e-01 7.699155685259029269e-05 2.670618050615303218e-05 3.450341173447668552e-04 3.040323281311430037e-05 1.813137350836768746e-04
3.533206880092620850e-01 8.837477071210741997e-05 2.871468677767552435e-05 3.632601874414831400e-04 3.298430965514853597e-05 1.950870355358347297e-04
3.400593400001525879e-01 1.001516429823823273e-04 3.074981941608712077e-05 3.952591796405613422e-04 3.500024104141630232e-05 2.128328051185235381e-04
3.321503400802612305e-01 1.168542585219256580e-04 3.329307583044283092e-05 4.121913225390017033e-04 3.778861719183623791e-05 2.246392396045848727e-04
3.089320361614227295e-01 1.457947655580937862e-04 3.796643068199045956e-05 4.562519898172467947e-04 4.398705277708359063e-05 2.525391755625605583e-04
3.081652820110321045e-01 1.573367189848795533e-04 3.970464240410365164e-05 4.695704556070268154e-04 4.511994120548479259e-05 2.518276160117238760e-04
2.938208281993865967e-01 1.810756657505407929e-04 4.224564327159896493e-05 4.927712725475430489e-04 4.908550181426107883e-05 2.783127711154520512e-04
2.845175862312316895e-01 2.110229397658258677e-04 4.672996510635130107e-05 5.203838227316737175e-04 5.256206350168213248e-05 2.979606506414711475e-04
2.768210768699645996e-01 2.405069826636463404e-04 5.007325671613216400e-05 5.551076610572636127e-04 5.616100679617375135e-05 3.325615252833813429e-04
2.604563832283020020e-01 2.880290558096021414e-04 5.409616642282344401e-05 5.962357390671968460e-04 6.346990267047658563e-05 3.664461837615817785e-04
2.612281143665313721e-01 3.254972980357706547e-04 5.724959191866219044e-05 6.276587373577058315e-04 6.547805242007598281e-05 4.020932829007506371e-04
2.518117129802703857e-01 3.575112787075340748e-04 5.880492972210049629e-05 6.458972347900271416e-04 6.942784966668114066e-05 4.145536513533443213e-04
2.404934912919998169e-01 4.012293647974729538e-04 6.135900184744969010e-05 6.756423390470445156e-04 7.517804624512791634e-05 4.434559668879956007e-04
2.256865352392196655e-01 4.782540490850806236e-04 6.577972817467525601e-05 7.457570172846317291e-04 8.207259088521823287e-05 4.859351320192217827e-04
2.235579788684844971e-01 5.396720371209084988e-04 7.062105578370392323e-05 7.722814916633069515e-04 8.751967106945812702e-05 5.083178984932601452e-04
2.336851209402084351e-01 4.231407947372645140e-04 6.463892350438982248e-05 7.017235038802027702e-04 7.404445932479575276e-05 4.772627435158938169e-04
2.165216952562332153e-01 5.843262188136577606e-04 7.513147284043952823e-05 7.810123497620224953e-04 8.912515477277338505e-05 5.536015378311276436e-04
1.963314563035964966e-01 8.091199561022222042e-04 8.576639083912596107e-05 9.219164494425058365e-04 1.075493637472391129e-04 6.762326811440289021e-04
1.910363733768463135e-01 8.480086107738316059e-04 8.276580774690955877e-05 9.598713950254023075e-04 1.121126042562536895e-04 6.722238613292574883e-04
1.825415045022964478e-01 1.059917383827269077e-03 9.085103374673053622e-05 1.009458908811211586e-03 1.287851773668080568e-04 7.431430276483297348e-04
1.698797345161437988e-01 1.232310547493398190e-03 9.594218863639980555e-05 1.049832440912723541e-03 1.367912918794900179e-04 7.700842688791453838e-04
1.635479032993316650e-01 1.353401108644902706e-03 9.850804781308397651e-05 1.101868925616145134e-03 1.449349219910800457e-04 8.497267263010144234e-04
1.536715477705001831e-01 1.573369023390114307e-03 1.059557180269621313e-04 1.143799279816448689e-03 1.599761599209159613e-04 9.186864481307566166e-04
1.561607420444488525e-01 1.654255320318043232e-03 1.099153960240073502e-04 1.137256622314453125e-03 1.606548903509974480e-04 9.545440552756190300e-04
1.468608826398849487e-01 1.833581714890897274e-03 1.161295949714258313e-04 1.181764178909361362e-03 1.757285499479621649e-04 1.002103090286254883e-03
1.436595618724822998e-01 2.073072129860520363e-03 1.226353051606565714e-04 1.247632433660328388e-03 1.818956952774897218e-04 1.075235661119222641e-03
1.405411660671234131e-01 2.310210140421986580e-03 1.270967768505215645e-04 1.261185272596776485e-03 1.926343975355848670e-04 1.154589117504656315e-03
1.339487582445144653e-01 2.602286869660019875e-03 1.287934283027425408e-04 1.340887043625116348e-03 1.993763580685481429e-04 1.246324507519602776e-03
1.340351849794387817e-01 2.599256113171577454e-03 1.337721187155693769e-04 1.330460188910365105e-03 1.986656134249642491e-04 1.249880879186093807e-03
1.314204931259155273e-01 2.949037589132785797e-03 1.399309403495863080e-04 1.325322315096855164e-03 2.071713679470121861e-04 1.341144903562963009e-03
1.250264793634414673e-01 3.204851178452372551e-03 1.426926901331171393e-04 1.361146918497979641e-03 2.189457445638254285e-04 1.404177746735513210e-03
1.156566441059112549e-01 3.722212044522166252e-03 1.553552574478089809e-04 1.451769261620938778e-03 2.400171069893985987e-04 1.631639199331402779e-03
1.110491901636123657e-01 4.172613378614187241e-03 1.628816826269030571e-04 1.461524167098104954e-03 2.560219436418265104e-04 1.650864840485155582e-03
1.058140024542808533e-01 4.417697433382272720e-03 1.633845677133649588e-04 1.549534732475876808e-03 2.610467199701815844e-04 1.802244689315557480e-03
1.038271263241767883e-01 4.775176290422677994e-03 1.712772645987570286e-04 1.563727506436407566e-03 2.668873348738998175e-04 1.825558138079941273e-03
9.884969145059585571e-02 5.611252970993518829e-03 1.866089878603816032e-04 1.594597124494612217e-03 2.861059037968516350e-04 1.978185027837753296e-03
8.927827328443527222e-02 6.386033724993467331e-03 1.906780962599441409e-04 1.723693567328155041e-03 3.055052366107702255e-04 2.019746694713830948e-03
8.951873332262039185e-02 6.480578798800706863e-03 1.960751105798408389e-04 1.677853986620903015e-03 3.103600174654275179e-04 2.048737136647105217e-03
8.679288625717163086e-02 7.053426001220941544e-03 2.020515530603006482e-04 1.669616322033107281e-03 3.217753255739808083e-04 2.153816865757107735e-03
8.217781037092208862e-02 7.796240970492362976e-03 2.075492811854928732e-04 1.702503883279860020e-03 3.422728623263537884e-04 2.146515296772122383e-03
8.063496649265289307e-02 8.509417995810508728e-03 2.115996321663260460e-04 1.758241560310125351e-03 3.457306011114269495e-04 2.230056561529636383e-03
7.637272030115127563e-02 9.352986700832843781e-03 2.182013558922335505e-04 1.818562275730073452e-03 3.643341769929975271e-04 2.303913002833724022e-03
7.241635769605636597e-02 1.008438412100076675e-02 2.272314595757052302e-04 1.908703474327921867e-03 3.696595376823097467e-04 2.364134183153510094e-03
7.316007465124130249e-02 1.065000798553228378e-02 2.306140086147934198e-04 1.915674074552953243e-03 3.876739065162837505e-04 2.359776291996240616e-03
7.037699222564697266e-02 1.142839156091213226e-02 2.337471523787826300e-04 1.924489391967654228e-03 4.023821675218641758e-04 2.358853584155440331e-03
6.966150552034378052e-02 1.212719921022653580e-02 2.387800341239199042e-04 1.932406332343816757e-03 4.133911570534110069e-04 2.436557551845908165e-03
6.617029756307601929e-02 1.337545085698366165e-02 2.489751204848289490e-04 1.949436031281948090e-03 4.287855408620089293e-04 2.512168139219284058e-03
6.509746611118316650e-02 1.440948527306318283e-02 2.580095315352082253e-04 1.986455172300338745e-03 4.432551795616745949e-04 2.541226800531148911e-03
6.336768716573715210e-02 1.533601898699998856e-02 2.654341224115341902e-04 1.997347455471754074e-03 4.600755055435001850e-04 2.638006117194890976e-03
6.063516438007354736e-02 1.694242097437381744e-02 2.759229973889887333e-04 2.001142594963312149e-03 4.908372065983712673e-04 2.654097974300384521e-03
6.034556403756141663e-02 1.770984940230846405e-02 2.779299684334546328e-04 2.057980746030807495e-03 4.986152052879333496e-04 2.786413067951798439e-03
5.681524798274040222e-02 1.892825029790401459e-02 2.786327095236629248e-04 2.096094423905014992e-03 5.050908657722175121e-04 2.856432925909757614e-03
5.609544366598129272e-02 2.023819088935852051e-02 2.894021745305508375e-04 2.186227124184370041e-03 5.236911238171160221e-04 2.936246339231729507e-03
5.476573482155799866e-02 2.073430083692073822e-02 2.852349134627729654e-04 2.186593599617481232e-03 5.237013101577758789e-04 2.873573452234268188e-03
5.192359909415245056e-02 2.375586889684200287e-02 3.064021002501249313e-04 2.266921335831284523e-03 5.491434130817651749e-04 3.036134876310825348e-03
4.961770027875900269e-02 2.578677982091903687e-02 3.085999633185565472e-04 2.308933530002832413e-03 5.855826893821358681e-04 3.057196037843823433e-03
5.066214874386787415e-02 2.735523879528045654e-02 3.196091565769165754e-04 2.316477475687861443e-03 5.942425923421978951e-04 3.095804713666439056e-03
4.868533089756965637e-02 2.866418473422527313e-02 3.294782945886254311e-04 2.352340379729866982e-03 6.073663826100528240e-04 3.133542370051145554e-03
4.692493379116058350e-02 3.049395419657230377e-02 3.349785692989826202e-04 2.391386777162551880e-03 6.275154883041977882e-04 3.079690504819154739e-03
4.683078452944755554e-02 3.114208951592445374e-02 3.313803463242948055e-04 2.392820082604885101e-03 6.120970356278121471e-04 3.090429352596402168e-03
4.495203867554664612e-02 3.573105111718177795e-02 3.544706851243972778e-04 2.469722181558609009e-03 6.576647283509373665e-04 3.041617106646299362e-03
4.458626359701156616e-02 3.609196096658706665e-02 3.598749171942472458e-04 2.455346286296844482e-03 6.767445593141019344e-04 3.085140604525804520e-03
