1.552182249724864960e-03 7.629903120687231421e-05 3.734188067028298974e-05 8.839619113132357597e-05 5.831692396895959973e-05 3.078127279877662659e-02
7.832834124565124512e-02 2.546049699958530255e-06 5.063137109573290218e-07 1.845151018642354757e-05 1.558581425342708826e-05 4.655046854168176651e-03
2.028764039278030396e-01 2.344787475294651813e-08 4.795914065880424459e-08 2.194209855588269420e-06 6.464603075073682703e-08 1.252225483767688274e-03
2.668425738811492920e-01 1.732462284742553038e-09 7.241732991047911128e-09 1.642514234845293686e-06 2.138583088395762388e-09 2.704160215216688812e-05
3.906869292259216309e-01 5.706585204379166498e-10 4.134936837374425522e-09 6.345085239445324987e-07 4.373221507147917464e-10 2.556954768806463107e-06
4.541493952274322510e-01 1.323582132783940324e-09 5.247844825362335541e-09 6.976229087740648538e-07 7.399543200392599829e-10 2.614473487483337522e-06
7.682114839553833008e-01 2.502799301140612442e-09 6.367261828899017928e-09 7.586432388961839024e-07 1.487082568196740340e-09 2.483830712662893347e-06
8.691211938858032227e-01 4.640637207842246426e-09 7.566769433253739408e-09 9.120531103690154850e-07 3.309720497668422468e-09 2.933001042038085870e-06
8.815457820892333984e-01 1.728301590731007309e-08 2.331715798220557190e-08 1.658783503444283269e-06 1.226269485954389893e-08 6.326135007839184254e-06
8.926211595535278320e-01 2.612712535210448550e-08 2.920295116837223759e-08 1.419672912561509293e-06 1.739641852793738508e-08 7.629107130924239755e-06
8.807867765426635742e-01 4.480175519461226941e-08 4.212501991673889279e-08 1.674802888373960741e-06 2.813232136134047323e-08 1.021694788505556062e-05
8.429744243621826172e-01 9.049836791064080899e-08 7.262379142503050389e-08 2.390729832768556662e-06 5.388476154166710330e-08 1.651653110457118601e-05
8.367220759391784668e-01 1.117057948363253672e-07 7.324656792206951650e-08 2.420290229565580375e-06 6.291492127274977975e-08 1.649189471208956093e-05
7.997007369995117188e-01 1.628877583925714134e-07 9.163267122858087532e-08 2.885074536607135087e-06 8.559499775628864882e-08 1.777789657353423536e-05
7.667090296745300293e-01 2.589771952443697955e-07 1.299753762395994272e-07 3.450010808592196554e-06 1.352277934074663790e-07 2.068713911285158247e-05
7.347215414047241211e-01 3.520007680890557822e-07 1.706009697954868898e-07 4.087755769432988018e-06 1.758085659275820944e-07 2.301186577824410051e-05
7.008644342422485352e-01 5.449281275105022360e-07 2.409250896562298294e-07 5.055317160440608859e-06 2.520430086860869778e-07 2.693626083782874048e-05
6.918789744377136230e-01 6.349915224745927844e-07 2.785721449072298128e-07 5.204882199905114248e-06 2.856943979168136138e-07 2.693720489332918078e-05
6.868892908096313477e-01 7.912796604614413809e-07 3.006095425917010289e-07 5.481005700858077034e-06 3.438347562223498244e-07 2.774462882371153682e-05
6.965682506561279297e-01 9.124372581936768256e-07 3.051266901366034290e-07 5.391747436078730971e-06 3.584404737466684310e-07 2.769134880509227514e-05
6.771095991134643555e-01 1.184964503408991732e-06 3.555090302143071312e-07 6.442488484026398510e-06 3.980995870733750053e-07 3.005030703207012266e-05
6.714805960655212402e-01 1.418383817508583888e-06 3.912410306838864926e-07 6.371868039423134178e-06 4.438655025751359062e-07 2.927299283328466117e-05
6.661845445632934570e-01 1.766586365192779340e-06 4.347286051142873475e-07 6.925553861947264522e-06 5.220331331656780094e-07 3.317387381684966385e-05
6.582092046737670898e-01 2.475130713719408959e-06 5.075096396467415616e-07 8.025329407246317714e-06 6.241481287361239083e-07 3.439439387875609100e-05
6.405025720596313477e-01 3.529226887621916831e-06 5.906930482524330728e-07 9.836775461735669523e-06 8.032604910113150254e-07 4.336974234320223331e-05
6.469249725341796875e-01 3.983861461165361106e-06 5.885393079552159179e-07 1.025361962092574686e-05 8.421357051702216268e-07 4.322537643020041287e-05
6.127237081527709961e-01 6.874804512335686013e-06 8.218930815928615630e-07 1.449719366064528003e-05 1.214886651723645627e-06 5.462346962303854525e-05
5.953661799430847168e-01 9.435182619199622422e-06 9.116553201238275506e-07 1.645776137593202293e-05 1.498399683441675734e-06 6.134296563686802983e-05
5.562899708747863770e-01 1.492153660365147516e-05 1.257928715858724900e-06 2.060694350802805275e-05 1.955141669895965606e-06 7.362274482147768140e-05
5.359344482421875000e-01 2.214945743617136031e-05 1.581977699061098974e-06 2.536669126129709184e-05 2.418682470306521282e-06 8.135259122354909778e-05
4.877266585826873779e-01 3.867462874040938914e-05 2.263768465127213858e-06 3.359017500770278275e-05 3.330330855533247814e-06 1.057826593751087785e-04
4.728754460811614990e-01 4.972265378455631435e-05 2.630611561471596360e-06 3.741765613085590303e-05 3.982737325713969767e-06 1.120777014875784516e-04
4.419082403182983398e-01 6.968434172449633479e-05 3.154281785100465640e-06 4.383044870337471366e-05 4.978265678801108152e-06 1.404525974066928029e-04
4.288483262062072754e-01 9.493966354057192802e-05 3.711087401825352572e-06 4.990245724911801517e-05 5.898516974411904812e-06 1.500817015767097473e-04
4.134314656257629395e-01 1.169556562672369182e-04 4.348700713308062404e-06 5.310721462592482567e-05 6.671623395959613845e-06 1.563574624015018344e-04
3.860251605510711670e-01 1.667640317464247346e-04 5.143439011590089649e-06 6.541144830407574773e-05 8.596101906732656062e-06 1.912714214995503426e-04
3.896788060665130615e-01 2.223833143943920732e-04 6.031408702256157994e-06 6.986605148995295167e-05 1.013239216263173148e-05 2.207535289926454425e-04
3.830282986164093018e-01 2.860139939002692699e-04 6.955521257623331621e-06 8.174394315574318171e-05 1.177523063233820722e-05 2.374809992033988237e-04
3.518074452877044678e-01 4.086100088898092508e-04 8.646178685012273490e-06 9.638259507482871413e-05 1.470440474804490805e-05 2.909304748754948378e-04
3.444403111934661865e-01 5.212221294641494751e-04 1.003643865260528401e-05 1.020506824715994298e-04 1.620144394109956920e-05 3.061921743210405111e-04
3.321498632431030273e-01 6.638449267484247684e-04 1.134326248575234786e-05 1.168008893728256226e-04 1.854342553997412324e-05 3.055415581911802292e-04
3.322391510009765625e-01 7.764886249788105488e-04 1.276270813832525164e-05 1.240405690623447299e-04 2.002562723646406084e-05 3.262241953052580357e-04
3.059262931346893311e-01 1.032234868034720421e-03 1.518530370958615094e-05 1.399771863361820579e-04 2.329709241166710854e-05 3.769276663661003113e-04
3.056417703628540039e-01 1.203923369757831097e-03 1.653242725296877325e-05 1.529726578155532479e-04 2.415670132904779166e-05 3.852526715490967035e-04
2.803012728691101074e-01 1.543640857562422752e-03 1.932517807290423661e-05 1.662764116190373898e-04 2.816076994349714369e-05 4.384778731036931276e-04
2.718433737754821777e-01 1.883689081296324730e-03 2.180041883548256010e-05 1.854933361755684018e-04 3.055271372431889176e-05 4.578331718221306801e-04
2.639864087104797363e-01 2.159986644983291626e-03 2.230154677818063647e-05 1.927180710481479764e-04 3.254730108892545104e-05 4.983509425073862076e-04
2.573355138301849365e-01 2.602694556117057800e-03 2.442104960209690034e-05 2.027923037530854344e-04 3.462959648459218442e-05 4.790554230567067862e-04
2.414458692073822021e-01 3.262790851294994354e-03 2.743608638411387801e-05 2.161273441743105650e-04 3.901209493051283062e-05 5.212093237787485123e-04
2.254217267036437988e-01 4.077150486409664154e-03 3.051186104130465537e-05 2.466955920681357384e-04 4.415630610310472548e-05 5.548838526010513306e-04
2.234708666801452637e-01 4.693280905485153198e-03 3.226193803129717708e-05 2.668417582754045725e-04 4.865222945227287710e-05 5.907746381126344204e-04
2.094175070524215698e-01 5.837180651724338531e-03 3.630787978181615472e-05 2.742181532084941864e-04 5.572777445195242763e-05 6.199355120770633221e-04
2.050723284482955933e-01 6.866157520562410355e-03 4.062147490913048387e-05 3.023766621481627226e-04 6.000717621645890176e-05 6.168195977807044983e-04
2.105858176946640015e-01 7.723295129835605621e-03 4.305091351852752268e-05 3.050228115171194077e-04 6.114405550761148334e-05 6.392951472662389278e-04
1.944995522499084473e-01 9.734738618135452271e-03 4.900847488897852600e-05 3.329392930027097464e-04 7.001833000686019659e-05 6.982545019127428532e-04
1.841429173946380615e-01 1.174053177237510681e-02 5.582360245171003044e-05 3.580393386073410511e-04 7.671157800359651446e-05 7.243597065098583698e-04
1.712945848703384399e-01 1.448147185146808624e-02 6.213119922904297709e-05 3.880267031490802765e-04 8.444712148047983646e-05 8.045035065151751041e-04
1.651977449655532837e-01 1.752304844558238983e-02 6.986208609305322170e-05 4.115931806154549122e-04 9.082514588953927159e-05 8.540319977328181267e-04
1.565989553928375244e-01 2.125231362879276276e-02 7.702456059632822871e-05 4.641340347006917000e-04 1.014151130220852792e-04 8.749081171117722988e-04
1.548550724983215332e-01 2.391945943236351013e-02 8.312138379551470280e-05 4.843828792218118906e-04 1.064508251147344708e-04 9.387858444824814796e-04
1.499220728874206543e-01 2.765217982232570648e-02 9.134866559179499745e-05 5.099027184769511223e-04 1.110295997932553291e-04 9.173155995085835457e-04
1.436328738927841187e-01 3.014575690031051636e-02 9.795997902983799577e-05 5.312531138770282269e-04 1.152468321379274130e-04 9.321062825620174408e-04
1.337543725967407227e-01 3.437909856438636780e-02 1.035193854477256536e-04 5.717374151572585106e-04 1.248076732736080885e-04 9.700825321488082409e-04
1.313469707965850830e-01 3.783588111400604248e-02 1.049836573656648397e-04 5.953063955530524254e-04 1.291571097681298852e-04 9.896513074636459351e-04
1.173814386129379272e-01 4.614315927028656006e-02 1.198978134198114276e-04 6.403859588317573071e-04 1.396147417835891247e-04 1.021453994326293468e-03
1.140906512737274170e-01 5.336777865886688232e-02 1.311874075327068567e-04 6.841027061454951763e-04 1.463384105591103435e-04 1.065891818143427372e-03
1.098894923925399780e-01 5.614648759365081787e-02 1.353570987703278661e-04 6.806256715208292007e-04 1.540638622827827930e-04 1.130813965573906898e-03
1.016033738851547241e-01 7.039461284875869751e-02 1.524296822026371956e-04 7.477508042939007282e-04 1.706482871668413281e-04 1.122457673773169518e-03
1.021781340241432190e-01 6.669319421052932739e-02 1.493449817644432187e-04 7.157670333981513977e-04 1.636948290979489684e-04 1.085128751583397388e-03
9.736029058694839478e-02 7.610931247472763062e-02 1.605548750376328826e-04 7.445199880748987198e-04 1.702992303762584925e-04 1.126204733736813068e-03
9.427646547555923462e-02 8.408176153898239136e-02 1.670881320023909211e-04 7.847445667721331120e-04 1.784657069947570562e-04 1.160984626039862633e-03
9.286365658044815063e-02 9.343294054269790649e-02 1.743801694829016924e-04 8.177314302884042263e-04 1.857041788753122091e-04 1.170330098830163479e-03
9.168593585491180420e-02 1.061596348881721497e-01 1.897407346405088902e-04 8.558596018701791763e-04 2.016102807829156518e-04 1.205907319672405720e-03
8.566104620695114136e-02 1.156292855739593506e-01 2.000932290684431791e-04 8.759046322666108608e-04 1.983100373763591051e-04 1.165799680165946484e-03
7.921776175498962402e-02 1.233390569686889648e-01 2.017618971876800060e-04 8.968337206169962883e-04 2.040258696069940925e-04 1.203589607030153275e-03
7.411529868841171265e-02 1.386030167341232300e-01 2.139464631909504533e-04 9.417640394531190395e-04 2.121440047631040215e-04 1.262746052816510201e-03
7.583222538232803345e-02 1.441546827554702759e-01 2.164070465369150043e-04 9.587068925611674786e-04 2.099973789881914854e-04 1.250408706255257130e-03
7.126691937446594238e-02 1.547684520483016968e-01 2.252061676699668169e-04 9.736160864122211933e-04 2.153604873456060886e-04 1.234876341186463833e-03
7.171250879764556885e-02 1.621318757534027100e-01 2.225890784757211804e-04 9.952697437256574631e-04 2.175609988626092672e-04 1.286525395698845387e-03
6.711842864751815796e-02 1.810235381126403809e-01 2.341920335311442614e-04 1.020426163449883461e-03 2.265747025376185775e-04 1.286234706640243530e-03
6.504854559898376465e-02 1.960231363773345947e-01 2.412923349766060710e-04 1.026362646371126175e-03 2.310315903741866350e-04 1.239881152287125587e-03
6.067279726266860962e-02 2.117366641759872437e-01 2.467028098180890083e-04 1.028071506880223751e-03 2.268663665745407343e-04 1.279154908843338490e-03
6.035318225622177124e-02 2.210164964199066162e-01 2.480338152963668108e-04 1.011475222185254097e-03 2.379754441790282726e-04 1.260735560208559036e-03
5.587484315037727356e-02 2.409330457448959351e-01 2.536004176363348961e-04 1.027131220325827599e-03 2.370788570260629058e-04 1.210816320963203907e-03
5.510503426194190979e-02 2.544107139110565186e-01 2.535654348321259022e-04 1.075654523447155952e-03 2.370266156503930688e-04 1.276996219530701637e-03
5.156418681144714355e-02 2.715058028697967529e-01 2.678560849744826555e-04 1.085245050489902496e-03 2.391688904026523232e-04 1.234257826581597328e-03
5.102348327636718750e-02 2.821875810623168945e-01 2.627540670800954103e-04 1.101098489016294479e-03 2.413295878795906901e-04 1.253259950317442417e-03
5.066975951194763184e-02 2.966784536838531494e-01 2.713232534006237984e-04 1.128585427068173885e-03 2.397374919382855296e-04 1.267930143512785435e-03
4.664772376418113708e-02 3.181157708168029785e-01 2.732506836764514446e-04 1.123438938520848751e-03 2.399836230324581265e-04 1.239181729033589363e-03
4.386385902762413025e-02 3.324962854385375977e-01 2.805219264701008797e-04 1.145684276707470417e-03 2.469616010785102844e-04 1.243765465915203094e-03
4.391920194029808044e-02 3.394172191619873047e-01 2.803792594932019711e-04 1.123900990933179855e-03 2.432607579976320267e-04 1.191714196465909481e-03
4.233409091830253601e-02 3.476820588111877441e-01 2.854266494978219271e-04 1.110321027226746082e-03 2.475329674780368805e-04 1.212898408994078636e-03
4.200080037117004395e-02 3.542504906654357910e-01 2.888276649173349142e-04 1.118187676183879375e-03 2.388513821642845869e-04 1.188012654893100262e-03
4.124122858047485352e-02 3.548896908760070801e-01 2.887263835873454809e-04 1.082337810657918453e-03 2.429380983812734485e-04 1.151764765381813049e-03
3.845668956637382507e-02 3.758361637592315674e-01 2.933808718807995319e-04 1.140248728916049004e-03 2.476829686202108860e-04 1.133259618654847145e-03
3.665298223495483398e-02 3.939082920551300049e-01 3.011233347933739424e-04 1.097625470720231533e-03 2.448735467623919249e-04 1.168160000815987587e-03
3.537999093532562256e-02 4.132133424282073975e-01 2.972048823721706867e-04 1.105828210711479187e-03 2.398846845608204603e-04 1.145189977250993252e-03
3.418318927288055420e-02 4.264949858188629150e-01 3.014331741724163294e-04 1.109489938244223595e-03 2.425583370495587587e-04 1.130218734033405781e-03
3.228552266955375671e-02 4.290528595447540283e-01 2.955195086542516947e-04 1.099171466194093227e-03 2.358426136197522283e-04 1.126559916883707047e-03
3.291743993759155273e-02 4.332098066806793213e-01 2.939232799690216780e-04 1.065234653651714325e-03 2.327809343114495277e-04 1.121105044148862362e-03
2.903433330357074738e-02 4.670075476169586182e-01 2.983527956530451775e-04 1.043875701725482941e-03 2.337158366572111845e-04 1.064127311110496521e-03
