1.597693207565228316e-03
8.062497737634292949e-02
2.088248674330385746e-01
2.746665656398951660e-01
4.021421152183742853e-01
4.674653405573609977e-01
7.907359268582535572e-01
8.946043728231440895e-01
9.073932577514017828e-01
9.187933722347755294e-01
9.066119976857915930e-01
8.676909636052078101e-01
8.612552924019483136e-01
8.231484645669049360e-01
7.891894196748205914e-01
7.562640381709410109e-01
7.214142193749305543e-01
7.121653002489062301e-01
7.070293159649089221e-01
7.169920689894234700e-01
6.969628775696640188e-01
6.911688286191255415e-01
6.857174935626109136e-01
6.775083117015382461e-01
6.592825095050035555e-01
6.658932187926973612e-01
6.306891518720730838e-01
6.128226900402532484e-01
5.726007419945997601e-01
5.516483826615973252e-01
5.020271103500700827e-01
4.867404509761456000e-01
4.548652673027263060e-01
4.414224283113825087e-01
4.255535357018180309e-01
3.973436605598641980e-01
4.011044332551500502e-01
3.942589287521987007e-01
3.621226604070970079e-01
3.545395173169907377e-01
3.418887057182175004e-01
3.419806114491963367e-01
3.148962440741356339e-01
3.146033789160400107e-01
2.885198821299797545e-01
2.798139921260470731e-01
2.717266559136552462e-01
2.648807526208164509e-01
2.485252136440131432e-01
2.320312332239831132e-01
2.300231727600738907e-01
2.155577598070102241e-01
2.110851778388165012e-01
2.167603260506119622e-01
2.002024012059406277e-01
1.895421033160299418e-01
1.763170496174377988e-01
1.700414465397614983e-01
1.611905350594595721e-01
1.593955204238707013e-01
1.543178821680181445e-01
1.478442799112354988e-01
1.376761347566246574e-01
1.351981464246032605e-01
1.208231360714042552e-01
1.174358607818367789e-01
1.131115212852568663e-01
1.045824485821792438e-01
1.051740610492100519e-01
1.002149554183582036e-01
9.704071061903847550e-02
9.558647728032658442e-02
9.437422504388222333e-02
8.817268184972247569e-02
8.154047625328925131e-02
7.628840576686989061e-02
7.805567382913755625e-02
7.335651018355991704e-02
7.381516456831607731e-02
6.908638310456086118e-02
6.695580978581301690e-02
6.245176176169420917e-02
6.212277544264143553e-02
5.751312862323619546e-02
5.672074845499594509e-02
5.307608113472288280e-02
5.251952383260395651e-02
5.215542866538522282e-02
4.801546430493069950e-02
4.514997490691323445e-02
4.520694050852459150e-02
4.357535303641688063e-02
4.323229020124164795e-02
4.245044728887296254e-02
3.958426384307065643e-02
3.772767068053801270e-02
3.641735447696865802e-02
3.518546183856862547e-02
3.323215445929919576e-02
3.388259993827959921e-02
2.988563818038923042e-02
