2.232632832601666451e-03 1.839991746237501502e-04 6.939400336705148220e-04 1.693235477432608604e-03 7.857012096792459488e-04 1.108288997784256935e-03
1.597432070411741734e-03 1.135136062657693401e-05 2.145576581824570894e-05 8.156592957675457001e-04 5.158011845196597278e-05 6.320262036751955748e-05
1.340304035693407059e-02 1.449797366603888804e-07 6.768146704416722059e-05 3.191028736182488501e-05 4.330601313995430246e-06 1.090351724997162819e-05
1.045945882797241211e-01 8.741441348547596135e-09 1.183646236313506961e-05 5.690931743629334960e-07 3.695040959428297356e-06 1.461704755456594285e-06
1.430291682481765747e-01 3.813855453671521900e-09 7.138724868127610534e-06 1.662629500742696109e-07 2.325207105968729593e-06 9.839990298132761382e-07
2.272836565971374512e-01 2.387487985089364884e-09 6.169374955788953230e-06 1.093031087862073036e-07 2.065959506580838934e-06 1.001919940790685359e-06
2.778520286083221436e-01 1.169610186479985714e-09 4.090374659426743165e-06 5.559180848990763479e-08 1.208750404657621402e-06 5.256627559901971836e-07
2.808950841426849365e-01 1.010447947535908497e-09 3.862880021188175306e-06 3.938711046203025035e-08 7.617924211444915272e-07 3.601769265060283942e-07
3.345628976821899414e-01 7.284780556560122022e-10 3.147556981275556609e-06 2.391401388024405605e-08 5.283408199829864316e-07 2.147363460380802280e-07
3.763291537761688232e-01 8.163685838447065635e-10 2.780565637294785120e-06 2.331592696691586752e-08 4.125121222386951558e-07 1.875236534942814615e-07
4.606281518936157227e-01 7.442891858389089066e-10 2.234376097476342693e-06 2.166734525133051648e-08 3.611933721003879327e-07 1.582189383952936623e-07
4.977857172489166260e-01 7.542507729496605862e-10 2.201416236857767217e-06 2.070881066629226552e-08 3.502669869703822769e-07 1.417651560586818960e-07
5.383926630020141602e-01 8.459297706764346003e-10 2.244421693831100129e-06 2.269200294335860235e-08 3.607000280680949800e-07 1.372753644091062597e-07
5.140222311019897461e-01 1.035311170127783953e-09 2.733677774813259020e-06 2.699614221057800023e-08 3.853638759210298304e-07 1.477879862932240940e-07
5.277123451232910156e-01 1.265912707992811193e-09 3.109242925347643904e-06 3.188983299651226844e-08 4.285195416287024273e-07 1.453627049841088592e-07
5.183103680610656738e-01 1.648159941858295952e-09 3.860185188386822119e-06 3.645372004257296794e-08 5.084137342237227131e-07 1.559533018280490069e-07
5.285087823867797852e-01 2.047563452123313255e-09 4.219165930408053100e-06 4.428999034189473605e-08 5.853239031239354517e-07 1.755584690954492544e-07
5.391774773597717285e-01 2.398607312770195676e-09 4.581972007144941017e-06 4.503039008341147564e-08 6.048009026926592924e-07 1.719930509125333629e-07
5.778676867485046387e-01 2.382235742004468193e-09 4.191963398625375703e-06 3.891857502935636148e-08 5.532724571821745485e-07 1.476487341278698295e-07
5.717387795448303223e-01 2.978596480573969529e-09 4.699682904174551368e-06 4.064688852167819277e-08 5.839043524247244932e-07 1.612789048976992490e-07
5.873945355415344238e-01 3.592725006384966946e-09 4.895352958556031808e-06 3.982889396070277144e-08 6.306722184490354266e-07 1.700140046523301862e-07
5.987535119056701660e-01 4.364860028971406791e-09 5.194368441152619198e-06 3.889563515713234665e-08 6.397550578185473569e-07 1.766453152640679036e-07
5.992852449417114258e-01 5.310941464387042288e-09 5.642149517370853573e-06 4.156000699140349752e-08 6.958283051972102839e-07 1.962623201734459144e-07
6.192128062248229980e-01 5.667191160796392069e-09 5.663293450197670609e-06 3.695832262451403949e-08 7.264891905833792407e-07 1.985239777013703133e-07
6.334120035171508789e-01 6.502508753669644648e-09 5.870789664186304435e-06 3.618137256466980034e-08 7.580709393550932873e-07 2.036993578258261550e-07
6.265166997909545898e-01 7.822537284596364771e-09 6.805149496358353645e-06 3.693958205985836685e-08 8.786564649199135602e-07 2.253230206861189799e-07
6.034511327743530273e-01 1.103692870429995310e-08 8.935868208936881274e-06 4.677175269307554117e-08 1.087340478989062831e-06 2.922063799815077800e-07
6.195150613784790039e-01 1.245722280884820066e-08 9.042366400535684079e-06 4.629117356103051861e-08 1.077999513654503971e-06 2.886479251174023375e-07
6.114675402641296387e-01 1.476898336960630331e-08 1.018022612697677687e-05 5.051909468534176995e-08 1.220853050654113758e-06 3.334737357363337651e-07
6.072096228599548340e-01 1.781555525326439238e-08 1.116524163080612198e-05 5.271034453357970051e-08 1.316685711572063155e-06 3.646150616987142712e-07
5.982943177223205566e-01 2.390473774482870795e-08 1.324730055785039440e-05 6.042199629519018345e-08 1.557629275339422747e-06 4.637473978164052824e-07
5.921806097030639648e-01 2.783649222237727372e-08 1.374973362544551492e-05 6.379959671676260768e-08 1.693059175522648729e-06 5.235826847638236359e-07
5.805699229240417480e-01 3.605529030892284936e-08 1.632657222216948867e-05 7.393177980929976911e-08 2.039167156908661127e-06 6.489132715614687186e-07
5.719300508499145508e-01 5.275686021377623547e-08 2.118982411047909409e-05 9.650158716567602823e-08 2.458016751916147768e-06 8.580184953643765766e-07
5.600926280021667480e-01 6.128941265615139855e-08 2.295625017723068595e-05 1.020731161816001986e-07 2.723433681239839643e-06 9.577590844855876639e-07
5.609015226364135742e-01 8.143950935846078210e-08 2.781396869977470487e-05 1.170060102140269009e-07 3.131444827886298299e-06 1.174847511720145121e-06
5.615748763084411621e-01 1.072710631433437811e-07 3.189763447153382003e-05 1.370576683257240802e-07 3.497456191325909458e-06 1.404121007908543106e-06
5.441771149635314941e-01 1.458314642377445125e-07 3.806224412983283401e-05 1.701193923508981243e-07 4.145710136072011665e-06 1.757424229253956582e-06
5.341807603836059570e-01 1.961130635663721478e-07 4.718950003734789789e-05 1.949574510717866360e-07 5.145247996551916003e-06 2.264804379592533223e-06
5.292625427246093750e-01 2.518814028462657006e-07 5.410354424384422600e-05 2.109305938802208402e-07 5.712192432838492095e-06 2.653932142493431456e-06
5.216711759567260742e-01 3.552039515852811746e-07 6.173882866278290749e-05 2.508133150058711180e-07 6.669599770248169079e-06 3.349974122102139518e-06
5.053278207778930664e-01 5.034349328525422607e-07 7.833674317225813866e-05 2.982565376896673115e-07 8.059592801146209240e-06 4.279094810044625774e-06
5.025017857551574707e-01 6.683752076241944451e-07 9.131973638432100415e-05 3.493354086003819248e-07 9.307624168286565691e-06 5.245049123914213851e-06
4.949778914451599121e-01 8.529642059329489712e-07 1.028388651320710778e-04 3.919508060334919719e-07 1.029525446938350797e-05 6.330913947749650106e-06
4.766539335250854492e-01 1.117937699746107683e-06 1.253673690371215343e-04 4.528357919753034366e-07 1.240188157680677250e-05 7.757265848340466619e-06
4.855344593524932861e-01 1.252154106623493135e-06 1.324312906945124269e-04 4.463628613393666456e-07 1.272869485546834767e-05 8.169798093149438500e-06
4.906309545040130615e-01 1.546580278954934329e-06 1.501274673501029611e-04 4.597552845098107355e-07 1.336904279014561325e-05 8.801821422821376473e-06
4.816519916057586670e-01 2.024083869400783442e-06 1.775590353645384312e-04 5.453205744743172545e-07 1.519976649433374405e-05 1.064624939317582175e-05
4.728901684284210205e-01 2.669489731488283724e-06 2.070404880214482546e-04 6.076709269109414890e-07 1.755498306010849774e-05 1.270092798222322017e-05
4.593509435653686523e-01 3.210033810319146141e-06 2.404559782007709146e-04 6.880098339934193064e-07 1.814154347812291235e-05 1.372524366161087528e-05
4.603016972541809082e-01 3.924720658687874675e-06 2.610815863590687513e-04 7.273058599821524695e-07 1.955104926310013980e-05 1.534519469714723527e-05
4.753505885601043701e-01 4.279881068214308470e-06 2.557851257734000683e-04 6.965377679080120288e-07 1.962179157999344170e-05 1.504955707787303254e-05
4.692314267158508301e-01 5.298129053699085489e-06 3.105034411419183016e-04 7.781148951835348271e-07 2.143308665836229920e-05 1.665878880885429680e-05
4.571644365787506104e-01 5.925793630012776703e-06 3.531880793161690235e-04 8.470181569464330096e-07 2.290982047270517796e-05 1.774151860445272177e-05
4.657493531703948975e-01 7.359222763625439256e-06 3.845228930003941059e-04 8.931565389502793550e-07 2.442567165417131037e-05 1.924595744640100747e-05
4.507122635841369629e-01 1.089636043616337702e-05 4.748023930005729198e-04 1.131999397330218926e-06 2.902472260757349432e-05 2.384136678301729262e-05
4.424647092819213867e-01 1.238673394254874438e-05 5.031557520851492882e-04 1.243732981492939871e-06 3.160458072670735419e-05 2.621956446091644466e-05
4.381908774375915527e-01 1.433551187801640481e-05 5.572647787630558014e-04 1.319799935117771383e-06 3.387481046956963837e-05 2.874287565646227449e-05
4.342713952064514160e-01 1.725043148326221853e-05 6.244898540899157524e-04 1.481139065617753658e-06 3.484190892777405679e-05 2.958667391794733703e-05
4.341705441474914551e-01 2.203704571002162993e-05 6.618636543862521648e-04 1.667591391196765471e-06 3.807758184848353267e-05 3.278641088400036097e-05
4.317996501922607422e-01 2.476794543326832354e-05 7.054127054288983345e-04 1.746365114740910940e-06 4.047420952701941133e-05 3.434038444538600743e-05
4.262447655200958252e-01 3.137277599307708442e-05 7.794339326210319996e-04 1.931478209371562116e-06 4.229389378451742232e-05 3.817722245003096759e-05
4.184792041778564453e-01 3.924699922208674252e-05 8.391669834963977337e-04 2.115919869538629428e-06 4.584716589306481183e-05 4.450509004527702928e-05
4.165663123130798340e-01 4.446249295142479241e-05 8.713619317859411240e-04 2.229502570116892457e-06 4.526810516836121678e-05 4.432650166563689709e-05
4.097429215908050537e-01 4.952398012392222881e-05 9.315744391642510891e-04 2.369172989347134717e-06 4.672743671108037233e-05 4.643123247660696507e-05
4.058957695960998535e-01 5.898779636481776834e-05 1.027793507091701031e-03 2.561308747317525558e-06 5.093394065625034273e-05 5.085162410978227854e-05
3.982933759689331055e-01 7.384768832707777619e-05 1.161634339950978756e-03 2.975094275825540535e-06 5.518523175851441920e-05 5.565090032177977264e-05
4.109836518764495850e-01 6.997363379923626781e-05 1.170792849734425545e-03 2.935048996732803062e-06 5.318695184541866183e-05 5.388179488363675773e-05
4.170577228069305420e-01 7.909934356575831771e-05 1.278473180718719959e-03 2.932536062871804461e-06 5.240442260401323438e-05 5.333730223355814815e-05
4.070524275302886963e-01 9.761894762050360441e-05 1.427026698365807533e-03 3.056916284549515694e-06 5.628959479508921504e-05 5.782821608590893447e-05
4.077426195144653320e-01 1.129743322962895036e-04 1.505645108409225941e-03 3.255701130910892971e-06 5.815525582875125110e-05 5.912263804930262268e-05
4.089245200157165527e-01 1.273894886253401637e-04 1.590555068105459213e-03 3.364088115631602705e-06 5.907637023483403027e-05 5.902961856918409467e-05
4.045291244983673096e-01 1.517168566351756454e-04 1.761317369528114796e-03 3.670317482828977518e-06 6.206545367604121566e-05 6.610369018744677305e-05
4.070840179920196533e-01 1.773700205376371741e-04 1.769627560861408710e-03 3.707996256707701832e-06 6.154797301860526204e-05 6.705780833726748824e-05
4.091628789901733398e-01 1.715218677418306470e-04 1.804527011699974537e-03 3.795426437136484310e-06 6.299060623859986663e-05 6.767566810594871640e-05
4.030283689498901367e-01 2.125168539350852370e-04 2.075699623674154282e-03 4.197529051452875137e-06 6.620561907766386867e-05 7.672343781450763345e-05
4.059560000896453857e-01 2.240827598143368959e-04 2.075329190120100975e-03 4.043457010993734002e-06 6.672935705864802003e-05 7.553304021712392569e-05
4.049554169178009033e-01 2.169682556996122003e-04 1.996338367462158203e-03 4.128890395804774016e-06 6.720023520756512880e-05 7.532316521974280477e-05
4.048466384410858154e-01 2.420299570076167583e-04 1.979092368856072426e-03 4.166806320426985621e-06 6.770180334569886327e-05 7.442313653882592916e-05
3.994090259075164795e-01 2.971710055135190487e-04 2.209210069850087166e-03 4.488652393774827942e-06 6.984888022998347878e-05 8.117925608530640602e-05
3.933152258396148682e-01 3.318168164696544409e-04 2.248736796900629997e-03 4.584704129229066893e-06 7.193007331807166338e-05 8.353206067113205791e-05
3.907699584960937500e-01 3.759945975616574287e-04 2.356495009735226631e-03 4.658520538214361295e-06 7.454706792486831546e-05 8.803944365354254842e-05
3.984633088111877441e-01 4.053134762216359377e-04 2.317422069609165192e-03 4.875585545960348099e-06 7.322824239963665605e-05 8.445875573670491576e-05
3.928274512290954590e-01 4.889009287580847740e-04 2.473467262461781502e-03 5.031505224906140938e-06 7.548982102889567614e-05 9.067948849406093359e-05
3.871903121471405029e-01 5.115602980367839336e-04 2.471046755090355873e-03 5.148037871549604461e-06 7.522447413066402078e-05 8.641364547656849027e-05
3.833419382572174072e-01 5.270280526019632816e-04 2.435749396681785583e-03 5.121403319208184257e-06 7.456826278939843178e-05 8.788148988969624043e-05
3.823723495006561279e-01 5.803780513815581799e-04 2.487744204699993134e-03 5.595135007752105594e-06 7.874464790802448988e-05 8.968434849521145225e-05
3.825361728668212891e-01 6.481385207735002041e-04 2.734063426032662392e-03 5.794553544546943158e-06 8.187469939002767205e-05 9.280981612391769886e-05
3.802780807018280029e-01 7.327748462557792664e-04 2.650226699188351631e-03 6.168434538267320022e-06 8.391355368075892329e-05 9.443403541808947921e-05
3.746266067028045654e-01 8.199790026992559433e-04 2.759640105068683624e-03 6.665768523816950619e-06 8.744378283154219389e-05 1.026582976919598877e-04
3.741341531276702881e-01 9.319322998635470867e-04 3.090042388066649437e-03 7.195338639576220885e-06 9.146713273366913199e-05 1.073944804375059903e-04
3.733871579170227051e-01 9.680866496637463570e-04 2.976362593472003937e-03 7.036534952931106091e-06 8.588808123022317886e-05 1.004158330033533275e-04
3.713516891002655029e-01 9.403914446011185646e-04 2.948337933048605919e-03 6.997401669650571421e-06 8.766682731220498681e-05 1.030853745760396123e-04
3.671506643295288086e-01 1.126704621128737926e-03 3.215099219232797623e-03 7.585980256408220157e-06 9.705138654680922627e-05 1.134906488005071878e-04
3.540973365306854248e-01 1.280222903005778790e-03 3.240478225052356720e-03 7.867916792747564614e-06 9.801436681300401688e-05 1.144607522292062640e-04
3.561241030693054199e-01 1.293667126446962357e-03 3.318930044770240784e-03 8.079576218733564019e-06 9.769834286998957396e-05 1.110254961531609297e-04
3.548092842102050781e-01 1.465592533349990845e-03 3.250269452109932899e-03 8.330172931891866028e-06 9.958931332221254706e-05 1.139391024480573833e-04
3.449175953865051270e-01 1.596192829310894012e-03 3.339149290695786476e-03 8.853831786836963147e-06 1.059488640748895705e-04 1.263914600713178515e-04
3.474031090736389160e-01 1.714143785648047924e-03 3.444046480581164360e-03 9.465877155889756978e-06 1.100519948522560298e-04 1.302843011217191815e-04
3.435546457767486572e-01 1.821128767915070057e-03 3.459149738773703575e-03 1.001400141831254587e-05 1.105299670598469675e-04 1.290584477828815579e-04
3.512975573539733887e-01 1.991897588595747948e-03 3.413918428122997284e-03 1.010144114843569696e-05 1.131215467466972768e-04 1.280916039831936359e-04
