9.710000000000000000e+02 9.400000000000000000e+01 3.100000000000000000e+02 9.890000000000000000e+02 3.010000000000000000e+02
9.400000000000000000e+01 2.900000000000000000e+01 1.000000000000000000e+01 1.200000000000000000e+01 7.250000000000000000e+02
4.040000000000000000e+02 8.950000000000000000e+02 6.570000000000000000e+02 7.440000000000000000e+02 5.570000000000000000e+02
4.040000000000000000e+02 8.950000000000000000e+02 9.080000000000000000e+02 7.440000000000000000e+02 6.570000000000000000e+02
4.040000000000000000e+02 8.950000000000000000e+02 9.080000000000000000e+02 5.570000000000000000e+02 7.440000000000000000e+02
4.040000000000000000e+02 8.950000000000000000e+02 9.080000000000000000e+02 7.440000000000000000e+02 6.570000000000000000e+02
4.040000000000000000e+02 8.950000000000000000e+02 9.080000000000000000e+02 6.570000000000000000e+02 7.440000000000000000e+02
8.950000000000000000e+02 4.040000000000000000e+02 9.080000000000000000e+02 6.570000000000000000e+02 7.440000000000000000e+02
8.950000000000000000e+02 4.040000000000000000e+02 9.080000000000000000e+02 6.570000000000000000e+02 7.440000000000000000e+02
8.950000000000000000e+02 4.040000000000000000e+02 9.080000000000000000e+02 6.570000000000000000e+02 7.440000000000000000e+02
8.950000000000000000e+02 4.040000000000000000e+02 9.080000000000000000e+02 6.570000000000000000e+02 7.440000000000000000e+02
8.950000000000000000e+02 4.040000000000000000e+02 9.080000000000000000e+02 6.570000000000000000e+02 7.440000000000000000e+02
8.950000000000000000e+02 4.040000000000000000e+02 9.080000000000000000e+02 6.570000000000000000e+02 7.440000000000000000e+02
8.950000000000000000e+02 4.040000000000000000e+02 9.080000000000000000e+02 6.570000000000000000e+02 7.440000000000000000e+02
8.950000000000000000e+02 4.040000000000000000e+02 9.080000000000000000e+02 6.570000000000000000e+02 7.440000000000000000e+02
8.950000000000000000e+02 9.080000000000000000e+02 4.040000000000000000e+02 6.570000000000000000e+02 7.440000000000000000e+02
8.950000000000000000e+02 9.080000000000000000e+02 4.040000000000000000e+02 6.570000000000000000e+02 7.440000000000000000e+02
8.950000000000000000e+02 9.080000000000000000e+02 4.040000000000000000e+02 6.570000000000000000e+02 6.960000000000000000e+02
8.950000000000000000e+02 9.080000000000000000e+02 4.040000000000000000e+02 6.570000000000000000e+02 7.440000000000000000e+02
8.950000000000000000e+02 9.080000000000000000e+02 4.040000000000000000e+02 6.570000000000000000e+02 7.440000000000000000e+02
8.950000000000000000e+02 9.080000000000000000e+02 4.040000000000000000e+02 6.570000000000000000e+02 7.440000000000000000e+02
8.950000000000000000e+02 9.080000000000000000e+02 4.040000000000000000e+02 6.570000000000000000e+02 7.440000000000000000e+02
8.950000000000000000e+02 9.080000000000000000e+02 4.040000000000000000e+02 6.570000000000000000e+02 7.440000000000000000e+02
8.950000000000000000e+02 9.080000000000000000e+02 4.040000000000000000e+02 6.570000000000000000e+02 7.440000000000000000e+02
8.950000000000000000e+02 9.080000000000000000e+02 4.040000000000000000e+02 6.570000000000000000e+02 7.440000000000000000e+02
8.950000000000000000e+02 9.080000000000000000e+02 4.040000000000000000e+02 6.570000000000000000e+02 7.440000000000000000e+02
8.950000000000000000e+02 9.080000000000000000e+02 4.040000000000000000e+02 6.570000000000000000e+02 7.440000000000000000e+02
8.950000000000000000e+02 9.080000000000000000e+02 4.040000000000000000e+02 6.570000000000000000e+02 7.440000000000000000e+02
8.950000000000000000e+02 9.080000000000000000e+02 4.040000000000000000e+02 6.570000000000000000e+02 7.440000000000000000e+02
8.950000000000000000e+02 9.080000000000000000e+02 4.040000000000000000e+02 6.570000000000000000e+02 7.440000000000000000e+02
8.950000000000000000e+02 9.080000000000000000e+02 4.040000000000000000e+02 6.570000000000000000e+02 7.440000000000000000e+02
8.950000000000000000e+02 9.080000000000000000e+02 4.040000000000000000e+02 6.570000000000000000e+02 7.440000000000000000e+02
8.950000000000000000e+02 9.080000000000000000e+02 4.040000000000000000e+02 6.570000000000000000e+02 7.440000000000000000e+02
8.950000000000000000e+02 9.080000000000000000e+02 4.040000000000000000e+02 6.570000000000000000e+02 7.440000000000000000e+02
8.950000000000000000e+02 9.080000000000000000e+02 4.040000000000000000e+02 6.570000000000000000e+02 7.440000000000000000e+02
8.950000000000000000e+02 9.080000000000000000e+02 4.040000000000000000e+02 6.570000000000000000e+02 7.440000000000000000e+02
8.950000000000000000e+02 9.080000000000000000e+02 4.040000000000000000e+02 6.570000000000000000e+02 7.440000000000000000e+02
8.950000000000000000e+02 9.080000000000000000e+02 4.040000000000000000e+02 6.570000000000000000e+02 7.440000000000000000e+02
8.950000000000000000e+02 9.080000000000000000e+02 4.040000000000000000e+02 6.570000000000000000e+02 7.440000000000000000e+02
8.950000000000000000e+02 9.080000000000000000e+02 4.040000000000000000e+02 6.570000000000000000e+02 7.440000000000000000e+02
8.950000000000000000e+02 9.080000000000000000e+02 4.040000000000000000e+02 6.570000000000000000e+02 7.440000000000000000e+02
8.950000000000000000e+02 9.080000000000000000e+02 4.040000000000000000e+02 6.570000000000000000e+02 7.440000000000000000e+02
8.950000000000000000e+02 9.080000000000000000e+02 4.040000000000000000e+02 6.570000000000000000e+02 7.440000000000000000e+02
8.950000000000000000e+02 9.080000000000000000e+02 4.040000000000000000e+02 6.570000000000000000e+02 7.440000000000000000e+02
8.950000000000000000e+02 9.080000000000000000e+02 4.040000000000000000e+02 6.570000000000000000e+02 7.440000000000000000e+02
8.950000000000000000e+02 9.080000000000000000e+02 4.040000000000000000e+02 6.570000000000000000e+02 7.440000000000000000e+02
8.950000000000000000e+02 9.080000000000000000e+02 4.040000000000000000e+02 6.570000000000000000e+02 7.440000000000000000e+02
8.950000000000000000e+02 9.080000000000000000e+02 4.040000000000000000e+02 6.570000000000000000e+02 7.440000000000000000e+02
8.950000000000000000e+02 9.080000000000000000e+02 4.040000000000000000e+02 6.570000000000000000e+02 7.440000000000000000e+02
8.950000000000000000e+02 9.080000000000000000e+02 4.040000000000000000e+02 6.570000000000000000e+02 7.440000000000000000e+02
8.950000000000000000e+02 9.080000000000000000e+02 4.040000000000000000e+02 6.570000000000000000e+02 7.440000000000000000e+02
