       1    0.0000496694
       2    0.0000473294
       3    0.0000566828
       4    0.0000564290
       5    0.0000771133
       6    0.0000826735
       7    0.0000844353
       8    0.0001246627
       9    0.0000873786
      10    0.0001770070
      11    0.0002173242
      12    0.0003190890
      13    0.0004397393
      14    0.0003545158
      15    0.0007051456
      16    0.0007781372
      17    0.0015705435
      18    0.0008819902
      19    0.0008195133
      20    0.0020577700
      21    0.0015465389
      22    0.0018372735
      23    0.0015467468
      24    0.0036434606
      25    0.0021224336
      26    0.0045450926
      27    0.0025682454
      28    0.0018951062
      29    0.0041129203
      30    0.0038431087
      31    0.0052477629
      32    0.0072275512
      33    0.0129221072
      34    0.0081485277
      35    0.0039478038
      36    0.0082962094
      37    0.0126982918
      38    0.0097557222
      39    0.0089599099
      40    0.0124887694
      41    0.0070924792
      42    0.0113373902
      43    0.0066733547
      44    0.0092111062
      45    0.0135645205
      46    0.0048048999
      47    0.0019029407
      48    0.0074932124
      49    0.0065609375
      50    0.0051766294
      51    0.0017804016
      52    0.0047089132
      53    0.0044829408
      54    0.0058188937
      55    0.0014658241
      56    0.0020649750
      57    0.0026284126
      58    0.0035550012
      59    0.0022705400
      60    0.0016427097
      61    0.0010199426
      62    0.0017700784
      63    0.0012681286
      64    0.0022598247
      65    0.0020201586
      66    0.0005804576
      67    0.0020375964
      68    0.0022040231
      69    0.0009383482
      70    0.0010826786
      71    0.0019357634
      72    0.0005348911
      73    0.0013896561
      74    0.0004248682
      75    0.0006121431
      76    0.0004617665
      77    0.0006951069
      78    0.0006935560
      79    0.0002313786
      80    0.0003548040
      81    0.0005874636
      82    0.0002342863
      83    0.0001145498
      84    0.0003362140
      85    0.0002084759
      86    0.0001378472
      87    0.0002093596
      88    0.0000911762
      89    0.0004074900
      90    0.0003236576
      91    0.0001354436
      92    0.0001697608
      93    0.0003169859
      94    0.0000945683
      95    0.0001833071
      96    0.0001925169
      97    0.0002158581
      98    0.0000829840
      99    0.0000842810
     100    0.0001788209
     101    0.0001367788
     102    0.0000597968
     103    0.0001334274
     104    0.0001269311
     105    0.0001642041
     106    0.0000728755
     107    0.0000790431
     108    0.0000905641
     109    0.0001027169
     110    0.0000578627
     111    0.0001144630
     112    0.0001145906
     113    0.0001154315
     114    0.0000548760
     115    0.0000598246
     116    0.0000819376
     117    0.0000248061
     118    0.0000579136
     119    0.0000674886
     120    0.0000833157
     121    0.0000553741
     122    0.0000449956
     123    0.0000301544
     124    0.0000353991
     125    0.0000323944
     126    0.0000499985
     127    0.0000155859
     128    0.0000197593
