       1    0.0025214273
       2    0.0026939115
       3    0.0030108723
       4    0.0037322547
       5    0.0051082079
       6    0.0060574436
       7    0.0064415340
       8    0.0071850461
       9    0.0093990620
      10    0.0083894692
      11    0.0163148306
      12    0.0155641483
      13    0.0182999596
      14    0.0226501077
      15    0.0230624340
      16    0.0352954380
      17    0.0335340761
      18    0.0290370584
      19    0.0430183709
      20    0.0357198976
      21    0.0675056949
      22    0.0330996588
      23    0.0304252971
      24    0.0290185995
      25    0.0712582320
      26    0.0403571948
      27    0.0351789594
      28    0.0364182070
      29    0.0742989630
      30    0.0662437752
      31    0.0363693535
      32    0.0361568891
      33    0.0539561808
      34    0.0540966429
      35    0.0795031860
      36    0.0222325400
      37    0.0557332039
      38    0.0901599973
      39    0.0432570763
      40    0.0740760863
      41    0.0550622158
      42    0.1204320714
      43    0.0615732744
      44    0.1275888085
      45    0.0380051397
      46    0.0898918658
      47    0.0916435719
      48    0.1074731350
      49    0.0701254979
      50    0.1128402725
      51    0.0730943382
      52    0.0918191969
      53    0.1214483306
      54    0.0529414974
      55    0.1357989907
      56    0.0932777151
      57    0.1132949814
      58    0.0860406756
      59    0.0784901753
      60    0.1250912696
      61    0.1081274599
      62    0.0911476687
      63    0.1183708534
      64    0.1438560188
      65    0.0997616053
      66    0.1155732647
      67    0.1100608185
      68    0.1037892848
      69    0.1093346328
      70    0.1427679062
      71    0.0895186439
      72    0.1664746106
      73    0.1903150082
      74    0.1271643341
      75    0.0632368028
      76    0.0979826972
      77    0.0597283132
      78    0.1054352894
      79    0.0300769545
      80    0.1205759495
      81    0.0523684137
      82    0.0845937356
      83    0.0196451973
      84    0.0590632930
      85    0.0301582348
      86    0.0497082733
      87    0.0248411726
      88    0.0146923419
      89    0.0187056717
      90    0.0163485911
      91    0.0119599150
      92    0.0198350959
      93    0.0042685270
      94    0.0133571094
      95    0.0081798006
      96    0.0045549045
      97    0.0030278591
      98    0.0023755380
      99    0.0080930712
     100    0.0011097392
     101    0.0009634222
     102    0.0022250735
     103    0.0030010273
     104    0.0018596452
     105    0.0028233840
     106    0.0009159067
     107    0.0009839935
     108    0.0007912572
     109    0.0008210753
     110    0.0004020304
     111    0.0009155133
     112    0.0003430731
     113    0.0004673731
     114    0.0003367833
     115    0.0004296231
     116    0.0006493276
     117    0.0003762182
     118    0.0002142044
     119    0.0002976903
     120    0.0001452225
     121    0.0002061992
     122    0.0002118317
     123    0.0001304883
     124    0.0002004223
     125    0.0001372770
     126    0.0001858376
     127    0.0001112110
     128    0.0001001286
