       1    0.0226584524
       2    0.0246753786
       3    0.0244581662
       4    0.0256378744
       5    0.0334302671
       6    0.0313800275
       7    0.0422389805
       8    0.0428275652
       9    0.0565923899
      10    0.0694222599
      11    0.0684542209
      12    0.0588977747
      13    0.1062811017
      14    0.1043776348
      15    0.1168434024
      16    0.1252051592
      17    0.1083489582
      18    0.1242336407
      19    0.1428209692
      20    0.1344698817
      21    0.1594646573
      22    0.1554962844
      23    0.1401402354
      24    0.1393016726
      25    0.1141628772
      26    0.1044849753
      27    0.1193016469
      28    0.2171326131
      29    0.1349193901
      30    0.0568301491
      31    0.1049582511
      32    0.0827709138
      33    0.0670473501
      34    0.0413188227
      35    0.0426876843
      36    0.0286165811
      37    0.0319017433
      38    0.0305334087
      39    0.0161959641
      40    0.0135911917
      41    0.0045781098
      42    0.0140147926
      43    0.0096257469
      44    0.0082620494
      45    0.0020307780
      46    0.0023323626
      47    0.0021649625
      48    0.0017951441
      49    0.0020461748
      50    0.0015091526
      51    0.0011897134
      52    0.0004759866
      53    0.0005380333
      54    0.0007972513
      55    0.0003817154
      56    0.0004158501
      57    0.0004289537
      58    0.0004271795
      59    0.0003033305
      60    0.0001698234
      61    0.0001367892
      62    0.0001122620
      63    0.0000906194
      64    0.0000766872
      65    0.0001051176
      66    0.0000731505
      67    0.0000829204
      68    0.0000486459
      69    0.0000312022
      70    0.0000262576
      71    0.0000285907
      72    0.0000212774
      73    0.0000150423
      74    0.0000122408
      75    0.0000109021
      76    0.0000149709
      77    0.0000058630
      78    0.0000061144
      79    0.0000063391
      80    0.0000081494
      81    0.0000109553
      82    0.0000041413
      83    0.0000040482
      84    0.0000045605
      85    0.0000021238
      86    0.0000025052
      87    0.0000027823
      88    0.0000040785
      89    0.0000031126
      90    0.0000021495
      91    0.0000041426
      92    0.0000016808
      93    0.0000025446
      94    0.0000016063
      95    0.0000015531
      96    0.0000025520
      97    0.0000019151
      98    0.0000017692
      99    0.0000024974
     100    0.0000020018
     101    0.0000012394
     102    0.0000019902
     103    0.0000013832
     104    0.0000013096
     105    0.0000016370
     106    0.0000025579
     107    0.0000017815
     108    0.0000014903
     109    0.0000015266
     110    0.0000020564
     111    0.0000011000
     112    0.0000015258
     113    0.0000020502
     114    0.0000023399
     115    0.0000016836
     116    0.0000015972
     117    0.0000018649
     118    0.0000022238
     119    0.0000011251
     120    0.0000013090
     121    0.0000016920
     122    0.0000017248
     123    0.0000019370
     124    0.0000015019
     125    0.0000018947
     126    0.0000016985
     127    0.0000018572
     128    0.0000019042
