       1    0.0083965249
       2    0.0087594278
       3    0.0099285115
       4    0.0109446254
       5    0.0138803022
       6    0.0171360727
       7    0.0310460906
       8    0.0431729406
       9    0.0590659380
      10    0.0907562971
      11    0.1531472802
      12    0.1872288585
      13    0.3356281221
      14    0.4025087357
      15    0.5756607056
      16    0.6608744860
      17    0.7133356929
      18    0.7943297625
      19    0.8080848455
      20    0.8654856682
      21    0.8764671087
      22    0.9324401617
      23    0.9212873578
      24    0.9183598161
      25    0.9117431045
      26    0.9307191968
      27    0.9281395674
      28    0.9459489584
      29    0.9539012909
      30    0.9172511101
      31    0.9377002120
      32    0.9107854366
      33    0.9202045202
      34    0.9102553129
      35    0.8789645433
      36    0.7899080515
      37    0.8153831959
      38    0.8984712958
      39    0.8371025324
      40    0.8094749451
      41    0.8277018070
      42    0.7051929832
      43    0.7130023241
      44    0.7234572172
      45    0.5653198361
      46    0.3804059923
      47    0.5517640114
      48    0.4504054785
      49    0.2821103036
      50    0.4170990288
      51    0.3591401279
      52    0.2731182277
      53    0.4610913396
      54    0.3120471835
      55    0.2354562879
      56    0.1027309299
      57    0.1307996809
      58    0.1266817451
      59    0.1435348392
      60    0.1668873876
      61    0.0838893056
      62    0.0679384917
      63    0.0261212848
      64    0.0280467644
      65    0.0272515286
      66    0.0391771421
      67    0.0147984242
      68    0.0149677601
      69    0.0172771085
      70    0.0065094866
      71    0.0043913722
      72    0.0094927987
      73    0.0032640113
      74    0.0047204942
      75    0.0018501892
      76    0.0011757062
      77    0.0023992816
      78    0.0015119159
      79    0.0007714899
      80    0.0004188028
      81    0.0005055180
      82    0.0006176774
      83    0.0000893966
      84    0.0000655749
      85    0.0001667499
      86    0.0002651083
      87    0.0000385193
      88    0.0001406963
      89    0.0000349203
      90    0.0000474066
      91    0.0000274730
      92    0.0000166847
      93    0.0000140975
      94    0.0000321283
      95    0.0000143891
      96    0.0000089219
      97    0.0000045605
      98    0.0000058921
      99    0.0000072103
     100    0.0000118112
     101    0.0000095365
     102    0.0000064032
     103    0.0000045750
     104    0.0000036086
     105    0.0000045036
     106    0.0000045884
     107    0.0000043712
     108    0.0000039317
     109    0.0000025530
     110    0.0000044404
     111    0.0000028656
     112    0.0000037132
     113    0.0000044770
     114    0.0000051952
     115    0.0000023471
     116    0.0000017933
     117    0.0000021641
     118    0.0000025314
     119    0.0000013749
     120    0.0000020074
     121    0.0000023461
     122    0.0000022648
     123    0.0000015685
     124    0.0000012692
     125    0.0000015410
     126    0.0000016783
     127    0.0000015803
     128    0.0000025872
