6.855756603067321518e-04
6.862797694228901513e-01
9.914690430935392262e-01
9.974280884387241031e-01
9.982094822801927947e-01
9.985401293497063735e-01
9.984341695526193217e-01
9.984432381839015713e-01
9.985213358046148846e-01
9.983465856662884219e-01
9.985316573389032557e-01
9.986760991568917056e-01
9.988735208734237370e-01
9.987830135467452575e-01
9.987351049222740196e-01
9.986430463823499082e-01
9.986993673555764062e-01
9.985588632327498937e-01
9.984921014011393092e-01
9.982958729255655417e-01
9.982508280793939148e-01
9.979853916282452886e-01
9.976781320815122367e-01
9.975540350218607966e-01
9.975118539539888918e-01
9.973455161644175782e-01
9.972463578407922968e-01
9.972320389492940196e-01
9.971239313184823150e-01
9.970955918457253819e-01
9.971473785033106996e-01
9.970900432752698439e-01
9.970948162391025660e-01
9.971884259922723093e-01
9.972394967052827797e-01
9.972217174150057595e-01
9.972485056745170606e-01
9.971940342247758160e-01
9.971662913724980148e-01
9.971078225655468641e-01
9.970593769826444630e-01
9.971399207473220505e-01
9.971624133393838241e-01
9.970809149819397366e-01
9.971445147250110885e-01
9.971269740829257211e-01
9.971244086148656205e-01
9.972965932851319826e-01
9.973452775162260364e-01
9.973773756980012228e-01
9.974191987935856485e-01
9.974253439845203184e-01
9.974616185096492060e-01
9.974391259175874325e-01
9.975114959817014126e-01
9.974772499662014624e-01
9.975363750556796028e-01
9.975439521357640782e-01
9.975458613212971892e-01
9.975762293036830597e-01
9.975226527846604574e-01
9.975872071204983094e-01
9.975607171712266297e-01
9.976078501890749406e-01
9.976174557787883534e-01
9.976771774887456257e-01
9.976969852886515833e-01
9.976538496280130675e-01
9.976996104187595416e-01
9.976896468567586496e-01
9.977200148391445200e-01
9.976741347243022195e-01
9.976658416996428969e-01
9.976347577726820681e-01
9.976299251468014884e-01
9.976070149204042670e-01
9.975770645723537333e-01
9.976058216794461142e-01
9.976534916557255883e-01
9.975642372320532303e-01
9.976034948595776664e-01
9.976460338997369393e-01
9.976237202938188497e-01
9.976187683438424436e-01
9.976417382322875227e-01
9.976667962924093969e-01
9.976364283100235264e-01
9.976665576442177441e-01
9.976645291345889177e-01
9.976614267080975429e-01
9.976818311284826324e-01
9.976390534401315957e-01
9.975986025716490069e-01
9.975842836801508406e-01
9.976142340282012633e-01
9.976150692968720479e-01
9.976122651806202946e-01
9.975787947717431603e-01
9.976011083776612498e-01
9.975771838964495597e-01
9.976159045655427215e-01
