7.800000000000000000e+01 3.180000000000000000e+02 2.100000000000000000e+01 7.500000000000000000e+01 3.100000000000000000e+02
2.600000000000000000e+01 7.840000000000000000e+02 4.050000000000000000e+02 1.000000000000000000e+00 3.170000000000000000e+02
6.930000000000000000e+02 4.720000000000000000e+02 7.670000000000000000e+02 6.180000000000000000e+02 7.140000000000000000e+02
4.720000000000000000e+02 6.930000000000000000e+02 7.670000000000000000e+02 7.140000000000000000e+02 9.100000000000000000e+02
4.720000000000000000e+02 6.930000000000000000e+02 7.670000000000000000e+02 9.100000000000000000e+02 5.760000000000000000e+02
4.720000000000000000e+02 6.930000000000000000e+02 7.670000000000000000e+02 6.840000000000000000e+02 5.760000000000000000e+02
4.720000000000000000e+02 6.930000000000000000e+02 9.020000000000000000e+02 5.760000000000000000e+02 6.840000000000000000e+02
4.720000000000000000e+02 6.930000000000000000e+02 9.020000000000000000e+02 6.840000000000000000e+02 5.760000000000000000e+02
4.720000000000000000e+02 6.930000000000000000e+02 9.020000000000000000e+02 6.840000000000000000e+02 5.760000000000000000e+02
4.720000000000000000e+02 6.930000000000000000e+02 5.760000000000000000e+02 9.020000000000000000e+02 8.140000000000000000e+02
4.720000000000000000e+02 6.930000000000000000e+02 5.760000000000000000e+02 9.020000000000000000e+02 8.140000000000000000e+02
4.720000000000000000e+02 6.930000000000000000e+02 5.760000000000000000e+02 9.020000000000000000e+02 8.140000000000000000e+02
4.720000000000000000e+02 6.930000000000000000e+02 5.760000000000000000e+02 9.020000000000000000e+02 8.140000000000000000e+02
4.720000000000000000e+02 6.930000000000000000e+02 5.760000000000000000e+02 8.140000000000000000e+02 9.020000000000000000e+02
4.720000000000000000e+02 6.930000000000000000e+02 5.760000000000000000e+02 8.140000000000000000e+02 4.680000000000000000e+02
4.720000000000000000e+02 6.930000000000000000e+02 5.760000000000000000e+02 8.140000000000000000e+02 4.680000000000000000e+02
4.720000000000000000e+02 6.930000000000000000e+02 5.760000000000000000e+02 4.680000000000000000e+02 8.140000000000000000e+02
4.720000000000000000e+02 6.930000000000000000e+02 5.760000000000000000e+02 4.680000000000000000e+02 8.140000000000000000e+02
4.720000000000000000e+02 6.930000000000000000e+02 5.760000000000000000e+02 4.680000000000000000e+02 8.140000000000000000e+02
4.720000000000000000e+02 6.930000000000000000e+02 5.760000000000000000e+02 4.680000000000000000e+02 8.140000000000000000e+02
4.720000000000000000e+02 6.930000000000000000e+02 5.760000000000000000e+02 4.680000000000000000e+02 8.140000000000000000e+02
4.720000000000000000e+02 6.930000000000000000e+02 5.760000000000000000e+02 8.140000000000000000e+02 4.680000000000000000e+02
4.720000000000000000e+02 6.930000000000000000e+02 5.760000000000000000e+02 8.140000000000000000e+02 4.680000000000000000e+02
4.720000000000000000e+02 6.930000000000000000e+02 5.760000000000000000e+02 4.680000000000000000e+02 8.140000000000000000e+02
4.720000000000000000e+02 6.930000000000000000e+02 5.760000000000000000e+02 8.140000000000000000e+02 4.680000000000000000e+02
4.720000000000000000e+02 6.930000000000000000e+02 5.760000000000000000e+02 8.140000000000000000e+02 4.680000000000000000e+02
4.720000000000000000e+02 6.930000000000000000e+02 5.760000000000000000e+02 8.140000000000000000e+02 4.680000000000000000e+02
4.720000000000000000e+02 6.930000000000000000e+02 5.760000000000000000e+02 8.140000000000000000e+02 4.680000000000000000e+02
4.720000000000000000e+02 6.930000000000000000e+02 5.760000000000000000e+02 8.140000000000000000e+02 4.680000000000000000e+02
4.720000000000000000e+02 6.930000000000000000e+02 5.760000000000000000e+02 8.140000000000000000e+02 4.680000000000000000e+02
4.720000000000000000e+02 6.930000000000000000e+02 5.760000000000000000e+02 8.140000000000000000e+02 4.680000000000000000e+02
4.720000000000000000e+02 6.930000000000000000e+02 5.760000000000000000e+02 8.140000000000000000e+02 4.680000000000000000e+02
4.720000000000000000e+02 6.930000000000000000e+02 5.760000000000000000e+02 8.140000000000000000e+02 4.680000000000000000e+02
4.720000000000000000e+02 6.930000000000000000e+02 5.760000000000000000e+02 8.140000000000000000e+02 4.680000000000000000e+02
4.720000000000000000e+02 6.930000000000000000e+02 5.760000000000000000e+02 8.140000000000000000e+02 4.680000000000000000e+02
4.720000000000000000e+02 6.930000000000000000e+02 5.760000000000000000e+02 8.140000000000000000e+02 4.680000000000000000e+02
4.720000000000000000e+02 6.930000000000000000e+02 5.760000000000000000e+02 8.140000000000000000e+02 4.680000000000000000e+02
4.720000000000000000e+02 6.930000000000000000e+02 5.760000000000000000e+02 8.140000000000000000e+02 4.680000000000000000e+02
4.720000000000000000e+02 6.930000000000000000e+02 5.760000000000000000e+02 8.140000000000000000e+02 4.680000000000000000e+02
4.720000000000000000e+02 6.930000000000000000e+02 5.760000000000000000e+02 8.140000000000000000e+02 4.680000000000000000e+02
4.720000000000000000e+02 6.930000000000000000e+02 5.760000000000000000e+02 8.140000000000000000e+02 4.680000000000000000e+02
4.720000000000000000e+02 6.930000000000000000e+02 5.760000000000000000e+02 8.140000000000000000e+02 4.680000000000000000e+02
4.720000000000000000e+02 6.930000000000000000e+02 5.760000000000000000e+02 8.140000000000000000e+02 4.680000000000000000e+02
4.720000000000000000e+02 6.930000000000000000e+02 5.760000000000000000e+02 8.140000000000000000e+02 4.680000000000000000e+02
4.720000000000000000e+02 6.930000000000000000e+02 5.760000000000000000e+02 8.140000000000000000e+02 4.680000000000000000e+02
4.720000000000000000e+02 6.930000000000000000e+02 5.760000000000000000e+02 8.140000000000000000e+02 4.680000000000000000e+02
4.720000000000000000e+02 6.930000000000000000e+02 5.760000000000000000e+02 8.140000000000000000e+02 9.750000000000000000e+02
4.720000000000000000e+02 6.930000000000000000e+02 5.760000000000000000e+02 8.140000000000000000e+02 9.750000000000000000e+02
4.720000000000000000e+02 6.930000000000000000e+02 5.760000000000000000e+02 8.140000000000000000e+02 9.750000000000000000e+02
4.720000000000000000e+02 6.930000000000000000e+02 8.140000000000000000e+02 5.760000000000000000e+02 9.750000000000000000e+02
4.720000000000000000e+02 6.930000000000000000e+02 8.140000000000000000e+02 5.760000000000000000e+02 9.750000000000000000e+02
