1.027158214128576219e-04 1.027158214128576219e-04 2.174436085624620318e-04 1.123972833738662302e-04 9.880665311357006431e-05 7.588046719320118427e-05
4.284778237342834473e-02 4.284778237342834473e-02 7.245621830224990845e-02 4.041261970996856689e-02 1.811891794204711914e-02 1.388403773307800293e-01
8.732397109270095825e-02 8.732397109270095825e-02 6.145125031471252441e-01 6.031036376953125000e-02 7.998774759471416473e-03 7.717109285295009613e-03
1.432147771120071411e-01 1.432147771120071411e-01 6.105763912200927734e-01 7.592961937189102173e-02 7.234414573758840561e-03 7.719991263002157211e-03
2.063757330179214478e-01 2.063757330179214478e-01 5.970307588577270508e-01 8.275026082992553711e-02 5.369071383029222488e-03 3.895301604643464088e-03
2.999536693096160889e-01 2.999536693096160889e-01 4.835458695888519287e-01 9.539096802473068237e-02 6.359925027936697006e-03 4.307795781642198563e-03
3.699290454387664795e-01 3.699290454387664795e-01 3.933129906654357910e-01 1.013973355293273926e-01 7.363213226199150085e-03 5.519843194633722305e-03
4.442799985408782959e-01 4.442799985408782959e-01 3.061536550521850586e-01 1.019374653697013855e-01 7.846933789551258087e-03 6.522419862449169159e-03
4.535225927829742432e-01 4.535225927829742432e-01 2.742230594158172607e-01 1.113707795739173889e-01 9.225255809724330902e-03 7.100723218172788620e-03
4.427916109561920166e-01 4.427916109561920166e-01 2.691751420497894287e-01 1.161840558052062988e-01 9.988067671656608582e-03 7.232173345983028412e-03
4.183670878410339355e-01 4.183670878410339355e-01 2.666295170783996582e-01 1.238366588950157166e-01 1.092842593789100647e-02 7.593289948999881744e-03
4.216517508029937744e-01 4.216517508029937744e-01 2.601690292358398438e-01 1.215364933013916016e-01 1.077719777822494507e-02 8.059872314333915710e-03
4.578294754028320312e-01 4.578294754028320312e-01 2.260833233594894409e-01 1.160951033234596252e-01 1.107326149940490723e-02 8.259537629783153534e-03
4.859738945960998535e-01 4.859738945960998535e-01 2.009660154581069946e-01 1.085444316267967224e-01 1.044355425983667374e-02 8.380742743611335754e-03
4.927694797515869141e-01 4.927694797515869141e-01 1.933629363775253296e-01 1.074120327830314636e-01 1.063344534486532211e-02 8.206780068576335907e-03
5.043458938598632812e-01 5.043458938598632812e-01 1.778955012559890747e-01 9.889634698629379272e-02 1.015393342822790146e-02 8.534513413906097412e-03
5.045925974845886230e-01 5.045925974845886230e-01 1.644279807806015015e-01 9.562845528125762939e-02 1.027875766158103943e-02 8.840804919600486755e-03
5.161720514297485352e-01 5.161720514297485352e-01 1.567945778369903564e-01 8.904213458299636841e-02 9.745481424033641815e-03 8.820213377475738525e-03
5.139095187187194824e-01 5.139095187187194824e-01 1.533059775829315186e-01 8.628405630588531494e-02 9.492418728768825531e-03 8.811605162918567657e-03
5.057166218757629395e-01 5.057166218757629395e-01 1.514864116907119751e-01 8.556423336267471313e-02 9.544710628688335419e-03 9.068323299288749695e-03
4.986850023269653320e-01 4.986850023269653320e-01 1.501127183437347412e-01 8.606788516044616699e-02 9.541211649775505066e-03 9.056676179170608521e-03
5.067870616912841797e-01 5.067870616912841797e-01 1.441372334957122803e-01 8.235231786966323853e-02 9.247247129678726196e-03 9.365972131490707397e-03
5.034081935882568359e-01 5.034081935882568359e-01 1.438163220882415771e-01 8.277355879545211792e-02 9.196320548653602600e-03 9.427792392671108246e-03
5.127580761909484863e-01 5.127580761909484863e-01 1.386159658432006836e-01 8.071244508028030396e-02 9.131773374974727631e-03 9.310683235526084900e-03
5.172771811485290527e-01 5.172771811485290527e-01 1.344879716634750366e-01 7.715861499309539795e-02 8.972772397100925446e-03 9.522993117570877075e-03
5.281893610954284668e-01 5.281893610954284668e-01 1.272163242101669312e-01 7.440079748630523682e-02 8.831731975078582764e-03 9.783601388335227966e-03
5.189530253410339355e-01 5.189530253410339355e-01 1.274616420269012451e-01 7.410279661417007446e-02 8.795314468443393707e-03 1.016259845346212387e-02
5.218203663825988770e-01 5.218203663825988770e-01 1.228559389710426331e-01 7.177675515413284302e-02 8.546683005988597870e-03 1.052777003496885300e-02
5.306670069694519043e-01 5.306670069694519043e-01 1.166434735059738159e-01 6.687120348215103149e-02 8.090725168585777283e-03 1.077373325824737549e-02
5.373737812042236328e-01 5.373737812042236328e-01 1.165874451398849487e-01 6.633968651294708252e-02 8.097211830317974091e-03 1.048715226352214813e-02
5.430204272270202637e-01 5.430204272270202637e-01 1.101629659533500671e-01 6.320864707231521606e-02 7.819985970854759216e-03 1.067829225212335587e-02
5.317051410675048828e-01 5.317051410675048828e-01 1.123400926589965820e-01 6.687858700752258301e-02 8.249413222074508667e-03 1.072224043309688568e-02
5.290734767913818359e-01 5.290734767913818359e-01 1.099740564823150635e-01 6.563641875982284546e-02 8.275836706161499023e-03 1.099874731153249741e-02
5.255278944969177246e-01 5.255278944969177246e-01 1.060370728373527527e-01 6.465025246143341064e-02 8.195038884878158569e-03 1.101057510823011398e-02
5.245844721794128418e-01 5.245844721794128418e-01 1.052958890795707703e-01 6.528396904468536377e-02 8.266905322670936584e-03 1.105167064815759659e-02
5.109776854515075684e-01 5.109776854515075684e-01 1.081276610493659973e-01 6.663642078638076782e-02 8.492129854857921600e-03 1.120146270841360092e-02
5.067015886306762695e-01 5.067015886306762695e-01 1.062283515930175781e-01 6.616283953189849854e-02 8.551751263439655304e-03 1.157698128372430801e-02
5.089135766029357910e-01 5.089135766029357910e-01 1.039173081517219543e-01 6.522914767265319824e-02 8.479490876197814941e-03 1.142169721424579620e-02
5.016625523567199707e-01 5.016625523567199707e-01 1.028328165411949158e-01 6.563255190849304199e-02 8.693601936101913452e-03 1.172068715095520020e-02
4.963275194168090820e-01 4.963275194168090820e-01 1.036933660507202148e-01 6.579063087701797485e-02 8.695356547832489014e-03 1.170555688440799713e-02
5.046197175979614258e-01 5.046197175979614258e-01 9.932150691747665405e-02 6.355939805507659912e-02 8.545176126062870026e-03 1.177335064858198166e-02
4.983979761600494385e-01 4.983979761600494385e-01 1.012072786688804626e-01 6.554729491472244263e-02 8.763362653553485870e-03 1.181126851588487625e-02
5.012689828872680664e-01 5.012689828872680664e-01 9.955566376447677612e-02 6.594849377870559692e-02 8.920581080019474030e-03 1.201360113918781281e-02
4.999269247055053711e-01 4.999269247055053711e-01 9.847304224967956543e-02 6.569407135248184204e-02 8.965923450887203217e-03 1.221675239503383636e-02
4.992150962352752686e-01 4.992150962352752686e-01 9.568809717893600464e-02 6.645485013723373413e-02 9.170974604785442352e-03 1.237356197088956833e-02
5.008561015129089355e-01 5.008561015129089355e-01 9.505230188369750977e-02 6.625144928693771362e-02 9.230688214302062988e-03 1.238548196852207184e-02
4.956499636173248291e-01 4.956499636173248291e-01 9.390877932310104370e-02 6.706776469945907593e-02 9.394787251949310303e-03 1.255246996879577637e-02
4.904528260231018066e-01 4.904528260231018066e-01 9.729213267564773560e-02 7.032631337642669678e-02 9.798631072044372559e-03 1.270371302962303162e-02
4.821664690971374512e-01 4.821664690971374512e-01 9.819881618022918701e-02 7.069472223520278931e-02 9.770919568836688995e-03 1.267561409622430801e-02
4.861812293529510498e-01 4.861812293529510498e-01 9.354147315025329590e-02 6.896594911813735962e-02 9.674523957073688507e-03 1.265635713934898376e-02
4.871129393577575684e-01 4.871129393577575684e-01 9.251318871974945068e-02 6.969370692968368530e-02 9.693600237369537354e-03 1.264379918575286865e-02
