2.100000000000000000e+01 8.000000000000000000e+01 9.200000000000000000e+01 1.280000000000000000e+02 7.800000000000000000e+01
2.790000000000000000e+02 1.490000000000000000e+02 1.450000000000000000e+02 2.840000000000000000e+02 3.570000000000000000e+02
2.840000000000000000e+02 1.500000000000000000e+02 1.450000000000000000e+02 9.900000000000000000e+01 1.490000000000000000e+02
1.500000000000000000e+02 1.450000000000000000e+02 1.490000000000000000e+02 1.780000000000000000e+02 2.840000000000000000e+02
1.450000000000000000e+02 1.500000000000000000e+02 1.480000000000000000e+02 1.490000000000000000e+02 1.460000000000000000e+02
1.450000000000000000e+02 1.500000000000000000e+02 1.480000000000000000e+02 1.460000000000000000e+02 1.490000000000000000e+02
1.450000000000000000e+02 1.500000000000000000e+02 1.480000000000000000e+02 1.460000000000000000e+02 1.490000000000000000e+02
1.450000000000000000e+02 1.500000000000000000e+02 1.480000000000000000e+02 1.460000000000000000e+02 1.490000000000000000e+02
1.450000000000000000e+02 1.500000000000000000e+02 1.480000000000000000e+02 1.460000000000000000e+02 1.490000000000000000e+02
1.450000000000000000e+02 1.500000000000000000e+02 1.480000000000000000e+02 1.460000000000000000e+02 4.000000000000000000e+00
1.450000000000000000e+02 1.500000000000000000e+02 1.480000000000000000e+02 4.000000000000000000e+00 1.460000000000000000e+02
1.500000000000000000e+02 1.450000000000000000e+02 1.480000000000000000e+02 4.000000000000000000e+00 1.460000000000000000e+02
1.500000000000000000e+02 1.450000000000000000e+02 1.480000000000000000e+02 4.000000000000000000e+00 1.460000000000000000e+02
1.500000000000000000e+02 1.480000000000000000e+02 1.450000000000000000e+02 4.000000000000000000e+00 1.490000000000000000e+02
1.500000000000000000e+02 1.480000000000000000e+02 1.450000000000000000e+02 4.000000000000000000e+00 3.000000000000000000e+00
1.500000000000000000e+02 1.480000000000000000e+02 1.450000000000000000e+02 4.000000000000000000e+00 3.000000000000000000e+00
1.480000000000000000e+02 1.500000000000000000e+02 1.450000000000000000e+02 4.000000000000000000e+00 3.000000000000000000e+00
1.480000000000000000e+02 1.450000000000000000e+02 1.500000000000000000e+02 4.000000000000000000e+00 3.000000000000000000e+00
1.480000000000000000e+02 4.000000000000000000e+00 1.450000000000000000e+02 1.500000000000000000e+02 3.000000000000000000e+00
1.480000000000000000e+02 4.000000000000000000e+00 3.000000000000000000e+00 1.450000000000000000e+02 1.500000000000000000e+02
1.480000000000000000e+02 4.000000000000000000e+00 3.000000000000000000e+00 1.450000000000000000e+02 1.500000000000000000e+02
4.000000000000000000e+00 1.480000000000000000e+02 3.000000000000000000e+00 1.450000000000000000e+02 1.500000000000000000e+02
4.000000000000000000e+00 3.000000000000000000e+00 1.480000000000000000e+02 1.450000000000000000e+02 1.500000000000000000e+02
4.000000000000000000e+00 3.000000000000000000e+00 1.480000000000000000e+02 1.450000000000000000e+02 1.500000000000000000e+02
4.000000000000000000e+00 3.000000000000000000e+00 1.480000000000000000e+02 1.450000000000000000e+02 1.490000000000000000e+02
4.000000000000000000e+00 3.000000000000000000e+00 1.480000000000000000e+02 1.490000000000000000e+02 1.450000000000000000e+02
4.000000000000000000e+00 3.000000000000000000e+00 1.480000000000000000e+02 1.490000000000000000e+02 1.450000000000000000e+02
4.000000000000000000e+00 3.000000000000000000e+00 1.480000000000000000e+02 1.490000000000000000e+02 1.450000000000000000e+02
4.000000000000000000e+00 3.000000000000000000e+00 1.480000000000000000e+02 1.490000000000000000e+02 5.000000000000000000e+00
4.000000000000000000e+00 3.000000000000000000e+00 1.480000000000000000e+02 1.490000000000000000e+02 5.000000000000000000e+00
4.000000000000000000e+00 3.000000000000000000e+00 1.480000000000000000e+02 1.490000000000000000e+02 5.000000000000000000e+00
4.000000000000000000e+00 3.000000000000000000e+00 1.480000000000000000e+02 1.490000000000000000e+02 5.000000000000000000e+00
4.000000000000000000e+00 3.000000000000000000e+00 1.480000000000000000e+02 1.490000000000000000e+02 5.000000000000000000e+00
4.000000000000000000e+00 3.000000000000000000e+00 1.480000000000000000e+02 1.490000000000000000e+02 5.000000000000000000e+00
4.000000000000000000e+00 3.000000000000000000e+00 1.480000000000000000e+02 1.490000000000000000e+02 5.000000000000000000e+00
4.000000000000000000e+00 3.000000000000000000e+00 1.490000000000000000e+02 1.480000000000000000e+02 5.000000000000000000e+00
4.000000000000000000e+00 3.000000000000000000e+00 1.490000000000000000e+02 1.480000000000000000e+02 5.000000000000000000e+00
3.000000000000000000e+00 4.000000000000000000e+00 1.490000000000000000e+02 1.480000000000000000e+02 5.000000000000000000e+00
3.000000000000000000e+00 4.000000000000000000e+00 1.490000000000000000e+02 1.480000000000000000e+02 5.000000000000000000e+00
3.000000000000000000e+00 4.000000000000000000e+00 1.490000000000000000e+02 1.480000000000000000e+02 5.000000000000000000e+00
3.000000000000000000e+00 4.000000000000000000e+00 1.490000000000000000e+02 1.780000000000000000e+02 1.480000000000000000e+02
3.000000000000000000e+00 4.000000000000000000e+00 1.490000000000000000e+02 1.780000000000000000e+02 5.000000000000000000e+00
3.000000000000000000e+00 4.000000000000000000e+00 1.490000000000000000e+02 5.000000000000000000e+00 1.480000000000000000e+02
3.000000000000000000e+00 4.000000000000000000e+00 1.490000000000000000e+02 5.000000000000000000e+00 1.780000000000000000e+02
3.000000000000000000e+00 4.000000000000000000e+00 1.490000000000000000e+02 5.000000000000000000e+00 1.780000000000000000e+02
3.000000000000000000e+00 4.000000000000000000e+00 1.490000000000000000e+02 5.000000000000000000e+00 1.780000000000000000e+02
3.000000000000000000e+00 4.000000000000000000e+00 1.490000000000000000e+02 5.000000000000000000e+00 1.780000000000000000e+02
3.000000000000000000e+00 4.000000000000000000e+00 1.490000000000000000e+02 5.000000000000000000e+00 1.780000000000000000e+02
3.000000000000000000e+00 4.000000000000000000e+00 1.490000000000000000e+02 5.000000000000000000e+00 1.780000000000000000e+02
3.000000000000000000e+00 4.000000000000000000e+00 1.490000000000000000e+02 5.000000000000000000e+00 1.780000000000000000e+02
3.000000000000000000e+00 4.000000000000000000e+00 1.490000000000000000e+02 5.000000000000000000e+00 1.780000000000000000e+02
