8.011484751477837563e-04 8.011484751477837563e-04 3.590624313801527023e-03 1.139160245656967163e-03 1.002974156290292740e-02 1.513063907623291016e-03
6.273824255913496017e-03 6.273824255913496017e-03 7.600559853017330170e-03 1.606197212822735310e-03 2.443040488287806511e-03 1.364612719044089317e-03
6.124022603034973145e-01 6.124022603034973145e-01 9.284920059144496918e-03 7.647453807294368744e-03 8.675507269799709320e-04 1.283646281808614731e-02
8.925677537918090820e-01 8.925677537918090820e-01 2.789204940199851990e-03 2.873651916161179543e-03 4.447839746717363596e-04 2.816348569467663765e-03
9.290632605552673340e-01 9.290632605552673340e-01 8.814196335151791573e-04 1.402133959345519543e-03 2.965099411085247993e-04 1.710751559585332870e-03
9.222093224525451660e-01 9.222093224525451660e-01 5.310301785357296467e-04 1.012178137898445129e-03 2.692828129511326551e-04 1.660496694967150688e-03
9.306743144989013672e-01 9.306743144989013672e-01 4.683521401602774858e-04 7.324390462599694729e-04 2.034088392974808812e-04 1.203838270157575607e-03
9.366030097007751465e-01 9.366030097007751465e-01 4.503668751567602158e-04 6.013867096044123173e-04 1.901125506265088916e-04 9.274566546082496643e-04
9.321885108947753906e-01 9.321885108947753906e-01 4.774618719238787889e-04 5.591615918092429638e-04 1.877875329228118062e-04 8.988125482574105263e-04
9.313487410545349121e-01 9.313487410545349121e-01 5.377645720727741718e-04 5.277314921841025352e-04 1.851146662374958396e-04 8.665660279802978039e-04
9.255031943321228027e-01 9.255031943321228027e-01 5.869025480933487415e-04 5.062082200311124325e-04 1.865876984084025025e-04 8.713026763871312141e-04
9.245302677154541016e-01 9.245302677154541016e-01 6.875824183225631714e-04 4.858835309278219938e-04 1.814954448491334915e-04 8.107289322651922703e-04
9.205759167671203613e-01 9.205759167671203613e-01 7.112101302482187748e-04 4.954220494255423546e-04 1.875608286354690790e-04 7.921481737866997719e-04
9.145393967628479004e-01 9.145393967628479004e-01 7.312418310903012753e-04 4.923198721371591091e-04 2.010203606914728880e-04 8.173852111212909222e-04
9.067004919052124023e-01 9.067004919052124023e-01 7.889793487265706062e-04 5.125530879013240337e-04 2.094985975418239832e-04 8.818113710731267929e-04
8.992793560028076172e-01 8.992793560028076172e-01 8.768760017119348049e-04 5.560553399845957756e-04 2.233042760053649545e-04 8.891308680176734924e-04
8.946688175201416016e-01 8.946688175201416016e-01 9.606338571757078171e-04 5.772370495833456516e-04 2.326235553482547402e-04 8.579150890000164509e-04
8.872019648551940918e-01 8.872019648551940918e-01 1.047457451932132244e-03 6.106450455263257027e-04 2.390260342508554459e-04 9.105941280722618103e-04
8.848891258239746094e-01 8.848891258239746094e-01 1.104534254409372807e-03 6.353931967169046402e-04 2.517129178158938885e-04 9.525118512101471424e-04
8.868612647056579590e-01 8.868612647056579590e-01 1.097057480365037918e-03 6.280848174355924129e-04 2.535072562750428915e-04 9.331550099886953831e-04
8.815729022026062012e-01 8.815729022026062012e-01 1.282550045289099216e-03 6.732506444677710533e-04 2.620334562379866838e-04 9.784460999071598053e-04
8.747506737709045410e-01 8.747506737709045410e-01 1.249133376404643059e-03 6.970472750253975391e-04 2.669010427780449390e-04 9.947123471647500992e-04
8.775930404663085938e-01 8.775930404663085938e-01 1.288939616642892361e-03 7.089833961799740791e-04 2.684179635252803564e-04 9.722571703605353832e-04
8.730358481407165527e-01 8.730358481407165527e-01 1.313917571678757668e-03 7.323833415284752846e-04 2.703010977711528540e-04 1.002145814709365368e-03
8.696312308311462402e-01 8.696312308311462402e-01 1.411007600836455822e-03 7.666007732041180134e-04 2.844370901584625244e-04 1.031188992783427238e-03
8.713932037353515625e-01 8.713932037353515625e-01 1.386662595905363560e-03 7.661297568120062351e-04 2.761638315860182047e-04 1.017421367578208447e-03
8.687064051628112793e-01 8.687064051628112793e-01 1.491494476795196533e-03 8.107869653031229973e-04 2.815324987750500441e-04 1.029948471114039421e-03
8.667235374450683594e-01 8.667235374450683594e-01 1.544582191854715347e-03 8.461502147838473320e-04 2.875106874853372574e-04 1.036640838719904423e-03
8.638630509376525879e-01 8.638630509376525879e-01 1.633026869967579842e-03 8.706819498911499977e-04 2.862406254280358553e-04 1.036730012856423855e-03
8.589278459548950195e-01 8.589278459548950195e-01 1.686358009465038776e-03 8.662280160933732986e-04 2.887854934670031071e-04 1.036658068187534809e-03
8.581697940826416016e-01 8.581697940826416016e-01 1.775577198714017868e-03 9.199904743582010269e-04 2.906959853135049343e-04 1.080062473192811012e-03
8.538563251495361328e-01 8.538563251495361328e-01 1.928183599375188351e-03 9.700602386146783829e-04 3.084808413404971361e-04 1.128182280808687210e-03
8.515752553939819336e-01 8.515752553939819336e-01 2.007042756304144859e-03 9.889034554362297058e-04 3.213156596757471561e-04 1.187547924928367138e-03
8.515623807907104492e-01 8.515623807907104492e-01 2.116469200700521469e-03 1.020909869112074375e-03 3.215546603314578533e-04 1.215108437463641167e-03
8.454490303993225098e-01 8.454490303993225098e-01 2.301033586263656616e-03 1.067489618435502052e-03 3.343579592183232307e-04 1.277890172787010670e-03
8.432965278625488281e-01 8.432965278625488281e-01 2.467371756210923195e-03 1.096311607398092747e-03 3.437897248659282923e-04 1.302774762734770775e-03
8.377373218536376953e-01 8.377373218536376953e-01 2.729593310505151749e-03 1.174126751720905304e-03 3.660724323708564043e-04 1.421057851985096931e-03
8.409559726715087891e-01 8.409559726715087891e-01 2.868711249902844429e-03 1.181444386020302773e-03 3.653574676718562841e-04 1.450476585887372494e-03
8.404618501663208008e-01 8.404618501663208008e-01 3.074575914070010185e-03 1.219099503941833973e-03 3.747708396986126900e-04 1.489957328885793686e-03
8.375911712646484375e-01 8.375911712646484375e-01 3.205355256795883179e-03 1.297741197049617767e-03 3.941514878533780575e-04 1.521654543466866016e-03
8.394229412078857422e-01 8.394229412078857422e-01 3.325673285871744156e-03 1.337749068625271320e-03 4.077724297530949116e-04 1.592398504726588726e-03
8.334080576896667480e-01 8.334080576896667480e-01 3.553319722414016724e-03 1.402617665007710457e-03 4.163101548328995705e-04 1.678628614172339439e-03
8.326427936553955078e-01 8.326427936553955078e-01 3.793495241552591324e-03 1.451987773180007935e-03 4.269512137398123741e-04 1.729271258227527142e-03
8.348428010940551758e-01 8.348428010940551758e-01 3.943679388612508774e-03 1.469651819206774235e-03 4.449437838047742844e-04 1.773854601196944714e-03
8.337998986244201660e-01 8.337998986244201660e-01 4.073809366673231125e-03 1.578792813234031200e-03 4.649950133170932531e-04 1.906106481328606606e-03
8.295395374298095703e-01 8.295395374298095703e-01 4.370340146124362946e-03 1.648351433686912060e-03 4.760190495289862156e-04 2.018447034060955048e-03
8.312454223632812500e-01 8.312454223632812500e-01 4.445480182766914368e-03 1.680179615505039692e-03 4.902483779005706310e-04 2.095257397741079330e-03
8.307902812957763672e-01 8.307902812957763672e-01 4.584815818816423416e-03 1.720607629977166653e-03 5.010671447962522507e-04 2.150429179891943932e-03
8.259853124618530273e-01 8.259853124618530273e-01 4.721109755337238312e-03 1.853518886491656303e-03 5.324106314219534397e-04 2.314703306183218956e-03
8.264364004135131836e-01 8.264364004135131836e-01 4.817366134375333786e-03 1.846316503360867500e-03 5.620393203571438789e-04 2.331050811335444450e-03
8.261241912841796875e-01 8.261241912841796875e-01 4.699551034718751907e-03 1.880095689557492733e-03 5.738486070185899734e-04 2.427880885079503059e-03
