          0  0.09461603 10.24035263
        100  0.00825036 20.83527374
        200  0.00437971 23.58555031
        300  0.00311716 25.06240463
        400  0.00250646 26.00939941
        500  0.00197754 27.03874588
        600  0.00171428 27.65917206
        700  0.00145573 28.36919022
        800  0.00126309 28.98565483
        900  0.00109464 29.60728264
       1000  0.00097137 30.12613487
       1100  0.00091790 30.37203789
       1200  0.00082638 30.82819557
       1300  0.00071478 31.45826340
       1400  0.00069622 31.57253456
       1500  0.00063616 31.96431351
       1600  0.00065917 31.81001663
       1700  0.00054430 32.64161301
       1800  0.00052648 32.78620911
       1900  0.00049290 33.07239532
       2000  0.00045500 33.41984177
       2100  0.00044474 33.51891327
       2200  0.00043388 33.62630463
       2300  0.00042013 33.76611710
       2400  0.00041055 33.86630630
       2500  0.00038920 34.09828568
       2600  0.00036948 34.32414627
       2700  0.00033416 34.76049805
       2800  0.00035171 34.53813553
       2900  0.00034618 34.60702896
       3000  0.00030972 35.09037018
       3100  0.00030256 35.19187164
       3200  0.00030409 35.17000580
       3300  0.00031151 35.06528091
       3400  0.00034334 34.64273071
       3500  0.00028321 35.47891998
       3600  0.00026001 35.85004807
       3700  0.00025654 35.90851212
       3800  0.00024265 36.15022659
       3900  0.00024992 36.02194595
       4000  0.00024642 36.08329773
       4100  0.00024441 36.11880875
       4200  0.00024352 36.13463974
       4300  0.00022184 36.53966904
       4400  0.00021639 36.64765549
       4500  0.00022510 36.47621155
       4600  0.00020021 36.98523331
       4700  0.00021236 36.72920609
       4800  0.00019700 37.05527878
       4900  0.00018622 37.29972458
       5000  0.00019743 37.04587936
