3.146840026602149010e-04 3.146840026602149010e-04 1.945864496519789100e-04 3.853756352327764034e-04 2.981447614729404449e-04 3.645591787062585354e-04
7.330162078142166138e-02 7.330162078142166138e-02 8.241447806358337402e-02 2.316745929419994354e-02 6.772587075829505920e-03 1.322781085036695004e-03
1.440447289496660233e-02 1.440447289496660233e-02 9.032474160194396973e-01 2.082272060215473175e-02 2.168323699152097106e-04 2.825370756909251213e-05
6.810347549617290497e-03 6.810347549617290497e-03 9.660938382148742676e-01 8.843453251756727695e-04 1.089831712306477129e-04 9.139693429460749030e-05
5.444521084427833557e-02 5.444521084427833557e-02 9.102257490158081055e-01 8.752319263294339180e-04 2.965918974950909615e-04 2.576834813226014376e-04
2.946931719779968262e-01 2.946931719779968262e-01 5.736634731292724609e-01 1.267519895918667316e-03 1.034049666486680508e-03 1.843961537815630436e-03
4.934800267219543457e-01 4.934800267219543457e-01 3.643207252025604248e-01 1.100298599340021610e-03 1.239394652657210827e-03 3.184727625921368599e-03
5.569620728492736816e-01 5.569620728492736816e-01 3.040700852870941162e-01 1.096890075132250786e-03 1.739526516757905483e-03 4.033334553241729736e-03
5.810934305191040039e-01 5.810934305191040039e-01 2.734734714031219482e-01 8.743362850509583950e-04 2.090649679303169250e-03 5.216831807047128677e-03
6.495112180709838867e-01 6.495112180709838867e-01 2.362874895334243774e-01 5.350457504391670227e-04 1.448921626433730125e-03 4.793179221451282501e-03
7.375369668006896973e-01 7.375369668006896973e-01 1.728463768959045410e-01 3.704985720105469227e-04 1.072440645657479763e-03 4.285037983208894730e-03
7.937946915626525879e-01 7.937946915626525879e-01 1.272175312042236328e-01 2.938246179837733507e-04 1.055433414876461029e-03 3.878579474985599518e-03
8.294079303741455078e-01 8.294079303741455078e-01 1.017402634024620056e-01 2.301951753906905651e-04 9.296336793340742588e-04 3.591536544263362885e-03
8.515387773513793945e-01 8.515387773513793945e-01 8.106035739183425903e-02 2.037592639680951834e-04 1.071470091119408607e-03 3.246948821470141411e-03
8.622635006904602051e-01 8.622635006904602051e-01 7.306331396102905273e-02 1.836912997532635927e-04 1.096577965654432774e-03 3.052381798624992371e-03
8.711947798728942871e-01 8.711947798728942871e-01 6.842234730720520020e-02 1.826451480155810714e-04 1.097942702472209930e-03 2.905526664108037949e-03
8.680689930915832520e-01 8.680689930915832520e-01 6.903176009654998779e-02 1.792770490283146501e-04 1.046595280058681965e-03 3.012250410392880440e-03
8.672448396682739258e-01 8.672448396682739258e-01 6.851235777139663696e-02 1.743977773003280163e-04 1.038154005073010921e-03 2.895079785957932472e-03
8.731452822685241699e-01 8.731452822685241699e-01 6.261485069990158081e-02 1.669454504735767841e-04 1.090476405806839466e-03 2.771653700619935989e-03
8.748359680175781250e-01 8.748359680175781250e-01 6.128200143575668335e-02 1.561942044645547867e-04 1.009973348118364811e-03 2.665923908352851868e-03
8.834267854690551758e-01 8.834267854690551758e-01 5.584669485688209534e-02 1.386523363180458546e-04 1.009896048344671726e-03 2.428699517622590065e-03
8.769659399986267090e-01 8.769659399986267090e-01 6.161417067050933838e-02 1.487907284172251821e-04 1.062585390172898769e-03 2.468759892508387566e-03
8.726872205734252930e-01 8.726872205734252930e-01 6.306568533182144165e-02 1.440834748791530728e-04 1.133880577981472015e-03 2.442406257614493370e-03
8.657442331314086914e-01 8.657442331314086914e-01 6.654886901378631592e-02 1.418805768480524421e-04 1.205411739647388458e-03 2.550755627453327179e-03
8.586322665214538574e-01 8.586322665214538574e-01 7.122935354709625244e-02 1.507633569417521358e-04 1.281903358176350594e-03 2.540758810937404633e-03
8.502780795097351074e-01 8.502780795097351074e-01 7.666984200477600098e-02 1.589111634530127048e-04 1.327939913608133793e-03 2.557578962296247482e-03
8.444373607635498047e-01 8.444373607635498047e-01 7.869219779968261719e-02 1.774501288309693336e-04 1.478605903685092926e-03 2.740158932283520699e-03
8.298734426498413086e-01 8.298734426498413086e-01 8.870054036378860474e-02 1.817066658986732364e-04 1.588484155945479870e-03 2.723312238231301308e-03
8.229250907897949219e-01 8.229250907897949219e-01 9.334821254014968872e-02 1.941229129442945123e-04 1.699676271528005600e-03 2.737144939601421356e-03
8.179326653480529785e-01 8.179326653480529785e-01 9.951334446668624878e-02 2.092260547215119004e-04 1.662861206568777561e-03 2.638671314343810081e-03
8.180878162384033203e-01 8.180878162384033203e-01 9.935312718152999878e-02 2.163127064704895020e-04 1.704478869214653969e-03 2.697666874155402184e-03
8.112021088600158691e-01 8.112021088600158691e-01 1.027664616703987122e-01 2.245825889986008406e-04 1.850229455158114433e-03 2.774181310087442398e-03
7.922655940055847168e-01 7.922655940055847168e-01 1.156698986887931824e-01 2.449634193908423185e-04 1.893846318125724792e-03 2.767491852864623070e-03
7.844932079315185547e-01 7.844932079315185547e-01 1.206810548901557922e-01 2.493273059371858835e-04 2.046692185103893280e-03 2.702062716707587242e-03
7.834700942039489746e-01 7.834700942039489746e-01 1.202757731080055237e-01 2.707054954953491688e-04 2.146329032257199287e-03 2.704567508772015572e-03
7.764024138450622559e-01 7.764024138450622559e-01 1.268182694911956787e-01 2.841295499820262194e-04 2.185376361012458801e-03 2.628869609907269478e-03
7.709448933601379395e-01 7.709448933601379395e-01 1.289121061563491821e-01 2.923097054008394480e-04 2.237616572529077530e-03 2.544879680499434471e-03
7.615160942077636719e-01 7.615160942077636719e-01 1.341077685356140137e-01 3.047269710805267096e-04 2.396517200395464897e-03 2.540914341807365417e-03
7.630200386047363281e-01 7.630200386047363281e-01 1.312377750873565674e-01 3.249036672059446573e-04 2.602572785690426826e-03 2.461139112710952759e-03
7.427455782890319824e-01 7.427455782890319824e-01 1.469473391771316528e-01 3.493538533803075552e-04 2.809128258377313614e-03 2.523726318031549454e-03
7.473343014717102051e-01 7.473343014717102051e-01 1.433998048305511475e-01 3.607163089327514172e-04 2.777842339128255844e-03 2.462367760017514229e-03
7.323023080825805664e-01 7.323023080825805664e-01 1.535142064094543457e-01 3.771900956053286791e-04 2.971140667796134949e-03 2.532777609303593636e-03
7.180861234664916992e-01 7.180861234664916992e-01 1.622407287359237671e-01 3.970265970565378666e-04 3.133011981844902039e-03 2.623066073283553123e-03
7.108290195465087891e-01 7.108290195465087891e-01 1.642259061336517334e-01 4.140139790251851082e-04 3.142819972708821297e-03 2.714437199756503105e-03
7.046557664871215820e-01 7.046557664871215820e-01 1.718709617853164673e-01 4.452414577826857567e-04 3.182379761710762978e-03 2.662507118657231331e-03
6.928169727325439453e-01 6.928169727325439453e-01 1.791647076606750488e-01 4.724052851088345051e-04 3.455863567069172859e-03 2.678431803360581398e-03
6.828794479370117188e-01 6.828794479370117188e-01 1.843508183956146240e-01 4.763047036249190569e-04 3.560400102287530899e-03 2.625701250508427620e-03
6.788114309310913086e-01 6.788114309310913086e-01 1.909534037113189697e-01 5.088294274173676968e-04 3.685549134388566017e-03 2.691111993044614792e-03
6.601095199584960938e-01 6.601095199584960938e-01 2.047322988510131836e-01 5.152029916644096375e-04 3.746703499928116798e-03 2.673714887350797653e-03
6.418436765670776367e-01 6.418436765670776367e-01 2.189268022775650024e-01 5.410994635894894600e-04 3.946967422962188721e-03 2.846640301868319511e-03
6.307740211486816406e-01 6.307740211486816406e-01 2.270941287279129028e-01 5.762010696344077587e-04 3.982963971793651581e-03 2.889837371185421944e-03
