          0  0.10512786  9.78282166
        100  0.00621912 22.06270790
        200  0.00365071 24.37622261
        300  0.00230054 26.38170242
        400  0.00144638 28.39718819
        500  0.00108840 29.63211060
        600  0.00087069 30.60138130
        700  0.00073580 31.33240700
        800  0.00060528 32.18042755
        900  0.00051442 32.88685226
       1000  0.00054127 32.66585922
       1100  0.00040070 33.97178268
       1200  0.00038562 34.13838959
       1300  0.00038336 34.16389847
       1400  0.00035475 34.50076675
       1500  0.00031862 34.96726227
       1600  0.00031383 35.03308868
       1700  0.00031202 35.05816269
       1800  0.00028511 35.44986343
       1900  0.00029158 35.35246277
       2000  0.00025746 35.89287186
       2100  0.00023564 36.27755356
       2200  0.00028452 35.45894241
       2300  0.00022916 36.39854813
       2400  0.00022823 36.41624069
       2500  0.00022834 36.41421127
       2600  0.00021104 36.75637817
       2700  0.00022495 36.47919464
       2800  0.00021155 36.74583817
       2900  0.00020305 36.92404938
       3000  0.00019571 37.08376694
       3100  0.00021254 36.72553635
       3200  0.00019521 37.09502792
       3300  0.00020615 36.85824585
       3400  0.00018919 37.23107910
       3500  0.00017346 37.60804367
       3600  0.00019354 37.13237762
       3700  0.00018004 37.44633102
       3800  0.00017856 37.48221970
       3900  0.00016377 37.85754013
       4000  0.00016923 37.71526718
       4100  0.00017489 37.57222748
       4200  0.00016066 37.94098282
       4300  0.00018846 37.24785995
       4400  0.00015741 38.02981186
       4500  0.00017336 37.61059189
       4600  0.00015974 37.96592712
       4700  0.00014898 38.26869583
       4800  0.00016189 37.90792465
       4900  0.00015906 37.98438644
       5000  0.00014696 38.32807922
