          0  0.07883521 11.03279781
        100  0.00922754 20.34914207
        200  0.00487687 23.11858368
        300  0.00328310 24.83715439
        400  0.00262666 25.80596733
        500  0.00225930 26.46026611
        600  0.00201493 26.95739555
        700  0.00189664 27.22015953
        800  0.00164336 27.84266853
        900  0.00153472 28.13971901
       1000  0.00145399 28.37439537
       1100  0.00137738 28.60944748
       1200  0.00128481 28.91160011
       1300  0.00123290 29.09070587
       1400  0.00112619 29.48388100
       1500  0.00109967 29.58738899
       1600  0.00105734 29.75786972
       1700  0.00104588 29.80519295
       1800  0.00096895 30.13698387
       1900  0.00093779 30.27893066
       2000  0.00092545 30.33648109
       2100  0.00084242 30.74472046
       2200  0.00084083 30.75289536
       2300  0.00082330 30.84441185
       2400  0.00075882 31.19861984
       2500  0.00073975 31.30912971
       2600  0.00071009 31.48686981
       2700  0.00069538 31.57779121
       2800  0.00068202 31.66204071
       2900  0.00065109 31.86362267
       3000  0.00061903 32.08289719
       3100  0.00059876 32.22744370
       3200  0.00058170 32.35301590
       3300  0.00059616 32.24635315
       3400  0.00056208 32.50201035
       3500  0.00051646 32.86960983
       3600  0.00052251 32.81901550
       3700  0.00051364 32.89342499
       3800  0.00050267 32.98717880
       3900  0.00045252 33.44358063
       4000  0.00044965 33.47122955
       4100  0.00047532 33.23010635
       4200  0.00044230 33.54280472
       4300  0.00041123 33.85918808
       4400  0.00041214 33.84959030
       4500  0.00037519 34.25754166
       4600  0.00036918 34.32766342
       4700  0.00035963 34.44149780
       4800  0.00035954 34.44249344
       4900  0.00034616 34.60721970
       5000  0.00036772 34.34486389
