2.100000000000000000e+01 1.300000000000000000e+01 1.100000000000000000e+01 1.200000000000000000e+01 1.000000000000000000e+01
5.060000000000000000e+02 1.130000000000000000e+02 1.170000000000000000e+02 6.460000000000000000e+02 1.120000000000000000e+02
5.060000000000000000e+02 5.700000000000000000e+01 5.070000000000000000e+02 9.020000000000000000e+02 9.440000000000000000e+02
5.060000000000000000e+02 5.070000000000000000e+02 5.700000000000000000e+01 6.160000000000000000e+02 9.020000000000000000e+02
5.060000000000000000e+02 5.070000000000000000e+02 6.160000000000000000e+02 9.020000000000000000e+02 5.700000000000000000e+01
5.060000000000000000e+02 5.070000000000000000e+02 6.160000000000000000e+02 9.020000000000000000e+02 4.510000000000000000e+02
5.060000000000000000e+02 5.070000000000000000e+02 6.160000000000000000e+02 4.510000000000000000e+02 9.020000000000000000e+02
5.060000000000000000e+02 5.070000000000000000e+02 6.160000000000000000e+02 4.510000000000000000e+02 9.020000000000000000e+02
5.060000000000000000e+02 5.070000000000000000e+02 6.160000000000000000e+02 4.510000000000000000e+02 9.020000000000000000e+02
5.060000000000000000e+02 5.070000000000000000e+02 6.160000000000000000e+02 4.510000000000000000e+02 9.020000000000000000e+02
5.060000000000000000e+02 5.070000000000000000e+02 6.160000000000000000e+02 4.510000000000000000e+02 9.020000000000000000e+02
5.060000000000000000e+02 5.070000000000000000e+02 6.160000000000000000e+02 4.510000000000000000e+02 9.020000000000000000e+02
5.060000000000000000e+02 5.070000000000000000e+02 6.160000000000000000e+02 4.510000000000000000e+02 9.020000000000000000e+02
5.060000000000000000e+02 5.070000000000000000e+02 6.160000000000000000e+02 4.510000000000000000e+02 9.020000000000000000e+02
5.060000000000000000e+02 5.070000000000000000e+02 6.160000000000000000e+02 4.510000000000000000e+02 9.020000000000000000e+02
5.060000000000000000e+02 5.070000000000000000e+02 6.160000000000000000e+02 4.510000000000000000e+02 9.020000000000000000e+02
5.060000000000000000e+02 5.070000000000000000e+02 6.160000000000000000e+02 4.510000000000000000e+02 9.110000000000000000e+02
5.060000000000000000e+02 5.070000000000000000e+02 6.160000000000000000e+02 4.510000000000000000e+02 9.110000000000000000e+02
5.060000000000000000e+02 5.070000000000000000e+02 6.160000000000000000e+02 4.510000000000000000e+02 9.110000000000000000e+02
5.060000000000000000e+02 5.070000000000000000e+02 6.160000000000000000e+02 9.110000000000000000e+02 4.510000000000000000e+02
5.060000000000000000e+02 5.070000000000000000e+02 6.160000000000000000e+02 9.110000000000000000e+02 4.510000000000000000e+02
5.060000000000000000e+02 5.070000000000000000e+02 6.160000000000000000e+02 9.110000000000000000e+02 4.510000000000000000e+02
5.060000000000000000e+02 5.070000000000000000e+02 6.160000000000000000e+02 9.110000000000000000e+02 4.510000000000000000e+02
5.060000000000000000e+02 5.070000000000000000e+02 6.160000000000000000e+02 9.110000000000000000e+02 4.510000000000000000e+02
5.060000000000000000e+02 5.070000000000000000e+02 6.160000000000000000e+02 9.110000000000000000e+02 4.510000000000000000e+02
5.060000000000000000e+02 5.070000000000000000e+02 6.160000000000000000e+02 9.110000000000000000e+02 4.510000000000000000e+02
5.060000000000000000e+02 5.070000000000000000e+02 6.160000000000000000e+02 9.110000000000000000e+02 5.700000000000000000e+01
5.060000000000000000e+02 5.070000000000000000e+02 6.160000000000000000e+02 9.110000000000000000e+02 5.700000000000000000e+01
5.060000000000000000e+02 5.070000000000000000e+02 6.160000000000000000e+02 9.110000000000000000e+02 5.700000000000000000e+01
5.060000000000000000e+02 5.070000000000000000e+02 6.160000000000000000e+02 9.110000000000000000e+02 5.700000000000000000e+01
5.060000000000000000e+02 5.070000000000000000e+02 6.160000000000000000e+02 9.110000000000000000e+02 5.700000000000000000e+01
5.060000000000000000e+02 5.070000000000000000e+02 6.160000000000000000e+02 9.110000000000000000e+02 5.700000000000000000e+01
5.060000000000000000e+02 5.070000000000000000e+02 6.160000000000000000e+02 9.110000000000000000e+02 5.700000000000000000e+01
5.060000000000000000e+02 5.070000000000000000e+02 6.160000000000000000e+02 9.110000000000000000e+02 5.700000000000000000e+01
5.060000000000000000e+02 5.070000000000000000e+02 6.160000000000000000e+02 9.110000000000000000e+02 5.700000000000000000e+01
5.060000000000000000e+02 5.070000000000000000e+02 6.160000000000000000e+02 9.110000000000000000e+02 5.700000000000000000e+01
5.060000000000000000e+02 5.070000000000000000e+02 6.160000000000000000e+02 9.110000000000000000e+02 5.700000000000000000e+01
5.060000000000000000e+02 5.070000000000000000e+02 6.160000000000000000e+02 9.110000000000000000e+02 5.700000000000000000e+01
5.060000000000000000e+02 5.070000000000000000e+02 6.160000000000000000e+02 9.110000000000000000e+02 5.700000000000000000e+01
5.060000000000000000e+02 5.070000000000000000e+02 6.160000000000000000e+02 9.110000000000000000e+02 5.700000000000000000e+01
5.060000000000000000e+02 5.070000000000000000e+02 9.110000000000000000e+02 6.160000000000000000e+02 5.700000000000000000e+01
5.060000000000000000e+02 5.070000000000000000e+02 9.110000000000000000e+02 6.160000000000000000e+02 5.700000000000000000e+01
5.060000000000000000e+02 5.070000000000000000e+02 9.110000000000000000e+02 6.160000000000000000e+02 5.700000000000000000e+01
5.060000000000000000e+02 5.070000000000000000e+02 9.110000000000000000e+02 6.160000000000000000e+02 5.700000000000000000e+01
5.060000000000000000e+02 5.070000000000000000e+02 9.110000000000000000e+02 6.160000000000000000e+02 5.700000000000000000e+01
5.060000000000000000e+02 5.070000000000000000e+02 9.110000000000000000e+02 6.160000000000000000e+02 5.700000000000000000e+01
5.060000000000000000e+02 5.070000000000000000e+02 9.110000000000000000e+02 6.160000000000000000e+02 5.700000000000000000e+01
5.060000000000000000e+02 5.070000000000000000e+02 9.110000000000000000e+02 6.160000000000000000e+02 5.700000000000000000e+01
5.060000000000000000e+02 5.070000000000000000e+02 9.110000000000000000e+02 6.160000000000000000e+02 5.700000000000000000e+01
5.060000000000000000e+02 9.110000000000000000e+02 5.070000000000000000e+02 6.160000000000000000e+02 5.700000000000000000e+01
5.060000000000000000e+02 9.110000000000000000e+02 5.070000000000000000e+02 6.160000000000000000e+02 5.700000000000000000e+01
