          0  0.06079071 12.16162777
        100  0.01694667 17.70915794
        200  0.00914583 20.38776970
        300  0.00619922 22.07662582
        400  0.00504299 22.97311592
        500  0.00414463 23.82514381
        600  0.00359304 24.44538116
        700  0.00316076 25.00208092
        800  0.00283752 25.47060394
        900  0.00258596 25.87377930
       1000  0.00238919 26.21749687
       1100  0.00230711 26.36930847
       1200  0.00209235 26.79365540
       1300  0.00194530 27.11014175
       1400  0.00184278 27.34525871
       1500  0.00174014 27.59415436
       1600  0.00167712 27.75435257
       1700  0.00160494 27.94540787
       1800  0.00145910 28.35915756
       1900  0.00143352 28.43596268
       2000  0.00136218 28.65764427
       2100  0.00125010 29.03055382
       2200  0.00122810 29.10767555
       2300  0.00115929 29.35809326
       2400  0.00114257 29.42117691
       2500  0.00104801 29.79634666
       2600  0.00103575 29.84745216
       2700  0.00100396 29.98283768
       2800  0.00093579 30.28822899
       2900  0.00093128 30.30921173
       3000  0.00089884 30.46315575
       3100  0.00087959 30.55718994
       3200  0.00081598 30.88319016
       3300  0.00074502 31.27831459
       3400  0.00077184 31.12475586
       3500  0.00071730 31.44298172
       3600  0.00066529 31.76988411
       3700  0.00065087 31.86504555
       3800  0.00064451 31.90770721
       3900  0.00062603 32.03401566
       4000  0.00059625 32.24570084
       4100  0.00058898 32.29900742
       4200  0.00060401 32.18952942
       4300  0.00059225 32.27494049
       4400  0.00053885 32.68533325
       4500  0.00050491 32.96784210
       4600  0.00051876 32.85034180
       4700  0.00046638 33.31258011
       4800  0.00048480 33.14439011
       4900  0.00050134 32.99863815
       5000  0.00043651 33.60007477
