9.710000000000000000e+02 5.800000000000000000e+01 1.800000000000000000e+01 6.110000000000000000e+02 1.400000000000000000e+01
9.400000000000000000e+01 9.210000000000000000e+02 2.750000000000000000e+02 1.000000000000000000e+01 6.570000000000000000e+02
4.040000000000000000e+02 8.950000000000000000e+02 5.570000000000000000e+02 6.570000000000000000e+02 7.440000000000000000e+02
8.950000000000000000e+02 4.040000000000000000e+02 5.570000000000000000e+02 7.440000000000000000e+02 9.080000000000000000e+02
4.040000000000000000e+02 8.950000000000000000e+02 9.080000000000000000e+02 5.570000000000000000e+02 7.440000000000000000e+02
4.040000000000000000e+02 8.950000000000000000e+02 9.080000000000000000e+02 7.440000000000000000e+02 5.570000000000000000e+02
8.950000000000000000e+02 4.040000000000000000e+02 9.080000000000000000e+02 7.440000000000000000e+02 6.570000000000000000e+02
8.950000000000000000e+02 4.040000000000000000e+02 9.080000000000000000e+02 7.440000000000000000e+02 6.570000000000000000e+02
8.950000000000000000e+02 4.040000000000000000e+02 9.080000000000000000e+02 6.570000000000000000e+02 7.440000000000000000e+02
8.950000000000000000e+02 4.040000000000000000e+02 9.080000000000000000e+02 6.570000000000000000e+02 7.440000000000000000e+02
8.950000000000000000e+02 4.040000000000000000e+02 9.080000000000000000e+02 6.570000000000000000e+02 7.440000000000000000e+02
8.950000000000000000e+02 4.040000000000000000e+02 9.080000000000000000e+02 6.570000000000000000e+02 7.440000000000000000e+02
8.950000000000000000e+02 4.040000000000000000e+02 9.080000000000000000e+02 6.570000000000000000e+02 7.440000000000000000e+02
8.950000000000000000e+02 9.080000000000000000e+02 4.040000000000000000e+02 6.570000000000000000e+02 7.440000000000000000e+02
8.950000000000000000e+02 4.040000000000000000e+02 9.080000000000000000e+02 6.570000000000000000e+02 7.440000000000000000e+02
8.950000000000000000e+02 4.040000000000000000e+02 9.080000000000000000e+02 6.570000000000000000e+02 7.440000000000000000e+02
8.950000000000000000e+02 4.040000000000000000e+02 9.080000000000000000e+02 6.570000000000000000e+02 7.440000000000000000e+02
8.950000000000000000e+02 4.040000000000000000e+02 9.080000000000000000e+02 6.570000000000000000e+02 7.440000000000000000e+02
8.950000000000000000e+02 4.040000000000000000e+02 9.080000000000000000e+02 6.570000000000000000e+02 7.440000000000000000e+02
8.950000000000000000e+02 4.040000000000000000e+02 9.080000000000000000e+02 6.570000000000000000e+02 7.440000000000000000e+02
8.950000000000000000e+02 4.040000000000000000e+02 9.080000000000000000e+02 6.570000000000000000e+02 7.440000000000000000e+02
8.950000000000000000e+02 4.040000000000000000e+02 9.080000000000000000e+02 6.570000000000000000e+02 7.440000000000000000e+02
8.950000000000000000e+02 4.040000000000000000e+02 9.080000000000000000e+02 6.570000000000000000e+02 7.440000000000000000e+02
8.950000000000000000e+02 9.080000000000000000e+02 4.040000000000000000e+02 6.570000000000000000e+02 7.440000000000000000e+02
8.950000000000000000e+02 9.080000000000000000e+02 4.040000000000000000e+02 6.570000000000000000e+02 7.440000000000000000e+02
8.950000000000000000e+02 9.080000000000000000e+02 4.040000000000000000e+02 6.570000000000000000e+02 7.440000000000000000e+02
8.950000000000000000e+02 9.080000000000000000e+02 4.040000000000000000e+02 6.570000000000000000e+02 7.440000000000000000e+02
8.950000000000000000e+02 9.080000000000000000e+02 4.040000000000000000e+02 6.570000000000000000e+02 7.440000000000000000e+02
8.950000000000000000e+02 9.080000000000000000e+02 4.040000000000000000e+02 6.570000000000000000e+02 7.440000000000000000e+02
8.950000000000000000e+02 9.080000000000000000e+02 4.040000000000000000e+02 6.570000000000000000e+02 7.440000000000000000e+02
8.950000000000000000e+02 9.080000000000000000e+02 4.040000000000000000e+02 6.570000000000000000e+02 7.440000000000000000e+02
8.950000000000000000e+02 9.080000000000000000e+02 4.040000000000000000e+02 6.570000000000000000e+02 7.440000000000000000e+02
8.950000000000000000e+02 9.080000000000000000e+02 4.040000000000000000e+02 6.570000000000000000e+02 7.440000000000000000e+02
8.950000000000000000e+02 9.080000000000000000e+02 4.040000000000000000e+02 6.570000000000000000e+02 7.440000000000000000e+02
8.950000000000000000e+02 9.080000000000000000e+02 4.040000000000000000e+02 6.570000000000000000e+02 7.440000000000000000e+02
8.950000000000000000e+02 9.080000000000000000e+02 4.040000000000000000e+02 6.570000000000000000e+02 7.440000000000000000e+02
8.950000000000000000e+02 9.080000000000000000e+02 4.040000000000000000e+02 6.570000000000000000e+02 7.440000000000000000e+02
8.950000000000000000e+02 9.080000000000000000e+02 4.040000000000000000e+02 6.570000000000000000e+02 7.440000000000000000e+02
8.950000000000000000e+02 9.080000000000000000e+02 4.040000000000000000e+02 6.570000000000000000e+02 7.440000000000000000e+02
8.950000000000000000e+02 9.080000000000000000e+02 4.040000000000000000e+02 6.570000000000000000e+02 7.440000000000000000e+02
8.950000000000000000e+02 9.080000000000000000e+02 4.040000000000000000e+02 6.570000000000000000e+02 7.440000000000000000e+02
8.950000000000000000e+02 9.080000000000000000e+02 4.040000000000000000e+02 6.570000000000000000e+02 7.440000000000000000e+02
8.950000000000000000e+02 9.080000000000000000e+02 4.040000000000000000e+02 6.570000000000000000e+02 7.440000000000000000e+02
8.950000000000000000e+02 9.080000000000000000e+02 4.040000000000000000e+02 6.570000000000000000e+02 7.440000000000000000e+02
8.950000000000000000e+02 9.080000000000000000e+02 4.040000000000000000e+02 6.570000000000000000e+02 7.440000000000000000e+02
8.950000000000000000e+02 9.080000000000000000e+02 4.040000000000000000e+02 6.570000000000000000e+02 7.440000000000000000e+02
8.950000000000000000e+02 9.080000000000000000e+02 4.040000000000000000e+02 6.570000000000000000e+02 7.440000000000000000e+02
8.950000000000000000e+02 9.080000000000000000e+02 4.040000000000000000e+02 6.570000000000000000e+02 7.440000000000000000e+02
8.950000000000000000e+02 9.080000000000000000e+02 4.040000000000000000e+02 6.570000000000000000e+02 7.440000000000000000e+02
8.950000000000000000e+02 9.080000000000000000e+02 4.040000000000000000e+02 6.570000000000000000e+02 7.440000000000000000e+02
8.950000000000000000e+02 9.080000000000000000e+02 4.040000000000000000e+02 6.570000000000000000e+02 7.440000000000000000e+02
