1.084778404235839844e+01
1.640524101257324219e+01
2.140028953552246094e+01
2.449980545043945312e+01
2.656742095947265625e+01
2.813995742797851562e+01
2.918981742858886719e+01
2.992155075073242188e+01
3.043575477600097656e+01
3.081416893005371094e+01
3.110093498229980469e+01
3.131420516967773438e+01
3.144282913208007812e+01
3.152107238769531250e+01
3.154885673522949219e+01
3.153656578063964844e+01
3.148376655578613281e+01
3.140121269226074219e+01
3.131096076965332031e+01
3.119826889038085938e+01
3.104190254211425781e+01
3.088454437255859375e+01
3.071736907958984375e+01
3.054628944396972656e+01
3.036544036865234375e+01
3.017386436462402344e+01
3.002161598205566406e+01
2.982403564453125000e+01
2.966604614257812500e+01
2.946690750122070312e+01
2.930902671813964844e+01
2.912699127197265625e+01
2.894177246093750000e+01
2.877859497070312500e+01
2.859672355651855469e+01
2.845262145996093750e+01
2.827867126464843750e+01
2.813967514038085938e+01
2.799178314208984375e+01
2.783251762390136719e+01
2.770828056335449219e+01
2.754824638366699219e+01
2.741995620727539062e+01
2.728109169006347656e+01
2.715117263793945312e+01
2.704192161560058594e+01
2.691713142395019531e+01
2.680950355529785156e+01
2.668395423889160156e+01
2.657667922973632812e+01
2.646203804016113281e+01
