1.441796207427978516e+01
2.027650642395019531e+01
2.425991821289062500e+01
2.626774597167968750e+01
2.745738220214843750e+01
2.836789894104003906e+01
2.909101104736328125e+01
2.967422103881835938e+01
3.013926506042480469e+01
3.048535919189453125e+01
3.069483757019042969e+01
3.079389381408691406e+01
3.081191253662109375e+01
3.075713348388671875e+01
3.063962554931640625e+01
3.048370933532714844e+01
3.028279876708984375e+01
3.005389213562011719e+01
2.980796623229980469e+01
2.956604194641113281e+01
2.930394935607910156e+01
2.905940437316894531e+01
2.881893348693847656e+01
2.853938293457031250e+01
2.830041503906250000e+01
2.804963302612304688e+01
2.782211685180664062e+01
2.756561279296875000e+01
2.736156463623046875e+01
2.714227676391601562e+01
2.693191146850585938e+01
2.677203941345214844e+01
2.656807136535644531e+01
2.646858596801757812e+01
2.622578048706054688e+01
2.606265830993652344e+01
2.599598312377929688e+01
2.575903892517089844e+01
2.563089370727539062e+01
2.548212814331054688e+01
2.532779312133789062e+01
2.520038414001464844e+01
2.512205314636230469e+01
2.499503326416015625e+01
2.486548805236816406e+01
2.475715255737304688e+01
2.468448829650878906e+01
2.456781959533691406e+01
2.450535964965820312e+01
2.438162803649902344e+01
2.432574272155761719e+01
