1.215930271148681641e+01
1.567951297760009766e+01
1.743461418151855469e+01
1.860685157775878906e+01
1.951582717895507812e+01
2.024493026733398438e+01
2.085081100463867188e+01
2.139011573791503906e+01
2.187504196166992188e+01
2.234758758544921875e+01
2.278194046020507812e+01
2.319247817993164062e+01
2.357342338562011719e+01
2.390706443786621094e+01
2.421308326721191406e+01
2.446718215942382812e+01
2.466732597351074219e+01
2.481598091125488281e+01
2.491301155090332031e+01
2.496326255798339844e+01
2.497709655761718750e+01
2.495953941345214844e+01
2.491569328308105469e+01
2.485025978088378906e+01
2.478513145446777344e+01
2.470013046264648438e+01
2.461303329467773438e+01
2.453249359130859375e+01
2.444794464111328125e+01
2.435895729064941406e+01
2.428622627258300781e+01
2.420510673522949219e+01
2.412652015686035156e+01
2.404972457885742188e+01
2.399048042297363281e+01
2.392066001892089844e+01
2.386014175415039062e+01
2.379912376403808594e+01
2.374521446228027344e+01
2.369597434997558594e+01
2.365071296691894531e+01
2.360516929626464844e+01
2.356548690795898438e+01
2.352093887329101562e+01
2.349100685119628906e+01
2.345122718811035156e+01
2.342682647705078125e+01
2.339305686950683594e+01
2.336812973022460938e+01
2.333825683593750000e+01
2.331166839599609375e+01
