1.774424599716439843e-04 1.774424599716439843e-04 1.558389631099998951e-04 2.051838237093761563e-04 7.468565599992871284e-04 2.230723766842857003e-04
9.851394295692443848e-01 9.851394295692443848e-01 1.695755985565483570e-03 7.896314855315722525e-06 1.247327163582667708e-04 8.167874766513705254e-04
9.959344863891601562e-01 9.959344863891601562e-01 3.391460748389363289e-03 1.782144863682333380e-05 6.708969522151164711e-06 2.821252855937927961e-04
9.967266321182250977e-01 9.967266321182250977e-01 2.964938292279839516e-03 3.460266816546209157e-05 2.273427980981068686e-06 7.658034883206710219e-05
9.974773526191711426e-01 9.974773526191711426e-01 2.243246650323271751e-03 4.116195123060606420e-05 3.154177193209761754e-06 7.643701246706768870e-05
9.978104233741760254e-01 9.978104233741760254e-01 1.762691768817603588e-03 7.149789598770439625e-05 6.332788416330004111e-06 1.302935997955501080e-04
9.982874989509582520e-01 9.982874989509582520e-01 1.221116166561841965e-03 1.176020959974266589e-04 1.195353706862078980e-05 1.338875008514150977e-04
9.984896183013916016e-01 9.984896183013916016e-01 9.749117889441549778e-04 1.417672028765082359e-04 1.858588075265288353e-05 1.357924775220453739e-04
9.987843632698059082e-01 9.987843632698059082e-01 6.947861984372138977e-04 1.239770354004576802e-04 2.811236845445819199e-05 1.228742330567911267e-04
9.987252354621887207e-01 9.987252354621887207e-01 6.876557017676532269e-04 1.202263811137527227e-04 3.616863250499591231e-05 1.451504795113578439e-04
9.985867738723754883e-01 9.985867738723754883e-01 7.156700594350695610e-04 1.189637696370482445e-04 4.962781167705543339e-05 1.756241545081138611e-04
9.985135197639465332e-01 9.985135197639465332e-01 7.344094337895512581e-04 1.044358359649777412e-04 5.938289905316196382e-05 1.996856299228966236e-04
9.984875917434692383e-01 9.984875917434692383e-01 7.178771193139255047e-04 7.331450615311041474e-05 6.817110988777130842e-05 2.457948576193302870e-04
9.983722567558288574e-01 9.983722567558288574e-01 7.756951381452381611e-04 5.229571979725733399e-05 6.565354124177247286e-05 3.139452310279011726e-04
9.982660412788391113e-01 9.982660412788391113e-01 8.517910027876496315e-04 3.943956107832491398e-05 6.186497921589761972e-05 3.774299111682921648e-04
9.981321692466735840e-01 9.981321692466735840e-01 9.240932413376867771e-04 3.354412183398380876e-05 5.668001176672987640e-05 4.683840379584580660e-04
9.979159235954284668e-01 9.979159235954284668e-01 1.025710604153573513e-03 2.828625474649015814e-05 5.545938620343804359e-05 5.799140781164169312e-04
9.977879524230957031e-01 9.977879524230957031e-01 1.038420712575316429e-03 2.652992407092824578e-05 5.566091931541450322e-05 6.712544709444046021e-04
9.974573254585266113e-01 9.974573254585266113e-01 1.144939684309065342e-03 2.896311889344360679e-05 6.177207978907972574e-05 8.042561239562928677e-04
9.973341226577758789e-01 9.973341226577758789e-01 1.195598975755274296e-03 2.933616633526980877e-05 6.552963168360292912e-05 8.244045311585068703e-04
9.971215128898620605e-01 9.971215128898620605e-01 1.275885733775794506e-03 2.809405850712209940e-05 6.828669575043022633e-05 9.197918116115033627e-04
9.970158338546752930e-01 9.970158338546752930e-01 1.311723492108285427e-03 2.945941923826467246e-05 7.262275175889953971e-05 9.650372085161507130e-04
9.968172311782836914e-01 9.968172311782836914e-01 1.406632596626877785e-03 3.205438770237378776e-05 7.487898255931213498e-05 1.030545332469046116e-03
9.966785907745361328e-01 9.966785907745361328e-01 1.421697088517248631e-03 3.561142148100771010e-05 8.472279296256601810e-05 1.073404098860919476e-03
9.964445233345031738e-01 9.964445233345031738e-01 1.503851031884551048e-03 3.822277722065337002e-05 8.832909225020557642e-05 1.166608650237321854e-03
9.963186979293823242e-01 9.963186979293823242e-01 1.524725113995373249e-03 4.037259350297972560e-05 9.031505032908171415e-05 1.228527631610631943e-03
9.961704611778259277e-01 9.961704611778259277e-01 1.572931534610688686e-03 3.934003325412049890e-05 8.677581354277208447e-05 1.293016830459237099e-03
9.958322644233703613e-01 9.958322644233703613e-01 1.672015059739351273e-03 4.608228482538834214e-05 9.446944022784009576e-05 1.402837806381285191e-03
9.958620071411132812e-01 9.958620071411132812e-01 1.668759505264461040e-03 5.047148079029284418e-05 9.583468636265024543e-05 1.347779529169201851e-03
9.959799051284790039e-01 9.959799051284790039e-01 1.596972462721168995e-03 4.885984890279360116e-05 9.301879617851227522e-05 1.309946994297206402e-03
9.962478280067443848e-01 9.962478280067443848e-01 1.475903554819524288e-03 4.962625462212599814e-05 8.941641135606914759e-05 1.191043760627508163e-03
9.963114857673645020e-01 9.963114857673645020e-01 1.455851364880800247e-03 5.034126297687180340e-05 8.825633995002135634e-05 1.168233109638094902e-03
9.965152740478515625e-01 9.965152740478515625e-01 1.364846248179674149e-03 5.001955287298187613e-05 9.290119487559422851e-05 1.071522245183587074e-03
9.967939257621765137e-01 9.967939257621765137e-01 1.232565846294164658e-03 4.438957330421544611e-05 8.857512875692918897e-05 9.862784063443541527e-04
9.970759153366088867e-01 9.970759153366088867e-01 1.115550636313855648e-03 4.456596798263490200e-05 8.791077561909332871e-05 8.790000574663281441e-04
9.971821308135986328e-01 9.971821308135986328e-01 1.038016751408576965e-03 4.784307748195715249e-05 9.146486263489350677e-05 8.389146532863378525e-04
9.973030090332031250e-01 9.973030090332031250e-01 9.566390654072165489e-04 4.835306026507169008e-05 9.626403334550559521e-05 8.057529921643435955e-04
9.974460601806640625e-01 9.974460601806640625e-01 8.916978840716183186e-04 4.936745244776830077e-05 1.004910445772111416e-04 7.349884836003184319e-04
9.976154565811157227e-01 9.976154565811157227e-01 8.095814264379441738e-04 5.009249434806406498e-05 1.036942339851520956e-04 6.652250303886830807e-04
9.975346326828002930e-01 9.975346326828002930e-01 8.237669244408607483e-04 5.184773544897325337e-05 1.105590417864732444e-04 6.911087548360228539e-04
9.976350069046020508e-01 9.976350069046020508e-01 7.811942487023770809e-04 5.097272151033394039e-05 1.103156973840668797e-04 6.522187613882124424e-04
9.976156949996948242e-01 9.976156949996948242e-01 7.818730082362890244e-04 5.697039159713312984e-05 1.166907022707164288e-04 6.499355076812207699e-04
9.976656436920166016e-01 9.976656436920166016e-01 7.768897339701652527e-04 5.870496170246042311e-05 1.131435055867768824e-04 6.291774334385991096e-04
9.977141618728637695e-01 9.977141618728637695e-01 7.536784396506845951e-04 5.917859380133450031e-05 1.154222627519629896e-04 6.123582716099917889e-04
9.977046847343444824e-01 9.977046847343444824e-01 7.548279245384037495e-04 6.240005313884466887e-05 1.165127396234311163e-04 6.105750799179077148e-04
9.977013468742370605e-01 9.977013468742370605e-01 7.609124877490103245e-04 6.670360016869381070e-05 1.183245767606422305e-04 6.000124849379062653e-04
9.977101087570190430e-01 9.977101087570190430e-01 7.512327283620834351e-04 7.283534068847075105e-05 1.227410248247906566e-04 5.865864222869277000e-04
9.978196620941162109e-01 9.978196620941162109e-01 7.196458755061030388e-04 7.347629434661939740e-05 1.216709351865574718e-04 5.473477067425847054e-04
9.979133009910583496e-01 9.979133009910583496e-01 6.809679325670003891e-04 7.554816693300381303e-05 1.211386261275038123e-04 5.108995828777551651e-04
9.979160428047180176e-01 9.979160428047180176e-01 6.667003035545349121e-04 8.134272502502426505e-05 1.265075261471793056e-04 4.965763655491173267e-04
9.980590939521789551e-01 9.980590939521789551e-01 6.145413499325513840e-04 7.932262087706476450e-05 1.241961144842207432e-04 4.460257769096642733e-04
