 Iterations  Total_Loss        PSNR
        100  0.01327789 18.76871109
        200  0.00565775 22.47356415
        300  0.00362162 24.41097260
        400  0.00247928 26.05674171
        500  0.00214102 26.69379807
        600  0.00162382 27.89461517
        700  0.00172750 27.62582588
        800  0.00134705 28.70615387
        900  0.00119825 29.21452904
       1000  0.00123905 29.06910324
       1100  0.00145533 28.37038422
       1200  0.00092999 30.31523514
       1300  0.00103052 29.86944771
       1400  0.00115935 29.35786629
       1500  0.00085438 30.68350410
       1600  0.00081571 30.88462448
       1700  0.00072182 31.41571999
       1800  0.00071569 31.45275116
       1900  0.00062318 32.05388260
       2000  0.00084697 30.72131729
       2100  0.00075609 31.21427345
       2200  0.00070905 31.49323463
       2300  0.00078304 31.06217194
       2400  0.00060873 32.15578842
       2500  0.00057241 32.42293930
       2600  0.00063040 32.00384903
       2700  0.00063478 31.97374153
       2800  0.00075999 31.19189262
       2900  0.00056751 32.46025848
       3000  0.00052617 32.78878021
       3100  0.00063169 31.99494743
       3200  0.00050393 32.97629929
       3300  0.00046739 33.30316925
       3400  0.00054904 32.60398483
       3500  0.00051229 32.90486145
       3600  0.00045420 33.42756271
       3700  0.00046414 33.33353806
       3800  0.00044789 33.48826981
       3900  0.00060192 32.20462036
       4000  0.00043385 33.62664413
       4100  0.00047874 33.19903564
       4200  0.00043030 33.66225815
       4300  0.00040933 33.87925339
       4400  0.00041916 33.77625275
       4500  0.00039810 34.00005341
       4600  0.00043178 33.64735794
       4700  0.00040748 33.89894104
       4800  0.00073923 31.31220436
       4900  0.00039700 34.01203918
       5000  0.00041418 33.82810211
       5100  0.00038919 34.09834290
       5200  0.00043728 33.59236526
       5300  0.00048120 33.17671204
       5400  0.00099344 30.02858734
       5500  0.00037569 34.25170135
       5600  0.00068269 31.65776062
       5700  0.00038470 34.14878845
       5800  0.00042266 33.74005890
       5900  0.00035887 34.45061874
       6000  0.00039333 34.05244446
       6100  0.00043782 33.58703232
       6200  0.00036601 34.36507797
       6300  0.00055965 32.52083588
       6400  0.00050933 32.93003464
       6500  0.00039491 34.03498077
       6600  0.00036598 34.36540222
       6700  0.00036592 34.36615372
       6800  0.00098581 30.06207657
       6900  0.00035738 34.46867371
       7000  0.00036170 34.41656876
       7100  0.00033832 34.70674133
       7200  0.00033993 34.68610382
       7300  0.00032987 34.81662750
       7400  0.00033491 34.75075912
       7500  0.00032405 34.89383698
       7600  0.00042501 33.71600723
       7700  0.00032397 34.89498901
       7800  0.00035640 34.48067093
       7900  0.00039491 34.03506088
       8000  0.00038866 34.10425568
       8100  0.00031849 34.96904373
       8200  0.00033397 34.76297760
       8300  0.00034371 34.63803864
       8400  0.00034155 34.66547394
       8500  0.00031746 34.98309326
       8600  0.00033033 34.81045914
       8700  0.00030490 35.15838623
       8800  0.00042647 33.70107269
       8900  0.00030814 35.11254501
       9000  0.00035202 34.53427124
       9100  0.00031384 35.03297806
       9200  0.00075981 31.19297791
       9300  0.00029844 35.25139999
       9400  0.00032467 34.88560867
       9500  0.00035394 34.51068115
       9600  0.00031029 35.08235550
       9700  0.00028881 35.39393616
       9800  0.00034338 34.64219284
       9900  0.00031291 35.04584503
      10000  0.00033565 34.74109650
