7.865386293659515360e-12 9.512628532104550061e-12 1.183387936254387540e-11 1.470683644311243654e-11 1.086464772315220984e-11
1.245358371981808432e-09 1.559115281324352509e-09 7.549406100260114272e-10 2.199749049580645988e-09 1.111148284493879146e-09
2.440991409002890578e-07 3.883828867401462048e-07 1.401292593072867021e-07 1.130333728838195384e-07 2.596587762582203140e-07
2.011838842008728534e-05 1.737740785756614059e-05 1.157158021669602022e-05 1.016857822833117098e-05 1.466722460463643074e-05
2.252080594189465046e-04 2.219780726591125131e-04 2.026806178037077188e-04 1.371679943986237049e-03 1.711667049676179886e-03
1.358513161540031433e-02 4.945700988173484802e-03 1.754860393702983856e-03 3.698890330269932747e-03 8.790148422122001648e-03
2.163013815879821777e-02 3.610806912183761597e-02 4.015081748366355896e-02 3.726178780198097229e-02 2.009251527488231659e-02
1.082821413874626160e-01 3.913489729166030884e-02 1.202559471130371094e-01 1.198261380195617676e-01 1.757411956787109375e-01
4.608502984046936035e-02 2.453396022319793701e-01 2.226430177688598633e-01 2.552313804626464844e-01 1.936418861150741577e-01
1.819491088390350342e-01 4.471303820610046387e-01 2.975379228591918945e-01 3.918761014938354492e-01 5.951623320579528809e-01
7.879758626222610474e-02 5.313470959663391113e-01 4.082465767860412598e-01 5.309630632400512695e-01 5.598402023315429688e-01
6.251989603042602539e-01 1.947599500417709351e-01 5.278236865997314453e-01 4.687207043170928955e-01 6.906558275222778320e-01
3.813362419605255127e-01 6.549527049064636230e-01 5.506590604782104492e-01 5.417402386665344238e-01 4.759473800659179688e-01
6.467069387435913086e-01 7.026223540306091309e-01 5.960059762001037598e-01 7.516216039657592773e-01 5.423298478126525879e-01
8.533666729927062988e-01 8.351193070411682129e-01 7.299201488494873047e-01 4.337927997112274170e-01 6.379820704460144043e-01
5.994006395339965820e-01 7.314919233322143555e-01 6.402100324630737305e-01 6.929618716239929199e-01 6.780217289924621582e-01
7.544901371002197266e-01 7.235386967658996582e-01 7.454199790954589844e-01 5.881565809249877930e-01 4.551970064640045166e-01
4.310035407543182373e-01 5.260708928108215332e-01 7.143731713294982910e-01 8.262020349502563477e-01 5.635359287261962891e-01
4.928119778633117676e-01 6.325041055679321289e-01 8.091757297515869141e-01 6.048504710197448730e-01 3.586419522762298584e-01
4.500083327293395996e-01 5.982900261878967285e-01 6.842977404594421387e-01 5.273924469947814941e-01 3.852114081382751465e-01
7.370060682296752930e-01 5.169814229011535645e-01 4.326834082603454590e-01 5.557798743247985840e-01 1.962378621101379395e-01
4.989808797836303711e-01 3.730372190475463867e-01 2.412581741809844971e-01 4.852714538574218750e-01 4.339080452919006348e-01
5.522843599319458008e-01 4.315195083618164062e-01 2.613026201725006104e-01 8.450033068656921387e-01 6.583001017570495605e-01
4.801346957683563232e-01 4.231028556823730469e-01 7.257723808288574219e-01 7.517356872558593750e-01 2.580350041389465332e-01
3.669188916683197021e-01 4.695265293121337891e-01 5.740638375282287598e-01 1.695566624402999878e-01 6.384144425392150879e-01
6.358031630516052246e-01 3.937199413776397705e-01 2.625867724418640137e-01 4.359641075134277344e-01 4.276602268218994141e-01
7.591946125030517578e-01 5.392313003540039062e-01 2.359288334846496582e-01 1.221124827861785889e-01 2.871609330177307129e-01
6.720479577779769897e-02 5.938429832458496094e-01 2.343473732471466064e-01 3.754767179489135742e-01 6.109311580657958984e-01
5.399354919791221619e-02 4.208163917064666748e-02 2.664603590965270996e-01 3.466588258743286133e-01 1.982746720314025879e-01
3.954735696315765381e-01 2.978971973061561584e-02 4.678781628608703613e-01 6.429461389780044556e-02 6.384044140577316284e-02
2.155680805444717407e-01 1.638951599597930908e-01 4.313698410987854004e-01 1.384141445159912109e-01 3.595396131277084351e-02
2.806496918201446533e-01 3.023590892553329468e-02 3.044614754617214203e-02 4.176696389913558960e-02 2.730360031127929688e-01
1.195975095033645630e-01 1.437177360057830811e-01 3.585329055786132812e-01 4.199988022446632385e-02 2.870227694511413574e-01
1.411815434694290161e-01 3.086966276168823242e-01 2.082777954638004303e-02 1.126620620489120483e-01 4.773242399096488953e-02
6.184938549995422363e-02 1.349924057722091675e-01 1.540613174438476562e-01 4.647994786500930786e-02 1.231745406985282898e-01
5.466734617948532104e-02 1.036468520760536194e-01 1.090382933616638184e-01 9.745797142386436462e-03 1.330625116825103760e-01
7.065365463495254517e-02 2.639340236783027649e-02 1.927505619823932648e-02 7.343520224094390869e-02 9.522350877523422241e-02
1.659243553876876831e-01 1.818519383668899536e-01 2.809015102684497833e-02 4.187072068452835083e-02 1.196617484092712402e-01
3.257049024105072021e-01 1.540018916130065918e-01 5.796504616737365723e-01 3.019056618213653564e-01 1.130061745643615723e-01
2.534942515194416046e-02 2.028776332736015320e-02 2.084915190935134888e-01 1.044700853526592255e-02 7.232457399368286133e-02
1.371709909290075302e-02 7.891329005360603333e-03 4.210907593369483948e-02 1.190271005034446716e-01 2.965310588479042053e-02
1.118920464068651199e-02 1.179380342364311218e-01 9.243129193782806396e-02 1.277984865009784698e-02 1.550375819206237793e-01
4.211858659982681274e-02 2.922748923301696777e-01 3.401286154985427856e-02 5.500176176428794861e-02 1.118546426296234131e-01
1.293192505836486816e-01 3.332978859543800354e-02 3.443912863731384277e-01 3.387492150068283081e-02 9.132471680641174316e-02
2.052022516727447510e-02 6.077723577618598938e-02 1.908883266150951385e-02 1.981732621788978577e-02 1.384810917079448700e-02
1.816121861338615417e-02 3.382626920938491821e-03 1.229192875325679779e-02 1.256536692380905151e-02 3.741307556629180908e-02
7.318112999200820923e-02 3.820759803056716919e-02 2.623340301215648651e-02 1.476826518774032593e-02 3.176673548296093941e-03
3.378415480256080627e-02 6.558316200971603394e-02 1.353623420000076294e-01 2.054515853524208069e-02 2.490114048123359680e-02
8.389762789011001587e-02 5.970352888107299805e-02 6.073870230466127396e-03 3.380486965179443359e-01 5.953286215662956238e-02
1.111190114170312881e-02 9.536659717559814453e-02 8.564446121454238892e-03 5.701436102390289307e-02 1.147791147232055664e-01
1.367963757365942001e-02 2.811648249626159668e-01 1.377777308225631714e-01 3.081002458930015564e-02 9.102371521294116974e-03
1.364616900682449341e-01 3.576946631073951721e-02 1.400060057640075684e-01 1.725338399410247803e-02 1.374540776014328003e-01
9.809074923396110535e-03 2.668271027505397797e-02 3.370077535510063171e-02 3.252485767006874084e-02 9.326000697910785675e-03
6.885880231857299805e-02 9.324535727500915527e-02 3.488600999116897583e-02 4.283217340707778931e-02 4.417869448661804199e-02
1.112420111894607544e-02 1.479162722826004028e-01 1.171070430427789688e-02 1.232992671430110931e-02 2.219567000865936279e-01
2.940605953335762024e-02 1.573548838496208191e-02 3.327867481857538223e-03 5.607270635664463043e-03 1.128446757793426514e-01
2.917422913014888763e-02 5.255504697561264038e-02 4.532659798860549927e-02 3.060231171548366547e-02 4.478329047560691833e-02
1.135649904608726501e-01 1.503600925207138062e-02 3.844553604722023010e-02 2.043757401406764984e-02 1.207479014992713928e-01
1.276237051934003830e-02 1.333913207054138184e-01 1.294042319059371948e-01 4.118019714951515198e-02 2.487050369381904602e-02
9.628754109144210815e-02 1.974518969655036926e-02 1.951153576374053955e-02 5.453333631157875061e-02 1.053430214524269104e-01
1.298004388809204102e-01 1.990603655576705933e-02 8.218136429786682129e-02 6.306424736976623535e-02 2.820151858031749725e-02
6.320288777351379395e-02 8.794443309307098389e-02 4.453476890921592712e-02 1.447509694844484329e-02 2.429460920393466949e-02
8.708995580673217773e-02 3.470626175403594971e-01 4.378885403275489807e-02 3.670893982052803040e-02 1.199679449200630188e-01
1.239959057420492172e-02 5.198684334754943848e-02 3.302568569779396057e-02 1.286283507943153381e-02 2.023190446197986603e-02
1.442556530237197876e-01 4.999300092458724976e-02 5.992368608713150024e-02 1.458071321249008179e-01 4.184287972748279572e-03
2.273119613528251648e-02 1.538156066089868546e-02 2.108999714255332947e-02 1.278609186410903931e-01 1.341318190097808838e-01
2.325694262981414795e-01 7.046979665756225586e-02 9.898331947624683380e-03 8.529736846685409546e-02 1.213208027184009552e-02
4.339735209941864014e-02 1.106903031468391418e-01 1.807735860347747803e-02 3.328166306018829346e-01 6.844021379947662354e-02
7.052429020404815674e-02 3.974601626396179199e-02 7.871038466691970825e-02 5.357674509286880493e-02 1.522316690534353256e-02
1.386172231286764145e-02 9.648910164833068848e-02 1.880964078009128571e-02 6.243158504366874695e-02 5.019227787852287292e-02
1.784196645021438599e-01 7.505869120359420776e-02 2.486954629421234131e-02 7.144305855035781860e-02 5.325066298246383667e-02
2.239180803298950195e-01 2.864319086074829102e-02 1.802467368543148041e-02 8.776366710662841797e-02 9.063346683979034424e-02
4.340795800089836121e-02 8.033046126365661621e-02 1.643571816384792328e-02 9.562888741493225098e-02 4.416541755199432373e-02
7.790353149175643921e-02 9.687360376119613647e-03 2.899065427482128143e-02 1.278349459171295166e-01 1.111632734537124634e-01
7.960056513547897339e-02 4.583784192800521851e-02 1.779803261160850525e-02 1.742840185761451721e-02 2.608141489326953888e-02
1.129423826932907104e-01 3.422188758850097656e-02 7.863207720220088959e-03 7.710051536560058594e-02 3.146641701459884644e-02
6.246257573366165161e-03 3.180792182683944702e-02 1.462143380194902420e-02 3.059596195816993713e-02 6.855062395334243774e-02
4.538720473647117615e-02 1.238201372325420380e-02 2.045236341655254364e-02 2.184420526027679443e-01 1.148894988000392914e-02
1.102146226912736893e-02 8.609178662300109863e-02 5.328105017542839050e-02 2.413238584995269775e-02 9.052439033985137939e-02
1.311522442847490311e-02 1.890266686677932739e-02 5.398696660995483398e-02 3.388369455933570862e-02 1.177656948566436768e-01
2.961312606930732727e-02 1.706562563776969910e-02 4.730344284325838089e-03 4.946267604827880859e-02 6.015747785568237305e-03
1.169081684201955795e-02 1.908536627888679504e-02 8.918158710002899170e-02 3.355740010738372803e-02 6.486108154058456421e-02
2.082029543817043304e-02 3.288198634982109070e-02 4.904663935303688049e-02 1.345467008650302887e-02 2.018799260258674622e-02
2.865444123744964600e-02 2.971170283854007721e-02 2.904270030558109283e-02 2.678179554641246796e-02 3.381966426968574524e-02
2.231555804610252380e-02 3.035908378660678864e-02 1.596157066524028778e-02 1.893496140837669373e-02 4.812393710017204285e-02
6.368972361087799072e-03 2.348283678293228149e-02 2.702422440052032471e-02 1.624556817114353180e-02 2.191950567066669464e-02
3.514618054032325745e-02 2.105388790369033813e-02 3.045239485800266266e-03 4.342426732182502747e-02 2.172240987420082092e-02
1.020719483494758606e-02 3.073842264711856842e-02 1.406487915664911270e-02 3.296205401420593262e-02 6.080778315663337708e-02
1.164363324642181396e-01 8.842747658491134644e-03 3.427875787019729614e-02 3.370067849755287170e-02 2.100778184831142426e-02
1.667150296270847321e-02 1.084171421825885773e-02 1.903943344950675964e-02 3.721858561038970947e-02 1.397043745964765549e-02
1.723822206258773804e-02 4.193400032818317413e-03 3.163385018706321716e-02 1.614760980010032654e-02 1.071671955287456512e-02
1.163182500749826431e-02 1.846640929579734802e-02 2.547279559075832367e-02 3.992087393999099731e-02 1.069432776421308517e-02
9.281020611524581909e-03 1.736204139888286591e-02 3.572250483557581902e-03 8.671994321048259735e-03 8.895540609955787659e-03
1.323341950774192810e-02 9.946808218955993652e-03 6.245321128517389297e-03 1.467615552246570587e-02 1.539364270865917206e-02
1.846452243626117706e-02 1.968857273459434509e-02 1.210463978350162506e-02 6.935457699000835419e-03 3.410922735929489136e-02
2.241648361086845398e-02 5.056493915617465973e-03 1.407150179147720337e-02 1.603271812200546265e-02 2.183957956731319427e-02
1.405370701104402542e-02 4.253216832876205444e-02 6.942823529243469238e-03 1.814792677760124207e-02 6.401019543409347534e-02
9.499267674982547760e-03 2.355542033910751343e-02 9.066798724234104156e-03 1.270026154816150665e-02 1.117368135601282120e-02
1.549838483333587646e-02 1.006639283150434494e-02 3.153791651129722595e-02 1.415802538394927979e-02 1.014239527285099030e-02
9.574507363140583038e-03 1.351542957127094269e-02 9.171675890684127808e-03 3.656462999060750008e-03 9.067977778613567352e-03
5.984794814139604568e-03 4.011009354144334793e-03 3.157306695356965065e-03 1.218571513891220093e-02 8.954233489930629730e-03
7.263959385454654694e-03 4.326399415731430054e-03 3.753545694053173065e-03 5.839446559548377991e-03 1.151908561587333679e-02
1.239454187452793121e-02 7.402347866445779800e-03 7.350663654506206512e-03 5.005829036235809326e-03 1.090600714087486267e-02
1.042530313134193420e-02 1.312392950057983398e-02 3.308125538751482964e-03 8.522646501660346985e-03 1.645901612937450409e-02
3.416281659156084061e-03 7.605914492160081863e-03 3.016287693753838539e-03 3.376622917130589485e-03 1.508618518710136414e-02
6.326328031718730927e-03 2.436494641005992889e-02 6.331711541861295700e-03 1.475638058036565781e-02 6.687742657959461212e-03
5.899160634726285934e-03 3.770392155274748802e-03 2.563872141763567924e-03 1.003583706915378571e-02 3.903058590367436409e-03
1.712409779429435730e-02 4.925605375319719315e-03 8.460010401904582977e-03 2.344735525548458099e-02 7.718396838754415512e-03
4.678091965615749359e-03 8.080806583166122437e-03 5.589914042502641678e-03 7.595241535454988480e-03 8.922358043491840363e-03
3.425084985792636871e-03 1.019015163183212280e-02 6.669678259640932083e-03 6.506940815597772598e-03 4.215977154672145844e-03
5.496346391737461090e-03 2.741102362051606178e-03 8.300508372485637665e-03 3.863345133140683174e-03 3.701728535816073418e-03
2.870110096409916878e-03 5.890511907637119293e-03 8.330479264259338379e-03 1.077339705079793930e-02 7.787009235471487045e-03
1.345729362219572067e-02 1.141810324043035507e-02 1.569482614286243916e-03 5.360232666134834290e-03 4.700381308794021606e-03
3.852752735838294029e-03 8.362852036952972412e-03 5.565055646002292633e-03 8.348240517079830170e-03 5.849333945661783218e-03
4.709806758910417557e-03 2.511733677238225937e-03 6.935785058885812759e-03 1.324836630374193192e-03 1.107828132808208466e-02
5.239546298980712891e-03 3.280571661889553070e-03 7.383586838841438293e-03 7.458360865712165833e-03 2.284017624333500862e-03
1.668448932468891144e-02 6.299399305135011673e-03 7.655169814825057983e-03 3.751150332391262054e-03 5.737976171076297760e-03
3.654096042737364769e-03 8.191264234483242035e-03 4.222589544951915741e-03 9.920338168740272522e-03 2.970640081912279129e-03
6.649147719144821167e-03 4.350733943283557892e-03 3.575630486011505127e-03 9.333807975053787231e-03 3.552732756361365318e-03
3.889537416398525238e-03 6.589989177882671356e-03 7.815409451723098755e-03 3.487383248284459114e-03 3.036846173927187920e-03
1.220436673611402512e-02 3.623054828494787216e-03 5.608489736914634705e-03 4.962649662047624588e-03 3.726585069671273232e-03
6.188334897160530090e-03 5.802949890494346619e-03 3.122135996818542480e-03 3.601087722927331924e-03 6.848822813481092453e-03
3.351910039782524109e-03 4.956090822815895081e-03 7.625320926308631897e-03 3.028274280950427055e-03 2.578958636149764061e-03
1.070716790854930878e-02 7.646584417670965195e-03 5.211472511291503906e-03 8.040922693908214569e-03 4.688145592808723450e-03
2.725228434428572655e-03 4.499615170061588287e-03 3.494503442198038101e-03 3.644011681899428368e-03 2.932486357167363167e-03
2.861787099391222000e-03 5.360218696296215057e-03 3.018616000190377235e-03 5.673352628946304321e-03 6.901512388139963150e-03
3.957137931138277054e-03 5.862881429493427277e-03 2.223435090854763985e-03 3.913317341357469559e-03 3.950233571231365204e-03
5.718898959457874298e-03 1.717231702059507370e-03 4.116633906960487366e-03 2.666927408427000046e-03 6.200980860739946365e-03
