0.000000000000000000e+00 0.000000000000000000e+00 0.000000000000000000e+00 0.000000000000000000e+00 0.000000000000000000e+00
0.000000000000000000e+00 0.000000000000000000e+00 0.000000000000000000e+00 0.000000000000000000e+00 0.000000000000000000e+00
5.605193857299268284e-45 4.203895392974451213e-45 4.203895392974451213e-45 1.121038771459853657e-44 2.802596928649634142e-45
4.665186704471871971e-37 2.580475875926858782e-37 1.711128357383962775e-37 5.225808328937755938e-37 1.938084057964474473e-38
4.388293369156401855e-29 1.054745878393956951e-30 2.436621819409887510e-31 3.982099020472697215e-30 2.437956475695811135e-31
8.486941313373756509e-25 1.236628092526256928e-25 3.551913673365002050e-24 3.239935307694842336e-25 1.671758467686960086e-25
5.987038277135341424e-20 3.252917798688052148e-22 5.685730630429511966e-20 5.027848524548086942e-21 2.115813704120921889e-21
6.792721577092064028e-18 5.911548818006168854e-17 1.611112086778720298e-17 1.928952101249158417e-17 2.965446838700820118e-18
9.135021637241870496e-15 4.574416254723425931e-16 4.473121172748060256e-16 2.919344453677918949e-14 2.968937089245179441e-15
1.687112634925908017e-13 2.486605105850303588e-12 2.004336909118553667e-13 1.524405195173564320e-13 1.902751393945134595e-12
1.399127775442154942e-11 1.387771581679020372e-11 2.045247027293584097e-10 4.018985491627269369e-11 6.336230151671173871e-11
1.890267720128235851e-09 2.072639837535916740e-10 1.178486086494956453e-09 5.113977019632898191e-10 1.368838042914433117e-09
5.112060108558580396e-08 2.003039067943745977e-09 1.950661498995032161e-08 9.108467757812377386e-09 5.545453429789404254e-09
1.822905026926946448e-08 6.460425794330149074e-08 3.394545444734831108e-07 3.580965426408511121e-07 1.487796286170350868e-08
7.456749813172791619e-07 7.884572141847456805e-07 2.729524112510262057e-06 2.033254986599786207e-06 1.473755162351153558e-07
6.909021976753138006e-06 2.122859541486832313e-06 7.367685270764923189e-07 2.903450331359636039e-05 1.952027560037095100e-06
3.024168254341930151e-04 9.559363388689234853e-05 5.252979462966322899e-05 1.778322184691205621e-04 8.671498108014930040e-06
4.832582490053027868e-04 7.688174810027703643e-05 3.474606899544596672e-03 1.377037697238847613e-04 3.281807003077119589e-04
1.917192246764898300e-03 1.237892732024192810e-02 2.480723662301898003e-03 3.264868573751300573e-04 1.607970916666090488e-04
1.759064034558832645e-03 1.336831972002983093e-02 2.431307366350665689e-04 1.757778227329254150e-03 5.785984685644507408e-04
1.099675334990024567e-02 1.004502549767494202e-02 2.101490041241049767e-03 7.063728291541337967e-03 4.486640915274620056e-03
2.359618199989199638e-03 1.164344139397144318e-02 3.568136319518089294e-02 6.622426211833953857e-03 1.135409995913505554e-02
4.061927553266286850e-03 3.088149940595030785e-03 1.005141157656908035e-02 2.737886831164360046e-02 1.823820173740386963e-02
2.235658839344978333e-02 4.551806021481752396e-03 7.088630646467208862e-02 1.196948532015085220e-02 2.400610409677028656e-02
1.715353503823280334e-02 3.626835346221923828e-02 2.382267266511917114e-02 1.288412883877754211e-02 6.880828738212585449e-02
2.052998729050159454e-02 3.984513506293296814e-02 3.045656159520149231e-02 7.260064780712127686e-02 1.574886031448841095e-02
9.642534889280796051e-03 5.215065553784370422e-02 1.753729954361915588e-02 2.473220415413379669e-02 4.340193048119544983e-02
3.007228858768939972e-02 4.489749670028686523e-02 6.807572394609451294e-02 2.788131870329380035e-02 2.722550928592681885e-02
5.196790769696235657e-02 6.218092143535614014e-02 3.856365010142326355e-02 2.394269034266471863e-02 8.330649137496948242e-02
1.750506013631820679e-01 2.721325494349002838e-02 6.896530278027057648e-03 7.801621407270431519e-02 1.666096970438957214e-02
7.160967588424682617e-02 7.050322741270065308e-02 5.010999366641044617e-02 2.607843093574047089e-02 1.078880876302719116e-01
1.195339933037757874e-01 3.482047095894813538e-02 3.390178456902503967e-02 1.201375667005777359e-02 2.358653582632541656e-02
1.645909994840621948e-02 6.166668981313705444e-02 8.800130337476730347e-03 3.354059532284736633e-02 1.337405890226364136e-01
4.532091319561004639e-02 1.189000625163316727e-02 9.852707386016845703e-02 1.895134896039962769e-02 4.012275859713554382e-02
6.042626127600669861e-02 7.012467831373214722e-03 5.941070616245269775e-02 8.448302745819091797e-03 2.731256559491157532e-02
1.805638521909713745e-02 4.514875262975692749e-02 1.013546902686357498e-02 1.708946190774440765e-02 2.327750623226165771e-02
9.861107170581817627e-02 1.534761860966682434e-02 5.175004713237285614e-03 1.292474847286939621e-02 1.538189593702554703e-02
2.710814774036407471e-02 1.496279519051313400e-02 1.632306538522243500e-02 6.114666163921356201e-02 1.772722974419593811e-02
2.491201460361480713e-02 2.399756945669651031e-02 3.901299834251403809e-02 2.010906115174293518e-03 4.221298731863498688e-03
1.304607093334197998e-01 2.179394103586673737e-02 2.554582245647907257e-02 2.042154781520366669e-02 8.433645963668823242e-02
1.380642876029014587e-02 8.733266964554786682e-03 7.440965157002210617e-03 8.267397060990333557e-03 1.283969581127166748e-01
1.399618946015834808e-02 1.798984594643115997e-02 1.244170367717742920e-01 1.532803382724523544e-02 1.372508518397808075e-02
1.019014324992895126e-02 4.331193491816520691e-02 1.387415453791618347e-03 1.495470944792032242e-02 1.301232445985078812e-02
2.783495932817459106e-02 4.071504343301057816e-03 2.463862113654613495e-02 2.690151333808898926e-02 1.023308709263801575e-01
6.932939589023590088e-02 7.948877662420272827e-02 1.842828840017318726e-01 7.338912226259708405e-03 2.105000615119934082e-02
1.662834584712982178e-01 2.022814191877841949e-02 6.021887063980102539e-03 2.125219404697418213e-01 6.191607192158699036e-02
3.104555420577526093e-02 1.346380449831485748e-02 2.510043382644653320e-01 1.438044942915439606e-02 2.485837042331695557e-02
4.591653589159250259e-03 8.083129301667213440e-03 6.619272753596305847e-03 6.440631579607725143e-03 3.442735970020294189e-02
1.398694515228271484e-02 1.043201237916946411e-02 2.167244069278240204e-02 1.169174071401357651e-02 1.160372421145439148e-01
2.426499687135219574e-02 2.045492827892303467e-02 1.231019105762243271e-02 1.983004063367843628e-02 1.090042572468519211e-02
8.854708820581436157e-02 1.915065012872219086e-02 9.552952833473682404e-03 6.987987086176872253e-03 3.027221374213695526e-02
1.326229237020015717e-02 1.711635850369930267e-02 1.079601608216762543e-02 1.439913455396890640e-02 3.106539510190486908e-02
1.364716095849871635e-03 1.086957156658172607e-01 1.833908632397651672e-02 4.473446011543273926e-01 9.236396849155426025e-02
1.099864859133958817e-02 3.068939596414566040e-02 9.357718750834465027e-03 5.602273624390363693e-03 3.010359779000282288e-02
7.566445972770452499e-03 1.665910938754677773e-03 5.201685242354869843e-03 1.046742498874664307e-02 1.317437551915645599e-02
2.853981405496597290e-02 1.878662593662738800e-02 1.408326439559459686e-02 1.082043163478374481e-02 3.212861018255352974e-03
3.235244750976562500e-02 1.386140473186969757e-02 8.018461614847183228e-02 7.105951197445392609e-03 4.908759519457817078e-02
5.485608428716659546e-02 1.900479197502136230e-02 8.538710884749889374e-03 4.784463346004486084e-02 4.562395066022872925e-02
4.506130516529083252e-02 1.463360711932182312e-02 2.806033007800579071e-02 2.606861107051372528e-02 5.899937078356742859e-02
1.559428870677947998e-01 1.748832911252975464e-01 1.020006369799375534e-02 2.574773319065570831e-02 4.929543938487768173e-03
4.711722489446401596e-03 4.085408896207809448e-02 7.039822638034820557e-02 1.656728051602840424e-02 2.084521576762199402e-02
1.946707442402839661e-02 4.392033442854881287e-02 3.805247694253921509e-02 5.018096417188644409e-02 3.965009376406669617e-02
1.916017755866050720e-02 1.997482590377330780e-02 1.251740753650665283e-01 1.086145732551813126e-02 4.650042857974767685e-03
6.075959280133247375e-02 5.282153934240341187e-02 2.336744032800197601e-02 2.883291617035865784e-02 8.470955304801464081e-03
4.183398559689521790e-02 8.278840780258178711e-02 3.443009033799171448e-02 5.437382962554693222e-03 1.259070169180631638e-02
4.460337106138467789e-03 2.191719599068164825e-02 6.147997453808784485e-02 3.408185392618179321e-02 1.311277151107788086e-01
3.729057312011718750e-02 2.505694143474102020e-02 3.962932899594306946e-02 5.707481503486633301e-02 5.831526592373847961e-02
1.201230101287364960e-02 4.614776372909545898e-02 1.912259161472320557e-01 4.103972017765045166e-02 3.916550055146217346e-02
2.216273359954357147e-02 4.489711672067642212e-02 2.506006695330142975e-02 6.262489408254623413e-02 2.683926746249198914e-02
2.536531724035739899e-02 2.159290201961994171e-02 1.938064955174922943e-02 1.747008599340915680e-02 4.182587843388319016e-03
4.011245444416999817e-02 1.808218844234943390e-02 1.088175270706415176e-02 2.531486004590988159e-02 3.018697164952754974e-02
2.086641639471054077e-02 1.587040722370147705e-01 2.184321172535419464e-02 1.379959750920534134e-02 3.699626401066780090e-02
4.742815345525741577e-02 6.666375696659088135e-02 1.967638917267322540e-02 3.269363194704055786e-02 2.034050598740577698e-02
1.099954079836606979e-02 1.396808866411447525e-02 6.607479881495237350e-03 3.820893168449401855e-02 4.069315269589424133e-02
2.503966912627220154e-02 3.667076118290424347e-03 4.577367752790451050e-02 7.425154745578765869e-02 1.263593882322311401e-02
1.146328076720237732e-02 3.964934870600700378e-02 2.962670288980007172e-02 1.370334252715110779e-02 4.091026633977890015e-02
5.569611117243766785e-02 1.991202868521213531e-02 1.810045726597309113e-02 3.469941765069961548e-02 8.561204373836517334e-02
7.174788042902946472e-03 1.783603616058826447e-02 1.108140684664249420e-02 1.869244314730167389e-02 1.118527632206678391e-02
7.566036283969879150e-02 4.214077815413475037e-02 3.015405312180519104e-02 2.205017954111099243e-02 4.388196766376495361e-02
1.097387261688709259e-02 2.291306853294372559e-02 5.169948190450668335e-02 4.610980674624443054e-02 2.447311580181121826e-02
6.846280395984649658e-02 1.801743544638156891e-02 9.998687542974948883e-03 7.365368306636810303e-02 2.300131693482398987e-02
1.934842579066753387e-02 1.171530596911907196e-02 2.196357585489749908e-02 1.902034133672714233e-02 6.016064807772636414e-02
3.590342402458190918e-02 3.223132714629173279e-02 1.533795148134231567e-02 3.094792552292346954e-02 1.846969500184059143e-02
1.068756356835365295e-02 7.421569898724555969e-03 2.097413502633571625e-02 7.993754930794239044e-03 1.301844883710145950e-02
3.470203652977943420e-02 1.829514652490615845e-02 4.612021520733833313e-02 1.537550520151853561e-02 4.921171814203262329e-03
2.896098233759403229e-02 1.578157767653465271e-02 2.723191678524017334e-02 1.021253690123558044e-02 2.552065066993236542e-03
5.026082694530487061e-02 1.829101704061031342e-02 1.462310273200273514e-02 2.994304895401000977e-02 2.542548440396785736e-02
2.475547790527343750e-02 1.432734169065952301e-02 5.577982962131500244e-02 1.291636470705270767e-02 2.085679583251476288e-02
1.925451867282390594e-02 1.517503615468740463e-02 1.681778393685817719e-02 7.845682650804519653e-02 2.091859467327594757e-02
5.122665781527757645e-03 1.907999068498611450e-02 4.724189639091491699e-03 2.036153152585029602e-02 2.147804573178291321e-02
1.406819373369216919e-02 1.920377835631370544e-02 8.520575240254402161e-03 5.483494605869054794e-03 7.175512146204710007e-03
5.004222318530082703e-02 1.140954345464706421e-02 6.912215612828731537e-03 1.444224640727043152e-02 4.346713889390230179e-03
1.189588010311126709e-02 5.540126003324985504e-03 4.474088549613952637e-03 2.019280567765235901e-02 6.534119602292776108e-03
4.613889381289482117e-03 1.647195406258106232e-02 1.243123412132263184e-02 3.806329146027565002e-02 9.561309590935707092e-03
1.726275123655796051e-02 8.020856417715549469e-03 1.484446413815021515e-02 1.493652164936065674e-02 8.177865296602249146e-03
1.750286109745502472e-02 1.472863461822271347e-02 3.312668949365615845e-02 6.487166043370962143e-03 1.023052353411912918e-02
9.587088599801063538e-03 9.852335788309574127e-03 1.575498841702938080e-02 5.053898319602012634e-03 5.488353781402111053e-03
4.062377847731113434e-03 1.816051267087459564e-02 6.863908376544713974e-03 1.231196988373994827e-02 1.814931631088256836e-02
1.100477296859025955e-02 5.738626699894666672e-03 1.003955770283937454e-02 9.190016426146030426e-03 1.118447631597518921e-02
1.116536092013120651e-02 6.790881976485252380e-03 1.024928875267505646e-02 1.449499372392892838e-02 2.711301669478416443e-02
1.649768464267253876e-02 3.900623414665460587e-03 5.970955360680818558e-03 6.278804037719964981e-03 4.960909020155668259e-03
1.093463785946369171e-02 1.181021891534328461e-02 7.670450489968061447e-03 4.405109677463769913e-03 6.778851617127656937e-03
5.812860094010829926e-03 8.256620727479457855e-03 2.509415708482265472e-02 5.881455726921558380e-03 4.975883290171623230e-03
1.127283833920955658e-02 6.778617389500141144e-03 1.287399232387542725e-02 6.589840631932020187e-03 6.192029919475317001e-03
1.821901462972164154e-02 1.849132007919251919e-03 6.413162220269441605e-03 1.563249621540307999e-03 4.726907704025506973e-03
6.501819472759962082e-03 2.321694977581501007e-02 4.837456159293651581e-03 5.666042212396860123e-03 6.041662767529487610e-03
1.354071032255887985e-02 6.916795391589403152e-03 1.974698156118392944e-02 5.358404014259576797e-03 9.700948372483253479e-03
7.520754821598529816e-03 5.470597650855779648e-03 1.036347541958093643e-02 6.507104728370904922e-03 7.372945547103881836e-03
3.909813705831766129e-03 3.882886609062552452e-03 3.719426225870847702e-03 4.399130586534738541e-03 7.716918364167213440e-03
7.502880413085222244e-03 9.304977953433990479e-03 3.692094236612319946e-03 9.749951772391796112e-03 4.881801549345254898e-03
8.696741424500942230e-03 6.241750903427600861e-03 3.898648777976632118e-03 1.448696199804544449e-02 5.547399166971445084e-03
3.559152595698833466e-03 1.609306782484054565e-02 1.250616461038589478e-02 2.583876485005021095e-03 5.263331346213817596e-03
6.607834249734878540e-03 8.488755673170089722e-03 7.060606963932514191e-03 7.497445680201053619e-03 5.468189716339111328e-03
6.084562744945287704e-03 5.821614526212215424e-03 4.261957015842199326e-03 4.437237512320280075e-03 1.351317670196294785e-02
3.276851493865251541e-03 6.017906591296195984e-03 1.706663519144058228e-02 1.515536452643573284e-03 4.479970782995223999e-03
8.067437447607517242e-03 2.611554227769374847e-02 3.938398323953151703e-03 3.824349958449602127e-03 3.882259363308548927e-03
3.751834388822317123e-03 2.516535809263586998e-03 1.488718437030911446e-03 5.104790907353162766e-03 9.723344817757606506e-03
2.229711040854454041e-03 6.810016930103302002e-03 1.142475404776632786e-03 5.768311675637960434e-03 4.400489386171102524e-03
9.943521581590175629e-03 3.937058616429567337e-03 7.313152775168418884e-03 3.995256964117288589e-03 6.765359081327915192e-03
5.505283363163471222e-03 5.262279417365789413e-03 3.808007109910249710e-03 5.858165211975574493e-03 3.638373222202062607e-03
2.622927771881222725e-03 1.913908636197447777e-03 2.669385634362697601e-03 7.530268281698226929e-03 7.073448505252599716e-03
3.720773151144385338e-03 6.226187106221914291e-03 6.126773543655872345e-03 3.124867333099246025e-03 4.814538173377513885e-03
4.982272628694772720e-03 3.718371270224452019e-03 8.000643923878669739e-03 2.731140237301588058e-03 4.722437355667352676e-03
2.870190422981977463e-03 4.420503973960876465e-03 2.407676540315151215e-03 2.722500590607523918e-03 5.847715307027101517e-03
5.742441862821578979e-03 5.015277303755283356e-03 5.362777039408683777e-03 2.673478797078132629e-03 4.014882724732160568e-03
3.848718246445059776e-03 3.464481560513377190e-03 5.497152917087078094e-03 2.335983095690608025e-03 9.926011785864830017e-03
1.575471833348274231e-03 3.453158074989914894e-03 3.011518623679876328e-03 4.577381070703268051e-03 6.694951560348272324e-03
2.450404688715934753e-03 3.366207005456089973e-03 4.943046718835830688e-03 6.166006904095411301e-03 1.898708869703114033e-03
