2.445632591843605042e-03 2.450312022119760513e-03 2.815276617184281349e-03 2.584439702332019806e-03 2.407517516985535622e-03
2.917097881436347961e-03 3.298452356830239296e-03 2.513820538297295570e-03 2.779768547043204308e-03 3.182051703333854675e-03
3.131769597530364990e-03 3.638780442997813225e-03 2.938684541732072830e-03 3.512420924380421638e-03 2.588612958788871765e-03
4.198712296783924103e-03 2.935545751824975014e-03 3.780642058700323105e-03 3.727872390300035477e-03 3.385370364412665367e-03
5.093852989375591278e-03 3.952447790652513504e-03 4.809366073459386826e-03 6.916794925928115845e-03 3.235943382605910301e-03
3.000840544700622559e-03 4.965041298419237137e-03 5.750988610088825226e-03 5.430629476904869080e-03 7.151925936341285706e-03
5.807390902191400528e-03 6.453725975006818771e-03 8.370769210159778595e-03 6.158294156193733215e-03 6.663836538791656494e-03
5.113804712891578674e-03 8.962375111877918243e-03 9.797326289117336273e-03 8.153606206178665161e-03 4.446945618838071823e-03
7.431085687130689621e-03 5.600233562290668488e-03 1.068169064819812775e-02 9.496294893324375153e-03 6.242422387003898621e-03
5.913300905376672745e-03 6.709734909236431122e-03 1.055458281189203262e-02 5.440312437713146210e-03 8.668661117553710938e-03
9.191134013235569000e-03 6.527798715978860855e-03 1.738939993083477020e-02 1.183960027992725372e-02 1.336312480270862579e-02
5.758254323154687881e-03 5.939278285950422287e-03 1.355959195643663406e-02 2.235711738467216492e-02 1.494954619556665421e-02
8.927544578909873962e-03 5.412348080426454544e-03 1.154149137437343597e-02 1.024386007338762283e-02 5.938501562923192978e-03
1.332064811140298843e-02 1.760987937450408936e-02 1.229306869208812714e-02 2.641477994620800018e-02 1.797607727348804474e-02
1.149957068264484406e-02 1.519961934536695480e-02 1.023999601602554321e-02 5.959380790591239929e-02 8.941408246755599976e-03
1.533613819628953934e-02 1.037993654608726501e-02 1.161674875766038895e-02 2.025488950312137604e-02 2.592203579843044281e-02
3.146220371127128601e-02 2.815701439976692200e-02 2.191399782896041870e-02 1.902037300169467926e-02 4.450154304504394531e-02
1.011514943093061447e-02 1.249382738023996353e-02 1.699016615748405457e-02 4.601212590932846069e-02 2.398050948977470398e-02
7.271288894116878510e-03 1.064573600888252258e-02 1.080688275396823883e-02 3.187073394656181335e-02 2.422162517905235291e-02
5.951662361621856689e-02 4.543384164571762085e-02 1.245846226811408997e-02 2.227905951440334320e-02 2.802724204957485199e-02
3.658310696482658386e-02 1.450680755078792572e-02 2.165361121296882629e-02 1.870116218924522400e-02 4.604560881853103638e-02
3.830831497907638550e-02 1.520178280770778656e-02 1.885939761996269226e-02 1.313868444412946701e-02 3.652203083038330078e-02
5.373774096369743347e-02 1.589167118072509766e-02 2.806593850255012512e-02 1.681651733815670013e-02 2.094152942299842834e-02
1.967159844934940338e-02 8.453573100268840790e-03 3.549993038177490234e-02 1.288239751011133194e-02 1.044418290257453918e-02
1.180056482553482056e-02 9.589638561010360718e-03 1.904360391199588776e-02 5.565469618886709213e-03 2.053990401327610016e-02
8.657324127852916718e-03 3.242898359894752502e-02 2.264832891523838043e-02 6.282529979944229126e-02 2.104207500815391541e-02
1.506881881505250931e-02 1.045735832303762436e-02 1.995611377060413361e-02 1.797642745077610016e-02 2.919591218233108521e-02
7.969105616211891174e-03 1.890292204916477203e-02 3.363569034263491631e-03 2.827875688672065735e-02 2.963450923562049866e-02
1.482371427118778229e-02 6.913494318723678589e-03 1.474144216626882553e-02 1.457358989864587784e-02 1.288332790136337280e-02
1.886939443647861481e-02 1.888277567923069000e-02 7.633344735950231552e-03 2.660810388624668121e-02 2.130382321774959564e-02
4.446557257324457169e-03 7.235632091760635376e-02 1.307838223874568939e-02 5.321034789085388184e-02 2.016509324312210083e-02
9.134919196367263794e-02 2.897251397371292114e-03 5.451277829706668854e-03 1.377846766263246536e-02 1.849391683936119080e-02
1.372707542032003403e-02 3.220769017934799194e-02 2.211426012217998505e-02 1.392619684338569641e-02 7.209589239209890366e-03
9.784892201423645020e-03 1.580526866018772125e-02 4.199835471808910370e-03 1.540166884660720825e-02 9.450430423021316528e-02
1.354427076876163483e-02 3.111444180831313133e-03 4.037743061780929565e-02 7.540747523307800293e-03 7.477107457816600800e-03
2.031845599412918091e-02 3.222960606217384338e-02 6.501571275293827057e-03 1.099518779665231705e-02 1.532546617090702057e-02
5.001189652830362320e-03 3.079355461522936821e-03 7.138427812606096268e-03 3.496843948960304260e-02 1.134581025689840317e-02
4.292691871523857117e-02 1.019316539168357849e-01 2.524381130933761597e-02 8.419889211654663086e-02 4.578034952282905579e-02
5.604413338005542755e-03 1.421550940722227097e-02 5.786566063761711121e-02 9.770358912646770477e-03 6.599935702979564667e-03
1.700028032064437866e-02 8.298958651721477509e-03 2.037291228771209717e-02 7.344303280115127563e-02 8.544368669390678406e-03
6.005762517452239990e-02 4.301914945244789124e-02 3.026675805449485779e-02 2.618038468062877655e-02 3.971825912594795227e-02
1.313138939440250397e-02 2.124102786183357239e-03 3.665491566061973572e-02 1.733286678791046143e-02 3.146565333008766174e-02
1.204207818955183029e-02 1.019979733973741531e-02 4.145240411162376404e-02 5.706145893782377243e-03 2.163257263600826263e-02
4.663872718811035156e-02 7.445282768458127975e-03 5.543382721953094006e-04 3.619736060500144958e-02 1.421306282281875610e-02
3.299510804936289787e-03 5.092341452836990356e-02 4.688352346420288086e-02 5.528065841645002365e-03 8.211609721183776855e-02
2.091547660529613495e-02 4.534252919256687164e-03 6.321921199560165405e-02 2.922555664554238319e-03 1.025711838155984879e-02
2.398506365716457367e-02 8.986080437898635864e-02 4.092224873602390289e-03 9.726192802190780640e-03 2.256043069064617157e-02
3.825004026293754578e-02 9.403843432664871216e-03 1.190744806081056595e-02 3.804603964090347290e-02 3.516603959724307060e-03
3.462649509310722351e-02 2.270800992846488953e-02 1.352146919816732407e-02 6.019118428230285645e-02 1.505689043551683426e-02
3.732180222868919373e-02 8.855313062667846680e-03 2.526810392737388611e-02 1.202287804335355759e-02 2.319037541747093201e-02
4.297226667404174805e-02 1.799309067428112030e-02 2.049741335213184357e-02 6.644834065809845924e-04 1.083752214908599854e-01
1.311977161094546318e-03 1.351047679781913757e-02 1.841047033667564392e-02 5.789723247289657593e-02 1.886917054653167725e-01
2.158017270267009735e-02 1.424075197428464890e-02 1.198237240314483643e-01 1.327141374349594116e-02 2.393835783004760742e-02
5.847717821598052979e-02 1.325566042214632034e-02 1.809553056955337524e-02 3.536294028162956238e-02 4.183814860880374908e-03
1.383940596133470535e-02 1.121418434195220470e-03 3.085558675229549408e-02 2.755707595497369766e-03 3.826194209977984428e-03
1.354927755892276764e-02 6.965911388397216797e-02 1.129115670919418335e-01 6.188005581498146057e-02 3.496393561363220215e-02
8.786284178495407104e-02 7.444600760936737061e-02 2.116264030337333679e-02 3.379779402166604996e-03 2.345348149538040161e-02
1.827761158347129822e-02 3.912813495844602585e-03 2.628888934850692749e-02 4.901983588933944702e-02 1.361302584409713745e-01
1.477766782045364380e-02 7.483781874179840088e-02 2.902431599795818329e-02 1.424958370625972748e-02 5.785465985536575317e-02
1.788837835192680359e-02 3.880914673209190369e-02 1.784410886466503143e-02 7.960601709783077240e-03 1.709578037261962891e-01
1.772601716220378876e-02 3.617809154093265533e-03 8.546473085880279541e-02 1.757387444376945496e-02 5.089313909411430359e-02
2.077270671725273132e-02 7.803331594914197922e-03 1.459191832691431046e-02 6.898305378854274750e-03 3.483864665031433105e-02
5.611701868474483490e-03 8.944987505674362183e-02 3.193845041096210480e-03 6.881988793611526489e-02 4.433433711528778076e-02
1.005288809537887573e-01 3.320867195725440979e-02 1.299646217375993729e-02 1.454827096313238144e-02 5.508036166429519653e-02
7.469374686479568481e-02 1.065268367528915405e-02 4.380944743752479553e-02 1.407632604241371155e-02 2.265524864196777344e-02
2.795248329639434814e-01 3.101505897939205170e-02 4.323681816458702087e-03 2.850359864532947540e-02 1.941942423582077026e-02
2.750713936984539032e-02 4.803805053234100342e-02 1.668686605989933014e-02 5.892991647124290466e-02 3.826643154025077820e-02
2.070724219083786011e-02 2.135260961949825287e-02 2.108600549399852753e-02 8.323261514306068420e-03 2.796077728271484375e-02
2.070517092943191528e-02 4.571504890918731689e-02 2.891123294830322266e-02 1.770833507180213928e-02 4.697179421782493591e-02
6.618101894855499268e-02 1.043265759944915771e-01 2.667636610567569733e-02 9.349714219570159912e-02 3.804313763976097107e-02
5.375491455197334290e-02 1.220606453716754913e-02 1.521954592317342758e-02 7.517300546169281006e-02 9.650134295225143433e-02
1.823349855840206146e-02 9.266939759254455566e-02 1.595485769212245941e-02 9.092338383197784424e-02 1.628445386886596680e-01
6.127782911062240601e-02 4.979869350790977478e-03 2.595536224544048309e-02 9.241384267807006836e-02 1.791993528604507446e-02
4.347321763634681702e-02 3.528866171836853027e-02 1.473976951092481613e-02 2.175452001392841339e-02 6.185688823461532593e-02
1.724789291620254517e-02 2.886223979294300079e-02 8.056999184191226959e-03 6.010609120130538940e-02 2.680880762636661530e-02
2.805158309638500214e-02 5.734927579760551453e-02 3.406360372900962830e-02 1.478642039000988007e-02 3.336610505357384682e-03
8.732572197914123535e-03 2.813011407852172852e-03 1.489907652139663696e-01 5.243850871920585632e-03 6.753749214112758636e-03
5.020016804337501526e-02 5.799760669469833374e-02 4.862532019615173340e-03 4.826318100094795227e-02 1.617613434791564941e-02
5.718580633401870728e-02 6.077755242586135864e-02 1.036237403750419617e-01 2.711790800094604492e-02 2.280079759657382965e-02
4.301020503044128418e-02 2.139094658195972443e-02 5.464526265859603882e-02 2.047256752848625183e-02 3.950338810682296753e-02
3.969394415616989136e-02 1.643643714487552643e-02 3.408903256058692932e-03 1.689052581787109375e-02 4.204492270946502686e-02
3.846330940723419189e-02 3.663402795791625977e-02 2.256567589938640594e-03 1.353213004767894745e-02 1.617570966482162476e-02
5.047501251101493835e-02 2.887824364006519318e-02 1.358330715447664261e-03 2.397489547729492188e-02 5.564951803535223007e-03
2.253079600632190704e-02 1.652281358838081360e-02 2.266803197562694550e-02 5.721669271588325500e-02 2.086343243718147278e-02
9.141816757619380951e-03 2.088869921863079071e-02 3.453838825225830078e-02 3.177041560411453247e-02 1.472102571278810501e-02
9.266640990972518921e-03 6.957284361124038696e-02 2.371275424957275391e-02 1.344294846057891846e-02 5.800783168524503708e-03
1.729144155979156494e-02 1.259281579405069351e-02 5.563005805015563965e-03 8.438289165496826172e-03 4.889450501650571823e-03
5.523283034563064575e-03 1.883875578641891479e-02 1.441225036978721619e-02 2.160653099417686462e-02 7.793317083269357681e-03
1.615366339683532715e-02 1.644399948418140411e-02 1.159510202705860138e-02 8.970296010375022888e-03 6.809993181377649307e-03
8.560483343899250031e-03 1.250145863741636276e-02 2.740249410271644592e-02 3.527276217937469482e-02 1.530115958303213120e-02
7.497588638216257095e-03 4.356375709176063538e-02 3.945447038859128952e-03 7.978689670562744141e-02 2.300680801272392273e-02
4.851660225540399551e-03 2.358633093535900116e-02 1.862342469394207001e-02 6.169064342975616455e-02 1.159250829368829727e-02
1.489400863647460938e-02 2.748296782374382019e-02 5.410399753600358963e-03 2.106353826820850372e-02 1.193512044847011566e-02
1.288533397018909454e-02 1.148651260882616043e-02 7.246970664709806442e-03 1.551757566630840302e-02 3.356147557497024536e-02
1.170170586556196213e-02 1.879167743027210236e-02 1.431774720549583435e-02 3.969618305563926697e-02 1.388041581958532333e-02
9.579627774655818939e-03 8.238097652792930603e-03 3.103003092110157013e-02 5.099555477499961853e-03 2.081127837300300598e-02
1.958448253571987152e-02 3.228325396776199341e-03 1.274431869387626648e-02 1.896176114678382874e-02 1.383651793003082275e-02
3.230286994948983192e-03 4.011687356978654861e-03 1.081355474889278412e-02 6.131992209702730179e-03 6.852026563137769699e-03
9.389604441821575165e-03 2.731390297412872314e-03 6.363423541188240051e-03 9.368519298732280731e-03 1.368586253374814987e-02
5.193965975195169449e-03 7.769252359867095947e-02 1.499588415026664734e-02 7.245543412864208221e-03 1.018032431602478027e-02
3.274135291576385498e-03 9.299298748373985291e-03 1.333541143685579300e-02 6.164357066154479980e-03 7.092316634953022003e-03
5.203380715101957321e-03 1.002182532101869583e-02 9.230690076947212219e-03 2.105170860886573792e-02 2.659035613760352135e-03
1.337100379168987274e-02 7.359231822192668915e-03 7.080513518303632736e-03 6.986385211348533630e-03 6.049052346497774124e-03
2.093876153230667114e-02 1.632495038211345673e-02 1.447012647986412048e-02 1.481922809034585953e-02 1.592149026691913605e-02
1.226397044956684113e-02 1.001842785626649857e-02 1.676080562174320221e-02 4.952416289597749710e-03 9.810468181967735291e-03
5.756082013249397278e-03 9.634910151362419128e-03 6.163565907627344131e-03 3.756461665034294128e-03 6.513362284749746323e-03
8.018959313631057739e-03 5.637997295707464218e-03 3.564948216080665588e-03 4.696767311543226242e-03 6.740843411535024643e-03
3.453783923760056496e-03 3.390404395759105682e-03 1.043234486132860184e-02 2.847237745299935341e-03 1.179949473589658737e-02
4.941685590893030167e-03 3.582386998459696770e-03 5.367338657379150391e-03 7.857102900743484497e-03 9.693442843854427338e-03
5.700455047190189362e-03 1.735629886388778687e-02 1.083484292030334473e-02 1.592309330590069294e-03 5.467311013489961624e-03
2.134754136204719543e-02 3.272225847467780113e-03 7.554916199296712875e-03 6.542952731251716614e-03 7.816235534846782684e-03
2.032387303188443184e-03 8.915892802178859711e-03 1.758160255849361420e-02 4.822081420570611954e-03 5.042661912739276886e-03
2.638581208884716034e-02 1.167281717061996460e-02 5.405825097113847733e-03 1.903242547996342182e-03 9.808814153075218201e-03
5.058629903942346573e-03 5.603100638836622238e-03 4.188592545688152313e-03 3.302579512819647789e-03 4.923749249428510666e-03
3.842422040179371834e-03 1.070272736251354218e-02 6.242864299565553665e-03 2.932989271357655525e-03 9.294135496020317078e-03
8.928822353482246399e-03 6.533210631459951401e-03 1.238459441810846329e-02 6.005567032843828201e-03 5.537280347198247910e-03
2.404300728812813759e-03 3.336247056722640991e-03 6.184295285493135452e-03 7.298427633941173553e-03 4.842844791710376740e-03
6.259510293602943420e-03 5.370412021875381470e-03 2.724322257563471794e-03 5.961889866739511490e-03 5.382572766393423080e-03
3.648516954854130745e-03 3.332777647301554680e-03 2.450426574796438217e-03 5.102113354951143265e-03 8.312998339533805847e-03
2.096691401675343513e-03 2.120832540094852448e-02 1.157875172793865204e-02 4.176960326731204987e-03 1.343500800430774689e-03
6.444908678531646729e-03 4.652929492294788361e-03 6.213209591805934906e-03 6.014318205416202545e-03 1.950008329004049301e-03
4.463825840502977371e-03 3.075558692216873169e-03 5.816263612359762192e-03 7.349238265305757523e-03 3.726950148120522499e-03
2.815476153045892715e-03 3.190312534570693970e-03 3.087099874392151833e-03 4.046102985739707947e-03 2.885769121348857880e-03
6.784375756978988647e-03 3.733478020876646042e-03 3.661080496385693550e-03 4.152952227741479874e-03 3.453236538916826248e-03
6.849960889667272568e-03 1.809398061595857143e-03 2.683248138055205345e-03 3.575263079255819321e-03 4.926152992993593216e-03
4.904063418507575989e-03 1.988947624340653419e-03 3.289372893050312996e-03 3.876426257193088531e-03 2.981689758598804474e-03
5.987707525491714478e-03 6.599506363272666931e-03 5.340722855180501938e-03 3.843457438051700592e-03 4.379004705697298050e-03
1.823401777073740959e-03 3.839454846456646919e-03 8.274168707430362701e-03 2.016993239521980286e-03 2.092566573992371559e-03
