8.213277280511022127e-12 6.814127821025417475e-12 1.207023630350745336e-11 7.913079046184545717e-12 9.409064673226996689e-12
2.187906744666179293e-09 2.431117307466479360e-09 3.038272744504411094e-09 2.311444591285294337e-09 3.464878384207281670e-09
6.724347258568741381e-06 9.839713129622396082e-06 3.209656824765261263e-06 3.037346459677792154e-06 9.920975571731105447e-06
4.244997166097164154e-03 5.342731717973947525e-03 6.229244638234376907e-03 4.981984850019216537e-03 5.714367143809795380e-03
3.124678134918212891e-02 3.709877654910087585e-02 5.615274980664253235e-02 4.294428601861000061e-02 5.660482496023178101e-02
1.697091907262802124e-01 1.399976611137390137e-01 1.190688982605934143e-01 2.977629005908966064e-01 1.627238392829895020e-01
2.647702097892761230e-01 3.226932883262634277e-01 1.772815436124801636e-01 3.201914727687835693e-01 5.309394598007202148e-01
4.630839228630065918e-01 5.708390474319458008e-01 3.453726172447204590e-01 3.897051811218261719e-01 5.227004289627075195e-01
5.012122988700866699e-01 3.966592550277709961e-01 5.073758363723754883e-01 5.346828699111938477e-01 6.283889412879943848e-01
6.985551714897155762e-01 7.473473548889160156e-01 6.060540080070495605e-01 5.082114338874816895e-01 4.867098629474639893e-01
5.781937837600708008e-01 7.294414043426513672e-01 7.129279375076293945e-01 5.025730133056640625e-01 5.737277269363403320e-01
5.507643222808837891e-01 6.968369483947753906e-01 6.194726228713989258e-01 5.846224427223205566e-01 8.173111677169799805e-01
7.476606369018554688e-01 7.687593102455139160e-01 8.332790136337280273e-01 5.094587206840515137e-01 8.552595376968383789e-01
5.422374606132507324e-01 4.860149323940277100e-01 7.209311127662658691e-01 3.964964151382446289e-01 7.267724871635437012e-01
7.644290924072265625e-01 7.707676887512207031e-01 6.752797365188598633e-01 6.224049329757690430e-01 8.135189414024353027e-01
5.473598837852478027e-01 2.954810857772827148e-01 8.558868765830993652e-01 8.028588294982910156e-01 8.564466238021850586e-01
7.033810615539550781e-01 7.734895348548889160e-01 6.179767251014709473e-01 7.546553611755371094e-01 6.652152538299560547e-01
5.300658345222473145e-01 5.166026353836059570e-01 6.204057335853576660e-01 5.345509052276611328e-01 4.570972621440887451e-01
6.409938335418701172e-01 7.181282639503479004e-01 7.226018905639648438e-01 8.464043736457824707e-01 8.240876197814941406e-01
5.250607728958129883e-01 3.720722794532775879e-01 5.647020339965820312e-01 3.645126521587371826e-01 8.234877586364746094e-01
9.796554595232009888e-02 5.147861242294311523e-01 5.616262555122375488e-01 5.919367671012878418e-01 3.427939414978027344e-01
8.016588687896728516e-01 6.109408736228942871e-01 7.028673887252807617e-01 5.584006309509277344e-01 3.342162370681762695e-01
4.147321879863739014e-01 5.939143896102905273e-01 4.967362284660339355e-01 3.521227240562438965e-01 5.985036492347717285e-01
5.563896894454956055e-01 1.046462878584861755e-01 5.461905002593994141e-01 3.932905793190002441e-01 7.165548801422119141e-01
7.609809637069702148e-01 5.423840880393981934e-01 2.771127521991729736e-01 2.829971015453338623e-01 8.046478033065795898e-01
4.183091521263122559e-01 5.294781327247619629e-01 5.084477737545967102e-02 2.796024382114410400e-01 3.316835463047027588e-01
3.746767640113830566e-01 1.042215377092361450e-01 2.393555939197540283e-01 8.917026221752166748e-02 5.402027964591979980e-01
3.434176146984100342e-01 2.848824858665466309e-01 5.955712795257568359e-01 5.265564918518066406e-01 7.639907598495483398e-01
5.137391686439514160e-01 4.287216067314147949e-01 2.480472773313522339e-01 1.567027121782302856e-01 3.082765340805053711e-01
1.782921999692916870e-01 4.579873383045196533e-01 8.038580417633056641e-02 5.091508030891418457e-01 5.323603153228759766e-01
1.278819441795349121e-01 4.204438924789428711e-01 3.560057580471038818e-01 1.222418695688247681e-01 2.573098838329315186e-01
2.515580058097839355e-01 4.563609883189201355e-02 6.011704206466674805e-01 3.139656782150268555e-01 2.259281128644943237e-01
1.351476013660430908e-01 2.261971831321716309e-01 7.753000408411026001e-02 7.963365316390991211e-02 1.404524035751819611e-02
1.674396395683288574e-01 3.274963796138763428e-01 2.762363851070404053e-01 5.048447251319885254e-01 1.675576269626617432e-01
1.198435723781585693e-01 7.893592864274978638e-02 7.133612781763076782e-02 1.762425601482391357e-01 1.687958277761936188e-02
2.172453999519348145e-01 7.447762042284011841e-02 7.088802754878997803e-02 1.617305167019367218e-02 1.410358697175979614e-01
3.762800395488739014e-01 2.189474701881408691e-01 1.622975170612335205e-01 1.335817426443099976e-01 4.879073053598403931e-02
2.421836555004119873e-01 1.522304415702819824e-01 1.277561485767364502e-01 1.104782894253730774e-01 3.099195659160614014e-01
1.083369180560112000e-01 1.026012450456619263e-01 2.831880152225494385e-01 4.394295439124107361e-02 5.749379284679889679e-03
2.505560517311096191e-01 7.902085036039352417e-02 1.367703452706336975e-02 4.293880462646484375e-01 9.589795768260955811e-02
4.861345887184143066e-02 1.299290060997009277e-01 9.805861115455627441e-02 1.078405752778053284e-01 4.292252287268638611e-02
3.744297102093696594e-02 7.451826333999633789e-02 7.311185449361801147e-02 1.322294920682907104e-01 1.394464671611785889e-01
5.075762420892715454e-02 4.720360785722732544e-02 2.180344611406326294e-01 2.893911860883235931e-02 3.969005867838859558e-02
6.133271753787994385e-02 1.374075859785079956e-01 3.316382765769958496e-01 2.733848802745342255e-02 5.342265218496322632e-02
1.308629754930734634e-02 7.986637949943542480e-02 1.178037300705909729e-01 8.090704679489135742e-02 7.006713747978210449e-02
5.638869851827621460e-02 3.845224156975746155e-02 3.044885024428367615e-02 1.128672659397125244e-01 4.679938778281211853e-03
3.365226835012435913e-02 3.220686316490173340e-02 2.606347575783729553e-02 2.760187163949012756e-02 3.240203112363815308e-02
1.275475174188613892e-01 7.002919912338256836e-02 1.363842934370040894e-01 4.105961695313453674e-02 7.718563824892044067e-02
3.470831736922264099e-02 2.810112759470939636e-02 8.853375911712646484e-02 1.644225716590881348e-01 1.482752263545989990e-01
1.968580298125743866e-02 1.189674213528633118e-01 2.876109443604946136e-03 2.070416361093521118e-01 3.828387260437011719e-01
1.391683220863342285e-01 1.471871584653854370e-01 2.100207805633544922e-01 8.193341083824634552e-03 5.186048150062561035e-02
1.200758814811706543e-01 2.073939144611358643e-02 7.177725434303283691e-02 3.137264773249626160e-02 8.365146070718765259e-02
3.183355927467346191e-02 2.861903281882405281e-03 6.614362448453903198e-02 1.092914864420890808e-01 2.931991592049598694e-02
4.648056253790855408e-02 5.740299820899963379e-02 2.774174511432647705e-02 8.136404305696487427e-02 1.416041143238544464e-02
3.782363608479499817e-02 4.562606569379568100e-03 1.594141125679016113e-01 1.140698790550231934e-01 1.763101518154144287e-01
1.627971976995468140e-02 4.612009599804878235e-02 4.015554673969745636e-03 3.199284523725509644e-02 2.000274509191513062e-01
1.471374779939651489e-01 9.707042574882507324e-02 1.389325782656669617e-02 6.219637766480445862e-02 6.864810734987258911e-02
2.449603751301765442e-02 1.147669367492198944e-02 1.191579997539520264e-01 8.124494552612304688e-02 7.794336229562759399e-02
1.204776391386985779e-01 8.933433145284652710e-02 3.763706684112548828e-01 3.715805709362030029e-02 4.776690155267715454e-02
2.054418325424194336e-01 9.018581360578536987e-02 1.196507662534713745e-01 5.979751795530319214e-02 8.857272565364837646e-02
6.087812408804893494e-02 1.419608108699321747e-02 2.352721989154815674e-02 1.629004254937171936e-02 9.240189939737319946e-02
1.370623148977756500e-02 1.073585972189903259e-01 9.216412156820297241e-02 4.981042817234992981e-02 2.767606079578399658e-01
1.408462412655353546e-02 2.317324094474315643e-02 5.436170101165771484e-02 3.498224169015884399e-02 2.296326495707035065e-02
1.559704393148422241e-01 2.335071191191673279e-02 3.738687187433242798e-02 3.486992046236991882e-02 1.012577489018440247e-01
3.223169595003128052e-02 8.614832162857055664e-02 8.443451486527919769e-03 4.985697567462921143e-02 5.005303770303726196e-02
5.937042087316513062e-02 1.147772669792175293e-01 1.824613362550735474e-01 7.704394310712814331e-02 2.164235338568687439e-02
8.270354568958282471e-02 6.612279918044805527e-03 3.788820654153823853e-02 4.801312461495399475e-03 6.103606894612312317e-03
5.282734334468841553e-02 1.516807973384857178e-01 4.407472908496856689e-02 2.019845508038997650e-02 2.474006451666355133e-02
3.151066973805427551e-02 7.016586512327194214e-02 2.332918904721736908e-02 1.391436606645584106e-01 2.157368510961532593e-02
4.894148185849189758e-02 1.397082358598709106e-01 4.096958413720130920e-02 3.159161657094955444e-02 1.195304989814758301e-01
6.646850705146789551e-02 1.633436977863311768e-02 3.070870041847229004e-02 7.020866498351097107e-03 9.733532555401325226e-03
9.570338763296604156e-03 2.391262911260128021e-02 4.021685570478439331e-02 1.802067831158638000e-02 4.650675132870674133e-02
2.019802294671535492e-02 5.301080644130706787e-02 5.433286726474761963e-02 4.874618723988533020e-02 7.171722501516342163e-02
5.250057950615882874e-02 2.272000908851623535e-02 5.039608478546142578e-02 4.545719921588897705e-02 9.992999024689197540e-03
2.349690534174442291e-02 8.513543009757995605e-02 2.649224363267421722e-02 6.699012219905853271e-02 9.117580205202102661e-02
1.080107968300580978e-02 1.639486290514469147e-02 2.715876884758472443e-02 2.431257441639900208e-02 4.628154635429382324e-02
2.154580317437648773e-02 6.433407962322235107e-02 3.472130373120307922e-02 2.966019697487354279e-02 1.488296966999769211e-02
8.586547337472438812e-03 3.200649097561836243e-02 8.549095690250396729e-02 2.179634571075439453e-02 1.295252330601215363e-02
6.692404858767986298e-03 2.789102494716644287e-02 6.095828115940093994e-02 1.346367150545120239e-01 4.444732517004013062e-02
1.755130104720592499e-02 7.249192800372838974e-03 1.462851557880640030e-02 5.096833035349845886e-02 2.502516284584999084e-02
9.020541794598102570e-03 6.886633113026618958e-03 1.230018213391304016e-02 1.632878370583057404e-02 3.381488099694252014e-02
1.377038564532995224e-02 2.136870101094245911e-02 3.375559672713279724e-02 2.506241388618946075e-02 2.179883606731891632e-02
3.556659445166587830e-02 1.496418006718158722e-02 2.071256935596466064e-02 8.381954394280910492e-03 2.203502506017684937e-02
7.461901754140853882e-03 4.125026613473892212e-02 1.158550754189491272e-02 2.318558283150196075e-02 2.261227369308471680e-02
1.087319757789373398e-02 3.295669704675674438e-02 2.230475097894668579e-02 1.846521720290184021e-02 2.259533293545246124e-02
1.892448775470256805e-02 3.376717446371912956e-03 5.064580589532852173e-03 5.633996799588203430e-03 2.919344790279865265e-02
4.137158766388893127e-02 1.106559783220291138e-01 2.773878909647464752e-02 1.560157351195812225e-02 1.389039028435945511e-02
2.418501861393451691e-02 1.168090850114822388e-02 2.967266738414764404e-02 1.907979324460029602e-02 5.120948329567909241e-02
1.989322714507579803e-02 1.144394744187593460e-02 1.244707591831684113e-02 3.830246254801750183e-02 2.376520633697509766e-02
1.614210195839405060e-02 1.719903945922851562e-02 3.459432628005743027e-03 4.838341381400823593e-03 3.106677532196044922e-02
7.686116546392440796e-02 1.795146241784095764e-02 1.213345210999250412e-02 3.463675826787948608e-02 3.246511891484260559e-02
1.865872554481029510e-02 7.441622670739889145e-03 6.813140120357275009e-03 3.019625507295131683e-02 1.682195067405700684e-02
5.818725097924470901e-03 1.875323243439197540e-02 8.644031360745429993e-03 7.083213329315185547e-02 1.003141701221466064e-02
5.167841911315917969e-03 4.638104233890771866e-03 3.241828829050064087e-02 7.576840929687023163e-03 2.315363846719264984e-02
1.213131565600633621e-02 4.004172980785369873e-03 1.354259252548217773e-02 1.000675372779369354e-02 2.043313160538673401e-02
2.875555492937564850e-02 4.357377439737319946e-02 1.195346843451261520e-02 1.819820888340473175e-02 1.198602467775344849e-02
7.360931951552629471e-03 4.181879572570323944e-03 2.635763585567474365e-02 6.775599438697099686e-03 1.324173808097839355e-02
1.425889553502202034e-03 1.139438617974519730e-02 1.276056841015815735e-02 1.266812905669212341e-02 5.591732915490865707e-03
3.741936758160591125e-03 2.012808620929718018e-02 6.361241638660430908e-02 1.579691842198371887e-02 4.924379754811525345e-03
4.773473367094993591e-03 1.637087576091289520e-02 9.908408857882022858e-03 1.494828704744577408e-02 5.312675610184669495e-03
1.227036956697702408e-02 9.726270101964473724e-03 8.145027793943881989e-03 4.453689791262149811e-03 8.543075062334537506e-03
5.353129934519529343e-03 9.807808324694633484e-03 1.786383613944053650e-02 6.353129167109727859e-03 9.560443460941314697e-03
1.377375796437263489e-02 9.070486761629581451e-03 5.627682432532310486e-03 1.351985428482294083e-02 4.077726509422063828e-03
2.107656560838222504e-02 8.276863023638725281e-03 6.755492649972438812e-03 1.268258690834045410e-02 1.511720102280378342e-02
1.017193961888551712e-02 4.045558627694845200e-03 6.072478368878364563e-03 1.073687896132469177e-02 8.297478780150413513e-03
1.008734758943319321e-02 5.905869416892528534e-03 1.017570961266756058e-02 1.587961614131927490e-02 5.884796846657991409e-03
5.910020787268877029e-03 1.379964966326951981e-02 1.533187553286552429e-02 1.645453460514545441e-02 7.891368120908737183e-03
5.009527783840894699e-03 1.082220580428838730e-02 7.651691325008869171e-03 7.364344317466020584e-03 4.661400336772203445e-03
1.492453645914793015e-02 3.104272298514842987e-03 4.844655282795429230e-03 4.660563543438911438e-03 1.235621236264705658e-02
3.142139641568064690e-03 1.475983764976263046e-02 2.163083292543888092e-03 6.119442638009786606e-03 7.672353181988000870e-03
6.240544840693473816e-03 4.152421373873949051e-03 3.151294542476534843e-03 6.156604737043380737e-03 5.715372972190380096e-03
6.672697607427835464e-03 2.629543282091617584e-02 6.128207780420780182e-03 1.969448104500770569e-02 1.223377045243978500e-02
5.109222605824470520e-03 6.955921649932861328e-03 5.495398771017789841e-03 3.946168348193168640e-03 6.389924325048923492e-03
7.299092598259449005e-03 7.060972508043050766e-03 3.988046199083328247e-03 1.509890519082546234e-02 3.795961383730173111e-03
2.860027365386486053e-02 9.182598441839218140e-03 6.415658630430698395e-03 8.682943880558013916e-03 5.181263666599988937e-03
1.022584736347198486e-02 2.950333990156650543e-03 7.510264404118061066e-03 6.500174757093191147e-03 2.623141976073384285e-03
3.887211903929710388e-03 5.980613641440868378e-03 8.511843159794807434e-03 5.069609265774488449e-03 5.038596224039793015e-03
2.281430363655090332e-02 1.925547374412417412e-03 5.400765221565961838e-03 9.299299679696559906e-03 2.566427225247025490e-03
2.917491598054766655e-03 4.448393825441598892e-03 3.065911121666431427e-03 6.786897778511047363e-03 2.868559211492538452e-03
1.462952885776758194e-02 6.664032116532325745e-03 1.962655456736683846e-03 1.804012805223464966e-02 5.403645802289247513e-03
3.050742670893669128e-03 4.284250084310770035e-03 4.241356626152992249e-03 5.444713402539491653e-03 3.683948190882802010e-03
3.496470628306269646e-03 4.702548496425151825e-03 1.072101667523384094e-02 3.674627281725406647e-03 2.624144079163670540e-03
1.667143777012825012e-03 3.152328077703714371e-03 5.172716919332742691e-03 3.523531835526227951e-03 4.844078794121742249e-03
4.175013862550258636e-03 3.026453545317053795e-03 3.102853428572416306e-03 7.455916143953800201e-03 3.328758524730801582e-03
5.556863732635974884e-03 4.547309596091508865e-03 3.554096212610602379e-03 3.961036913096904755e-03 4.483831580728292465e-03
3.843015991151332855e-03 8.221967145800590515e-03 2.632719464600086212e-03 3.240050747990608215e-03 8.971395902335643768e-03
4.780239891260862350e-03 3.560441778972744942e-03 5.935116205364465714e-03 2.411695662885904312e-03 1.222290005534887314e-02
3.290295135229825974e-03 4.205946344882249832e-03 3.833216615021228790e-03 3.591342130675911903e-03 2.910941373556852341e-03
