 Iterations  Total_Loss        PSNR
        100  0.01559009 18.07151222
        200  0.01038134 19.83746338
        300  0.00721966 21.41483498
        400  0.00518884 22.84929848
        500  0.00440967 23.55594444
        600  0.00406707 23.90717888
        700  0.00310804 25.07513237
        800  0.00306196 25.13999748
        900  0.00250479 26.01229286
       1000  0.00246059 26.08960342
       1100  0.00221502 26.54622269
       1200  0.00244460 26.11792183
       1300  0.00217125 26.63290405
       1400  0.00201207 26.96357536
       1500  0.00206101 26.85918999
       1600  0.00191119 27.18696785
       1700  0.00192195 27.16257668
       1800  0.00189054 27.23414421
       1900  0.00179527 27.45869255
       2000  0.00174580 27.58005714
       2100  0.00170399 27.68532562
       2200  0.00160936 27.93345642
       2300  0.00164221 27.84570694
       2400  0.00154582 28.10841751
       2500  0.00151400 28.19874954
       2600  0.00144435 28.40326691
       2700  0.00157769 28.01978683
       2800  0.00148080 28.29503632
       2900  0.00147861 28.30145073
       3000  0.00134793 28.70332909
       3100  0.00149508 28.25336838
       3200  0.00144825 28.39157486
       3300  0.00139002 28.56980324
       3400  0.00130788 28.83431435
       3500  0.00134411 28.71565819
       3600  0.00131206 28.82047653
       3700  0.00126172 28.99036026
       3800  0.00133055 28.75967598
       3900  0.00128028 28.92695808
       4000  0.00123495 29.08350945
       4100  0.00113944 29.43309975
       4200  0.00119226 29.23629379
       4300  0.00117629 29.29484558
       4400  0.00117705 29.29205513
       4500  0.00109290 29.61419487
       4600  0.00114978 29.39383507
       4700  0.00122889 29.10488701
       4800  0.00115274 29.38266945
       4900  0.00114262 29.42098236
       5000  0.00108752 29.63561058
       5100  0.00106520 29.72569275
       5200  0.00102851 29.87792015
       5300  0.00106884 29.71087837
       5400  0.00113385 29.45443726
       5500  0.00103572 29.84757423
       5600  0.00100892 29.96142197
       5700  0.00097906 30.09189415
       5800  0.00100317 29.98623657
       5900  0.00108911 29.62929535
       6000  0.00106113 29.74232483
       6100  0.00098496 30.06582260
       6200  0.00097098 30.12789536
       6300  0.00093412 30.29595184
       6400  0.00094136 30.26243782
       6500  0.00100690 29.97015572
       6600  0.00092222 30.35164642
       6700  0.00098714 30.05620956
       6800  0.00091859 30.36880684
       6900  0.00090817 30.41835022
       7000  0.00090765 30.42083168
       7100  0.00092376 30.34440231
       7200  0.00086355 30.63713264
       7300  0.00090902 30.41428185
       7400  0.00084071 30.75354767
       7500  0.00085568 30.67686653
       7600  0.00084851 30.71343994
       7700  0.00081367 30.89549828
       7800  0.00080898 30.92060280
       7900  0.00085845 30.66286087
       8000  0.00081780 30.87352371
       8100  0.00082933 30.81274414
       8200  0.00080990 30.91567039
       8300  0.00083296 30.79377556
       8400  0.00078728 31.03868866
       8500  0.00078295 31.06265640
       8600  0.00080498 30.94214439
       8700  0.00080107 30.96329117
       8800  0.00073042 31.36428261
       8900  0.00072875 31.37422180
       9000  0.00077440 31.11037254
       9100  0.00073754 31.32212067
       9200  0.00078252 31.06504822
       9300  0.00074100 31.30179024
       9400  0.00075402 31.22616959
       9500  0.00070290 31.53108978
       9600  0.00075386 31.22709274
       9700  0.00071565 31.45300865
       9800  0.00072778 31.38002777
       9900  0.00070535 31.51593590
      10000  0.00072352 31.40549850
