7.576667051666213229e-04
9.960447584760667716e-02
7.391323960758007239e-01
9.458294450456407043e-01
9.385852166901486049e-01
9.435840490025160232e-01
9.334128530212836283e-01
9.273737936297113960e-01
9.549548878539343422e-01
9.578407701740864200e-01
9.625998781376199354e-01
9.538099052587268867e-01
9.511106487345726279e-01
9.382261407299057332e-01
9.274607695397869556e-01
9.317557456958938111e-01
9.335224138361853941e-01
9.156483237195319758e-01
9.195791182853155776e-01
9.212294981922465320e-01
9.150054948592912796e-01
9.285682708035805089e-01
9.341053566588949364e-01
9.293455279005264913e-01
9.344620900359243976e-01
9.352476963397077236e-01
9.361194976924954725e-01
9.372172682260181409e-01
9.381245086581875281e-01
9.413784768740185438e-01
9.432691217259095984e-01
9.474849305826521517e-01
9.470158733438537313e-01
9.456351307714042642e-01
9.410144154161677044e-01
9.410172385292709940e-01
9.378307847629738792e-01
9.351417394989802734e-01
9.324999062966714547e-01
9.257927902256376518e-01
9.239330794854101470e-01
9.164694892351693545e-01
9.144457976700066659e-01
9.158429383249496736e-01
9.104844293899768681e-01
9.041944132633937814e-01
8.901878078995270061e-01
8.780316030092704116e-01
8.776700643333417151e-01
8.719535606303783215e-01
8.716514274620910108e-01
