          0  0.07532310 11.23071766
        100  0.01150586 19.39080811
        200  0.00751233 21.24225426
        300  0.00608447 22.15777206
        400  0.00528321 22.77102280
        500  0.00471739 23.26298141
        600  0.00438496 23.58034706
        700  0.00382189 24.17721748
        800  0.00366362 24.36089325
        900  0.00319119 24.96047974
       1000  0.00291788 25.34932137
       1100  0.00282039 25.49691010
       1200  0.00260801 25.83690834
       1300  0.00238983 26.21633911
       1400  0.00214366 26.68844414
       1500  0.00193090 27.14241219
       1600  0.00184502 27.33997726
       1700  0.00174233 27.58870697
       1800  0.00153854 28.12890244
       1900  0.00158688 27.99455070
       2000  0.00145649 28.36692810
       2100  0.00139310 28.56017876
       2200  0.00130825 28.83310509
       2300  0.00119609 29.22236824
       2400  0.00120267 29.19854546
       2500  0.00105919 29.75026894
       2600  0.00102185 29.90612221
       2700  0.00102349 29.89917946
       2800  0.00091217 30.39925766
       2900  0.00091301 30.39526176
       3000  0.00082106 30.85624886
       3100  0.00081469 30.89005852
       3200  0.00078890 31.02975655
       3300  0.00079699 30.98548698
       3400  0.00073033 31.36479378
       3500  0.00070186 31.53747368
       3600  0.00069930 31.55333328
       3700  0.00064863 31.88003922
       3800  0.00063071 32.00167465
       3900  0.00060305 32.19644928
       4000  0.00063688 31.95941925
       4100  0.00057460 32.40631866
       4200  0.00056534 32.47691727
       4300  0.00054327 32.64986038
       4400  0.00052794 32.77415848
       4500  0.00052876 32.76741028
       4600  0.00049782 33.02923965
       4700  0.00048872 33.10941315
       4800  0.00047424 33.23997879
       4900  0.00044188 33.54697037
       5000  0.00042313 33.73527527
