6.030265940353274345e-04 7.333252870012074709e-05 8.601240551797673106e-05 1.131511962739750743e-04 1.575004134792834520e-04 5.748174153268337250e-04
2.593833953142166138e-03 9.971700637834146619e-05 4.033867662656120956e-05 7.936633483041077852e-05 6.135625881142914295e-05 1.488697947934269905e-03
2.689256966114044189e-01 8.449239317087631207e-07 9.296223652199842036e-06 9.145747753791511059e-06 5.679823971149744466e-06 1.160721149062737823e-05
4.346332550048828125e-01 1.678018723971774762e-09 6.703014321374212159e-08 6.535224628123614821e-08 1.734821730714486421e-09 3.095954781429099967e-08
6.682698726654052734e-01 2.880161387164292819e-10 2.059271686505326215e-08 8.077385871274600504e-09 2.162579004760800672e-10 7.768375276384631434e-09
8.501600027084350586e-01 6.267044105889851835e-10 3.721038055459757743e-08 1.040970243337824286e-08 5.330968999572860412e-10 1.852112774258785066e-08
9.178858995437622070e-01 5.906665156985013709e-10 4.320366642218687048e-08 1.026384399693824889e-08 7.884131680846451218e-10 2.039983115764698596e-08
9.386890530586242676e-01 1.654079373469841130e-10 1.567624607901052514e-08 3.212630828031137753e-09 3.159366934735174937e-10 6.854874001760435931e-09
9.463338255882263184e-01 4.518410992582211350e-11 5.141241654627037860e-09 7.208170726968887720e-10 8.402276097108085651e-11 2.068002880051267312e-09
9.615613222122192383e-01 1.146058681983364025e-11 1.267743021671208226e-09 1.802519522531298435e-10 1.771255885019140663e-11 4.493808103411822685e-10
9.538716673851013184e-01 7.103149231996175317e-12 7.318284866997259996e-10 9.619405272331960077e-11 8.516238929334729590e-12 2.320166558877900798e-10
9.483419656753540039e-01 5.633581708769375140e-12 5.960977822461188680e-10 6.921290623962406130e-11 6.363516484586551059e-12 2.004817284406712474e-10
9.363122582435607910e-01 5.530131040598629255e-12 5.106956524336681014e-10 6.027099652694545284e-11 5.388236298115023359e-12 1.868591392728546907e-10
9.354761242866516113e-01 3.667754034514247863e-12 2.917751040776295213e-10 3.568021572641910666e-11 3.459800371544141662e-12 1.390353943087063726e-10
9.282668232917785645e-01 3.259443496356206893e-12 2.297536605411210076e-10 3.279593957516979685e-11 3.121533847377788717e-12 1.348713501991838370e-10
9.304049015045166016e-01 2.499803749417273124e-12 1.644282487944792592e-10 2.620837748212867524e-11 2.433081080360777193e-12 1.375632524558412229e-10
9.347966313362121582e-01 2.364181116501495872e-12 1.304966412707386780e-10 2.411032311300242981e-11 2.267664571745098279e-12 1.680160732764335307e-10
9.297759532928466797e-01 2.550783369248410537e-12 1.266824423140633371e-10 2.470801514775633478e-11 2.477614684595619288e-12 1.994641118940876368e-10
9.265348315238952637e-01 3.368332739464574566e-12 1.417102407641479545e-10 3.169869228214494683e-11 3.181096878968059372e-12 2.976744684080046000e-10
9.288791418075561523e-01 3.723429117113985498e-12 1.341933508758330618e-10 3.335014556182791523e-11 3.473345742965872063e-12 3.668357007047262641e-10
9.213541746139526367e-01 5.490472226171716486e-12 1.585561265615709203e-10 4.453672847182232886e-11 4.790391607695232423e-12 4.946836273944654749e-10
9.063421487808227539e-01 8.869255156696009834e-12 2.189509268335498859e-10 6.686304981906587841e-11 7.011381926436133227e-12 7.350774433589890577e-10
8.977430462837219238e-01 1.510012254124504238e-11 3.346687094119005224e-10 1.106123734273545267e-10 1.172158203832651679e-11 1.233131041722401733e-09
8.853834271430969238e-01 2.550732715322912014e-11 4.589154334322387285e-10 1.713844344219950244e-10 1.832604033802365251e-11 1.847754393935474582e-09
8.848904371261596680e-01 3.765505962594062339e-11 5.685416026857126326e-10 2.560507361692998529e-10 2.477778052178969403e-11 2.625722750337899924e-09
8.819525837898254395e-01 6.839622618270979615e-11 8.225149450424851238e-10 4.211408999310606305e-10 3.828252298498924233e-11 4.418136523298699103e-09
8.811742663383483887e-01 1.161625448609093780e-10 1.183146136618518085e-09 6.252939277473501534e-10 5.859676632802290897e-11 6.864894430691492744e-09
8.812775015830993652e-01 1.743059446779327004e-10 1.452794218259612080e-09 8.451910837870002524e-10 7.625109571529620212e-11 9.733811090484323358e-09
8.846461772918701172e-01 2.076586819166337250e-10 1.495230939063674214e-09 9.744324236393708816e-10 8.244288585146364312e-11 1.158212281637815977e-08
8.811196684837341309e-01 3.169285667237176085e-10 1.962251916509671901e-09 1.379200642581679404e-09 1.177049152589759728e-10 1.715416075853681832e-08
8.791061043739318848e-01 4.942379838723809371e-10 2.463664827700995374e-09 1.771055413435362880e-09 1.513811853648405759e-10 2.196707526991303894e-08
8.690635561943054199e-01 7.480196462239518951e-10 3.195246067733137352e-09 2.260601705827980368e-09 2.009404448388707465e-10 3.035568951759159972e-08
8.657109141349792480e-01 1.017318229656893891e-09 3.652403490761457761e-09 2.846269442358106971e-09 2.528878495500208601e-10 3.820372285190387629e-08
8.673726320266723633e-01 1.723610365544914202e-09 5.098990119023483203e-09 4.233763561956038757e-09 3.790742164611060616e-10 5.685593507109842903e-08
8.671037554740905762e-01 2.071551818971784087e-09 5.738248542996871038e-09 4.570534617442945091e-09 4.379446250091234560e-10 6.686148168455474661e-08
8.580604195594787598e-01 3.536164916440043271e-09 7.929752854352045688e-09 6.530355367573292824e-09 6.379721195770571285e-10 8.972267551143886521e-08
8.586778640747070312e-01 4.366948580525331636e-09 8.947997898189896659e-09 7.233246002158466581e-09 7.346575014999245923e-10 1.058880840787423949e-07
8.481082916259765625e-01 7.848131922116863279e-09 1.280945660653287632e-08 1.005957184219141709e-08 1.086558065743759016e-09 1.537348310876041069e-07
8.392686247825622559e-01 1.226609391835609131e-08 1.656133541416693333e-08 1.319309816949498781e-08 1.515905290183638954e-09 2.088670072453169269e-07
8.349540233612060547e-01 1.697590867877352139e-08 1.994505893776477023e-08 1.598640153588348767e-08 1.855271491990606592e-09 2.327225132603416569e-07
8.323498964309692383e-01 2.390502018556617259e-08 2.363652384929082473e-08 2.013400113298757788e-08 2.405879051536885527e-09 3.002116955030942336e-07
8.211666941642761230e-01 3.503621925915467727e-08 3.048345575962230214e-08 2.455003489387763693e-08 3.168790563279344497e-09 3.913359876150934724e-07
8.180733919143676758e-01 5.134051406230355497e-08 3.884095178818824934e-08 3.396275261025039072e-08 4.171373024774993610e-09 5.009812866774154827e-07
8.183572888374328613e-01 7.585145311850283179e-08 4.920680396480747731e-08 4.244692064503396978e-08 5.387624124608692000e-09 6.166018238218384795e-07
8.164410591125488281e-01 1.142559256095410092e-07 6.209333491824509110e-08 5.489508936307174736e-08 7.587021677579741663e-09 7.414195124511024915e-07
8.164600729942321777e-01 1.795607289523104555e-07 8.198434642281426932e-08 7.861996920155434054e-08 1.079020783834039321e-08 1.110009520743915346e-06
8.097562193870544434e-01 2.685182494133186992e-07 1.008837102745019365e-07 9.885396679010227672e-08 1.404523164438842286e-08 1.297009703193907626e-06
8.078345656394958496e-01 4.088095977294869954e-07 1.286801136757276254e-07 1.315841444693433004e-07 1.886608202994466410e-08 1.591165641912084538e-06
8.045001029968261719e-01 5.606270292446424719e-07 1.497617461154732155e-07 1.587198426022951026e-07 2.404025067903603485e-08 1.880156446532055270e-06
7.942968010902404785e-01 9.509632263871026225e-07 2.025921048698364757e-07 2.324260890418372583e-07 3.614669807916470745e-08 2.556108256612787955e-06
7.892302274703979492e-01 1.552915023239620496e-06 2.738249236244882923e-07 3.153371324060572078e-07 4.881077231289054907e-08 3.278454187238821760e-06
7.959370017051696777e-01 2.184733830290497281e-06 3.415439095988404006e-07 4.012987915302801412e-07 6.040797728701363667e-08 3.934291271434631199e-06
7.958996295928955078e-01 3.052455667784670368e-06 4.118508627470873762e-07 4.999447469344886485e-07 7.792591816269123228e-08 4.837885171582456678e-06
7.890205979347229004e-01 5.669197435054229572e-06 5.935391982347937301e-07 7.929505727588548325e-07 1.244067675543192308e-07 6.986485004745190963e-06
7.797312140464782715e-01 8.468361556879244745e-06 7.439280693688488100e-07 9.888746035358053632e-07 1.724543210457341047e-07 9.299709745391737670e-06
7.793141007423400879e-01 1.331081602984340861e-05 9.268510439142119139e-07 1.245821295015048236e-06 2.275033779142177082e-07 1.104496186599135399e-05
7.687197923660278320e-01 1.703137786535080522e-05 1.054268409461656120e-06 1.444856025045737624e-06 2.700277264011674561e-07 1.307457205257378519e-05
7.595563530921936035e-01 2.453005981806199998e-05 1.339344976258871611e-06 1.814253664633724838e-06 3.437741611378442030e-07 1.516982865723548457e-05
7.573778629302978516e-01 4.037183316540904343e-05 1.741102551022777334e-06 2.517864913897938095e-06 4.813239797840651590e-07 2.042447522399015725e-05
7.524088621139526367e-01 5.857128417119383812e-05 2.238420847788802348e-06 3.376042286618030630e-06 6.561161285389971454e-07 2.458906055835541338e-05
7.387505769729614258e-01 9.179949847748503089e-05 2.884452214857446961e-06 4.272211299394257367e-06 8.661720016789331567e-07 3.049854785786010325e-05
7.323842644691467285e-01 1.361113099846988916e-04 3.586598950278130360e-06 5.622637218039017171e-06 1.157330530077160802e-06 3.745428693946450949e-05
7.332508563995361328e-01 1.759500592015683651e-04 3.952937731810379773e-06 6.607424438698217273e-06 1.335889464826323092e-06 4.089847789146006107e-05
7.231838703155517578e-01 2.276129525853320956e-04 4.523365532804746181e-06 7.075663233990781009e-06 1.612695768926641904e-06 4.555481064016930759e-05
7.075937390327453613e-01 3.708993317559361458e-04 6.090477199904853478e-06 1.006322236207779497e-05 2.285981508975964971e-06 5.882016557734459639e-05
6.907980442047119141e-01 5.870514432899653912e-04 8.198575415008235723e-06 1.343032909062458202e-05 3.296848035461152904e-06 7.757204730296507478e-05
6.884194612503051758e-01 7.499702041968703270e-04 9.139756912190932781e-06 1.519403758720727637e-05 3.882900273310951889e-06 8.343684748979285359e-05
6.797562837600708008e-01 1.085347961634397507e-03 1.134366993937874213e-05 1.928201345435809344e-05 4.969089786754921079e-06 9.936682181432843208e-05
6.667909026145935059e-01 1.582140452228486538e-03 1.413639165548374876e-05 2.360465441597625613e-05 6.659757673332933336e-06 1.155997379100881517e-04
6.612509489059448242e-01 2.007890725508332253e-03 1.609483661013655365e-05 2.769095590338110924e-05 7.622808880114462227e-06 1.288998028030619025e-04
6.559100151062011719e-01 2.556345658376812935e-03 1.802239239623304456e-05 3.068204387091100216e-05 8.600294677307829261e-06 1.406662777299061418e-04
6.334961056709289551e-01 3.877028822898864746e-03 2.270258482894860208e-05 4.178054223302751780e-05 1.175200577563373372e-05 1.674019731581211090e-04
6.107705831527709961e-01 5.484864581376314163e-03 2.864106500055640936e-05 5.392333696363493800e-05 1.490450176788726822e-05 1.890546700451523066e-04
5.959708690643310547e-01 7.141076028347015381e-03 3.188843038515187800e-05 5.955531742074526846e-05 1.755154517013579607e-05 1.968579308595508337e-04
5.737379789352416992e-01 1.090955361723899841e-02 4.135179551667533815e-05 7.732955418759956956e-05 2.365477666899096221e-05 2.594888792373239994e-04
5.736887454986572266e-01 1.097005978226661682e-02 4.155820715823210776e-05 7.608334271935746074e-05 2.371072150708641857e-05 2.606899943202733994e-04
5.460848808288574219e-01 1.711072586476802826e-02 5.313003566698171198e-05 1.014823428704403341e-04 3.256868149037472904e-05 3.059274749830365181e-04
5.232725143432617188e-01 2.595332078635692596e-02 6.583272624993696809e-05 1.287958002649247646e-04 4.132073809159919620e-05 3.797715762630105019e-04
5.040574669837951660e-01 3.116896189749240875e-02 7.003752398304641247e-05 1.406167721142992377e-04 4.616857040673494339e-05 4.039863124489784241e-04
4.830828905105590820e-01 4.127495735883712769e-02 8.399089711019769311e-05 1.719522406347095966e-04 5.532479917746968567e-05 4.662061983253806829e-04
4.636153578758239746e-01 5.711576342582702637e-02 9.528449299978092313e-05 2.028716116910800338e-04 6.598728214157745242e-05 5.159354186616837978e-04
4.513639509677886963e-01 6.826890259981155396e-02 1.050264472723938525e-04 2.244238130515441298e-04 7.157149229897186160e-05 5.517395911738276482e-04
4.127781987190246582e-01 1.008289530873298645e-01 1.270166394533589482e-04 2.833647304214537144e-04 9.099615272134542465e-05 6.825538584962487221e-04
3.646902441978454590e-01 1.358850747346878052e-01 1.429829717380926013e-04 3.251260495744645596e-04 1.085021940525621176e-04 7.757257553748786449e-04
3.368568718433380127e-01 1.754749864339828491e-01 1.590422180015593767e-04 3.742789558600634336e-04 1.246276515303179622e-04 8.414468611590564251e-04
3.093388974666595459e-01 2.140162885189056396e-01 1.756429119268432260e-04 4.210050683468580246e-04 1.374919957015663385e-04 9.231450385414063931e-04
2.846462726593017578e-01 2.642087638378143311e-01 1.810885587474331260e-04 4.483173252083361149e-04 1.501262595411390066e-04 9.789587929844856262e-04
3.636838793754577637e-01 1.453884541988372803e-01 1.370740210404619575e-04 3.407501208130270243e-04 1.095097759389318526e-04 8.390158764086663723e-04
2.832659482955932617e-01 2.530889511108398438e-01 1.710998185444623232e-04 4.356787831056863070e-04 1.474357413826510310e-04 9.330101311206817627e-04
2.247691750526428223e-01 3.577852845191955566e-01 1.910217106342315674e-04 4.962713574059307575e-04 1.659604895394295454e-04 9.637505281716585159e-04
1.832012534141540527e-01 4.394383728504180908e-01 1.969890872715041041e-04 5.109790363349020481e-04 1.751787349348887801e-04 9.877895936369895935e-04
1.629742085933685303e-01 4.849834144115447998e-01 1.977939537027850747e-04 5.476049263961613178e-04 1.860461488831788301e-04 1.003982149995863438e-03
1.497329622507095337e-01 5.069982409477233887e-01 1.946793054230511189e-04 5.143402377143502235e-04 1.891657593660056591e-04 9.904137114062905312e-04
1.355240643024444580e-01 5.450266599655151367e-01 1.904973032651469111e-04 5.138553678989410400e-04 1.881390198832377791e-04 9.219986968673765659e-04
1.065333113074302673e-01 6.199403405189514160e-01 1.820480101741850376e-04 4.950692527927458286e-04 1.874399604275822639e-04 8.876475039869546890e-04
9.229201823472976685e-02 6.567552089691162109e-01 1.796603464754298329e-04 5.010293680243194103e-04 1.890141138574108481e-04 8.457479416392743587e-04
8.424924314022064209e-02 6.855267286300659180e-01 1.735270052449777722e-04 4.852535785175859928e-04 1.846836676122620702e-04 8.253033156506717205e-04
7.426643371582031250e-02 7.182067036628723145e-01 1.700404391158372164e-04 4.787480283994227648e-04 1.871187123470008373e-04 7.717414991930127144e-04
7.085624337196350098e-02 7.230073213577270508e-01 1.728835632093250751e-04 4.740946169476956129e-04 1.898410555440932512e-04 7.950922590680420399e-04
5.471361055970191956e-02 7.714513540267944336e-01 1.581585820531472564e-04 4.533406754489988089e-04 1.799326564650982618e-04 7.231549243442714214e-04
4.589550197124481201e-02 8.001848459243774414e-01 1.452503056498244405e-04 4.202896670904010534e-04 1.686304312897846103e-04 6.494871340692043304e-04
