          0  0.10486678  9.79362106
        100  0.00728072 21.37825394
        200  0.00422232 23.74449158
        300  0.00261111 25.83174133
        400  0.00184829 27.33230591
        500  0.00126983 28.96255493
        600  0.00106811 29.71382523
        700  0.00086455 30.63208008
        800  0.00068393 31.64985466
        900  0.00063410 31.97839546
       1000  0.00054062 32.67111969
       1100  0.00051887 32.84943771
       1200  0.00049515 33.05265045
       1300  0.00043761 33.58914185
       1400  0.00040482 33.92741776
       1500  0.00036222 34.41027451
       1600  0.00037448 34.26573563
       1700  0.00033732 34.71955490
       1800  0.00032858 34.83364868
       1900  0.00032453 34.88740540
       2000  0.00031681 34.99207306
       2100  0.00029323 35.32784653
       2200  0.00029455 35.30836487
       2300  0.00028770 35.41057968
       2400  0.00028422 35.46341705
       2500  0.00025607 35.91646194
       2600  0.00026049 35.84206390
       2700  0.00027476 35.61053085
       2800  0.00025199 35.98609161
       2900  0.00023707 36.25129700
       3000  0.00022764 36.42757416
       3100  0.00025615 35.91501236
       3200  0.00023090 36.36575699
       3300  0.00024157 36.16959381
       3400  0.00021585 36.65848923
       3500  0.00022963 36.38970947
       3600  0.00020540 36.87404633
       3700  0.00023762 36.24114227
       3800  0.00020088 36.97071075
       3900  0.00020413 36.90092468
       4000  0.00019145 37.17939758
       4100  0.00020303 36.92449570
       4200  0.00018466 37.33617783
       4300  0.00017946 37.46026611
       4400  0.00020454 36.89218521
       4500  0.00017832 37.48799896
       4600  0.00017023 37.68962479
       4700  0.00018058 37.43342209
       4800  0.00016416 37.84740448
       4900  0.00018097 37.42399216
       5000  0.00016141 37.92059326
