1.154477708041667938e-03 1.737807178869843483e-04 5.645679630106315017e-05 5.908879684284329414e-04 3.313637571409344673e-04 5.055318470112979412e-04
2.581353066489100456e-03 6.509746071969857439e-06 8.596102816227357835e-06 6.060969826648943126e-05 7.821591134415939450e-05 9.809724724618718028e-05
4.569306224584579468e-02 1.398670264052270795e-07 2.952790225663193269e-07 1.962756941793486476e-04 8.685022294230293483e-06 5.989593773847445846e-06
1.081186905503273010e-01 2.595633707969113857e-09 3.065396114720897458e-08 1.392839840264059603e-05 3.221670397124398733e-07 1.141824100159283262e-06
3.488213717937469482e-01 3.918708135763893097e-10 1.343339572912327640e-08 2.986153049278073013e-06 6.584700429357326357e-08 4.369028374640038237e-07
4.583154320716857910e-01 2.769089402221425189e-10 1.348037770299015392e-08 2.405730811005923897e-06 5.988202644857665291e-08 5.882758955522149336e-07
5.147528648376464844e-01 2.523845299418070454e-10 1.471409127873357647e-08 1.638522689972887747e-06 5.490271703934013203e-08 6.134916361588693690e-07
5.396696925163269043e-01 2.813884680819001005e-10 1.432822038793801767e-08 1.496839445280784275e-06 5.055408536236427608e-08 4.974140210833866149e-07
5.462180972099304199e-01 3.146905236395269867e-10 1.557639528471099766e-08 1.479963657402549870e-06 4.984874379942993983e-08 4.512613998031156370e-07
5.597699284553527832e-01 3.693406136484611579e-10 1.730630572183144977e-08 1.681015078247583006e-06 5.244019618544371042e-08 4.644245450435846578e-07
5.631721019744873047e-01 4.525738117600042187e-10 1.686064088346483913e-08 1.606938553777581546e-06 5.642162292929242540e-08 4.278135463664511917e-07
5.878623723983764648e-01 5.544742442964434304e-10 1.755092604582841886e-08 1.633941451473219786e-06 6.709215938371926313e-08 3.978358051881514257e-07
5.955171585083007812e-01 7.756993936069989104e-10 1.851276998365847248e-08 1.720794557513727341e-06 8.136062490393669577e-08 4.131033790599758504e-07
6.323648691177368164e-01 6.992030288088812995e-10 1.548879247081913491e-08 1.432186877536878455e-06 7.075442454151925631e-08 3.551428449100058060e-07
6.574243307113647461e-01 7.630760467947084180e-10 1.424912987602056091e-08 1.551179479974962305e-06 6.771946203798506758e-08 3.537751069870864740e-07
6.872168183326721191e-01 7.286498071579217140e-10 1.265475635392476761e-08 1.468957748329557944e-06 5.778278122647861892e-08 2.976912583108060062e-07
6.944347023963928223e-01 8.729181821820475307e-10 1.342710209684128131e-08 1.611716470506507903e-06 6.819963971338438569e-08 3.122917746622988489e-07
6.721644401550292969e-01 1.109247138586511028e-09 1.681666894626232533e-08 1.843941959123185370e-06 7.486819697533064755e-08 3.338741976222081576e-07
6.809222698211669922e-01 1.078794054087950371e-09 1.549563855007818347e-08 1.732312398416979704e-06 6.397723950612999033e-08 2.774264942217996577e-07
6.879857778549194336e-01 1.045606379257435492e-09 1.427153950572801477e-08 1.744954033711110242e-06 5.558106153102926328e-08 2.477868008554651169e-07
6.857364773750305176e-01 1.108356184609249340e-09 1.410306715854403592e-08 1.911115305119892582e-06 5.541561876043488155e-08 2.523701141399214976e-07
6.802319884300231934e-01 1.193003473787257462e-09 1.443746988627481187e-08 1.994180593101191334e-06 5.675676817418207065e-08 2.768343279058171902e-07
6.910788416862487793e-01 1.226849621893677522e-09 1.375829761229852011e-08 2.019964085775427520e-06 5.674651148979137361e-08 2.756287358351983130e-07
6.941487193107604980e-01 1.432729823669376401e-09 1.458555143329931525e-08 2.189256292695063166e-06 6.149043940695264610e-08 2.776569090201519430e-07
6.965720057487487793e-01 1.504492530557399732e-09 1.480699385325578987e-08 2.307572913196054287e-06 6.427413268283999059e-08 2.950781947674840922e-07
6.925545334815979004e-01 1.675489413877073730e-09 1.524966464216959139e-08 2.413994934613583609e-06 6.533120000540293404e-08 3.144873232940881280e-07
6.990299820899963379e-01 1.892238365996945504e-09 1.507778968345974135e-08 2.558576852607075125e-06 6.664533458433652413e-08 3.091639655394828878e-07
6.995478868484497070e-01 2.114544317421973574e-09 1.549435246772645769e-08 2.708581860133563168e-06 7.131481538635853212e-08 3.292118151421163930e-07
6.987548470497131348e-01 2.688231637293370113e-09 1.700992413589119678e-08 3.306778580736136064e-06 8.036909093789290637e-08 3.505820700411277357e-07
6.982124447822570801e-01 3.320053787447818650e-09 1.854955300473193347e-08 3.685854608193039894e-06 9.295622049876328674e-08 3.800784043050953187e-07
7.057833671569824219e-01 3.844030871391623805e-09 1.950246897308716143e-08 3.826191914413357154e-06 9.835488157250438235e-08 4.140038072364404798e-07
7.023464441299438477e-01 4.343650328308967801e-09 2.027528545056611620e-08 4.126104158785892650e-06 1.084204299672819616e-07 4.229483749895734945e-07
7.000102996826171875e-01 5.645214073979332170e-09 2.308257585070805362e-08 4.708221240434795618e-06 1.262466611251511495e-07 4.568739768728846684e-07
7.010833024978637695e-01 6.480299408195833166e-09 2.449187164188515453e-08 4.960113074048422277e-06 1.362376735869474942e-07 4.875272452409262769e-07
7.038862109184265137e-01 7.348183839184230237e-09 2.510234331509764161e-08 5.308194431563606486e-06 1.450678013270589872e-07 4.965836524206679314e-07
7.019148468971252441e-01 8.827488962026563968e-09 2.693409584253458888e-08 5.467473783937748522e-06 1.634421806784303044e-07 5.487927978720108513e-07
6.981927156448364258e-01 1.123265125357875149e-08 3.148232607941281458e-08 6.358204700518399477e-06 1.892453980190111906e-07 6.262193892325740308e-07
6.834549307823181152e-01 1.538210270268791646e-08 3.853799412922853662e-08 7.487604307243600488e-06 2.409373678347037639e-07 7.463837619070545770e-07
6.762418746948242188e-01 1.820480122205481166e-08 4.354843952114606509e-08 7.998464752745348960e-06 2.724738408232951770e-07 8.103223194666497875e-07
6.815619468688964844e-01 2.013303124215326534e-08 4.382052765095068025e-08 8.063650057010818273e-06 2.933052769549249206e-07 8.367251211893744767e-07
6.619001626968383789e-01 2.709871615991232829e-08 5.699966010297430330e-08 9.660001524025574327e-06 3.662432277451443952e-07 1.037767788147903048e-06
6.607739329338073730e-01 3.385199676131378510e-08 6.384427564398720278e-08 1.106866056943545118e-05 4.245090963195252698e-07 1.221140678353549447e-06
6.508164405822753906e-01 4.248325780054074130e-08 7.546776004119237768e-08 1.297343442274723202e-05 5.028398959439073224e-07 1.373206714561092667e-06
6.484523415565490723e-01 4.963424871107235958e-08 8.572857268518419005e-08 1.396938296238658950e-05 5.442993824544828385e-07 1.441417225578334183e-06
6.447096467018127441e-01 5.639638800403190544e-08 9.117958654769608984e-08 1.447873091819928959e-05 6.114491952757816762e-07 1.623347316126455553e-06
6.297686696052551270e-01 8.085142866320893518e-08 1.178948707547533559e-07 1.718168277875520289e-05 7.684317893108527642e-07 2.020701913352240808e-06
6.213897466659545898e-01 9.571205339398147771e-08 1.347594178469080362e-07 2.018115083046723157e-05 8.734206176086445339e-07 2.206015551564632915e-06
6.213926672935485840e-01 1.173071026983052434e-07 1.450302136163372779e-07 2.212115578004159033e-05 9.824242397371563129e-07 2.567127921793144196e-06
6.044486761093139648e-01 1.633162582947988994e-07 1.692507964889955474e-07 2.791269980662036687e-05 1.152017830463591963e-06 2.968525677715661004e-06
6.059452891349792480e-01 1.904290485299497959e-07 1.823480317852954613e-07 2.891578878916334361e-05 1.312317408519447781e-06 3.373614163137972355e-06
6.032338142395019531e-01 2.043074260882349336e-07 1.925865689145211945e-07 3.184152228641323745e-05 1.335566935267706867e-06 3.610604153436725028e-06
5.971091985702514648e-01 2.967028933653637068e-07 2.349332390849667718e-07 3.771243063965812325e-05 1.761428279678511899e-06 4.546699074126081541e-06
5.896171927452087402e-01 3.647330686362693086e-07 2.706870247948245378e-07 4.090613583684898913e-05 1.996220817090943456e-06 5.010507265978958458e-06
5.815916657447814941e-01 4.862837954533461016e-07 3.242779200718359789e-07 4.669067857321351767e-05 2.448332679705345072e-06 5.907697413931600749e-06
5.741024613380432129e-01 6.519716748698556330e-07 3.766340910260623787e-07 5.746233000536449254e-05 2.817182576109189540e-06 6.768324965378269553e-06
5.664637088775634766e-01 8.954268082561611664e-07 4.516594742653978756e-07 7.148366421461105347e-05 3.384727278898935765e-06 8.229811101045925170e-06
5.702250599861145020e-01 9.143820420831616502e-07 4.517566480899404269e-07 6.998225580900907516e-05 3.415559831410064362e-06 8.821079973131418228e-06
5.655304789543151855e-01 1.182819346468022559e-06 5.273077476886101067e-07 8.825548866298049688e-05 4.137917130719870329e-06 9.863716513791587204e-06
5.607976913452148438e-01 1.501089968769520056e-06 6.072619953556568362e-07 9.541562758386135101e-05 4.774145054398104548e-06 1.097338827094063163e-05
5.591166615486145020e-01 1.921788225445197895e-06 6.691602152386622038e-07 1.094307735911570489e-04 5.387584224081365392e-06 1.238878940057475120e-05
5.646902918815612793e-01 2.199266646130126901e-06 7.328158631025871728e-07 1.213915893458761275e-04 5.822146704304032028e-06 1.308237642660969868e-05
5.619994997978210449e-01 2.721730197663418949e-06 8.004313940546126105e-07 1.334863773081451654e-04 6.641827440034830943e-06 1.453273034712765366e-05
5.523105859756469727e-01 2.907371708715800196e-06 8.553911357012111694e-07 1.459515333408489823e-04 6.942998879821971059e-06 1.494154457759577781e-05
5.584964156150817871e-01 3.891193500749068335e-06 9.346035767521243542e-07 1.585972495377063751e-04 7.761237611703108996e-06 1.698608502920251340e-05
5.511697530746459961e-01 5.104026513436110690e-06 1.149193053606722970e-06 1.846085942815989256e-04 9.450161087443120778e-06 1.930003600136842579e-05
5.472425818443298340e-01 6.331397798930993304e-06 1.281159597965597641e-06 2.088521723635494709e-04 1.080306083167670295e-05 2.148297426174394786e-05
5.432484149932861328e-01 6.826280241511994973e-06 1.374067778669996187e-06 2.250801189802587032e-04 1.150094612967222929e-05 2.281356319144833833e-05
5.376614332199096680e-01 8.677554433234035969e-06 1.531654561404138803e-06 2.470317995175719261e-04 1.301910106121795252e-05 2.609292641864158213e-05
5.345544815063476562e-01 1.047189289238303900e-05 1.677157456470013130e-06 2.820974041242152452e-04 1.460454222979024053e-05 2.817416861944366246e-05
5.409792661666870117e-01 9.863028026302345097e-06 1.591336854289693292e-06 2.714041911531239748e-04 1.374418206978589296e-05 2.660167046997230500e-05
5.312282443046569824e-01 1.317416172241792083e-05 1.888918177428422496e-06 3.330827748868614435e-04 1.603488817636389285e-05 3.062476753257215023e-05
5.386288762092590332e-01 1.718546081974636763e-05 2.070463779091369361e-06 3.608431434258818626e-04 1.792427610780578107e-05 3.208478301530703902e-05
5.393422842025756836e-01 1.803442501113750041e-05 2.112609081450500526e-06 3.934043925255537033e-04 1.818204145820345730e-05 3.263731923652812839e-05
5.276406407356262207e-01 2.535307612561155111e-05 2.551229272285127081e-06 4.597241349983960390e-04 2.275386941619217396e-05 3.837616168311797082e-05
5.213448405265808105e-01 3.602265496738255024e-05 3.124026079603936523e-06 5.289776017889380455e-04 2.806538941513281316e-05 4.333102697273716331e-05
5.262220501899719238e-01 3.742328044609166682e-05 3.004495056302403100e-06 5.847181309945881367e-04 2.802943708957172930e-05 4.365380300441756845e-05
5.206391215324401855e-01 4.583044210448861122e-05 3.296856675660819747e-06 6.194330053403973579e-04 3.067104626097716391e-05 4.735348920803517103e-05
5.161581635475158691e-01 5.628168582916259766e-05 3.697707143146544695e-06 7.146687712520360947e-04 3.498804653645493090e-05 5.227885412750765681e-05
5.137114524841308594e-01 5.939485708950087428e-05 3.861229288304457441e-06 7.580214296467602253e-04 3.701638343045488000e-05 5.133714876137673855e-05
5.126984715461730957e-01 7.358654693234711885e-05 4.100650585314724594e-06 8.198427385650575161e-04 4.070300929015502334e-05 5.321385833667591214e-05
4.996075034141540527e-01 9.056545241037383676e-05 4.764989625982707366e-06 9.487070492468774319e-04 4.664169318857602775e-05 5.959672125754877925e-05
4.984870553016662598e-01 9.918552677845582366e-05 4.848138360102893785e-06 9.718175861053168774e-04 4.788615842699073255e-05 6.114863936090841889e-05
5.032092928886413574e-01 1.189119648188352585e-04 5.340925781638361514e-06 9.928235085681080818e-04 5.233566116658039391e-05 6.317360384855419397e-05
5.098188519477844238e-01 1.155908248620107770e-04 5.417232387117110193e-06 9.971159743145108223e-04 5.022111508878879249e-05 6.161235069157555699e-05
4.887274503707885742e-01 1.517928467364981771e-04 6.117193152022082359e-06 1.151679316535592079e-03 5.846685235155746341e-05 6.798002868890762329e-05
4.913027882575988770e-01 1.595780340721830726e-04 6.029681571817491204e-06 1.184126478619873524e-03 5.370728104026056826e-05 6.971108814468607306e-05
4.839242994785308838e-01 1.942448579939082265e-04 6.925045909156324342e-06 1.319561153650283813e-03 6.218452472239732742e-05 7.611970067955553532e-05
4.822669923305511475e-01 2.198867441620677710e-04 7.115425432857591659e-06 1.320707146078348160e-03 6.236190529307350516e-05 7.428393291775137186e-05
4.770198166370391846e-01 2.600500884000211954e-04 7.876664312789216638e-06 1.401712186634540558e-03 6.915239646332338452e-05 7.742942398181185126e-05
4.747252464294433594e-01 2.742091892287135124e-04 8.042917215789202601e-06 1.455662189982831478e-03 7.287186599569395185e-05 8.170132059603929520e-05
4.750861823558807373e-01 3.211524744983762503e-04 9.009262612380553037e-06 1.500090467743575573e-03 7.666707824682816863e-05 7.675340748392045498e-05
4.539310038089752197e-01 3.774583165068179369e-04 1.017395334201864898e-05 1.607602345757186413e-03 8.432770118815824389e-05 8.081797568593174219e-05
4.518143832683563232e-01 4.370146198198199272e-04 1.088792487280443311e-05 1.795825315639376640e-03 8.995432290248572826e-05 8.282658382086083293e-05
4.476413428783416748e-01 5.077871028333902359e-04 1.130620148614980280e-05 1.950177596881985664e-03 9.545701323077082634e-05 8.579492714488878846e-05
4.346936345100402832e-01 6.457109120674431324e-04 1.253483605978544801e-05 2.142743906006217003e-03 1.069757709046825767e-04 9.143248462351039052e-05
4.359958767890930176e-01 7.005367078818380833e-04 1.301355678151594475e-05 2.212768886238336563e-03 1.101700036088004708e-04 9.286894055549055338e-05
4.278318583965301514e-01 8.181019220501184464e-04 1.420296121068531647e-05 2.350270515307784081e-03 1.197829406009986997e-04 9.852409129962325096e-05
4.243117272853851318e-01 8.897662628442049026e-04 1.451685511710820720e-05 2.492472529411315918e-03 1.192798590636812150e-04 9.857727127382531762e-05
4.316028058528900146e-01 8.946480811573565006e-04 1.461415922676678747e-05 2.374770818278193474e-03 1.210656118928454816e-04 9.976066212402656674e-05
4.328543245792388916e-01 9.875239338725805283e-04 1.510093170509207994e-05 2.503322437405586243e-03 1.238852128153666854e-04 1.037527981679886580e-04
4.245587289333343506e-01 1.056469161994755268e-03 1.582894765306264162e-05 2.557191764935851097e-03 1.262433797819539905e-04 1.038821064867079258e-04
