3.893274697475135326e-04 5.866530045750550926e-05 1.725016627460718155e-04 2.482110539858695120e-05 1.172438060166314244e-04 1.658500405028462410e-04
2.526971511542797089e-02 4.770170562551356852e-06 5.254612187854945660e-05 2.912507807195652276e-05 7.093472959240898490e-05 1.273944326385390013e-05
5.298968553543090820e-01 5.176942750040325336e-07 1.591698855918366462e-05 1.104274360841372982e-06 2.621528619783930480e-05 1.945613803400192410e-06
9.475721716880798340e-01 1.469840471557404271e-09 1.566803717878428870e-07 1.817252837099658791e-08 4.771368722344959679e-08 9.138331868996374396e-09
9.670734405517578125e-01 3.890414379537077139e-11 8.050832001060825860e-09 1.093844681498978844e-09 1.771422786234211344e-09 2.653812725128545935e-10
9.697672724723815918e-01 3.143155180573842244e-11 6.409083930236647575e-09 8.364471892896574445e-10 1.108564795515576407e-09 2.142208493927100221e-10
9.755225181579589844e-01 2.234386634047957898e-11 4.112963747360254274e-09 7.966822757055069815e-10 4.618808946421637529e-10 1.468716398500546916e-10
9.790813922882080078e-01 1.756257986262887982e-11 2.731795012422821856e-09 7.449092453981620565e-10 2.816553934525956038e-10 1.099978302887549830e-10
9.846166372299194336e-01 1.593940951449823729e-11 2.098333284905606888e-09 7.207163199574040391e-10 1.762755219569811516e-10 8.999495593187134546e-11
9.850430488586425781e-01 2.111431515738892983e-11 2.262029674682253244e-09 8.679464924554736172e-10 1.882648620332716405e-10 1.117333933708941629e-10
9.838752746582031250e-01 3.243989452061946110e-11 3.426064765221781272e-09 1.206926891761384013e-09 2.651104613615729022e-10 1.906542146379308633e-10
9.838590025901794434e-01 4.017670224287783753e-11 3.949716997908581106e-09 1.433480667500930394e-09 2.909522345273529709e-10 2.428911238805397943e-10
9.816530346870422363e-01 7.560858883426391230e-11 6.444630162860676137e-09 2.189812109421040986e-09 4.866163028083292375e-10 4.187004909450564583e-10
9.802302718162536621e-01 1.045514300135330643e-10 8.381857874439901934e-09 2.755920380792531432e-09 6.494783599819697884e-10 5.314808038114904321e-10
9.774131178855895996e-01 1.710807329136088129e-10 1.285346318269375843e-08 3.824283556497221070e-09 1.013664818749759888e-09 8.037705501173775247e-10
9.748358726501464844e-01 2.156833045496853174e-10 1.531494930873122939e-08 4.532732411632878211e-09 1.343893885064062488e-09 1.003378824471212738e-09
9.714058041572570801e-01 2.211162780652031756e-10 1.539463667654672463e-08 4.302175060644231053e-09 1.399853566397268878e-09 9.950578139239496522e-10
9.688226580619812012e-01 2.810728871871503998e-10 1.813761940638869419e-08 4.739799663866506307e-09 1.853302178389526489e-09 1.218194101149094877e-09
9.626891016960144043e-01 4.510042062033647881e-10 2.523424846856414661e-08 6.195926438579135720e-09 2.876568316878547193e-09 1.786657266578117742e-09
9.594374299049377441e-01 6.356456472289551130e-10 3.401266823743753775e-08 7.823547143459563813e-09 3.907252743573508269e-09 2.414656696814176939e-09
9.543891549110412598e-01 1.012169570380194727e-09 4.929549035637137422e-08 1.018815520836824362e-08 6.069844626921394593e-09 3.390215885801239892e-09
9.475271105766296387e-01 1.903890156640386522e-09 8.928333272706368007e-08 1.463764842668524579e-08 9.834058012359037093e-09 5.861196417100700273e-09
9.471647143363952637e-01 2.363676365746414376e-09 9.779080301086651161e-08 1.588275821973184065e-08 1.160802298727503512e-08 6.827923559882265181e-09
9.387553334236145020e-01 3.964792938404571032e-09 1.549725539007340558e-07 2.081241845530712453e-08 1.811203453883081238e-08 1.062335641677236708e-08
9.314888119697570801e-01 5.705381500575867904e-09 2.099559424095787108e-07 2.490145689648670668e-08 2.332383353120803804e-08 1.456034048885612719e-08
9.283669590950012207e-01 8.042915666806038644e-09 2.701466996768431272e-07 3.095827949550766789e-08 3.123842517993580259e-08 1.792753323570650537e-08
9.277439713478088379e-01 1.124297099863724725e-08 3.456079298302938696e-07 3.748146681914477085e-08 3.945316251474650926e-08 2.284977185240677500e-08
9.227040410041809082e-01 1.635877033834276517e-08 4.553150176889175782e-07 4.540052955803730583e-08 5.289869520197498787e-08 2.970365997612134379e-08
9.180158972740173340e-01 2.429792544944575639e-08 6.230644089555426035e-07 5.904443867166264681e-08 7.021229464498901507e-08 3.976945350814276026e-08
9.194734096527099609e-01 3.129980896687811764e-08 7.516439950450148899e-07 7.126042333993609645e-08 8.793917061211686814e-08 4.713225365549078560e-08
9.219359159469604492e-01 3.963927497352415230e-08 8.738515475670283195e-07 8.506892612558658584e-08 1.021742619400356489e-07 5.478484510490488901e-08
9.189945459365844727e-01 5.803826397254852054e-08 1.101423663385503460e-06 1.034403140920403530e-07 1.423428130920001422e-07 6.966359222815299290e-08
9.194394350051879883e-01 6.947022512804323924e-08 1.219717887579463422e-06 1.150830755136666994e-07 1.636240796187848900e-07 7.689506276165047893e-08
9.212523698806762695e-01 1.044820265860835207e-07 1.683298137322708499e-06 1.569590892813721439e-07 2.099011027212327463e-07 1.071356479087626212e-07
9.208080172538757324e-01 1.350935434629718657e-07 2.035169700320693664e-06 1.717165503123396775e-07 2.678224291230435483e-07 1.264793496602578671e-07
9.204341769218444824e-01 1.856890321505488828e-07 2.559268978075124323e-06 2.124793354596477002e-07 3.299542470358574064e-07 1.565622085308859823e-07
9.231039285659790039e-01 2.438791000258788699e-07 3.026076910828123800e-06 2.629174957746727159e-07 4.158620185990002938e-07 1.806850491448130924e-07
9.228969216346740723e-01 3.278426561337255407e-07 3.668515091703739017e-06 3.058001141198474215e-07 5.113336101203458384e-07 2.154212950244982494e-07
9.197449088096618652e-01 4.618310072146414313e-07 4.820179583475692198e-06 3.943824538055196172e-07 6.487314863079518545e-07 2.793892690533539280e-07
9.175386428833007812e-01 6.077556804484629538e-07 6.022999514243565500e-06 4.403031539368384983e-07 8.019055712793488055e-07 3.420925054342660587e-07
9.162191152572631836e-01 8.307669077112223022e-07 7.463011115760309622e-06 5.085155976303212810e-07 9.603878652342245914e-07 4.206794415040349122e-07
9.156062602996826172e-01 1.094036747417703737e-06 8.860434718371834606e-06 6.126674634288065135e-07 1.077015781447698828e-06 5.074587079434422776e-07
9.089977741241455078e-01 1.527897211417439394e-06 1.152040476881666109e-05 7.693615202697401401e-07 1.439384050172520801e-06 6.775361498512211256e-07
9.122171998023986816e-01 2.059712187474360690e-06 1.434672049072105438e-05 9.383499559589836281e-07 1.709325829324370716e-06 8.199417607102077454e-07
9.091364145278930664e-01 2.818604343701736070e-06 1.798856828827410936e-05 1.121299192163860425e-06 2.039885885096737184e-06 1.031061060530191753e-06
9.003455042839050293e-01 4.090621587238274515e-06 2.320155181223526597e-05 1.344825705018592998e-06 2.550271574364160188e-06 1.364367108180886135e-06
8.989573717117309570e-01 6.062856755306711420e-06 3.159304469591006637e-05 1.755641960698994808e-06 3.349035296196234412e-06 1.815749556044465862e-06
8.944297432899475098e-01 9.155071893474087119e-06 4.142129910178482533e-05 2.121618990713614039e-06 4.109266683371970430e-06 2.397140406174003147e-06
8.940177559852600098e-01 1.023403638100717217e-05 4.240482667228206992e-05 2.250650823043542914e-06 4.402032573125325143e-06 2.599206254672026262e-06
8.846905231475830078e-01 1.431623331882292405e-05 5.538400364457629621e-05 2.787245875879307278e-06 5.638209586322773248e-06 3.406362793612061068e-06
8.823100924491882324e-01 1.875277848739642650e-05 6.429596396628767252e-05 3.124610884697176516e-06 6.346515419863862917e-06 4.041048669023439288e-06
8.807901740074157715e-01 2.521961141610518098e-05 7.600520621053874493e-05 3.627679689088836312e-06 7.702212315052747726e-06 4.905185051029548049e-06
8.718277215957641602e-01 3.914285116479732096e-05 1.054953681887127459e-04 4.754107976623345166e-06 1.073580369848059490e-05 6.691999715258134529e-06
8.598105907440185547e-01 5.426046845968812704e-05 1.279533898923546076e-04 5.568371307163033634e-06 1.305169189436128363e-05 8.428525688941590488e-06
8.578035235404968262e-01 6.386823952198028564e-05 1.376060099573805928e-04 6.037982984707923606e-06 1.445299039914971218e-05 9.149265679297968745e-06
8.402674794197082520e-01 9.862856677500531077e-05 1.926482509588822722e-04 7.878437827457673848e-06 1.989349038922227919e-05 1.298417282669106498e-05
8.353087306022644043e-01 1.271954097319394350e-04 2.243665076093748212e-04 8.746769708523061126e-06 2.321672945981845260e-05 1.547342253616079688e-05
8.208458423614501953e-01 1.833428832469508052e-04 2.874023048207163811e-04 1.087455802917247638e-05 2.987024890899192542e-05 2.119031159963924438e-05
8.123619556427001953e-01 2.459672687109559774e-04 3.225018153898417950e-04 1.221227284986525774e-05 3.587726678233593702e-05 2.642796243890188634e-05
8.004826307296752930e-01 3.592204011511057615e-04 3.989849647041410208e-04 1.559236807224806398e-05 4.688243643613532186e-05 3.412800288060680032e-05
7.954410910606384277e-01 4.380948375910520554e-04 4.433872818481177092e-04 1.719553074508439749e-05 5.174088437343016267e-05 3.860024298774078488e-05
7.772884964942932129e-01 6.994495051912963390e-04 5.784514360129833221e-04 2.228022276540286839e-05 6.762111297575756907e-05 5.492285708896815777e-05
7.631916999816894531e-01 8.818872738629579544e-04 6.362593849189579487e-04 2.547653639339841902e-05 7.858387834858149290e-05 6.362259591696783900e-05
7.338883280754089355e-01 1.336654531769454479e-03 7.928797858767211437e-04 3.121396366623230278e-05 1.049019047059118748e-04 8.249022357631474733e-05
7.278416752815246582e-01 1.800777739845216274e-03 9.038861608132719994e-04 3.610771818784996867e-05 1.221833517774939537e-04 9.732726175570860505e-05
7.154175639152526855e-01 1.990194665268063545e-03 9.993693092837929726e-04 3.945917706005275249e-05 1.304837205680087209e-04 1.058456473401747644e-04
6.993067860603332520e-01 2.706004306674003601e-03 1.158503117039799690e-03 4.691691356129013002e-05 1.594044297235086560e-04 1.310232619289308786e-04
6.640737652778625488e-01 4.086069297045469284e-03 1.452516182325780392e-03 6.150933040771633387e-05 1.986088900594040751e-04 1.716273109195753932e-04
6.270478367805480957e-01 6.399511359632015228e-03 1.860876218415796757e-03 8.228799561038613319e-05 2.618573489598929882e-04 2.242180344182997942e-04
6.062687039375305176e-01 8.038659580051898956e-03 2.193214604631066322e-03 9.418556874152272940e-05 3.041334857698529959e-04 2.661067119333893061e-04
5.877528786659240723e-01 9.988101199269294739e-03 2.457043388858437538e-03 1.094618564820848405e-04 3.588192339520901442e-04 3.026578924618661404e-04
5.381621122360229492e-01 1.593577489256858826e-02 3.210264258086681366e-03 1.307761849602684379e-04 4.930060240440070629e-04 4.235934466123580933e-04
5.385887622833251953e-01 1.877866871654987335e-02 3.382086753845214844e-03 1.506533008068799973e-04 5.517096724361181259e-04 4.496597975958138704e-04
4.771714508533477783e-01 2.890833839774131775e-02 4.366311244666576385e-03 1.940268848557025194e-04 7.349892985075712204e-04 5.899584502913057804e-04
4.153078198432922363e-01 4.228365421295166016e-02 5.131989717483520508e-03 2.185672201449051499e-04 9.589756955392658710e-04 7.362184114754199982e-04
4.132157564163208008e-01 5.016347765922546387e-02 5.690162070095539093e-03 2.366846892982721329e-04 1.102505018934607506e-03 8.060870459303259850e-04
3.560389280319213867e-01 6.968697160482406616e-02 6.384534295648336411e-03 2.759181370493024588e-04 1.340375281870365143e-03 9.912418900057673454e-04
3.111593127250671387e-01 9.405498951673507690e-02 7.179181091487407684e-03 3.249210421927273273e-04 1.535739982500672340e-03 1.111228251829743385e-03
2.884392440319061279e-01 1.242430061101913452e-01 7.836543023586273193e-03 3.585157974157482386e-04 1.867442508228123188e-03 1.311256783083081245e-03
2.536228597164154053e-01 1.534720510244369507e-01 8.431240916252136230e-03 3.862802404910326004e-04 2.108249580487608910e-03 1.401800895109772682e-03
2.225276976823806763e-01 2.084360718727111816e-01 9.983237832784652710e-03 4.843347414862364531e-04 2.642959589138627052e-03 1.598060829564929008e-03
1.914823055267333984e-01 2.532684206962585449e-01 1.034140493720769882e-02 4.756431153509765863e-04 3.026680555194616318e-03 1.722303801216185093e-03
1.690005064010620117e-01 2.997052967548370361e-01 1.034505013376474380e-02 5.257591255940496922e-04 3.221577731892466545e-03 1.747351954691112041e-03
1.445210874080657959e-01 3.521986603736877441e-01 1.040080003440380096e-02 5.317236646078526974e-04 3.458502702414989471e-03 1.828699023462831974e-03
1.423876732587814331e-01 3.558291792869567871e-01 1.053601037710905075e-02 5.237180157564580441e-04 3.594242502003908157e-03 1.765301334671676159e-03
1.091087237000465393e-01 4.260208904743194580e-01 1.024378649890422821e-02 5.112384096719324589e-04 3.719725413247942924e-03 1.791502581909298897e-03
8.984985947608947754e-02 5.099408030509948730e-01 1.063789986073970795e-02 4.943116218782961369e-04 3.751954296603798866e-03 1.762356841936707497e-03
7.057262957096099854e-02 5.796922445297241211e-01 1.024977024644613266e-02 5.084675503894686699e-04 3.589658765122294426e-03 1.657021231949329376e-03
5.575233697891235352e-02 6.213874816894531250e-01 9.496670216321945190e-03 4.720209108199924231e-04 3.339649410918354988e-03 1.549280132167041302e-03
4.583548754453659058e-02 6.711609959602355957e-01 9.188286960124969482e-03 4.818971210625022650e-04 3.404278308153152466e-03 1.390090910717844963e-03
4.005123674869537354e-02 6.916970610618591309e-01 8.186390623450279236e-03 4.760830488521605730e-04 2.981791272759437561e-03 1.274518901482224464e-03
3.605033084750175476e-02 7.249892354011535645e-01 7.994572632014751434e-03 4.395099240355193615e-04 2.811115002259612083e-03 1.270106062293052673e-03
2.985168248414993286e-02 7.551273703575134277e-01 7.258723489940166473e-03 4.152634064666926861e-04 2.625682158395648003e-03 1.132492208853363991e-03
2.394765429198741913e-02 7.950225472450256348e-01 6.498798727989196777e-03 3.800062986556440592e-04 2.491327235475182533e-03 1.071810489520430565e-03
2.051539346575737000e-02 8.152471780776977539e-01 6.203279830515384674e-03 3.786035522352904081e-04 2.459164010360836983e-03 1.024529454298317432e-03
1.988623291254043579e-02 8.200311064720153809e-01 5.704607348889112473e-03 3.611152060329914093e-04 2.367752371355891228e-03 9.792002383619546890e-04
1.690477319061756134e-02 8.413506746292114258e-01 5.256372969597578049e-03 3.410672361496835947e-04 2.100878627970814705e-03 9.065362974070012569e-04
1.533146388828754425e-02 8.526176214218139648e-01 4.991544410586357117e-03 3.280653909314423800e-04 1.972979865968227386e-03 8.552715880796313286e-04
1.273013465106487274e-02 8.706759810447692871e-01 4.532146267592906952e-03 3.113365964964032173e-04 1.863849232904613018e-03 7.481226348318159580e-04
9.965679608285427094e-03 8.894227743148803711e-01 3.844530787318944931e-03 2.875854261219501495e-04 1.595002249814569950e-03 6.723193801008164883e-04
8.871814236044883728e-03 9.049086570739746094e-01 3.498387057334184647e-03 2.768420672509819269e-04 1.426018541678786278e-03 6.212459993548691273e-04
