4.566181320037679403e-04
2.963728739653822414e-02
6.214832783401376126e-01
1.111348847939153339e+00
1.134220681169956890e+00
1.137380110172809156e+00
1.144130082210167210e+00
1.148304065768133819e+00
1.154796012527263604e+00
1.155296124377831246e+00
1.153926514177059381e+00
1.153907429673955543e+00
1.151320186231195031e+00
1.149651515575191629e+00
1.146347449807057828e+00
1.143324758123147378e+00
1.139301842738101866e+00
1.136272230300318764e+00
1.129078561042447193e+00
1.125264876125496416e+00
1.119344066327386589e+00
1.111295998545942521e+00
1.110870966388904479e+00
1.101008123147474871e+00
1.092485669146020966e+00
1.088824240814272093e+00
1.088093576981153277e+00
1.082182554107712136e+00
1.076684120015659163e+00
1.078393546222247146e+00
1.081281667691963433e+00
1.077831916559476522e+00
1.078353699457524684e+00
1.080479978748392078e+00
1.079958825009786905e+00
1.079520370784631700e+00
1.082651557519154428e+00
1.082408771880767340e+00
1.078711970807001874e+00
1.076124377831217505e+00
1.074576785414685931e+00
1.073858005704378948e+00
1.066107320619652077e+00
1.069883186063419256e+00
1.066269923382361151e+00
1.055959607963760316e+00
1.054331553045131598e+00
1.049021377439740554e+00
1.048538182987528655e+00
1.037598847939153357e+00
1.034806987864213434e+00
1.033024369442424817e+00
1.022512862815278867e+00
1.008418712599966405e+00
1.006064747497343648e+00
9.854978049326100775e-01
9.796819948548738388e-01
9.627193669257871900e-01
9.527691404283876730e-01
9.388366142833174388e-01
9.329237039315474433e-01
9.116336474470108087e-01
8.951003858844583938e-01
8.607322716850287492e-01
8.536405262569207730e-01
8.390690537441977126e-01
8.201737179128684163e-01
7.788510849505061451e-01
7.354256613164811274e-01
7.110551003858844865e-01
6.893390330518427422e-01
6.311770874112185847e-01
6.316774788882053571e-01
5.596449094010401693e-01
4.870888792573122572e-01
4.846352273362787288e-01
4.175760583859963182e-01
3.649395307868687488e-01
3.382925661316480981e-01
2.974585803366702197e-01
2.609889862144175177e-01
2.245777641071528552e-01
1.982102511045243654e-01
1.694998531961299792e-01
1.669977035680331179e-01
1.279668799983222360e-01
1.053793481908170682e-01
8.277027641071528496e-02
6.538847100274033930e-02
5.375761108159499146e-02
4.697362074268776611e-02
4.228120543453945529e-02
3.501119379508976087e-02
2.808672394930373031e-02
2.406123731195123489e-02
2.332333377607516411e-02
1.982656389813209491e-02
1.798132663511548684e-02
1.493038831371287962e-02
1.168812981481740475e-02
1.040520271167719862e-02
