2.218315096890768439e-05
3.788091930531020668e-01
6.441897214324212584e-01
7.999047041833258209e-01
8.991666188082471090e-01
9.357266358649219962e-01
9.382659279563362320e-01
9.542136690619559269e-01
9.598908288598045901e-01
9.641130269170882228e-01
9.648859321705085534e-01
9.689284062383169971e-01
9.806863153931031363e-01
9.972752606441894763e-01
9.998869159817320718e-01
1.007564919535030690e+00
1.012954073613288264e+00
1.018585184072691607e+00
1.023603640976464391e+00
1.021274925931283661e+00
1.023494438259579642e+00
1.023227615235673627e+00
1.023220773619676116e+00
1.018076207313332260e+00
1.019200666373398123e+00
1.014522514080736570e+00
1.013154848728909929e+00
1.013019134750034578e+00
1.013147941328143231e+00
1.012664686413544013e+00
1.012599888415874450e+00
1.013648431852274712e+00
1.012063150483909491e+00
1.014857029632157293e+00
1.011469508726579924e+00
1.013857166924970521e+00
1.010735745410838105e+00
1.011894017842276616e+00
1.009995600972483087e+00
1.010293474407455205e+00
1.006127719682151644e+00
1.007072717891819291e+00
1.009128755068634309e+00
1.009547672478948277e+00
1.009442153709139367e+00
1.008478275270709323e+00
1.010811726819272893e+00
1.016354422548861214e+00
1.015195952763114917e+00
1.015378110789050714e+00
1.017398229481878413e+00
