          0  0.16097105  7.93252277
        100  0.01218077 19.14325333
        200  0.00819660 20.86366463
        300  0.00677371 21.69173050
        400  0.00614797 22.11268044
        500  0.00559995 22.51815987
        600  0.00520221 22.83812332
        700  0.00500578 23.00527954
        800  0.00490856 23.09045792
        900  0.00464248 23.33249664
       1000  0.00454621 23.42350388
       1100  0.00464642 23.32881927
       1200  0.00408449 23.88862228
       1300  0.00398976 23.99053383
       1400  0.00384155 24.15493965
       1500  0.00375620 24.25251198
       1600  0.00361693 24.41659737
       1700  0.00341712 24.66339493
       1800  0.00333022 24.77527428
       1900  0.00331065 24.80086899
       2000  0.00315236 25.01364708
       2100  0.00306091 25.14148903
       2200  0.00292405 25.34014702
       2300  0.00304486 25.16433144
       2400  0.00286403 25.43022728
       2500  0.00265057 25.76660538
       2600  0.00269349 25.69684982
       2700  0.00258940 25.86800957
       2800  0.00240756 26.18423653
       2900  0.00239994 26.19799805
       3000  0.00227610 26.42808151
       3100  0.00222310 26.53040504
       3200  0.00230075 26.38130951
       3300  0.00209679 26.78445244
       3400  0.00202953 26.92605400
       3500  0.00206832 26.84382629
       3600  0.00200010 26.98948860
       3700  0.00196089 27.07547760
       3800  0.00196049 27.07634354
       3900  0.00181118 27.42038536
       4000  0.00179541 27.45836067
       4100  0.00180348 27.43889427
       4200  0.00176997 27.52035141
       4300  0.00172230 27.63891411
       4400  0.00160770 27.93794060
       4500  0.00158701 27.99420166
       4600  0.00152730 28.16075134
       4700  0.00152749 28.16022110
       4800  0.00144009 28.41609001
       4900  0.00141941 28.47891235
       5000  0.00145913 28.35905075
