1.344223499298095703e+01
2.055753135681152344e+01
2.683425331115722656e+01
3.048300552368164062e+01
3.190982627868652344e+01
3.221864700317382812e+01
3.206804275512695312e+01
3.166994667053222656e+01
3.113098335266113281e+01
3.057866477966308594e+01
3.006205749511718750e+01
2.954808807373046875e+01
2.907439804077148438e+01
2.864620780944824219e+01
2.825930404663085938e+01
2.787698173522949219e+01
2.752629852294921875e+01
2.721475410461425781e+01
2.690991210937500000e+01
2.664899063110351562e+01
2.641972732543945312e+01
2.616730499267578125e+01
2.596936798095703125e+01
2.574466133117675781e+01
2.555391502380371094e+01
2.536478996276855469e+01
2.522304725646972656e+01
2.507709884643554688e+01
2.494205665588378906e+01
2.481097412109375000e+01
2.470067787170410156e+01
2.458674812316894531e+01
2.449426269531250000e+01
2.439887046813964844e+01
2.432001113891601562e+01
2.423571777343750000e+01
2.416842460632324219e+01
2.410645103454589844e+01
2.405533409118652344e+01
2.398684883117675781e+01
2.393931770324707031e+01
2.388843727111816406e+01
2.383384895324707031e+01
2.379194068908691406e+01
2.375282096862792969e+01
2.371912384033203125e+01
2.367222213745117188e+01
2.363611602783203125e+01
2.359976959228515625e+01
2.356880187988281250e+01
2.353070449829101562e+01
