3.819170524366199970e-04 3.819170524366199970e-04 1.300827570958063006e-04 3.369071753695607185e-03 3.445851034484803677e-04 9.206353570334613323e-04
1.003546873107552528e-03 1.003546873107552528e-03 1.234851777553558350e-02 1.587068848311901093e-02 1.574545651674270630e-01 4.896347969770431519e-02
5.423118546605110168e-02 5.423118546605110168e-02 9.829509258270263672e-02 6.675672531127929688e-02 4.404503107070922852e-01 1.728302612900733948e-02
6.206270456314086914e-01 6.206270456314086914e-01 7.363239675760269165e-02 1.183279380202293396e-01 1.588636822998523712e-02 1.930805970914661884e-03
9.539976119995117188e-01 9.539976119995117188e-01 2.001493424177169800e-02 3.104782663285732269e-03 1.914948516059666872e-04 4.869847907684743404e-05
9.680073261260986328e-01 9.680073261260986328e-01 2.149710059165954590e-02 6.482962053269147873e-04 4.984603947377763689e-05 2.332528129045385867e-05
9.707977771759033203e-01 9.707977771759033203e-01 2.210354618728160858e-02 3.083447227254509926e-04 4.290029755793511868e-05 2.486371522536501288e-05
9.730490446090698242e-01 9.730490446090698242e-01 1.866091229021549225e-02 3.102581540588289499e-04 5.631596286548301578e-05 2.723810212046373636e-05
9.676143527030944824e-01 9.676143527030944824e-01 2.202991023659706116e-02 4.055136523675173521e-04 6.797649257350713015e-05 3.696141720865853131e-05
9.663838744163513184e-01 9.663838744163513184e-01 2.373911254107952118e-02 4.285037866793572903e-04 6.457573181251063943e-05 3.760144318221136928e-05
9.698576331138610840e-01 9.698576331138610840e-01 2.170757390558719635e-02 3.150380216538906097e-04 5.907083686906844378e-05 4.044803063152357936e-05
9.705722332000732422e-01 9.705722332000732422e-01 2.309015206992626190e-02 4.809923120774328709e-04 6.894829130033031106e-05 4.172511762590147555e-05
9.670480489730834961e-01 9.670480489730834961e-01 2.799524739384651184e-02 6.621910142712295055e-04 6.805492012063041329e-05 5.039372263127006590e-05
9.491738677024841309e-01 9.491738677024841309e-01 4.577749967575073242e-02 1.273762318305671215e-03 1.021808056975714862e-04 5.939392212894745171e-05
9.468871951103210449e-01 9.468871951103210449e-01 4.817888513207435608e-02 1.521678757853806019e-03 1.228610053658485413e-04 5.142953887116163969e-05
9.540323615074157715e-01 9.540323615074157715e-01 4.175754263997077942e-02 1.410439610481262207e-03 1.175864672404713929e-04 4.669801273848861456e-05
9.565637707710266113e-01 9.565637707710266113e-01 3.951426967978477478e-02 1.500258222222328186e-03 1.077763517969287932e-04 4.530197111307643354e-05
9.602402448654174805e-01 9.602402448654174805e-01 3.596451506018638611e-02 1.545608858577907085e-03 9.529755334369838238e-05 4.380404789117164910e-05
9.688599109649658203e-01 9.688599109649658203e-01 2.830957807600498199e-02 9.809102630242705345e-04 8.720972982700914145e-05 4.168778832536190748e-05
9.670895338058471680e-01 9.670895338058471680e-01 2.989999391138553619e-02 1.017676899209618568e-03 1.070195794454775751e-04 4.587486182572320104e-05
9.696230888366699219e-01 9.696230888366699219e-01 2.735368721187114716e-02 9.882036829367280006e-04 1.031210777000524104e-04 4.631663614418357611e-05
9.730758666992187500e-01 9.730758666992187500e-01 2.411626465618610382e-02 9.015151881612837315e-04 1.267140614800155163e-04 5.195174526306800544e-05
9.735937118530273438e-01 9.735937118530273438e-01 2.366045862436294556e-02 8.584320312365889549e-04 1.304860052186995745e-04 5.924366996623575687e-05
9.688925743103027344e-01 9.688925743103027344e-01 2.782020531594753265e-02 1.098580309189856052e-03 1.693740923656150699e-04 7.591750181745737791e-05
9.643083214759826660e-01 9.643083214759826660e-01 3.166268765926361084e-02 1.448591705411672592e-03 1.928885903907939792e-04 9.662560478318482637e-05
9.633510708808898926e-01 9.633510708808898926e-01 3.241974487900733948e-02 1.529112807475030422e-03 2.047692833002656698e-04 9.351401968160644174e-05
9.544835090637207031e-01 9.544835090637207031e-01 4.026351124048233032e-02 2.097477903589606285e-03 2.244774950668215752e-04 1.087342316168360412e-04
9.526728391647338867e-01 9.526728391647338867e-01 4.186315089464187622e-02 2.287441864609718323e-03 2.069662441499531269e-04 1.161504769697785378e-04
9.573690295219421387e-01 9.573690295219421387e-01 3.776964545249938965e-02 2.088663401082158089e-03 1.809261302696540952e-04 1.009302432066760957e-04
9.590243697166442871e-01 9.590243697166442871e-01 3.641610220074653625e-02 1.946518779732286930e-03 1.908697740873321891e-04 1.054079912137240171e-04
9.601194858551025391e-01 9.601194858551025391e-01 3.545079380273818970e-02 1.927368342876434326e-03 1.932397426571696997e-04 1.123960828408598900e-04
9.602485299110412598e-01 9.602485299110412598e-01 3.539994731545448303e-02 1.825968851335346699e-03 2.033214259427040815e-04 1.361614704364910722e-04
9.583449363708496094e-01 9.583449363708496094e-01 3.750662133097648621e-02 1.751860836520791054e-03 1.951496960828080773e-04 1.438590988982468843e-04
9.597190618515014648e-01 9.597190618515014648e-01 3.625034540891647339e-02 1.720223575830459595e-03 1.977667561732232571e-04 1.449339615646749735e-04
9.610934257507324219e-01 9.610934257507324219e-01 3.449427708983421326e-02 1.815003692172467709e-03 2.024606219492852688e-04 1.748955255607143044e-04
9.644941687583923340e-01 9.644941687583923340e-01 3.119886852800846100e-02 1.847091014496982098e-03 2.164068719139322639e-04 1.570313324918970466e-04
9.654899239540100098e-01 9.654899239540100098e-01 3.043359704315662384e-02 1.552824745886027813e-03 2.151439985027536750e-04 1.750977680785581470e-04
9.681034684181213379e-01 9.681034684181213379e-01 2.747948653995990753e-02 1.736480393446981907e-03 2.507156459614634514e-04 1.675970852375030518e-04
9.717758297920227051e-01 9.717758297920227051e-01 2.435718290507793427e-02 1.354924519546329975e-03 2.218628796981647611e-04 1.665691816015169024e-04
9.708982110023498535e-01 9.708982110023498535e-01 2.527880482375621796e-02 1.368702040053904057e-03 2.252435951959341764e-04 1.492966403020545840e-04
9.729433655738830566e-01 9.729433655738830566e-01 2.336279116570949554e-02 1.232184236869215965e-03 2.186368365073576570e-04 1.534104958409443498e-04
9.771291613578796387e-01 9.771291613578796387e-01 1.961543224751949310e-02 1.062375027686357498e-03 1.990408200072124600e-04 1.314425753662362695e-04
9.786393642425537109e-01 9.786393642425537109e-01 1.829500496387481689e-02 9.842340368777513504e-04 1.791845570551231503e-04 1.256712712347507477e-04
9.793757796287536621e-01 9.793757796287536621e-01 1.751948893070220947e-02 9.294609772041440010e-04 2.063931897282600403e-04 1.124098271247930825e-04
9.812470078468322754e-01 9.812470078468322754e-01 1.572910696268081665e-02 9.120179456658661366e-04 1.993177138501778245e-04 1.082983508240431547e-04
9.822751283645629883e-01 9.822751283645629883e-01 1.467972062528133392e-02 8.709137327969074249e-04 2.096941170748323202e-04 1.143658009823411703e-04
9.808423519134521484e-01 9.808423519134521484e-01 1.581921055912971497e-02 9.394052322022616863e-04 2.296543971169739962e-04 1.166429719887673855e-04
9.814015030860900879e-01 9.814015030860900879e-01 1.524536404758691788e-02 9.140250040218234062e-04 2.461175026837736368e-04 1.129703450715169311e-04
9.819552302360534668e-01 9.819552302360534668e-01 1.479040458798408508e-02 8.504554862156510353e-04 2.696271112654358149e-04 1.059389978763647377e-04
9.813106060028076172e-01 9.813106060028076172e-01 1.533893123269081116e-02 8.684188360348343849e-04 2.754603337962180376e-04 1.049240236170589924e-04
9.805518984794616699e-01 9.805518984794616699e-01 1.607726886868476868e-02 9.033986134454607964e-04 2.705988590605556965e-04 1.082584858522750437e-04
