          0  0.08752403 10.57872677
        100  0.01158802 19.35990906
        200  0.00912969 20.39543915
        300  0.00823859 20.84147072
        400  0.00748714 21.25683784
        500  0.00706020 21.51182938
        600  0.00670129 21.73841476
        700  0.00635850 21.96645546
        800  0.00609999 22.14670944
        900  0.00583987 22.33596420
       1000  0.00560983 22.51050377
       1100  0.00536799 22.70188713
       1200  0.00518869 22.84942627
       1300  0.00494562 23.05779076
       1400  0.00479267 23.19422722
       1500  0.00468570 23.29225922
       1600  0.00443673 23.52936745
       1700  0.00425993 23.70597649
       1800  0.00417866 23.78962708
       1900  0.00394873 24.03542709
       2000  0.00387926 24.11251450
       2100  0.00372611 24.28744507
       2200  0.00366174 24.36312485
       2300  0.00348717 24.57526398
       2400  0.00324051 24.89386940
       2500  0.00326152 24.86580467
       2600  0.00322412 24.91589355
       2700  0.00294454 25.30982208
       2800  0.00293859 25.31860733
       2900  0.00284036 25.46626854
       3000  0.00277025 25.57480431
       3100  0.00261957 25.81770325
       3200  0.00259146 25.86455917
       3300  0.00251779 25.98980904
       3400  0.00240890 26.18181419
       3500  0.00232159 26.34215164
       3600  0.00222608 26.52458382
       3700  0.00223834 26.50074577
       3800  0.00225983 26.45924759
       3900  0.00212470 26.72701454
       4000  0.00201921 26.94817924
       4100  0.00204126 26.90102196
       4200  0.00188839 27.23908806
       4300  0.00179473 27.46000671
       4400  0.00183771 27.35722351
       4500  0.00173526 27.60636711
       4600  0.00175823 27.54924202
       4700  0.00167086 27.77058792
       4800  0.00162075 27.90284729
       4900  0.00158011 28.01312637
       5000  0.00156104 28.06586838
