3.762944543268531561e-04 3.762944543268531561e-04 2.320463681826367974e-04 1.663300063228234649e-04 4.350307863205671310e-04 3.543449565768241882e-04
6.729122251272201538e-02 6.729122251272201538e-02 3.334332257509231567e-02 1.883130753412842751e-03 6.289827171713113785e-03 1.987511059269309044e-03
7.625603079795837402e-01 7.625603079795837402e-01 1.185341253876686096e-01 3.622235264629125595e-03 2.420549513772130013e-03 6.894376128911972046e-04
8.377763032913208008e-01 8.377763032913208008e-01 8.846339583396911621e-02 5.875393748283386230e-03 1.702279434539377689e-03 3.239419311285018921e-04
8.360401391983032227e-01 8.360401391983032227e-01 8.719883859157562256e-02 7.191098760813474655e-03 1.241309917531907558e-03 4.535379412118345499e-04
8.166487812995910645e-01 8.166487812995910645e-01 8.432082086801528931e-02 1.035014167428016663e-02 1.509963301941752434e-03 9.614034206606447697e-04
7.988489270210266113e-01 7.988489270210266113e-01 9.572095423936843872e-02 1.278116088360548019e-02 2.127573359757661819e-03 1.324109849520027637e-03
7.866016626358032227e-01 7.866016626358032227e-01 9.045845270156860352e-02 1.618940196931362152e-02 3.189235227182507515e-03 1.809223205782473087e-03
7.661314606666564941e-01 7.661314606666564941e-01 1.019988059997558594e-01 1.653700135648250580e-02 5.088343750685453415e-03 2.152638277038931847e-03
7.453742623329162598e-01 7.453742623329162598e-01 1.120432540774345398e-01 1.415331289172172546e-02 7.022144738584756851e-03 2.218300011008977890e-03
7.368006110191345215e-01 7.368006110191345215e-01 1.191225498914718628e-01 1.288072206079959869e-02 8.586943149566650391e-03 2.371873939409852028e-03
7.372794151306152344e-01 7.372794151306152344e-01 1.246485635638237000e-01 1.193777751177549362e-02 1.090801600366830826e-02 2.705885563045740128e-03
7.425394654273986816e-01 7.425394654273986816e-01 1.243354082107543945e-01 1.132120285183191299e-02 1.236527599394321442e-02 2.790188882499933243e-03
7.536082863807678223e-01 7.536082863807678223e-01 1.172363683581352234e-01 1.192653179168701172e-02 1.392640545964241028e-02 2.955492818728089333e-03
7.598770260810852051e-01 7.598770260810852051e-01 1.178515926003456116e-01 1.146402675658464432e-02 1.381382904946804047e-02 2.868021838366985321e-03
7.557947039604187012e-01 7.557947039604187012e-01 1.190081834793090820e-01 1.069284975528717041e-02 1.407225243747234344e-02 2.896796911954879761e-03
7.480098605155944824e-01 7.480098605155944824e-01 1.183352991938591003e-01 1.100242696702480316e-02 1.511065382510423660e-02 3.168313531205058098e-03
7.396220564842224121e-01 7.396220564842224121e-01 1.114225164055824280e-01 1.132546830922365189e-02 1.692494377493858337e-02 3.346957731992006302e-03
7.446107864379882812e-01 7.446107864379882812e-01 1.061348095536231995e-01 1.188262365758419037e-02 1.580834016203880310e-02 3.273968119174242020e-03
7.408703565597534180e-01 7.408703565597534180e-01 1.039456203579902649e-01 1.255979482084512711e-02 1.619243808090686798e-02 3.492270363494753838e-03
7.495505809783935547e-01 7.495505809783935547e-01 1.000488847494125366e-01 1.254620589315891266e-02 1.551741268485784531e-02 3.575641196221113205e-03
7.372426986694335938e-01 7.372426986694335938e-01 9.671340137720108032e-02 1.329421252012252808e-02 1.644000038504600525e-02 3.819914301857352257e-03
7.211247086524963379e-01 7.211247086524963379e-01 9.893036633729934692e-02 1.427631452679634094e-02 1.783410646021366119e-02 3.894071094691753387e-03
7.277050018310546875e-01 7.277050018310546875e-01 9.078402817249298096e-02 1.582416146993637085e-02 1.810211874544620514e-02 4.161589778959751129e-03
7.470189332962036133e-01 7.470189332962036133e-01 8.204480260610580444e-02 1.507674716413021088e-02 1.871859654784202576e-02 3.962131682783365250e-03
7.546987533569335938e-01 7.546987533569335938e-01 7.601882517337799072e-02 1.471250131726264954e-02 1.926846988499164581e-02 3.447742899879813194e-03
7.556491494178771973e-01 7.556491494178771973e-01 7.168038189411163330e-02 1.587991416454315186e-02 1.983999460935592651e-02 3.787869587540626526e-03
7.565674185752868652e-01 7.565674185752868652e-01 6.846979260444641113e-02 1.585537753999233246e-02 2.108590491116046906e-02 3.572123823687434196e-03
7.703769803047180176e-01 7.703769803047180176e-01 6.932929903268814087e-02 1.471153367310762405e-02 2.061016298830509186e-02 3.463015193119645119e-03
7.760626673698425293e-01 7.760626673698425293e-01 6.408631801605224609e-02 1.543005183339118958e-02 1.918847300112247467e-02 3.510374808683991432e-03
7.816472649574279785e-01 7.816472649574279785e-01 6.435559689998626709e-02 1.454150024801492691e-02 2.001789771020412445e-02 3.605761798098683357e-03
7.696857452392578125e-01 7.696857452392578125e-01 6.650331616401672363e-02 1.515344437211751938e-02 2.174781076610088348e-02 4.089965019375085831e-03
7.724817395210266113e-01 7.724817395210266113e-01 6.473871320486068726e-02 1.494962070137262344e-02 2.176422625780105591e-02 4.108517430722713470e-03
7.697101235389709473e-01 7.697101235389709473e-01 6.755273044109344482e-02 1.546535640954971313e-02 2.169555053114891052e-02 4.299555439502000809e-03
7.649773955345153809e-01 7.649773955345153809e-01 6.844808906316757202e-02 1.577862352132797241e-02 2.200905419886112213e-02 4.543036222457885742e-03
7.629418969154357910e-01 7.629418969154357910e-01 6.734495609998703003e-02 1.535497140139341354e-02 2.233956009149551392e-02 4.548870027065277100e-03
7.568277716636657715e-01 7.568277716636657715e-01 7.068023085594177246e-02 1.494276337325572968e-02 2.294292300939559937e-02 4.705311264842748642e-03
7.611944079399108887e-01 7.611944079399108887e-01 6.757801026105880737e-02 1.562283560633659363e-02 2.295503765344619751e-02 4.937791731208562851e-03
7.541350722312927246e-01 7.541350722312927246e-01 7.267771661281585693e-02 1.646514795720577240e-02 2.334743738174438477e-02 5.306303501129150391e-03
7.461386322975158691e-01 7.461386322975158691e-01 7.441315054893493652e-02 1.704722456634044647e-02 2.505657821893692017e-02 5.536474753171205521e-03
7.568359375000000000e-01 7.568359375000000000e-01 7.020147889852523804e-02 1.681195199489593506e-02 2.413141727447509766e-02 5.525166168808937073e-03
7.624483108520507812e-01 7.624483108520507812e-01 7.201906293630599976e-02 1.636400446295738220e-02 2.276102453470230103e-02 5.575331859290599823e-03
7.592276334762573242e-01 7.592276334762573242e-01 7.385265082120895386e-02 1.636017113924026489e-02 2.289522439241409302e-02 5.689278244972229004e-03
7.615919709205627441e-01 7.615919709205627441e-01 7.226099818944931030e-02 1.678769104182720184e-02 2.197827026247978210e-02 5.828153807669878006e-03
7.594174742698669434e-01 7.594174742698669434e-01 7.403621822595596313e-02 1.674129068851470947e-02 2.358638867735862732e-02 6.238052155822515488e-03
7.647036910057067871e-01 7.647036910057067871e-01 7.515055686235427856e-02 1.688154041767120361e-02 2.220410481095314026e-02 6.390517111867666245e-03
7.683736681938171387e-01 7.683736681938171387e-01 7.461689412593841553e-02 1.698688976466655731e-02 2.167184837162494659e-02 6.583109498023986816e-03
7.672833800315856934e-01 7.672833800315856934e-01 7.478966563940048218e-02 1.693383604288101196e-02 2.186137065291404724e-02 6.899885367602109909e-03
7.719528675079345703e-01 7.719528675079345703e-01 7.672025263309478760e-02 1.663780584931373596e-02 2.240952849388122559e-02 6.627175491303205490e-03
7.648138999938964844e-01 7.648138999938964844e-01 7.714436948299407959e-02 1.708348467946052551e-02 2.286744490265846252e-02 7.062307093292474747e-03
7.728590965270996094e-01 7.728590965270996094e-01 7.401654869318008423e-02 1.718847453594207764e-02 2.134978584945201874e-02 6.848294287919998169e-03
