1.800000000000000000e+01 1.280000000000000000e+02 7.350000000000000000e+02 9.710000000000000000e+02 6.110000000000000000e+02
8.400000000000000000e+01 1.140000000000000000e+02 3.900000000000000000e+02 3.200000000000000000e+02 1.280000000000000000e+02
8.400000000000000000e+01 8.800000000000000000e+01 7.230000000000000000e+02 7.720000000000000000e+02 8.350000000000000000e+02
8.400000000000000000e+01 7.720000000000000000e+02 3.280000000000000000e+02 8.980000000000000000e+02 7.490000000000000000e+02
8.400000000000000000e+01 3.280000000000000000e+02 7.720000000000000000e+02 7.490000000000000000e+02 4.600000000000000000e+01
8.400000000000000000e+01 3.280000000000000000e+02 7.720000000000000000e+02 7.490000000000000000e+02 4.600000000000000000e+01
8.400000000000000000e+01 3.280000000000000000e+02 7.720000000000000000e+02 7.490000000000000000e+02 4.600000000000000000e+01
8.400000000000000000e+01 3.280000000000000000e+02 7.720000000000000000e+02 7.490000000000000000e+02 4.600000000000000000e+01
8.400000000000000000e+01 3.280000000000000000e+02 7.490000000000000000e+02 7.720000000000000000e+02 4.600000000000000000e+01
8.400000000000000000e+01 3.280000000000000000e+02 4.600000000000000000e+01 7.490000000000000000e+02 7.720000000000000000e+02
8.400000000000000000e+01 3.280000000000000000e+02 4.600000000000000000e+01 7.720000000000000000e+02 7.490000000000000000e+02
8.400000000000000000e+01 3.280000000000000000e+02 7.720000000000000000e+02 7.490000000000000000e+02 4.600000000000000000e+01
8.400000000000000000e+01 3.280000000000000000e+02 7.720000000000000000e+02 7.490000000000000000e+02 7.360000000000000000e+02
8.400000000000000000e+01 3.280000000000000000e+02 7.490000000000000000e+02 7.720000000000000000e+02 8.790000000000000000e+02
8.400000000000000000e+01 3.280000000000000000e+02 7.490000000000000000e+02 7.720000000000000000e+02 8.790000000000000000e+02
8.400000000000000000e+01 7.490000000000000000e+02 3.280000000000000000e+02 7.720000000000000000e+02 8.790000000000000000e+02
8.400000000000000000e+01 7.490000000000000000e+02 3.280000000000000000e+02 7.720000000000000000e+02 8.790000000000000000e+02
8.400000000000000000e+01 7.490000000000000000e+02 3.280000000000000000e+02 7.720000000000000000e+02 8.790000000000000000e+02
8.400000000000000000e+01 7.490000000000000000e+02 3.280000000000000000e+02 8.790000000000000000e+02 7.720000000000000000e+02
8.400000000000000000e+01 7.490000000000000000e+02 7.720000000000000000e+02 8.790000000000000000e+02 3.280000000000000000e+02
8.400000000000000000e+01 7.490000000000000000e+02 8.790000000000000000e+02 7.720000000000000000e+02 3.280000000000000000e+02
8.400000000000000000e+01 7.490000000000000000e+02 8.790000000000000000e+02 7.720000000000000000e+02 3.280000000000000000e+02
8.400000000000000000e+01 7.490000000000000000e+02 8.790000000000000000e+02 7.720000000000000000e+02 3.280000000000000000e+02
8.400000000000000000e+01 7.490000000000000000e+02 8.790000000000000000e+02 7.720000000000000000e+02 3.280000000000000000e+02
8.400000000000000000e+01 7.490000000000000000e+02 8.790000000000000000e+02 7.720000000000000000e+02 3.280000000000000000e+02
8.400000000000000000e+01 7.490000000000000000e+02 8.790000000000000000e+02 7.720000000000000000e+02 3.280000000000000000e+02
8.400000000000000000e+01 7.490000000000000000e+02 8.790000000000000000e+02 7.720000000000000000e+02 4.740000000000000000e+02
8.400000000000000000e+01 7.490000000000000000e+02 8.790000000000000000e+02 7.720000000000000000e+02 4.740000000000000000e+02
8.400000000000000000e+01 7.490000000000000000e+02 8.790000000000000000e+02 4.740000000000000000e+02 7.720000000000000000e+02
8.400000000000000000e+01 7.490000000000000000e+02 8.790000000000000000e+02 7.720000000000000000e+02 3.280000000000000000e+02
8.400000000000000000e+01 7.490000000000000000e+02 8.790000000000000000e+02 7.720000000000000000e+02 4.740000000000000000e+02
8.400000000000000000e+01 7.490000000000000000e+02 8.790000000000000000e+02 7.720000000000000000e+02 4.740000000000000000e+02
8.400000000000000000e+01 7.490000000000000000e+02 8.790000000000000000e+02 7.720000000000000000e+02 4.740000000000000000e+02
8.400000000000000000e+01 7.490000000000000000e+02 8.790000000000000000e+02 7.720000000000000000e+02 4.740000000000000000e+02
8.400000000000000000e+01 7.490000000000000000e+02 8.790000000000000000e+02 7.720000000000000000e+02 4.740000000000000000e+02
8.400000000000000000e+01 7.490000000000000000e+02 8.790000000000000000e+02 7.720000000000000000e+02 4.740000000000000000e+02
8.400000000000000000e+01 7.490000000000000000e+02 8.790000000000000000e+02 7.720000000000000000e+02 4.740000000000000000e+02
8.400000000000000000e+01 7.490000000000000000e+02 8.790000000000000000e+02 7.720000000000000000e+02 4.740000000000000000e+02
8.400000000000000000e+01 7.490000000000000000e+02 7.720000000000000000e+02 8.790000000000000000e+02 4.740000000000000000e+02
8.400000000000000000e+01 7.490000000000000000e+02 7.720000000000000000e+02 8.790000000000000000e+02 4.740000000000000000e+02
8.400000000000000000e+01 7.490000000000000000e+02 7.720000000000000000e+02 8.790000000000000000e+02 4.740000000000000000e+02
8.400000000000000000e+01 7.490000000000000000e+02 7.720000000000000000e+02 8.790000000000000000e+02 4.740000000000000000e+02
8.400000000000000000e+01 7.490000000000000000e+02 8.790000000000000000e+02 7.720000000000000000e+02 4.740000000000000000e+02
8.400000000000000000e+01 7.490000000000000000e+02 8.790000000000000000e+02 7.720000000000000000e+02 4.740000000000000000e+02
8.400000000000000000e+01 7.490000000000000000e+02 7.720000000000000000e+02 8.790000000000000000e+02 4.740000000000000000e+02
8.400000000000000000e+01 7.490000000000000000e+02 8.790000000000000000e+02 7.720000000000000000e+02 4.740000000000000000e+02
8.400000000000000000e+01 7.490000000000000000e+02 8.790000000000000000e+02 7.720000000000000000e+02 4.740000000000000000e+02
8.400000000000000000e+01 7.490000000000000000e+02 7.720000000000000000e+02 8.790000000000000000e+02 4.740000000000000000e+02
8.400000000000000000e+01 7.490000000000000000e+02 7.720000000000000000e+02 8.790000000000000000e+02 4.740000000000000000e+02
8.400000000000000000e+01 7.490000000000000000e+02 8.790000000000000000e+02 7.720000000000000000e+02 4.740000000000000000e+02
8.400000000000000000e+01 7.490000000000000000e+02 7.720000000000000000e+02 8.790000000000000000e+02 4.740000000000000000e+02
