          0  0.07220941 11.41406155
        100  0.02138854 16.69818687
        200  0.01626865 17.88648415
        300  0.01331311 18.75720406
        400  0.01135237 19.44913673
        500  0.01020597 19.91145515
        600  0.00930514 20.31277084
        700  0.00833626 20.79028511
        800  0.00824354 20.83886337
        900  0.00701335 21.54074478
       1000  0.00646128 21.89681625
       1100  0.00632949 21.98631287
       1200  0.00558124 22.53269196
       1300  0.00525997 22.79016876
       1400  0.00484946 23.14306450
       1500  0.00452403 23.44474792
       1600  0.00432393 23.64121437
       1700  0.00407265 23.90123177
       1800  0.00383009 24.16791344
       1900  0.00368455 24.33615112
       2000  0.00351458 24.54126549
       2100  0.00334643 24.75417900
       2200  0.00313132 25.04272079
       2300  0.00314820 25.01937103
       2400  0.00285765 25.43991661
       2500  0.00273432 25.63150024
       2600  0.00260176 25.84733009
       2700  0.00266168 25.74843979
       2800  0.00238283 26.22907829
       2900  0.00229541 26.39139557
       3000  0.00226387 26.45148849
       3100  0.00225280 26.47278214
       3200  0.00213882 26.69825363
       3300  0.00204718 26.88843155
       3400  0.00198853 27.01467896
       3500  0.00206691 26.84678459
       3600  0.00198913 27.01336288
       3700  0.00195269 27.09366417
       3800  0.00175666 27.55311584
       3900  0.00195390 27.09097290
       4000  0.00178096 27.49345207
       4100  0.00174493 27.58222389
       4200  0.00171695 27.65242195
       4300  0.00159228 27.97981453
       4400  0.00162392 27.89434242
       4500  0.00161030 27.93091965
       4600  0.00148845 28.27265930
       4700  0.00151105 28.20720482
       4800  0.00151447 28.19739914
       4900  0.00140804 28.51385689
       5000  0.00142035 28.47605515
