1.800000000000000000e+01 1.400000000000000000e+01 1.280000000000000000e+02 1.330000000000000000e+02 9.710000000000000000e+02
7.730000000000000000e+02 8.550000000000000000e+02 6.260000000000000000e+02 7.200000000000000000e+02 7.110000000000000000e+02
6.260000000000000000e+02 7.730000000000000000e+02 4.730000000000000000e+02 7.470000000000000000e+02 5.030000000000000000e+02
6.260000000000000000e+02 7.600000000000000000e+02 4.730000000000000000e+02 7.100000000000000000e+02 7.730000000000000000e+02
7.600000000000000000e+02 6.260000000000000000e+02 7.730000000000000000e+02 4.800000000000000000e+02 5.030000000000000000e+02
7.600000000000000000e+02 6.260000000000000000e+02 7.730000000000000000e+02 8.770000000000000000e+02 5.030000000000000000e+02
7.600000000000000000e+02 6.260000000000000000e+02 8.770000000000000000e+02 4.800000000000000000e+02 8.270000000000000000e+02
7.600000000000000000e+02 6.260000000000000000e+02 8.270000000000000000e+02 4.800000000000000000e+02 8.770000000000000000e+02
7.600000000000000000e+02 6.260000000000000000e+02 4.800000000000000000e+02 8.270000000000000000e+02 8.770000000000000000e+02
7.600000000000000000e+02 6.260000000000000000e+02 4.800000000000000000e+02 8.770000000000000000e+02 8.270000000000000000e+02
7.600000000000000000e+02 6.260000000000000000e+02 4.800000000000000000e+02 8.770000000000000000e+02 8.270000000000000000e+02
7.600000000000000000e+02 4.800000000000000000e+02 6.260000000000000000e+02 8.770000000000000000e+02 7.070000000000000000e+02
7.600000000000000000e+02 4.800000000000000000e+02 6.260000000000000000e+02 8.770000000000000000e+02 7.070000000000000000e+02
7.600000000000000000e+02 4.800000000000000000e+02 6.260000000000000000e+02 8.770000000000000000e+02 7.710000000000000000e+02
7.600000000000000000e+02 4.800000000000000000e+02 8.770000000000000000e+02 6.260000000000000000e+02 7.710000000000000000e+02
7.600000000000000000e+02 4.800000000000000000e+02 8.770000000000000000e+02 6.260000000000000000e+02 7.070000000000000000e+02
7.600000000000000000e+02 4.800000000000000000e+02 8.770000000000000000e+02 6.260000000000000000e+02 7.070000000000000000e+02
7.600000000000000000e+02 4.800000000000000000e+02 8.770000000000000000e+02 6.260000000000000000e+02 7.070000000000000000e+02
7.600000000000000000e+02 4.800000000000000000e+02 8.770000000000000000e+02 6.260000000000000000e+02 7.710000000000000000e+02
7.600000000000000000e+02 4.800000000000000000e+02 8.770000000000000000e+02 7.710000000000000000e+02 7.070000000000000000e+02
7.600000000000000000e+02 4.800000000000000000e+02 8.770000000000000000e+02 7.710000000000000000e+02 7.070000000000000000e+02
7.600000000000000000e+02 4.800000000000000000e+02 8.770000000000000000e+02 7.710000000000000000e+02 7.070000000000000000e+02
7.600000000000000000e+02 4.800000000000000000e+02 8.770000000000000000e+02 7.710000000000000000e+02 7.070000000000000000e+02
7.600000000000000000e+02 4.800000000000000000e+02 8.770000000000000000e+02 7.710000000000000000e+02 7.070000000000000000e+02
7.600000000000000000e+02 4.800000000000000000e+02 8.770000000000000000e+02 7.710000000000000000e+02 7.070000000000000000e+02
7.600000000000000000e+02 4.800000000000000000e+02 8.770000000000000000e+02 7.710000000000000000e+02 7.070000000000000000e+02
7.600000000000000000e+02 4.800000000000000000e+02 8.770000000000000000e+02 7.710000000000000000e+02 7.070000000000000000e+02
7.600000000000000000e+02 4.800000000000000000e+02 8.770000000000000000e+02 7.710000000000000000e+02 7.070000000000000000e+02
7.600000000000000000e+02 4.800000000000000000e+02 8.770000000000000000e+02 7.710000000000000000e+02 7.070000000000000000e+02
7.600000000000000000e+02 4.800000000000000000e+02 8.770000000000000000e+02 7.710000000000000000e+02 7.070000000000000000e+02
7.600000000000000000e+02 4.800000000000000000e+02 8.770000000000000000e+02 7.710000000000000000e+02 6.260000000000000000e+02
7.600000000000000000e+02 4.800000000000000000e+02 8.770000000000000000e+02 7.710000000000000000e+02 7.130000000000000000e+02
7.600000000000000000e+02 4.800000000000000000e+02 8.770000000000000000e+02 7.710000000000000000e+02 7.070000000000000000e+02
7.600000000000000000e+02 4.800000000000000000e+02 8.770000000000000000e+02 7.710000000000000000e+02 7.070000000000000000e+02
7.600000000000000000e+02 4.800000000000000000e+02 8.770000000000000000e+02 7.710000000000000000e+02 7.070000000000000000e+02
7.600000000000000000e+02 4.800000000000000000e+02 8.770000000000000000e+02 7.710000000000000000e+02 7.070000000000000000e+02
7.600000000000000000e+02 4.800000000000000000e+02 8.770000000000000000e+02 7.710000000000000000e+02 7.070000000000000000e+02
7.600000000000000000e+02 4.800000000000000000e+02 8.770000000000000000e+02 7.710000000000000000e+02 7.070000000000000000e+02
7.600000000000000000e+02 4.800000000000000000e+02 8.770000000000000000e+02 7.710000000000000000e+02 7.070000000000000000e+02
7.600000000000000000e+02 4.800000000000000000e+02 8.770000000000000000e+02 7.710000000000000000e+02 7.070000000000000000e+02
7.600000000000000000e+02 4.800000000000000000e+02 8.770000000000000000e+02 7.710000000000000000e+02 7.070000000000000000e+02
7.600000000000000000e+02 4.800000000000000000e+02 8.770000000000000000e+02 7.710000000000000000e+02 7.070000000000000000e+02
7.600000000000000000e+02 4.800000000000000000e+02 8.770000000000000000e+02 7.710000000000000000e+02 7.070000000000000000e+02
7.600000000000000000e+02 4.800000000000000000e+02 8.770000000000000000e+02 7.710000000000000000e+02 7.070000000000000000e+02
7.600000000000000000e+02 4.800000000000000000e+02 8.770000000000000000e+02 7.710000000000000000e+02 7.070000000000000000e+02
7.600000000000000000e+02 4.800000000000000000e+02 8.770000000000000000e+02 7.710000000000000000e+02 7.070000000000000000e+02
7.600000000000000000e+02 4.800000000000000000e+02 8.770000000000000000e+02 7.710000000000000000e+02 7.070000000000000000e+02
7.600000000000000000e+02 4.800000000000000000e+02 8.770000000000000000e+02 7.710000000000000000e+02 7.070000000000000000e+02
7.600000000000000000e+02 4.800000000000000000e+02 8.770000000000000000e+02 7.710000000000000000e+02 7.070000000000000000e+02
7.600000000000000000e+02 4.800000000000000000e+02 8.770000000000000000e+02 7.710000000000000000e+02 7.070000000000000000e+02
7.600000000000000000e+02 4.800000000000000000e+02 8.770000000000000000e+02 7.710000000000000000e+02 7.070000000000000000e+02
