6.136546751762302358e-05
1.164689300095072960e-01
9.919434735193780606e-01
1.048511268944689823e+00
1.040303814104356572e+00
1.081137240646496300e+00
1.131626796599742635e+00
1.144684231866226698e+00
1.148516721659862405e+00
1.154031933337061666e+00
1.149459761758290899e+00
1.143733711761087291e+00
1.133517280912700542e+00
1.130934231866226769e+00
1.129416070130305982e+00
1.133972093283373450e+00
1.137232327610312677e+00
1.137762848833957730e+00
1.137374727364241389e+00
1.139338264079190255e+00
1.137407583468486028e+00
1.136446647279234945e+00
1.138249119176779844e+00
1.136825121637492275e+00
1.134548752866170851e+00
1.133163833118953079e+00
1.133143140763939405e+00
1.130215312342710110e+00
1.130468164532185016e+00
1.129615513673731808e+00
1.130664182651976990e+00
1.133526648397740644e+00
1.133871148146076813e+00
1.135750936748503914e+00
1.134904577484480814e+00
1.131857907835132293e+00
1.131139687377663350e+00
1.131172962921536795e+00
1.130538141043565759e+00
1.132259870812594382e+00
1.129370910463620703e+00
1.134519042559140933e+00
1.132757885465018655e+00
1.130647824506459287e+00
1.133283722946143879e+00
1.133252894133437660e+00
1.132575918572786833e+00
1.130321500475364838e+00
1.131693417594094253e+00
1.131387086851965762e+00
1.134646761926066727e+00
