1.800000000000000000e+01 5.800000000000000000e+01 3.900000000000000000e+02 1.240000000000000000e+02 1.380000000000000000e+02
3.400000000000000000e+02 3.530000000000000000e+02 3.520000000000000000e+02 1.170000000000000000e+02 4.700000000000000000e+01
3.400000000000000000e+02 3.530000000000000000e+02 3.520000000000000000e+02 3.510000000000000000e+02 3.390000000000000000e+02
3.400000000000000000e+02 3.530000000000000000e+02 3.520000000000000000e+02 5.220000000000000000e+02 3.510000000000000000e+02
3.400000000000000000e+02 3.530000000000000000e+02 3.520000000000000000e+02 5.220000000000000000e+02 3.510000000000000000e+02
3.400000000000000000e+02 3.530000000000000000e+02 3.520000000000000000e+02 5.220000000000000000e+02 3.510000000000000000e+02
3.400000000000000000e+02 3.530000000000000000e+02 3.520000000000000000e+02 5.220000000000000000e+02 2.820000000000000000e+02
3.400000000000000000e+02 3.530000000000000000e+02 3.520000000000000000e+02 5.220000000000000000e+02 2.820000000000000000e+02
3.400000000000000000e+02 3.530000000000000000e+02 3.520000000000000000e+02 2.820000000000000000e+02 5.220000000000000000e+02
3.400000000000000000e+02 3.530000000000000000e+02 3.520000000000000000e+02 2.820000000000000000e+02 2.760000000000000000e+02
3.400000000000000000e+02 3.530000000000000000e+02 3.520000000000000000e+02 2.760000000000000000e+02 2.820000000000000000e+02
3.400000000000000000e+02 3.530000000000000000e+02 3.520000000000000000e+02 2.760000000000000000e+02 2.820000000000000000e+02
3.400000000000000000e+02 3.530000000000000000e+02 3.520000000000000000e+02 2.760000000000000000e+02 2.820000000000000000e+02
3.400000000000000000e+02 3.530000000000000000e+02 3.520000000000000000e+02 2.760000000000000000e+02 2.930000000000000000e+02
3.400000000000000000e+02 3.530000000000000000e+02 3.520000000000000000e+02 2.760000000000000000e+02 2.930000000000000000e+02
3.400000000000000000e+02 3.530000000000000000e+02 3.520000000000000000e+02 2.760000000000000000e+02 2.930000000000000000e+02
3.400000000000000000e+02 3.530000000000000000e+02 3.520000000000000000e+02 2.760000000000000000e+02 2.930000000000000000e+02
3.400000000000000000e+02 3.530000000000000000e+02 3.520000000000000000e+02 2.760000000000000000e+02 2.930000000000000000e+02
3.400000000000000000e+02 3.530000000000000000e+02 3.520000000000000000e+02 2.760000000000000000e+02 2.930000000000000000e+02
3.400000000000000000e+02 3.530000000000000000e+02 3.520000000000000000e+02 2.760000000000000000e+02 2.820000000000000000e+02
3.400000000000000000e+02 3.530000000000000000e+02 3.520000000000000000e+02 2.760000000000000000e+02 2.820000000000000000e+02
3.400000000000000000e+02 3.530000000000000000e+02 3.520000000000000000e+02 2.760000000000000000e+02 2.820000000000000000e+02
3.400000000000000000e+02 3.530000000000000000e+02 3.520000000000000000e+02 2.760000000000000000e+02 2.820000000000000000e+02
3.400000000000000000e+02 3.530000000000000000e+02 3.520000000000000000e+02 2.760000000000000000e+02 2.820000000000000000e+02
3.400000000000000000e+02 3.530000000000000000e+02 3.520000000000000000e+02 2.760000000000000000e+02 2.820000000000000000e+02
3.400000000000000000e+02 3.530000000000000000e+02 3.520000000000000000e+02 2.760000000000000000e+02 2.820000000000000000e+02
3.400000000000000000e+02 3.530000000000000000e+02 3.520000000000000000e+02 2.760000000000000000e+02 2.820000000000000000e+02
3.400000000000000000e+02 3.530000000000000000e+02 3.520000000000000000e+02 2.820000000000000000e+02 2.760000000000000000e+02
3.400000000000000000e+02 3.530000000000000000e+02 3.520000000000000000e+02 2.820000000000000000e+02 2.760000000000000000e+02
3.400000000000000000e+02 3.530000000000000000e+02 3.520000000000000000e+02 2.820000000000000000e+02 2.760000000000000000e+02
3.400000000000000000e+02 3.530000000000000000e+02 3.520000000000000000e+02 2.820000000000000000e+02 2.760000000000000000e+02
3.400000000000000000e+02 3.530000000000000000e+02 3.520000000000000000e+02 2.820000000000000000e+02 2.760000000000000000e+02
3.400000000000000000e+02 3.530000000000000000e+02 3.520000000000000000e+02 2.820000000000000000e+02 2.760000000000000000e+02
3.400000000000000000e+02 3.530000000000000000e+02 3.520000000000000000e+02 2.820000000000000000e+02 2.760000000000000000e+02
3.400000000000000000e+02 3.530000000000000000e+02 3.520000000000000000e+02 2.820000000000000000e+02 2.760000000000000000e+02
3.400000000000000000e+02 3.530000000000000000e+02 3.520000000000000000e+02 2.820000000000000000e+02 2.760000000000000000e+02
3.400000000000000000e+02 3.530000000000000000e+02 3.520000000000000000e+02 2.820000000000000000e+02 2.760000000000000000e+02
3.400000000000000000e+02 3.530000000000000000e+02 3.520000000000000000e+02 2.820000000000000000e+02 2.760000000000000000e+02
3.400000000000000000e+02 3.530000000000000000e+02 3.520000000000000000e+02 2.820000000000000000e+02 2.760000000000000000e+02
3.400000000000000000e+02 3.530000000000000000e+02 3.520000000000000000e+02 2.820000000000000000e+02 2.760000000000000000e+02
3.400000000000000000e+02 3.530000000000000000e+02 3.520000000000000000e+02 2.820000000000000000e+02 2.760000000000000000e+02
3.400000000000000000e+02 3.530000000000000000e+02 3.520000000000000000e+02 2.820000000000000000e+02 2.760000000000000000e+02
3.400000000000000000e+02 3.530000000000000000e+02 3.520000000000000000e+02 2.820000000000000000e+02 2.760000000000000000e+02
3.400000000000000000e+02 3.530000000000000000e+02 3.520000000000000000e+02 2.820000000000000000e+02 2.760000000000000000e+02
3.400000000000000000e+02 3.530000000000000000e+02 3.520000000000000000e+02 2.820000000000000000e+02 2.760000000000000000e+02
3.400000000000000000e+02 3.530000000000000000e+02 3.520000000000000000e+02 2.820000000000000000e+02 5.220000000000000000e+02
3.400000000000000000e+02 3.530000000000000000e+02 3.520000000000000000e+02 2.820000000000000000e+02 5.220000000000000000e+02
3.400000000000000000e+02 3.530000000000000000e+02 3.520000000000000000e+02 2.820000000000000000e+02 5.220000000000000000e+02
3.400000000000000000e+02 3.530000000000000000e+02 3.520000000000000000e+02 2.820000000000000000e+02 5.220000000000000000e+02
3.400000000000000000e+02 3.530000000000000000e+02 3.520000000000000000e+02 2.820000000000000000e+02 5.220000000000000000e+02
3.400000000000000000e+02 3.530000000000000000e+02 3.520000000000000000e+02 2.820000000000000000e+02 5.220000000000000000e+02
