3.100747926509939134e-05 4.862260175286792219e-05 9.631123248254880309e-05 7.920018833829089999e-05 9.141185437329113483e-04 4.598923260346055031e-05
1.396276755258440971e-03 2.955438560547918314e-07 3.907976788468658924e-04 4.610196810972411186e-06 3.828698027064092457e-05 1.144973648479208350e-04
1.134947761893272400e-01 3.828475758638205662e-09 9.314054295828100294e-06 2.139983195093009272e-07 3.013807372553856112e-07 7.974820618983358145e-06
5.287702083587646484e-01 5.640353184510615847e-10 6.964777981011138763e-07 1.587253883883477101e-08 2.875154159198700654e-08 1.204564227919036057e-06
6.403426527976989746e-01 1.708571895076005376e-10 3.800962247169081820e-07 5.761282562133374086e-09 1.509764935292423615e-08 6.560400720445613842e-07
7.279621958732604980e-01 6.499590449182690577e-11 3.403836217330535874e-07 1.863999399276394797e-09 1.527103243859073700e-08 4.167060012605361408e-07
7.843127250671386719e-01 2.260869443049262628e-11 2.295371785976385581e-07 8.059633516133146713e-10 7.585783556862679688e-09 1.446055790665923269e-07
7.901013493537902832e-01 1.271253501772262595e-11 2.282404949482952361e-07 4.862946156869440983e-10 4.691339317020037925e-09 6.209176461879906128e-08
7.975943088531494141e-01 1.055962001866861399e-11 2.413481752228108235e-07 3.825567918003258683e-10 4.142459708589285583e-09 3.676203874647399061e-08
7.988824844360351562e-01 8.980673843472786189e-12 2.029187555763201090e-07 3.555316041570222296e-10 3.690034944270337292e-09 2.845652957716993114e-08
8.050132393836975098e-01 6.639742575198503971e-12 1.650690677479360602e-07 2.733495096940430358e-10 3.040288687472525453e-09 2.257792353077547887e-08
8.279326558113098145e-01 5.656455338842736325e-12 1.515598029300235794e-07 2.555282374583356386e-10 2.671898924333504510e-09 1.819723038920528779e-08
8.220382928848266602e-01 5.708806691262502397e-12 1.767545825259730918e-07 2.732991610798762849e-10 2.564878975874762546e-09 1.830790452572728100e-08
8.206524252891540527e-01 5.145090950509079164e-12 1.660088031485429383e-07 2.574328528126557103e-10 2.200140292174523893e-09 1.842066943424924830e-08
8.277672529220581055e-01 5.874464543281776585e-12 1.682636536770587554e-07 2.944789967429528588e-10 2.092942930076446828e-09 1.768989044137470046e-08
8.282002210617065430e-01 6.586875576225503792e-12 1.851275044373323908e-07 3.189585262575178604e-10 2.294692880155935200e-09 1.851846143097191089e-08
8.232863545417785645e-01 6.649118321905289619e-12 1.744640485412674025e-07 3.343874899197629702e-10 2.237610985389437701e-09 1.744113831136928638e-08
8.286297917366027832e-01 6.945404754793438329e-12 1.787486780813196674e-07 3.586953511991453070e-10 2.296071555107914719e-09 1.919923064974682347e-08
8.305252194404602051e-01 7.904624003962634760e-12 1.958111965905118268e-07 3.999054976056015676e-10 2.475637028709343213e-09 2.167853097034821985e-08
8.286737203598022461e-01 8.412725377437979546e-12 2.006505326335172867e-07 4.295853117675108024e-10 2.616459715554242393e-09 2.253939079821520863e-08
8.303074836730957031e-01 1.044022507334929628e-11 2.112333277182187885e-07 5.099950461939783963e-10 2.967426304678610904e-09 2.722343062089294108e-08
8.351544141769409180e-01 1.208188670637211359e-11 2.155882299348377273e-07 5.743240882871702979e-10 3.437141682383071384e-09 2.979244229095456831e-08
8.347643613815307617e-01 1.383597750259646375e-11 2.179401406010583742e-07 6.289671561354737150e-10 3.803793280354739181e-09 3.575455309601238696e-08
8.344036936759948730e-01 1.438534187603313086e-11 2.373801208932491136e-07 6.406052355245606122e-10 3.781314372730548712e-09 3.690045957682741573e-08
8.378288745880126953e-01 1.548679066931679671e-11 2.391729481132642832e-07 7.017763037353574873e-10 3.944396365085367506e-09 4.046580315275605244e-08
8.392871022224426270e-01 1.788235358402001651e-11 2.339512121807274525e-07 7.939295887382513683e-10 4.240864548421541258e-09 4.421915278385313286e-08
8.422430157661437988e-01 1.828186560470790312e-11 2.367025189187188516e-07 7.908845800486119515e-10 4.274339993060038978e-09 4.499852934713999275e-08
8.454995155334472656e-01 2.034105869852531612e-11 2.533060694531741319e-07 8.775010162942464831e-10 4.625060778806755479e-09 5.000027059054445999e-08
8.455170392990112305e-01 2.080675215454519389e-11 2.626142645567597356e-07 8.948438101619160534e-10 4.677739973146799457e-09 5.148658033249375876e-08
8.433589339256286621e-01 2.280803150511712118e-11 2.845107758275844390e-07 1.002936955707411926e-09 5.058248930822628608e-09 5.464591978920907422e-08
8.367300629615783691e-01 2.242531334240016605e-11 2.729497907694167225e-07 1.033461427546455980e-09 4.865776670470722820e-09 5.176671535878085706e-08
8.342827558517456055e-01 2.314305171113861803e-11 2.760799304724059766e-07 1.039697883342682871e-09 5.087566812278510042e-09 5.482559473080073076e-08
8.341866731643676758e-01 2.368657006646124330e-11 2.912001093591243261e-07 1.080478928550121509e-09 5.246707956985119381e-09 5.779885725587519119e-08
8.376089334487915039e-01 2.627328389570582345e-11 3.027135733191244071e-07 1.203701360807940546e-09 5.609705144848931013e-09 5.866691665801226918e-08
8.334624767303466797e-01 2.651109019813358003e-11 3.019821122052235296e-07 1.159929263749859274e-09 5.878249442758942678e-09 6.198401081292104209e-08
8.322347998619079590e-01 2.704022422639340562e-11 3.092133908921823604e-07 1.181255981919093756e-09 6.182637068974372596e-09 6.490000714620691724e-08
8.316020965576171875e-01 2.878226129654493093e-11 2.957836215955467196e-07 1.178679598368148618e-09 6.446512212932020702e-09 6.537001695505750831e-08
8.354125618934631348e-01 3.109700344450239129e-11 3.022456098733528052e-07 1.240593294760117260e-09 7.054198558620328185e-09 6.867109192398856976e-08
8.359298706054687500e-01 3.309870780232593290e-11 3.192018596109846840e-07 1.238693592142681155e-09 7.642211308223068045e-09 7.504857535423070658e-08
8.344172239303588867e-01 3.731932124440007215e-11 3.517534139518829761e-07 1.408296368410333343e-09 8.561228170833601325e-09 8.085090996701183030e-08
8.321840167045593262e-01 3.899708680976665676e-11 3.587786920888902387e-07 1.446747721622898553e-09 8.884914137752275565e-09 8.278622232182897278e-08
8.341122269630432129e-01 4.175297607655892307e-11 3.653155147276265780e-07 1.510766955981068804e-09 9.452394422737597779e-09 8.600714807016629493e-08
8.323599696159362793e-01 4.572779654932190851e-11 3.876122320889408002e-07 1.619791745177678877e-09 1.042596231570769305e-08 9.284249813390488271e-08
8.353886008262634277e-01 4.851100424141385759e-11 3.966231361118843779e-07 1.593454590498311063e-09 1.123960036153448527e-08 1.004770311396896432e-07
8.354691267013549805e-01 5.039783174121126308e-11 3.859915693738003029e-07 1.657662451748365129e-09 1.179402886464231415e-08 1.065623109752777964e-07
8.357138633728027344e-01 4.837195921592041259e-11 3.762935989470861387e-07 1.652682546371408989e-09 1.161837026586454158e-08 1.069326884817201062e-07
8.339806795120239258e-01 4.864587899167105434e-11 3.817316382992430590e-07 1.597171839229361012e-09 1.180650066601174331e-08 1.078654676689438929e-07
8.346439003944396973e-01 4.915154394602438970e-11 3.756512967356684385e-07 1.592978637887654259e-09 1.220937306811720191e-08 1.134798779389711854e-07
8.401533961296081543e-01 4.713780407672452100e-11 3.615418791014235467e-07 1.580438779846815578e-09 1.244549086010238170e-08 1.116388332889073354e-07
8.406626582145690918e-01 5.279190626317209478e-11 3.895502231898717582e-07 1.724847376038951552e-09 1.288313278280384111e-08 1.150581780962056655e-07
8.447793126106262207e-01 4.897890773514212981e-11 3.723178281234140741e-07 1.572644126035527279e-09 1.270708338552140049e-08 1.123131596614257433e-07
8.457875251770019531e-01 5.326205448907828099e-11 3.854673877867753617e-07 1.689649420377747902e-09 1.400408677909581456e-08 1.269334006792632863e-07
8.481072187423706055e-01 5.620778148474059321e-11 3.952276301788515411e-07 1.744242528189943187e-09 1.482368627847563403e-08 1.282251389511657180e-07
8.488137125968933105e-01 5.762577914847355487e-11 4.011871226339280838e-07 1.816070627214116939e-09 1.485169143222719867e-08 1.264750721929885913e-07
8.487716317176818848e-01 6.076253389331043309e-11 3.909208885488624219e-07 1.868112775582631002e-09 1.536650984235166106e-08 1.347555951269896468e-07
8.490281105041503906e-01 6.077150588312818513e-11 3.862835455947788432e-07 1.850213871001926691e-09 1.567743090902240510e-08 1.368053688111103838e-07
8.507106304168701172e-01 6.555980758271573450e-11 3.899299940712808166e-07 1.961006912409857250e-09 1.647141090188597445e-08 1.421140325419401051e-07
8.538517951965332031e-01 6.716680683860332124e-11 4.147691186062729685e-07 1.988363251825830957e-09 1.704446717099017405e-08 1.511842100399007904e-07
8.528578877449035645e-01 6.594113449720495623e-11 3.962115329159132671e-07 1.901480528587740082e-09 1.632010615537637932e-08 1.532397675418906147e-07
8.547115325927734375e-01 6.968110810579020153e-11 4.356571423613786465e-07 1.978333274976762368e-09 1.672374594363645883e-08 1.583569542162877042e-07
8.575686812400817871e-01 7.352028708051960848e-11 4.316276545068831183e-07 2.064553195069152025e-09 1.800063209600466507e-08 1.714991384460518020e-07
8.568356037139892578e-01 7.257477258049149782e-11 4.271711304681957699e-07 2.057974457514433198e-09 1.738962218666983972e-08 1.737519284006339149e-07
8.554681539535522461e-01 7.608260549352152680e-11 4.701631439729681006e-07 2.174996183157418272e-09 1.822585815602906223e-08 1.827416440391971264e-07
8.575567603111267090e-01 8.303443349566563825e-11 4.932913952870876528e-07 2.243162766646378259e-09 1.937560334397403494e-08 1.925126866808568593e-07
8.598898649215698242e-01 8.204364965180843683e-11 4.976806735612626653e-07 2.198280668608276756e-09 1.989071485297699837e-08 1.878441366898186971e-07
8.623762726783752441e-01 7.982606242684653353e-11 4.636106325506261783e-07 2.163158763224259928e-09 1.853113040795051347e-08 1.836430385537823895e-07
8.649201393127441406e-01 7.679291230688889414e-11 4.736225491797085851e-07 2.106961272119178830e-09 1.901319102159959584e-08 1.813529308947181562e-07
8.674218654632568359e-01 8.146550101173488656e-11 4.664948107802047161e-07 2.122280795546771515e-09 1.937057270140485343e-08 1.859371820955857402e-07
8.659927248954772949e-01 7.925080036663700866e-11 4.763643062233313685e-07 2.109175945008701092e-09 1.875776156623487623e-08 1.827049800340319052e-07
8.683061003684997559e-01 8.530808004447720805e-11 4.975231604475993663e-07 2.260795106678870070e-09 1.902028046174564224e-08 1.877615858347780886e-07
8.692821264266967773e-01 8.818291236112330012e-11 5.135767651154310443e-07 2.256770992303813728e-09 2.035175405978861818e-08 1.950939321204714361e-07
8.682587146759033203e-01 8.266740764151236931e-11 4.920279366160684731e-07 2.109433516750414128e-09 1.895333667789600440e-08 1.879804898408110603e-07
8.712503314018249512e-01 8.450946886728871732e-11 4.916628881801443640e-07 2.223609074647470152e-09 1.938025206982274540e-08 1.808918028700645664e-07
8.719977736473083496e-01 9.026658587263369782e-11 5.105050604470307007e-07 2.319420877583411311e-09 2.011788424738369940e-08 1.907545339463467826e-07
8.691594600677490234e-01 8.445859289718526952e-11 4.863852609560126439e-07 2.218217831639890392e-09 1.906190050249279011e-08 1.920156194046285236e-07
8.723686337471008301e-01 9.116735838476941467e-11 5.041649728809716180e-07 2.287423805924504450e-09 1.981459796240869764e-08 1.980535131451688358e-07
8.741210699081420898e-01 9.270874345990165466e-11 5.300026373333821539e-07 2.304934243468892419e-09 2.062811077507831214e-08 1.978630876919851289e-07
8.733720779418945312e-01 9.381580234890662950e-11 5.033858769820653833e-07 2.279887167944139037e-09 2.063505988303404592e-08 2.025433332164539024e-07
8.745205402374267578e-01 9.547548168731267992e-11 5.208665356803976465e-07 2.277500854575009726e-09 2.112879649018850614e-08 2.003547336926203570e-07
8.757006525993347168e-01 1.015350789557167843e-10 5.516962460205832031e-07 2.446993274674014174e-09 2.173452351428295515e-08 2.095634670240542619e-07
8.733929991722106934e-01 9.561134522995118346e-11 5.258060582491452806e-07 2.261914211487692228e-09 2.082204986209035269e-08 2.006750747796104406e-07
8.775363564491271973e-01 9.776383175230662914e-11 5.430998726296820678e-07 2.328319093081177016e-09 2.135295495975242375e-08 2.008481061466227402e-07
8.765966892242431641e-01 1.001497010322260905e-10 5.679180503648240119e-07 2.378244712275545680e-09 2.151243627679377823e-08 2.048840030965948245e-07
8.723196387290954590e-01 1.059960036409179907e-10 5.827737936670018826e-07 2.457450687387563448e-09 2.233731954959239374e-08 2.244597965272987494e-07
8.766590952873229980e-01 1.076220154661022832e-10 5.974982855150301475e-07 2.505702978439217077e-09 2.247067065752617054e-08 2.160691963126737392e-07
8.770931959152221680e-01 1.141759534140085464e-10 6.216953352122800425e-07 2.587904335271673517e-09 2.322541803323474596e-08 2.195155559547856683e-07
8.731115460395812988e-01 1.156056916862269190e-10 6.175241651362739503e-07 2.553983691200301109e-09 2.339635329917655326e-08 2.289524729803815717e-07
8.768212199211120605e-01 1.167061031148719508e-10 6.065307616154314019e-07 2.489163986041376120e-09 2.333742621374312876e-08 2.263564908844273305e-07
8.771154880523681641e-01 1.194502274870501424e-10 6.291230079114029650e-07 2.548838917704188134e-09 2.390193110102245555e-08 2.277018467111702194e-07
8.748677372932434082e-01 1.229266133329076638e-10 6.386491122611914761e-07 2.657722042442856036e-09 2.477700533631832513e-08 2.387477309184760088e-07
8.736950159072875977e-01 1.198247889799830546e-10 6.068783591217652429e-07 2.577563051886500034e-09 2.410748045633681613e-08 2.348301961774268420e-07
8.772765398025512695e-01 1.251778125599400937e-10 6.233101430552778766e-07 2.639558127626173700e-09 2.487775319082174974e-08 2.364016609135433100e-07
8.758511543273925781e-01 1.300098639855917781e-10 6.505172791548829991e-07 2.726353143245319188e-09 2.503605145420806366e-08 2.338039593041685293e-07
8.756726980209350586e-01 1.327904869397045218e-10 6.239395702323236037e-07 2.723511194346883713e-09 2.563847267822438880e-08 2.480492469203454675e-07
8.744229674339294434e-01 1.350722034221263357e-10 6.527443474624305964e-07 2.712309488117625733e-09 2.525409570353076560e-08 2.454591765399527503e-07
8.753266334533691406e-01 1.359550250157326445e-10 6.721192562508804258e-07 2.754026784401730765e-09 2.514933150621345703e-08 2.403780001714039827e-07
8.784186244010925293e-01 1.381228048602523018e-10 6.226455298019573092e-07 2.841691548738367601e-09 2.462603454489453725e-08 2.328172143961637630e-07
8.798660039901733398e-01 1.320868830978483288e-10 6.405575163626053836e-07 2.671157739442264756e-09 2.436408230721553991e-08 2.321331038501739386e-07
8.768689632415771484e-01 1.341918104413863944e-10 6.349251862047822215e-07 2.716941116531756961e-09 2.433947088320564944e-08 2.338527451684058178e-07
8.763391971588134766e-01 1.446469610755229951e-10 6.836752390881883912e-07 2.911724861220932326e-09 2.544894606160141848e-08 2.392841338405560236e-07
8.784039020538330078e-01 1.518638687025841705e-10 6.757562687198515050e-07 2.957745826037694314e-09 2.680555333256506856e-08 2.514938728381821420e-07
