8.090404654145219370e-04
5.370645364931817684e-04
1.839057565558692986e-01
6.010445638614613229e-01
6.391053542562454837e-01
6.286442786189186949e-01
7.000798520544574410e-01
7.996069625897870292e-01
8.450549389823145408e-01
8.627837889397396154e-01
8.730943986552851532e-01
8.790893694294572569e-01
8.824780061469383874e-01
8.791683565301129377e-01
8.763784600554723747e-01
8.879122586058098010e-01
8.892255467949616854e-01
8.962584020651253036e-01
9.073250654962240480e-01
9.198578856877055454e-01
9.096445232086326493e-01
9.145734984882529783e-01
9.099326008776398300e-01
9.081041245802571327e-01
9.133280851460522376e-01
9.067818865219053892e-01
9.142105182226545335e-01
9.151691753530453166e-01
9.109014092019551700e-01
9.191590750952890465e-01
9.142564688933780825e-01
9.303094708597063889e-01
9.337292819537961197e-01
9.391753674612067782e-01
9.392007754791363849e-01
9.486488340422750687e-01
9.545057125393313635e-01
9.583049620477492869e-01
9.589898372733580700e-01
9.571737946868771330e-01
9.578652771984722536e-01
9.564790685985249397e-01
9.580586304129289354e-01
9.589961442281632609e-01
9.599394244020766909e-01
9.555392122000773147e-01
9.527565837400218118e-01
9.490877380304809652e-01
9.437743989051606830e-01
9.456145881186100999e-01
9.454370323242846652e-01
9.457366427106498330e-01
9.452099819512973511e-01
9.413707283295436046e-01
9.408418451194501264e-01
9.376840429478394690e-01
9.405803767930972503e-01
9.371166572803161232e-01
9.445902185257727401e-01
9.435800245646879247e-01
9.393788718695880169e-01
9.382953971002904181e-01
9.369138136005336071e-01
9.389183440363357835e-01
9.399562885985633942e-01
9.381457120395803040e-01
9.422260715336014947e-01
9.388401377967512396e-01
9.416876978581821822e-01
9.449127742143816899e-01
9.424862784689933548e-01
9.389123374127117394e-01
9.450011917141269979e-01
9.367370386672791982e-01
9.362521239421134345e-01
9.374848633084674754e-01
9.389596696068689408e-01
9.451798287007048271e-01
9.510971338314185841e-01
9.489998611268618545e-01
9.485661228349725471e-01
9.496130773326362240e-01
9.506279564601477494e-01
9.506976332941862173e-01
9.477988967994787073e-01
9.533074511925790917e-01
9.566397457804670657e-01
9.560345784503487820e-01
9.502310988373098288e-01
9.529493963583522964e-01
9.532356720402722638e-01
9.499343716302841578e-01
9.543668994673806250e-01
9.528246988519180061e-01
9.462484070434149519e-01
9.528961176068073691e-01
9.489826221170609699e-01
9.510756301188446615e-01
9.533037871521684581e-01
9.497875096826773333e-01
9.486941239844001172e-01
