4.571735090397294849e-04
3.702921424559059427e-03
4.937107960383272376e-01
2.940967636239202876e-01
5.243190076704671299e-01
7.175351120842998753e-01
8.457344614356109291e-01
9.480313407088785116e-01
1.015012284990643776e+00
1.088783885016539221e+00
1.195078781163337212e+00
1.323572538696949907e+00
1.258410781549128776e+00
1.150499943408449521e+00
1.092053203103771297e+00
1.010640752874608639e+00
9.548322357802169202e-01
9.208806636140993707e-01
9.140759700826677214e-01
8.878690726956999235e-01
8.393341662787466850e-01
7.999295468227918260e-01
7.363721711381331358e-01
6.851796638594027655e-01
6.161943437516101962e-01
5.263914254772957824e-01
4.555171697002233233e-01
4.285056869003112112e-01
3.551232363584636564e-01
3.367069255726426458e-01
2.983109899469624793e-01
2.748154223645403182e-01
2.458403558969936842e-01
2.169268079679141370e-01
2.024411464391143167e-01
1.892224777894679910e-01
1.693490859693912443e-01
1.459702935097639265e-01
1.133728448418233198e-01
1.049218766859107282e-01
8.683675446137395504e-02
7.754763406582323992e-02
6.823351402259346388e-02
6.184725665303037606e-02
5.034172103052111935e-02
4.451347946871764272e-02
4.106396849017707185e-02
3.694380222332126901e-02
3.318052261415969234e-02
3.068520270234562086e-02
2.839354424732577417e-02
