5.271280315355397761e-05 4.051479045301675797e-04 1.134762074798345566e-03 3.866440965794026852e-04 2.007731818594038486e-04 4.092490780749358237e-05
2.613088116049766541e-02 1.712830624001071556e-07 2.978918246299144812e-06 5.477214926941087469e-06 9.126357554123387672e-07 3.686788113554939628e-05
4.181134402751922607e-01 5.115996071225481501e-09 3.977872697902284926e-09 5.639149591729619715e-08 2.868485537987908174e-08 8.083250577328726649e-06
6.781364679336547852e-01 1.658253867553582950e-09 5.987645379512684940e-10 3.691461358812375693e-08 1.600829158121541695e-08 7.156354513426776975e-07
8.185071349143981934e-01 1.819049022522278847e-09 1.863855597639130224e-10 4.559921507052422385e-08 2.043851843325228401e-08 3.945536377614189405e-07
8.539589643478393555e-01 2.518089070591145173e-09 1.835996771282211171e-10 6.078666814346433966e-08 2.673222709859146562e-08 4.334145558004820487e-07
8.590767383575439453e-01 1.997320309143901795e-09 1.329103910263640387e-10 4.238689399471695651e-08 2.073556792936415150e-08 4.214659270473930519e-07
8.693635463714599609e-01 1.926493631287939934e-09 1.375125152636158532e-10 3.734988496262303670e-08 1.661854476253665780e-08 4.237435859977267683e-07
8.820542097091674805e-01 2.204224580637514919e-09 1.698548801609689463e-10 3.858006536461289215e-08 1.413645733805424243e-08 5.457360998661897611e-07
8.938670754432678223e-01 2.584909841729654545e-09 1.956651229928496605e-10 3.733463671551362495e-08 1.236644475710590996e-08 7.218018254206981510e-07
8.976635336875915527e-01 2.743489213585803554e-09 2.046614266948409977e-10 3.577080676109289925e-08 1.106204194911697414e-08 6.904514862071664538e-07
8.985594511032104492e-01 2.988619129951075593e-09 2.367891438481706246e-10 3.704812812088675855e-08 1.048042452822528503e-08 7.093054250617569778e-07
8.952817916870117188e-01 2.979598123786786346e-09 2.256633074848579668e-10 3.328246478417895560e-08 9.457951755109661462e-09 7.213843673525843769e-07
8.928571343421936035e-01 3.031102036032962133e-09 2.380744767993547839e-10 3.265479975311791350e-08 8.884502911143954407e-09 7.532295285272994079e-07
8.896037936210632324e-01 3.132292869523212175e-09 2.426558121104704924e-10 3.489318700644616911e-08 8.474906110222946154e-09 7.939842703308386263e-07
8.839100599288940430e-01 3.079314803144939106e-09 2.313948477272731452e-10 3.497518363815288467e-08 8.387770478179845668e-09 7.816838092367106583e-07
8.799768090248107910e-01 3.420969063583356728e-09 2.493726891650283051e-10 3.916458268804490217e-08 8.320635735969972302e-09 7.926677199066034518e-07
8.762931227684020996e-01 3.538632942223784994e-09 2.591872272361683827e-10 4.314285106943316350e-08 8.349597457879553986e-09 7.968328645802102983e-07
8.687355518341064453e-01 4.078287041409112135e-09 3.160567918492063200e-10 5.237006561742418853e-08 8.818118679698727647e-09 8.686848218530940358e-07
8.642778396606445312e-01 5.057640084515924173e-09 4.059541314216374985e-10 6.755789172530057840e-08 1.008251970802120923e-08 1.009175548460916616e-06
8.582708239555358887e-01 5.409453773808081678e-09 4.323892910385040977e-10 7.588950978743014275e-08 1.039601560393066393e-08 1.002490307655534707e-06
8.535963296890258789e-01 6.865040980130743264e-09 5.806867209301458388e-10 9.577841808550147107e-08 1.210094069392653182e-08 1.228612404702289496e-06
8.491390347480773926e-01 7.971308058074555447e-09 7.043822192187576547e-10 1.128004498696100200e-07 1.329913512648772667e-08 1.342905875389988068e-06
8.415676951408386230e-01 1.020618434210973646e-08 9.181186366724602976e-10 1.460304019929026254e-07 1.576594144125920138e-08 1.717121676847455092e-06
8.333232998847961426e-01 1.272645189231980112e-08 1.213317002424219027e-09 1.859210811971934163e-07 1.945699956706903322e-08 1.980175966309616342e-06
8.275768160820007324e-01 1.467305565938659129e-08 1.443768549158619408e-09 2.186382062063785270e-07 2.182146019436004281e-08 2.296943648616434075e-06
8.242942094802856445e-01 1.737527632883484330e-08 1.794939974431031260e-09 2.572916457665996859e-07 2.459582759684053599e-08 2.599510025902418420e-06
8.182228207588195801e-01 2.144987654162378021e-08 2.260304388101985751e-09 3.179470695613417774e-07 2.940805821083358751e-08 3.107200654994812794e-06
8.095309138298034668e-01 2.771681906210687885e-08 2.885358840742924258e-09 3.862480468797002686e-07 3.595618025542535179e-08 3.751061967705027200e-06
8.045676946640014648e-01 3.466348630354332272e-08 3.619897492868062727e-09 4.624050689017167315e-07 4.295213074101411621e-08 4.434145466802874580e-06
7.993930578231811523e-01 3.951513605215950520e-08 4.103721362724854771e-09 5.022579330216103699e-07 4.761401584119084873e-08 4.890220679953927174e-06
7.925151586532592773e-01 5.120261192814723472e-08 5.304591876864606093e-09 6.053738275113573764e-07 5.694289129110075010e-08 5.942689313087612391e-06
7.855833768844604492e-01 6.519378104030693066e-08 6.863187795858038953e-09 7.402194341921131127e-07 7.011555425151527743e-08 7.396934506687102839e-06
7.760494947433471680e-01 7.982352911994894384e-08 8.650093974438277655e-09 8.549146741643198766e-07 8.007880580862547504e-08 8.262748451670631766e-06
7.671365141868591309e-01 9.780120535651803948e-08 1.128218674040226688e-08 1.027145117404870689e-06 9.269314915627546725e-08 9.800914995139464736e-06
7.572746276855468750e-01 1.244435026137580280e-07 1.435974628094527361e-08 1.220653643940750044e-06 1.092557582182962506e-07 1.147443435911554843e-05
7.491235136985778809e-01 1.553480757365832687e-07 1.873675614660896827e-08 1.481417939430684783e-06 1.320404976468125824e-07 1.474751388741424307e-05
7.404972910881042480e-01 1.897798824757046532e-07 2.366681606247311720e-08 1.777417651283030864e-06 1.524698802768398309e-07 1.665090167080052197e-05
7.305510044097900391e-01 2.303891619703790639e-07 2.916926966634036944e-08 2.102430926242959686e-06 1.754668659259550623e-07 1.981045352295041084e-05
7.201790809631347656e-01 2.795534328470239416e-07 3.598114162173260411e-08 2.448670329613378271e-06 2.037586028791338322e-07 2.210977618233300745e-05
7.074880599975585938e-01 3.635148857483727625e-07 4.658220831288417685e-08 3.026849299203604460e-06 2.453372189847868867e-07 2.734120062086731195e-05
7.014108896255493164e-01 4.243347291321697412e-07 5.564802307844729512e-08 3.527226226651691832e-06 2.786004245081130648e-07 3.104523057118058205e-05
6.879537105560302734e-01 5.083126097815693356e-07 6.859400514258595649e-08 4.131860805500764400e-06 3.230871072901209118e-07 3.604868106776848435e-05
6.810032725334167480e-01 5.944172585259366315e-07 8.633865888896252727e-08 4.800326678378041834e-06 3.745683159195323242e-07 4.173323395662009716e-05
6.659586429595947266e-01 7.345740300479519647e-07 1.070992041718454857e-07 5.644685188599396497e-06 4.500912211824470432e-07 4.965089829056523740e-05
6.664821505546569824e-01 7.759225582049111836e-07 1.177054755885365012e-07 6.049224793969187886e-06 4.696321695973892929e-07 5.085000520921312273e-05
6.554947495460510254e-01 9.581871154296095483e-07 1.526174315813477733e-07 7.412226295855361968e-06 5.615786449197912589e-07 6.088941518100909889e-05
6.423121094703674316e-01 1.130110717895149719e-06 1.807061522640651674e-07 8.529770639142952859e-06 6.457853487518150359e-07 6.974678399274125695e-05
6.298353672027587891e-01 1.313835355176706798e-06 2.149624123148896615e-07 9.558715646562632173e-06 7.458266964022186585e-07 7.943312812130898237e-05
6.204885244369506836e-01 1.467635343033180106e-06 2.532935070576058934e-07 1.091291323973564431e-05 8.463998142360651400e-07 9.171316924039274454e-05
6.090391278266906738e-01 1.691444481366488617e-06 2.984212699175259331e-07 1.203305055241798982e-05 9.451098321733297780e-07 9.946087084244936705e-05
