3.156594175379723310e-05 1.175339217297732830e-03 7.030536653473973274e-04 1.313880668021738529e-03 4.864512011408805847e-04 2.723048091866075993e-04
1.579335366841405630e-04 2.153155393898487091e-03 1.357877161353826523e-03 8.742891950532793999e-04 1.820396428229287267e-04 8.370777359232306480e-04
8.327172696590423584e-02 2.349760325159877539e-04 4.457564864424057305e-05 1.652557548368349671e-04 8.641231397632509470e-05 1.469087728764861822e-04
2.112771719694137573e-01 1.683551236055791378e-04 3.355233957336167805e-06 1.403274472977500409e-05 1.665149102336727083e-05 8.175268885679543018e-05
2.095362544059753418e-01 2.538502740208059549e-04 2.527080823711003177e-06 1.199468533741310239e-05 2.378433782723732293e-05 2.287257375428453088e-04
1.758687049150466919e-01 1.666091848164796829e-04 4.030704531032824889e-06 1.268207961402367800e-05 4.086878107045777142e-05 4.811577964574098587e-04
1.913938522338867188e-01 5.876136856386438012e-05 3.510878514134674333e-06 6.576948180736508220e-06 5.010123641113750637e-05 7.296481053344905376e-04
2.255801111459732056e-01 2.645773020049091429e-05 2.258303311464260332e-06 3.204417225788347423e-06 5.444556518341414630e-05 8.301969501189887524e-04
2.303037941455841064e-01 2.314829180249944329e-05 2.453012484693317674e-06 2.742421884249779396e-06 6.554133869940415025e-05 1.010743202641606331e-03
2.121327221393585205e-01 2.811376543832011521e-05 2.979928694912814535e-06 3.406776841075043194e-06 7.911477587185800076e-05 1.208271132782101631e-03
1.979581117630004883e-01 2.807574674079660326e-05 3.276052666478790343e-06 3.769703425859916024e-06 9.532429976388812065e-05 1.455552177503705025e-03
2.072886079549789429e-01 2.603698521852493286e-05 3.336740519443992525e-06 4.174738023721147329e-06 9.284405678045004606e-05 1.808219705708324909e-03
1.853060722351074219e-01 2.589742325653787702e-05 3.611675765569088981e-06 4.190260824543656781e-06 9.966429206542670727e-05 2.460015937685966492e-03
1.717025339603424072e-01 2.777632471406832337e-05 3.898383056366583332e-06 5.048858383815968409e-06 1.145098431152291596e-04 3.122682916000485420e-03
1.808163523674011230e-01 3.048845610464923084e-05 4.518706191447563469e-06 5.684383268089732155e-06 1.308017963310703635e-04 3.581545315682888031e-03
1.930178403854370117e-01 3.033019129361491650e-05 5.004717877454822883e-06 6.202959411893971264e-06 1.640474656596779823e-04 4.016971681267023087e-03
2.128051966428756714e-01 3.316916263429448009e-05 5.995917490508873016e-06 7.021372312010498717e-06 1.975425111595541239e-04 4.581834189593791962e-03
2.162866741418838501e-01 3.718771040439605713e-05 6.635691988776670769e-06 7.425486273859860376e-06 1.864016812760382891e-04 5.621381569653749466e-03
2.080488801002502441e-01 3.468382055871188641e-05 6.398233381332829595e-06 7.048374754958786070e-06 1.802796177798882127e-04 5.868108477443456650e-03
1.994152814149856567e-01 3.796715100179426372e-05 7.349703992076683789e-06 7.397197350655915216e-06 1.877596077974885702e-04 6.119161378592252731e-03
1.965328156948089600e-01 4.453729707165621221e-05 8.140974387060850859e-06 7.599722721352009103e-06 1.930957951117306948e-04 7.093730848282575607e-03
1.803599596023559570e-01 5.307260289555415511e-05 9.018534910865128040e-06 8.629476724308915436e-06 2.011087199207395315e-04 8.149087429046630859e-03
1.512355655431747437e-01 7.109170110197737813e-05 1.078750574379228055e-05 9.875278010440524668e-06 2.098356635542586446e-04 1.015229895710945129e-02
1.344491690397262573e-01 8.940870611695572734e-05 1.306824560742825270e-05 1.126941151596838608e-05 2.476951049175113440e-04 1.075831707566976547e-02
1.236219108104705811e-01 1.020214331219904125e-04 1.366231208521639928e-05 1.213947689393535256e-05 2.729649131651967764e-04 1.225947402417659760e-02
1.134706735610961914e-01 1.355780113954097033e-04 1.634610271139536053e-05 1.445555881218751892e-05 3.459201543591916561e-04 1.399856805801391602e-02
1.002113074064254761e-01 1.610423933016136289e-04 1.808185152185615152e-05 1.653172876103781164e-05 3.909546067006886005e-04 1.635514758527278900e-02
8.978291600942611694e-02 1.973689359147101641e-04 2.210366983490530401e-05 1.866007733042351902e-05 4.950877046212553978e-04 1.911092735826969147e-02
7.404070347547531128e-02 2.376792690483853221e-04 2.712909918045625091e-05 2.200017661380115896e-05 5.511824856512248516e-04 2.356906048953533173e-02
6.565418094396591187e-02 2.892592165153473616e-04 3.088342782575637102e-05 2.625505658215843141e-05 6.213593878783285618e-04 2.729179151356220245e-02
5.355952307581901550e-02 3.562383062671869993e-04 3.672965249279513955e-05 3.001442746608518064e-05 6.920789601281285286e-04 3.126024827361106873e-02
4.284619539976119995e-02 4.507870471570640802e-04 4.589653326547704637e-05 3.727111834450624883e-05 8.126336615532636642e-04 3.584576398134231567e-02
3.579894080758094788e-02 5.256603471934795380e-04 5.143985617905855179e-05 4.357029320090077817e-05 8.625240880064666271e-04 3.820041567087173462e-02
3.145100548863410950e-02 5.997167900204658508e-04 5.538700497709214687e-05 5.055014844401739538e-05 9.721166570670902729e-04 4.365655034780502319e-02
2.488121204078197479e-02 8.020470850169658661e-04 6.813564687035977840e-05 6.455501716118305922e-05 1.200343016535043716e-03 4.958544299006462097e-02
2.131474576890468597e-02 9.043138124980032444e-04 7.722763257334008813e-05 7.395660941256210208e-05 1.289641135372221470e-03 5.163457244634628296e-02
1.809960044920444489e-02 1.128591946326196194e-03 9.835514356382191181e-05 9.231195144820958376e-05 1.509606605395674706e-03 5.825550109148025513e-02
1.527681015431880951e-02 1.282936078496277332e-03 1.098945140256546438e-04 9.779960237210616469e-05 1.678129425272345543e-03 6.225364655256271362e-02
1.379318069666624069e-02 1.345228985883295536e-03 1.182563719339668751e-04 1.058286143233999610e-04 1.741625368595123291e-03 6.707965582609176636e-02
1.177683193236589432e-02 1.632394618354737759e-03 1.446729729650542140e-04 1.247668697033077478e-04 1.997312530875205994e-03 6.992996484041213989e-02
1.037796307355165482e-02 1.827775267884135246e-03 1.638938556425273418e-04 1.379139721393585205e-04 2.312608761712908745e-03 7.485736161470413208e-02
8.457412011921405792e-03 2.119326265528798103e-03 1.948774151969701052e-04 1.615642977412790060e-04 2.636210061609745026e-03 7.849296927452087402e-02
7.449141237884759903e-03 2.536839107051491737e-03 2.320668281754478812e-04 1.921720249811187387e-04 2.934163436293601990e-03 7.829369604587554932e-02
6.327718961983919144e-03 2.788974670693278313e-03 2.657849108800292015e-04 2.102097787428647280e-04 3.173859557136893272e-03 8.020665496587753296e-02
5.517707206308841705e-03 3.232658840715885162e-03 3.122460038866847754e-04 2.573106612544506788e-04 3.684527706354856491e-03 7.901865988969802856e-02
4.485651385039091110e-03 3.989398013800382614e-03 3.901023592334240675e-04 3.016306436620652676e-04 4.221636336296796799e-03 7.982210069894790649e-02
3.919224254786968231e-03 4.376944154500961304e-03 4.263684386387467384e-04 3.298269293736666441e-04 4.459561780095100403e-03 8.382859826087951660e-02
3.318319562822580338e-03 4.598713945597410202e-03 5.108225159347057343e-04 3.606021346058696508e-04 4.955963231623172760e-03 8.631546050310134888e-02
2.544816117733716965e-03 5.983655340969562531e-03 6.300616078078746796e-04 4.828316159546375275e-04 5.861248821020126343e-03 9.150619804859161377e-02
2.185448771342635155e-03 6.576547864824533463e-03 7.606419385410845280e-04 5.533249350264668465e-04 6.747811101377010345e-03 9.671396017074584961e-02
1.793525880202651024e-03 7.611172273755073547e-03 8.668410591781139374e-04 6.745124119333922863e-04 7.396746892482042313e-03 9.431094676256179810e-02
