1.253433833983608539e-02
2.817042070690207317e-02
9.592682345714920178e-01
9.763958320706196403e-01
9.794949647462301012e-01
9.753817160974981304e-01
9.632625938726737669e-01
9.562683855591702642e-01
9.607028566079703902e-01
9.456101259055524899e-01
9.386867491037871325e-01
9.357564763612232772e-01
9.415524067710860923e-01
9.336734321818460636e-01
9.279569406572997226e-01
9.311190147522014904e-01
9.322699521011614809e-01
9.285833064054042074e-01
9.292672937377411957e-01
9.291555772015060999e-01
9.194059334212481005e-01
9.156867709808615974e-01
8.979263522034457434e-01
8.812156145885896574e-01
8.749256567993888289e-01
8.565489739831374516e-01
8.493972029144088998e-01
8.161419575869276466e-01
7.942651819425431414e-01
7.629354778126415937e-01
7.135344733082357171e-01
6.834460839498663898e-01
6.339468717038690970e-01
5.763163812306176803e-01
5.269979238297648472e-01
4.923025871971773437e-01
4.278840469623084175e-01
3.731390290476144234e-01
3.281499012363655043e-01
2.990081735380406003e-01
2.708388100736396908e-01
2.388612815351155161e-01
2.070507300666676875e-01
1.906992158084935829e-01
1.775160667984790330e-01
1.525692382510247247e-01
1.327696489901100119e-01
1.135569451283520853e-01
1.030152287152502760e-01
9.347825131881101757e-02
8.426406537491507032e-02
