          0  0.16620320  7.79360628
        100  0.00391877 24.06850243
        200  0.00234124 26.30554771
        300  0.00156556 28.05330849
        400  0.00115622 29.36958694
        500  0.00088441 30.53345299
        600  0.00079122 31.01704597
        700  0.00071025 31.48591805
        800  0.00063183 31.99397659
        900  0.00059094 32.28459930
       1000  0.00053523 32.71462250
       1100  0.00047843 33.20180511
       1200  0.00051813 32.85563278
       1300  0.00042970 33.66838837
       1400  0.00041431 33.82670212
       1500  0.00038543 34.14052200
       1600  0.00039632 34.01950836
       1700  0.00039094 34.07893753
       1800  0.00034942 34.56648254
       1900  0.00034296 34.64756393
       2000  0.00038923 34.09798431
       2100  0.00033037 34.81001282
       2200  0.00030870 35.10469055
       2300  0.00029266 35.33644104
       2400  0.00031215 35.05631638
       2500  0.00027787 35.56154251
       2600  0.00028111 35.51126862
       2700  0.00026779 35.72209549
       2800  0.00025518 35.93153000
       2900  0.00024736 36.06676865
       3000  0.00026962 35.69251633
       3100  0.00024086 36.18227005
       3200  0.00022888 36.40398407
       3300  0.00022309 36.51528549
       3400  0.00022470 36.48397064
       3500  0.00021874 36.60080719
       3600  0.00021857 36.60404587
       3700  0.00021613 36.65283203
       3800  0.00020598 36.86183167
       3900  0.00020992 36.77943802
       4000  0.00019706 37.05408859
       4100  0.00019413 37.11904526
       4200  0.00019420 37.11756897
       4300  0.00018060 37.43292999
       4400  0.00018568 37.31246185
       4500  0.00018879 37.24029160
       4600  0.00018250 37.38727188
       4700  0.00017848 37.48422241
       4800  0.00017369 37.60224915
       4900  0.00016644 37.78749847
       5000  0.00015785 38.01751328
