2.924584550783038139e-04 2.186554629588499665e-04 2.054216020042076707e-04 6.342443521134555340e-05 1.154771307483315468e-03 2.048092428594827652e-04
3.448617411777377129e-03 6.480010924860835075e-04 7.292734226211905479e-04 3.854913666145876050e-05 3.133720892947167158e-04 1.244796876562759280e-04
4.496164917945861816e-01 1.062289625406265259e-02 2.067804802209138870e-03 4.602223725669318810e-06 4.736288683488965034e-04 1.956965570570901036e-04
6.388568282127380371e-01 1.284741237759590149e-02 2.156333997845649719e-03 3.375689857421093620e-06 3.099360328633338213e-04 2.068567555397748947e-04
6.681828498840332031e-01 6.578624714165925980e-03 9.570285328663885593e-04 3.227845127184991725e-06 1.679750566836446524e-04 1.331563689745962620e-04
6.616234779357910156e-01 7.038164418190717697e-03 9.484641486778855324e-04 6.741122433595592156e-06 1.597752416273579001e-04 1.882153010228648782e-04
5.993497371673583984e-01 1.219918765127658844e-02 1.724324654787778854e-03 1.634426189411897212e-05 3.220683720428496599e-04 3.147407551296055317e-04
5.756792426109313965e-01 1.269652415066957474e-02 1.874561654403805733e-03 2.182677962991874665e-05 4.046806716360151768e-04 4.002819478046149015e-04
5.424682497978210449e-01 1.495484728366136551e-02 2.331516472622752190e-03 2.965020030387677252e-05 5.523158470168709755e-04 5.564733291976153851e-04
5.330613255500793457e-01 1.660560816526412964e-02 2.693277550861239433e-03 3.751004987861961126e-05 6.800139090046286583e-04 6.961286417208611965e-04
5.238678455352783203e-01 1.930893398821353912e-02 3.153798868879675865e-03 3.803079380304552615e-05 7.562820683233439922e-04 8.053840720094740391e-04
4.961024224758148193e-01 2.510984428226947784e-02 4.370568785816431046e-03 4.836457083001732826e-05 9.355227230116724968e-04 1.038272865116596222e-03
4.899486601352691650e-01 3.015532344579696655e-02 5.622493568807840347e-03 5.939073162153363228e-05 1.106825773604214191e-03 1.259644515812397003e-03
4.829906225204467773e-01 4.102632775902748108e-02 7.878963835537433624e-03 7.146270218072459102e-05 1.394203514792025089e-03 1.625116099603474140e-03
4.485494196414947510e-01 5.297791957855224609e-02 1.070046052336692810e-02 8.971487841336056590e-05 1.670274417847394943e-03 1.926994067616760731e-03
4.024665951728820801e-01 6.658217310905456543e-02 1.410199236124753952e-02 1.154452038463205099e-04 2.049550414085388184e-03 2.091260161250829697e-03
3.743914067745208740e-01 8.229983597993850708e-02 1.790486462414264679e-02 1.248374755959957838e-04 2.323014428839087486e-03 2.168764825910329819e-03
3.534185588359832764e-01 8.767182379961013794e-02 1.981418207287788391e-02 1.425687951268628240e-04 2.595054917037487030e-03 2.291816053912043571e-03
3.264983892440795898e-01 1.006250306963920593e-01 2.389520592987537384e-02 1.703031157376244664e-04 2.895584795624017715e-03 2.437011105939745903e-03
2.981384098529815674e-01 1.119752973318099976e-01 2.778205275535583496e-02 2.007705770665779710e-04 3.435721853747963905e-03 2.860477194190025330e-03
2.782815396785736084e-01 1.164518147706985474e-01 2.978841401636600494e-02 2.239625173388049006e-04 3.739173291251063347e-03 3.186210524290800095e-03
2.619917392730712891e-01 1.156218051910400391e-01 3.054533898830413818e-02 2.492435160093009472e-04 4.003111273050308228e-03 3.582414472475647926e-03
2.470369786024093628e-01 1.211406886577606201e-01 3.277546167373657227e-02 2.698244061321020126e-04 4.249079152941703796e-03 4.052110947668552399e-03
2.420989274978637695e-01 1.197160631418228149e-01 3.248324245214462280e-02 2.677653392311185598e-04 4.286554642021656036e-03 4.158651921898126602e-03
2.215426117181777954e-01 1.197310611605644226e-01 3.332801535725593567e-02 2.820531663019210100e-04 4.558008629828691483e-03 4.395856987684965134e-03
2.026462107896804810e-01 1.279225945472717285e-01 3.586247935891151428e-02 2.992374065797775984e-04 4.883943125605583191e-03 4.504073411226272583e-03
1.855336427688598633e-01 1.354660540819168091e-01 3.902694955468177795e-02 3.265913110226392746e-04 5.327193066477775574e-03 4.743047058582305908e-03
1.680332571268081665e-01 1.453356742858886719e-01 4.277892038226127625e-02 3.403529990464448929e-04 5.895209498703479767e-03 5.057687871158123016e-03
1.482579708099365234e-01 1.549980044364929199e-01 4.612499848008155823e-02 3.651579318102449179e-04 6.159449927508831024e-03 5.219061393290758133e-03
1.424462795257568359e-01 1.546968519687652588e-01 4.641547054052352905e-02 3.902923490386456251e-04 6.451848894357681274e-03 5.567042157053947449e-03
1.203905865550041199e-01 1.642656177282333374e-01 5.058434233069419861e-02 4.322496824897825718e-04 7.262437138706445694e-03 6.190964486449956894e-03
1.103507429361343384e-01 1.692184358835220337e-01 5.251257121562957764e-02 4.649860202334821224e-04 7.601258344948291779e-03 6.415445357561111450e-03
9.989894181489944458e-02 1.720770448446273804e-01 5.409967899322509766e-02 4.979355726391077042e-04 8.061273954808712006e-03 6.800532806664705276e-03
9.047244489192962646e-02 1.776455044746398926e-01 5.667839199304580688e-02 5.518083344213664532e-04 8.745914325118064880e-03 7.093746680766344070e-03
7.916471362113952637e-02 1.860056072473526001e-01 6.033729389309883118e-02 6.081531173549592495e-04 8.927297778427600861e-03 7.023417390882968903e-03
7.068185508251190186e-02 1.904999166727066040e-01 6.317866593599319458e-02 6.814117659814655781e-04 9.619091637432575226e-03 7.380455732345581055e-03
6.420964002609252930e-02 1.935940682888031006e-01 6.575230509042739868e-02 7.461576606146991253e-04 1.020407862961292267e-02 7.558684330433607101e-03
5.921471491456031799e-02 1.954241394996643066e-01 6.712562590837478638e-02 8.199311560019850731e-04 1.085526030510663986e-02 7.897813804447650909e-03
5.484461784362792969e-02 2.004160434007644653e-01 7.066410779953002930e-02 8.564119925722479820e-04 1.116972975432872772e-02 8.227065205574035645e-03
4.930714517831802368e-02 2.117199301719665527e-01 7.596732676029205322e-02 9.478254360146820545e-04 1.155703514814376831e-02 8.362763561308383942e-03
4.599531367421150208e-02 2.172116041183471680e-01 7.931340485811233521e-02 1.002743956632912159e-03 1.213285606354475021e-02 8.371306583285331726e-03
4.177363216876983643e-02 2.181507796049118042e-01 8.128619194030761719e-02 1.096382038667798042e-03 1.300399191677570343e-02 8.703718893229961395e-03
3.899287804961204529e-02 2.243524640798568726e-01 8.515751361846923828e-02 1.162266824394464493e-03 1.374711468815803528e-02 9.188222698867321014e-03
3.518206626176834106e-02 2.339676022529602051e-01 8.989858627319335938e-02 1.282695098780095577e-03 1.425679028034210205e-02 9.202887304127216339e-03
3.065244853496551514e-02 2.481905072927474976e-01 9.810425341129302979e-02 1.399131841026246548e-03 1.544034667313098907e-02 9.342862293124198914e-03
2.987577952444553375e-02 2.520923018455505371e-01 9.974870085716247559e-02 1.420798827894032001e-03 1.549669634550809860e-02 9.114362299442291260e-03
2.692163549363613129e-02 2.532407343387603760e-01 1.022317484021186829e-01 1.585861667990684509e-03 1.693080179393291473e-02 9.512093849480152130e-03
2.440170757472515106e-02 2.593726217746734619e-01 1.063953563570976257e-01 1.767824753187596798e-03 1.765407249331474304e-02 9.823548607528209686e-03
2.215905673801898956e-02 2.612550556659698486e-01 1.102155148983001709e-01 1.937310909852385521e-03 1.894154772162437439e-02 1.003179140388965607e-02
1.842128485441207886e-02 2.718659937381744385e-01 1.181930229067802429e-01 2.169005805626511574e-03 2.054626494646072388e-02 1.043090503662824631e-02
1.629591174423694611e-02 2.749813497066497803e-01 1.219807490706443787e-01 2.412716625258326530e-03 2.220861800014972687e-02 1.095864921808242798e-02
