1.627102028578519821e-04 1.385363982990384102e-03 1.126711373217403889e-03 1.195009239017963409e-02 4.845878866035491228e-04 9.635258466005325317e-04
4.551885649561882019e-04 8.040510118007659912e-03 6.632782984524965286e-03 3.901438903994858265e-04 5.579114076681435108e-05 1.628430560231208801e-02
4.474585354328155518e-01 7.556311061307496857e-07 1.056704204529523849e-04 1.987500155564703164e-07 2.709696289571184025e-08 2.692171983653679490e-05
7.019097208976745605e-01 3.788331355281115975e-07 4.998495205654762685e-05 1.632436124054947868e-07 1.883850231365613581e-08 1.701928454167500604e-06
8.340682983398437500e-01 3.534196935106592719e-07 2.483234129613265395e-05 6.485061021521687508e-08 7.328782469784300702e-09 9.209788913722150028e-07
8.849514722824096680e-01 3.650577298230928136e-07 2.033251803368330002e-05 4.255822716459078947e-08 4.442919365743591698e-09 7.897800173850555439e-07
8.951435089111328125e-01 4.522357244240993168e-07 2.413757647445891052e-05 4.057642044585918484e-08 4.956214993967478222e-09 7.919118161225924268e-07
8.896557092666625977e-01 6.332332986858091317e-07 4.299676947994157672e-05 5.517744483540809597e-08 6.923253970114728872e-09 1.005426270239695441e-06
8.828970789909362793e-01 8.197333158932451624e-07 4.775233173859305680e-05 6.367984894950495800e-08 6.969770538489683531e-09 1.033849343912152108e-06
8.555785417556762695e-01 1.094739900509011932e-06 4.921976142213679850e-05 7.471163598893326707e-08 7.679015645578601834e-09 1.111789742935798131e-06
8.075028657913208008e-01 1.699166887192404829e-06 5.518861144082620740e-05 9.078100760007146164e-08 8.563175057929584000e-09 1.414192524862301070e-06
7.715432047843933105e-01 2.267725676574627869e-06 6.021369699737988412e-05 8.370919601929927012e-08 7.495472686969151255e-09 1.624226001695205923e-06
6.995391845703125000e-01 3.008701469298102893e-06 6.847028271295130253e-05 1.005639589379825338e-07 7.984263916682721174e-09 2.017155338762677275e-06
6.482140421867370605e-01 3.506551593090989627e-06 6.618188490392640233e-05 1.198095560539513826e-07 9.850016802204208943e-09 2.120010549333528616e-06
6.309124827384948730e-01 4.211929081066045910e-06 7.472553261322900653e-05 1.419974466898565879e-07 1.135768723514729572e-08 2.388281700405059382e-06
5.899305939674377441e-01 4.664409061660990119e-06 7.764821202727034688e-05 1.836206990901700919e-07 1.617342881843342184e-08 2.559261019996483810e-06
5.710519552230834961e-01 5.359700480767060071e-06 8.279142639366909862e-05 2.147319975165373762e-07 1.976773233991480083e-08 2.713621825023437850e-06
5.752367973327636719e-01 4.799358976015355438e-06 7.020089105935767293e-05 2.039080868598830421e-07 1.893120327167707728e-08 2.514956577215343714e-06
5.792813301086425781e-01 4.977571734343655407e-06 6.547098746523261070e-05 2.388634925409860443e-07 2.161749002027590905e-08 2.548880956965149380e-06
5.984155535697937012e-01 4.683791757997823879e-06 6.358616519719362259e-05 2.882348439925408456e-07 2.438296853313204338e-08 2.580173259048024192e-06
6.102223396301269531e-01 5.574906936089973897e-06 7.009549881331622601e-05 4.062875120780518046e-07 3.230073986060233437e-08 3.115804929620935582e-06
5.869534015655517578e-01 7.155391358537599444e-06 7.818909216439351439e-05 5.154323616807232611e-07 3.764478506695922988e-08 3.636149358499096707e-06
5.738929510116577148e-01 8.623203029856085777e-06 9.419972775503993034e-05 6.869849471513589378e-07 4.995007429897668771e-08 4.376745891931932420e-06
5.410414338111877441e-01 1.118701766245067120e-05 1.025972160277888179e-04 8.326541660608199891e-07 5.774669276092936343e-08 5.352362222765805200e-06
5.010068416595458984e-01 1.514953237347071990e-05 1.277595438295975327e-04 1.138466586780850776e-06 7.599833651283915970e-08 6.921318345121107996e-06
4.954478442668914795e-01 1.690988028713036329e-05 1.371638209093362093e-04 1.321810259469202720e-06 8.984537913647727692e-08 8.077926395344547927e-06
4.493207931518554688e-01 2.394725379417650402e-05 1.741078012855723500e-04 1.758348162184120156e-06 1.159635729663932580e-07 1.068177243723766878e-05
4.102747142314910889e-01 3.293968620710074902e-05 2.134210080839693546e-04 2.174340579585987143e-06 1.404290372875038884e-07 1.377277567371493205e-05
4.029338061809539795e-01 4.094773248652927577e-05 2.419573575025424361e-04 2.850933697118307464e-06 1.794887509731779573e-07 1.709436583041679114e-05
3.893666267395019531e-01 5.281142875901423395e-05 2.838996588252484798e-04 3.708450094563886523e-06 2.262326574964390602e-07 2.111791400238871574e-05
3.550887405872344971e-01 6.519169983221217990e-05 3.356836095917969942e-04 4.634483502741204575e-06 2.687493747544067446e-07 2.664197927515488118e-05
3.394389748573303223e-01 8.743068610783666372e-05 4.018096369691193104e-04 6.125924755906453356e-06 3.579541782983142184e-07 3.514813215588219464e-05
3.339296281337738037e-01 1.044725431711412966e-04 4.788352525793015957e-04 7.767846000206191093e-06 4.564824394037714228e-07 4.414340583025477827e-05
3.177466094493865967e-01 1.294720568694174290e-04 5.493926000781357288e-04 9.862799743132200092e-06 5.834095873069600202e-07 5.601202065008692443e-05
3.099078834056854248e-01 1.492841547587886453e-04 6.032358505763113499e-04 1.164386412710882723e-05 6.837204296061827336e-07 6.479492731159552932e-05
2.903783321380615234e-01 1.939393987413495779e-04 7.128878496587276459e-04 1.501630322309210896e-05 9.212243412548559718e-07 8.597924170317128301e-05
2.859490811824798584e-01 2.313422446604818106e-04 8.020687964744865894e-04 1.790823262126650661e-05 1.098768052543164231e-06 1.045606113621033728e-04
2.589320242404937744e-01 2.878944796975702047e-04 8.949892362579703331e-04 2.223392948508262634e-05 1.368000766888144426e-06 1.337575376965105534e-04
2.436303496360778809e-01 3.485587076283991337e-04 1.073357998393476009e-03 2.787689300021156669e-05 1.708288777990674134e-06 1.622888230485841632e-04
2.354518771171569824e-01 3.973913262598216534e-04 1.090888516046106815e-03 3.232042945455759764e-05 1.997197387026972137e-06 1.919303613249212503e-04
2.200981825590133667e-01 5.333120352588593960e-04 1.330966129899024963e-03 4.335504490882158279e-05 2.758163645921740681e-06 2.629797090776264668e-04
2.070937305688858032e-01 6.294227787293493748e-04 1.421268447302281857e-03 5.223921107244677842e-05 3.348831569383037277e-06 3.155877930112183094e-04
1.862429976463317871e-01 7.720547728240489960e-04 1.595744513906538486e-03 6.143771315691992640e-05 3.995878159912535921e-06 3.761558618862181902e-04
1.767959147691726685e-01 8.817856432870030403e-04 1.755954814143478870e-03 7.301133155124261975e-05 4.780192284670192748e-06 4.472752916626632214e-04
1.646809726953506470e-01 1.070188009180128574e-03 1.955914543941617012e-03 8.396485645789653063e-05 5.489053364726714790e-06 5.351246218197047710e-04
1.507962495088577271e-01 1.275501563213765621e-03 2.108403481543064117e-03 9.351906919619068503e-05 6.373457381414482370e-06 6.673067691735923290e-04
1.393698602914810181e-01 1.593603054061532021e-03 2.402523066848516464e-03 1.099279834306798875e-04 7.781528438499663025e-06 8.481972618028521538e-04
1.218841448426246643e-01 1.932892366312444210e-03 2.625229768455028534e-03 1.270353095605969429e-04 9.084252269531134516e-06 1.010061008855700493e-03
1.155496537685394287e-01 2.106440486386418343e-03 2.719128271564841270e-03 1.328710059169679880e-04 9.791029697225894779e-06 1.077672000974416733e-03
1.065237075090408325e-01 2.494060667231678963e-03 2.954534720629453659e-03 1.538677897769957781e-04 1.134056674345629290e-05 1.317843096330761909e-03
9.403346478939056396e-02 2.895420882850885391e-03 3.118427935987710953e-03 1.685405441094189882e-04 1.268591677217045799e-05 1.532806432805955410e-03
