1.823746358368658646e-04
5.102006347046005507e-04
5.015363881203533936e-01
7.867394145584282183e-01
9.348700911257133983e-01
9.919027796419120913e-01
1.003326580583413286e+00
9.971755498297960596e-01
9.896001014950137620e-01
9.589799670942903420e-01
9.050940783017462632e-01
8.647884922612389946e-01
7.840823857314258571e-01
7.265543144299760892e-01
7.071617652943840149e-01
6.612269873317627722e-01
6.400667600957040682e-01
6.447573636496463090e-01
6.492907007064232516e-01
6.707374014938178863e-01
6.839711033166728793e-01
6.578899846695228648e-01
6.432511060264134439e-01
6.064293002582871184e-01
5.615563049802237972e-01
5.553254718345658203e-01
5.036237100422675805e-01
4.598586953174067515e-01
4.516305977002079697e-01
4.364237491651480338e-01
3.980031898242029076e-01
3.804620628647769620e-01
3.742868809477250536e-01
3.561480544484137978e-01
3.473619747648067357e-01
3.254721686067878483e-01
3.205076180385607598e-01
2.902253995013302501e-01
2.730744324159253833e-01
2.639075460059621125e-01
2.466982720660962913e-01
2.321221597246379831e-01
2.087514997605260103e-01
1.981626843747584521e-01
1.845835841702785918e-01
1.690208149624708167e-01
1.562134830567395993e-01
1.366145216436179533e-01
1.295144720919777781e-01
1.193976900263979263e-01
1.053979320056896568e-01
