          0  0.05280800 12.77300358
        100  0.00322662 24.91252708
        200  0.00177898 27.49828148
        300  0.00153983 28.12528610
        400  0.00129644 28.87247086
        500  0.00107629 29.68071556
        600  0.00106186 29.73932648
        700  0.00093735 30.28097916
        800  0.00085885 30.66082191
        900  0.00082270 30.84760284
       1000  0.00073766 31.32146645
       1100  0.00070966 31.48947906
       1200  0.00065670 31.82629967
       1300  0.00063067 32.00199890
       1400  0.00057541 32.40024948
       1500  0.00055531 32.55463791
       1600  0.00051081 32.91740036
       1700  0.00049937 33.01578522
       1800  0.00047724 33.21261597
       1900  0.00048380 33.15331650
       2000  0.00043715 33.59365463
       2100  0.00044585 33.50809479
       2200  0.00041357 33.83450699
       2300  0.00042142 33.75289536
       2400  0.00039386 34.04656219
       2500  0.00035836 34.45674896
       2600  0.00035300 34.52221680
       2700  0.00035063 34.55155182
       2800  0.00035140 34.54200745
       2900  0.00031052 35.07907104
       3000  0.00034138 34.66764832
       3100  0.00028927 35.38692474
       3200  0.00029367 35.32133484
       3300  0.00027538 35.60070801
       3400  0.00028701 35.42098236
       3500  0.00026031 35.84510422
       3600  0.00026008 35.84890747
       3700  0.00025083 36.00619888
       3800  0.00024617 36.08761978
       3900  0.00022933 36.39535522
       4000  0.00022562 36.46627426
       4100  0.00022605 36.45792389
       4200  0.00021438 36.68824387
       4300  0.00022842 36.41262817
       4400  0.00021262 36.72389984
       4500  0.00021013 36.77514648
       4600  0.00021398 36.69630814
       4700  0.00019120 37.18506241
       4800  0.00018849 37.24715042
       4900  0.00026982 35.68928146
       5000  0.00019831 37.02665710
