1.765421838437959559e-03
3.837705906741878392e-02
9.554876893753128098e-01
9.986814792085465520e-01
9.999787806427485881e-01
9.999927281977958327e-01
9.999808072105760282e-01
9.999661443962956087e-01
9.999428984712168678e-01
9.999206062251156935e-01
9.999352690393961129e-01
9.999079699786626030e-01
9.998975987197813442e-01
9.998649352147989111e-01
9.998642199555657362e-01
9.998364440553434429e-01
9.997937073161602406e-01
9.996280651987401455e-01
9.994811390312552390e-01
9.992533289654835782e-01
9.988296570796895146e-01
9.979478616550359060e-01
9.970359657376521856e-01
9.948439942125991697e-01
9.910277881788390753e-01
9.853841544092095672e-01
9.745312280393063631e-01
9.543700968234503090e-01
9.176910669009379351e-01
8.767343695293844386e-01
8.176547913368278353e-01
7.382210215403894882e-01
6.505118812307274512e-01
5.843300768772544673e-01
5.074680216537580391e-01
4.210149659649854437e-01
3.562353081283132217e-01
2.932294037825530775e-01
2.468464220408563281e-01
2.049984669610435128e-01
1.643878060460147728e-01
1.389774022189964042e-01
1.132676027979510752e-01
9.392383407082520452e-02
8.001409090491856668e-02
7.118057231944383001e-02
5.882365322348858533e-02
5.178834850457771782e-02
4.440744319023737924e-02
4.015275344406261243e-02
3.762147336964704464e-02
