1.122226142883300781e+01
1.521348094940185547e+01
1.707016563415527344e+01
1.816214561462402344e+01
1.898640251159667969e+01
1.966872596740722656e+01
2.026579284667968750e+01
2.079722976684570312e+01
2.126518630981445312e+01
2.171117019653320312e+01
2.211748886108398438e+01
2.256433868408203125e+01
2.299784660339355469e+01
2.338371658325195312e+01
2.385716247558593750e+01
2.435343933105468750e+01
2.481098937988281250e+01
2.525779151916503906e+01
2.575516700744628906e+01
2.622335815429687500e+01
2.669210815429687500e+01
2.715281295776367188e+01
2.751581382751464844e+01
2.799328804016113281e+01
2.844081878662109375e+01
2.884908866882324219e+01
2.925469207763671875e+01
2.962588119506835938e+01
3.002131843566894531e+01
3.035810470581054688e+01
3.071776580810546875e+01
3.106138420104980469e+01
3.139314460754394531e+01
3.164462471008300781e+01
3.193972015380859375e+01
3.224642944335937500e+01
3.251821136474609375e+01
3.276835250854492188e+01
3.300659942626953125e+01
3.321693801879882812e+01
3.347311019897460938e+01
3.361888122558593750e+01
3.384496307373046875e+01
3.405840301513671875e+01
3.423053359985351562e+01
3.438337707519531250e+01
3.454775619506835938e+01
3.471865844726562500e+01
3.484940338134765625e+01
3.500555419921875000e+01
3.511280441284179688e+01
