9.710000000000000000e+02 1.400000000000000000e+01 1.800000000000000000e+01 1.000000000000000000e+00 1.200000000000000000e+01
3.400000000000000000e+02 3.530000000000000000e+02 8.300000000000000000e+01 3.520000000000000000e+02 3.610000000000000000e+02
3.400000000000000000e+02 3.530000000000000000e+02 3.520000000000000000e+02 8.300000000000000000e+01 2.680000000000000000e+02
3.400000000000000000e+02 3.530000000000000000e+02 3.520000000000000000e+02 5.220000000000000000e+02 3.510000000000000000e+02
3.400000000000000000e+02 3.530000000000000000e+02 5.220000000000000000e+02 3.520000000000000000e+02 2.680000000000000000e+02
3.400000000000000000e+02 3.530000000000000000e+02 5.220000000000000000e+02 3.520000000000000000e+02 2.680000000000000000e+02
3.400000000000000000e+02 3.530000000000000000e+02 5.220000000000000000e+02 3.520000000000000000e+02 2.680000000000000000e+02
3.400000000000000000e+02 3.530000000000000000e+02 5.220000000000000000e+02 3.520000000000000000e+02 2.680000000000000000e+02
3.400000000000000000e+02 3.530000000000000000e+02 5.220000000000000000e+02 3.520000000000000000e+02 2.680000000000000000e+02
3.400000000000000000e+02 3.530000000000000000e+02 5.220000000000000000e+02 3.520000000000000000e+02 2.680000000000000000e+02
3.400000000000000000e+02 3.530000000000000000e+02 5.220000000000000000e+02 3.520000000000000000e+02 2.820000000000000000e+02
3.400000000000000000e+02 3.530000000000000000e+02 5.220000000000000000e+02 3.520000000000000000e+02 2.820000000000000000e+02
3.400000000000000000e+02 3.530000000000000000e+02 5.220000000000000000e+02 3.520000000000000000e+02 2.820000000000000000e+02
3.400000000000000000e+02 3.530000000000000000e+02 5.220000000000000000e+02 3.520000000000000000e+02 2.820000000000000000e+02
3.400000000000000000e+02 3.530000000000000000e+02 5.220000000000000000e+02 3.520000000000000000e+02 2.820000000000000000e+02
3.400000000000000000e+02 3.530000000000000000e+02 5.220000000000000000e+02 3.520000000000000000e+02 2.820000000000000000e+02
3.400000000000000000e+02 3.530000000000000000e+02 5.220000000000000000e+02 3.520000000000000000e+02 2.820000000000000000e+02
3.400000000000000000e+02 3.530000000000000000e+02 5.220000000000000000e+02 3.520000000000000000e+02 2.820000000000000000e+02
3.400000000000000000e+02 3.530000000000000000e+02 5.220000000000000000e+02 3.520000000000000000e+02 2.930000000000000000e+02
3.400000000000000000e+02 3.530000000000000000e+02 5.220000000000000000e+02 3.520000000000000000e+02 2.930000000000000000e+02
3.400000000000000000e+02 3.530000000000000000e+02 5.220000000000000000e+02 3.520000000000000000e+02 2.930000000000000000e+02
3.400000000000000000e+02 3.530000000000000000e+02 3.520000000000000000e+02 5.220000000000000000e+02 2.930000000000000000e+02
3.400000000000000000e+02 3.530000000000000000e+02 5.220000000000000000e+02 3.520000000000000000e+02 2.930000000000000000e+02
3.400000000000000000e+02 3.530000000000000000e+02 3.520000000000000000e+02 5.220000000000000000e+02 2.930000000000000000e+02
3.400000000000000000e+02 3.530000000000000000e+02 3.520000000000000000e+02 5.220000000000000000e+02 2.930000000000000000e+02
3.400000000000000000e+02 3.530000000000000000e+02 3.520000000000000000e+02 5.220000000000000000e+02 2.930000000000000000e+02
3.400000000000000000e+02 3.530000000000000000e+02 5.220000000000000000e+02 3.520000000000000000e+02 2.930000000000000000e+02
3.400000000000000000e+02 3.530000000000000000e+02 5.220000000000000000e+02 3.520000000000000000e+02 2.930000000000000000e+02
3.400000000000000000e+02 3.530000000000000000e+02 5.220000000000000000e+02 3.520000000000000000e+02 2.930000000000000000e+02
3.400000000000000000e+02 3.530000000000000000e+02 5.220000000000000000e+02 3.520000000000000000e+02 1.340000000000000000e+02
3.400000000000000000e+02 3.530000000000000000e+02 5.220000000000000000e+02 3.520000000000000000e+02 1.340000000000000000e+02
3.400000000000000000e+02 3.530000000000000000e+02 5.220000000000000000e+02 3.520000000000000000e+02 1.340000000000000000e+02
3.400000000000000000e+02 3.530000000000000000e+02 5.220000000000000000e+02 3.520000000000000000e+02 1.340000000000000000e+02
3.400000000000000000e+02 3.530000000000000000e+02 5.220000000000000000e+02 3.520000000000000000e+02 1.340000000000000000e+02
3.400000000000000000e+02 3.530000000000000000e+02 5.220000000000000000e+02 3.520000000000000000e+02 1.340000000000000000e+02
3.400000000000000000e+02 3.530000000000000000e+02 5.220000000000000000e+02 3.520000000000000000e+02 1.340000000000000000e+02
3.400000000000000000e+02 3.530000000000000000e+02 5.220000000000000000e+02 3.520000000000000000e+02 1.340000000000000000e+02
3.400000000000000000e+02 3.530000000000000000e+02 5.220000000000000000e+02 3.520000000000000000e+02 1.340000000000000000e+02
3.400000000000000000e+02 3.530000000000000000e+02 5.220000000000000000e+02 3.520000000000000000e+02 1.340000000000000000e+02
3.400000000000000000e+02 5.220000000000000000e+02 3.530000000000000000e+02 3.520000000000000000e+02 1.340000000000000000e+02
3.400000000000000000e+02 5.220000000000000000e+02 3.530000000000000000e+02 3.520000000000000000e+02 1.340000000000000000e+02
3.400000000000000000e+02 5.220000000000000000e+02 3.530000000000000000e+02 3.520000000000000000e+02 1.340000000000000000e+02
3.400000000000000000e+02 5.220000000000000000e+02 3.530000000000000000e+02 3.520000000000000000e+02 1.340000000000000000e+02
3.400000000000000000e+02 5.220000000000000000e+02 3.530000000000000000e+02 3.520000000000000000e+02 1.340000000000000000e+02
3.400000000000000000e+02 5.220000000000000000e+02 3.530000000000000000e+02 3.520000000000000000e+02 1.340000000000000000e+02
3.400000000000000000e+02 5.220000000000000000e+02 3.530000000000000000e+02 3.520000000000000000e+02 1.340000000000000000e+02
3.400000000000000000e+02 5.220000000000000000e+02 3.530000000000000000e+02 3.520000000000000000e+02 1.340000000000000000e+02
3.400000000000000000e+02 5.220000000000000000e+02 3.530000000000000000e+02 3.520000000000000000e+02 1.340000000000000000e+02
3.400000000000000000e+02 5.220000000000000000e+02 3.530000000000000000e+02 3.520000000000000000e+02 1.340000000000000000e+02
3.400000000000000000e+02 5.220000000000000000e+02 3.530000000000000000e+02 3.520000000000000000e+02 1.340000000000000000e+02
3.400000000000000000e+02 5.220000000000000000e+02 3.530000000000000000e+02 3.520000000000000000e+02 1.340000000000000000e+02
