1.250663190148770809e-03 6.389086593117099255e-06 8.191503729904070497e-05 9.569164103595539927e-05 3.906669371644966304e-05 6.482849858002737164e-05
2.939672209322452545e-02 1.454353787266882136e-05 4.160045937169343233e-04 3.868865896947681904e-04 3.371938510099425912e-05 7.031551649561151862e-05
9.789012074470520020e-01 3.667472014967643190e-08 1.064840034814551473e-06 2.305254611201235093e-06 1.007204453173926595e-08 1.973947689748456469e-07
9.943388104438781738e-01 3.181426455611813253e-09 3.246626079089764971e-07 5.037842356614419259e-07 1.345642153260939722e-09 4.179356594136152125e-08
9.977402687072753906e-01 2.726310288636568657e-10 2.806002186162004364e-08 6.470971669614300481e-08 1.191679949164026198e-10 3.455016273079536404e-09
9.974863529205322266e-01 2.432861689882770406e-10 2.403850984933342261e-08 3.521620683955006825e-08 1.014728717718682560e-10 3.686558391891026076e-09
9.978260397911071777e-01 1.614848255115930442e-10 1.503200053321052110e-08 1.693106987943338027e-08 7.275207519752413532e-11 2.272416477211436359e-09
9.985122084617614746e-01 5.431782107434557361e-11 3.498454193007205504e-09 3.842959728217465454e-09 2.501532314624910214e-11 6.189406764889326951e-10
9.987804293632507324e-01 2.390992265288716112e-11 1.138381833243329311e-09 9.646515808370281775e-10 1.218356318610780420e-11 2.048017588851536175e-10
9.987653493881225586e-01 1.909099961450166916e-11 6.832347465568489042e-10 4.818741516920965751e-10 9.027553010687583424e-12 1.345304839750482984e-10
9.987789988517761230e-01 1.344924779184131225e-11 4.261360153634541348e-10 2.350838690379219997e-10 6.172165643164584381e-12 8.780774024552684409e-11
9.990774393081665039e-01 1.361182434128638263e-11 3.576109963709939166e-10 2.002869398110007637e-10 4.823755977989563348e-12 7.086159437008632267e-11
9.992777705192565918e-01 1.122548061449624157e-11 3.086265409901756129e-10 1.678604061305932760e-10 4.258940422552370819e-12 5.881192061130136040e-11
9.993619322776794434e-01 1.150471471561553827e-11 2.758444583861319188e-10 1.854158770964176028e-10 4.289144994035209990e-12 5.937674657507940879e-11
9.993365406990051270e-01 1.341907921587059960e-11 3.085328659224728653e-10 2.067945398254167344e-10 5.148561264822770767e-12 6.657223383665922256e-11
9.994875192642211914e-01 1.051337055607559634e-11 1.946342392811217792e-10 1.764370455292763040e-10 4.337245406577094897e-12 5.009529943644785988e-11
9.994702935218811035e-01 1.386341562381598891e-11 2.380482200248223990e-10 1.765400464703859029e-10 5.335442157528014206e-12 5.561609853210747190e-11
9.994047880172729492e-01 1.651144151959549333e-11 3.091141231870153661e-10 2.175453706065866299e-10 7.504352174392270314e-12 8.397974676777053560e-11
9.994161128997802734e-01 1.741210300942874767e-11 2.455754211094784978e-10 2.175918334401671927e-10 8.283839759981592721e-12 8.544617791095276971e-11
9.993276596069335938e-01 2.033645994659050160e-11 2.771904095144606117e-10 2.350676875373380881e-10 9.567388548070709930e-12 1.053312922993931977e-10
9.993920326232910156e-01 1.329186760656853039e-11 1.653203823837046116e-10 1.385247888618934553e-10 6.357723375538526511e-12 7.166135046476895809e-11
9.994205236434936523e-01 1.000326557698549834e-11 1.067341631744156416e-10 1.050118811352085402e-10 4.879527771423086691e-12 5.454349472078234840e-11
9.994481205940246582e-01 8.422894326454155589e-12 8.594532030503643227e-11 8.421790348434043949e-11 4.334709240855216805e-12 4.892647398335725484e-11
9.994620680809020996e-01 8.213061307438263015e-12 6.917175859877389144e-11 7.248363714795758028e-11 3.909943549484928838e-12 4.193015032405433828e-11
9.995139837265014648e-01 8.903149051331382680e-12 7.311099642359764061e-11 7.926637818345128039e-11 4.062777458208044479e-12 4.431463182519301824e-11
9.994918107986450195e-01 1.198532766089055457e-11 8.811729124147404946e-11 1.081028599969613424e-10 4.740412923309733628e-12 5.058201080210267264e-11
9.995338916778564453e-01 1.441375664656963096e-11 1.037301702866422204e-10 1.303778057737403628e-10 5.611231965185758952e-12 6.157530735295679847e-11
9.994708895683288574e-01 1.845267688649343540e-11 1.229206875175137270e-10 1.365685620147161217e-10 6.483580165805857831e-12 7.178424521470105901e-11
9.993977546691894531e-01 2.602833226728051841e-11 1.722558762295989254e-10 1.771086471924476768e-10 8.558107347789167818e-12 9.211807705522545575e-11
9.993947744369506836e-01 3.773526283112893509e-11 1.967210561115706469e-10 2.219455869090225519e-10 1.032784274768161481e-11 1.088591300435481912e-10
9.993612170219421387e-01 4.059927394273188384e-11 2.001311061317068152e-10 2.320534320254807881e-10 1.064413314433299007e-11 1.082100242744132856e-10
9.992355108261108398e-01 7.131759072187549009e-11 2.953935152039122158e-10 3.712308238590367182e-10 1.563564729079036653e-11 1.635639262920207671e-10
9.992582201957702637e-01 9.265567479932457218e-11 3.130008197071987297e-10 3.895677669341068849e-10 1.682586882323366950e-11 1.800572746457618223e-10
9.992026686668395996e-01 1.427429424660786594e-10 4.444074552800714173e-10 6.733180124562920810e-10 2.391546856383985897e-11 2.650304142814974284e-10
9.990882873535156250e-01 1.825253975740182000e-10 5.341389552881992131e-10 8.571031662185646383e-10 2.823854518274604430e-11 3.061393083481078747e-10
9.988878369331359863e-01 3.012567140192601300e-10 7.331860119030864098e-10 1.268033344992147704e-09 3.936259651560192196e-11 4.400448616603824803e-10
9.988365769386291504e-01 3.918247393208673657e-10 8.518600269624698740e-10 1.391011084095339356e-09 4.338384859692290263e-11 4.976167811143739073e-10
9.987092018127441406e-01 4.830654765086705993e-10 9.970125836034071654e-10 1.648367331519295931e-09 4.904103859115771513e-11 5.885096299174108481e-10
9.985295534133911133e-01 7.607484087124305461e-10 1.441577635041824124e-09 2.357242845363316519e-09 6.903989879791794237e-11 7.969214732561624714e-10
9.983271956443786621e-01 1.142704375567404895e-09 2.035040358450146414e-09 3.379633906064327675e-09 9.153380831072865931e-11 1.071329913671092982e-09
9.980473518371582031e-01 1.701271012954919115e-09 2.776752161537388019e-09 4.256494712251424062e-09 1.184004699839036334e-10 1.391901816027996119e-09
9.979764819145202637e-01 2.174712854241533933e-09 3.279465365935152477e-09 5.161469474046498362e-09 1.434789093091026757e-10 1.737152532932384474e-09
9.978370070457458496e-01 2.902480700228693422e-09 4.170032319450456271e-09 6.212204528566189765e-09 1.710701441615114504e-10 2.089143302796969692e-09
9.975419044494628906e-01 3.977896234630406980e-09 5.941025893463347529e-09 8.555697483814128645e-09 2.120544156936077229e-10 2.660525799669244407e-09
9.974168539047241211e-01 4.863561553491990708e-09 6.740277669337046973e-09 1.028656004820049930e-08 2.437406387834073485e-10 3.125940617465516880e-09
9.973789453506469727e-01 5.036588479612191804e-09 6.911579308876980576e-09 1.093961365938866948e-08 2.485665007156967476e-10 3.125708802897975147e-09
9.966931343078613281e-01 9.218517504905321402e-09 1.029964469267952154e-08 1.754948364407482586e-08 3.735942943894343671e-10 4.477852311168817323e-09
9.963265061378479004e-01 1.379807468282479022e-08 1.358355827818513717e-08 2.460462411590924603e-08 5.132804181684491596e-10 6.217891534987529667e-09
9.962996840476989746e-01 1.603656940574182954e-08 1.455261333660473611e-08 2.755949424226855626e-08 5.606602959673523401e-10 6.742996383479749056e-09
9.959174990653991699e-01 1.909251956533353223e-08 1.704451513262483786e-08 3.389002145581798686e-08 6.173405120435404569e-10 7.286939496253808102e-09
9.949198365211486816e-01 3.448781882298135315e-08 2.529654352656507399e-08 5.470534247820069140e-08 9.124667688098497820e-10 1.014528994147667618e-08
9.950984120368957520e-01 3.611591736785157991e-08 2.457762526830720162e-08 5.454760554357562796e-08 9.705659609338113114e-10 1.038346475468188146e-08
7.367236614227294922e-01 9.595133576567604905e-09 3.276863083101488883e-07 4.295887379157647956e-08 8.699669429290679545e-09 4.140930798257613787e-08
2.868308424949645996e-01 1.220787544298218563e-05 4.343779000919312239e-04 2.235718238807749003e-05 5.616270937025547028e-05 2.949932422779966146e-05
2.408322412520647049e-03 3.167670365655794740e-05 1.562139368616044521e-03 2.718413597904145718e-04 4.333281540311872959e-04 2.634641132317483425e-04
1.433371100574731827e-03 1.490101294621126726e-05 3.300830721855163574e-04 2.627555222716182470e-04 3.297096118330955505e-04 1.103850299841724336e-04
8.055337821133434772e-04 1.715701728244312108e-05 1.241264253621920943e-04 3.057791909668594599e-04 1.686847244855016470e-04 4.375348362373188138e-05
1.375223044306039810e-03 4.075550532434135675e-05 2.552065416239202023e-04 6.189193809404969215e-04 3.660157672129571438e-04 9.058774594450369477e-05
8.080958505161106586e-04 3.611376814660616219e-05 1.997998479055240750e-04 3.457349957898259163e-04 2.702899801079183817e-04 9.019634308060631156e-05
5.339684430509805679e-04 7.400377944577485323e-05 4.672203212976455688e-04 4.259815614204853773e-04 4.570426826830953360e-04 1.572655164636671543e-04
6.614896119572222233e-04 5.255787255009636283e-05 5.063569406047463417e-04 3.036089765373617411e-04 3.555814328137785196e-04 1.387857919326052070e-04
8.507869206368923187e-04 4.365004861028864980e-05 4.061773652210831642e-04 4.770400410052388906e-04 2.776211185846477747e-04 1.576429349370300770e-04
4.025443631689995527e-04 2.050108741968870163e-05 1.702421723166480660e-04 2.030773321166634560e-04 1.034538363455794752e-04 5.752260767621919513e-05
1.737976446747779846e-03 3.711296085384674370e-05 3.314473724458366632e-04 3.116791194770485163e-04 1.907375117298215628e-04 6.627012771787121892e-05
1.773164491169154644e-03 1.460292423871578649e-05 1.503386883996427059e-04 2.079312835121527314e-04 4.946918124915100634e-05 2.363095336477272213e-05
1.926797442138195038e-03 2.319474697287660092e-05 2.217971341451629996e-04 2.899190294556319714e-04 1.256474643014371395e-04 4.896285827271640301e-05
3.502808278426527977e-03 8.371361764147877693e-05 8.373250602744519711e-04 7.276328979060053825e-04 4.338271974120289087e-04 2.258709719171747565e-04
3.636649576947093010e-03 7.952909072628244758e-05 1.016811933368444443e-03 5.642622709274291992e-04 6.189947016537189484e-04 2.420410746708512306e-04
1.445673638954758644e-03 4.589410309563390911e-05 1.126319635659456253e-03 4.530291480477899313e-04 6.058428552933037281e-04 1.777734869392588735e-04
2.027096925303339958e-03 3.399316483410075307e-05 8.645735215395689011e-04 4.867000388912856579e-04 4.995759227313101292e-04 2.165385667467489839e-04
2.053934382274746895e-03 3.923085751011967659e-05 7.709367200732231140e-04 3.735786303877830505e-04 4.586379218380898237e-04 1.966324489330872893e-04
3.118413966149091721e-03 3.546668449416756630e-05 9.233316523022949696e-04 3.524907515384256840e-04 5.686387303285300732e-04 1.940112415468320251e-04
2.190964296460151672e-03 2.053993193840142339e-05 7.809562375769019127e-04 3.898076538462191820e-04 3.294920024927705526e-04 1.515906042186543345e-04
3.451539436355233192e-03 1.828429958550259471e-05 8.593018865212798119e-04 3.974576538894325495e-04 4.185239959042519331e-04 1.490114664193242788e-04
4.379159305244684219e-03 1.797751792764756829e-05 7.157608633860945702e-04 3.465363115537911654e-04 3.813759540207684040e-04 1.330974191660061479e-04
4.316987004131078720e-03 1.820480429159943014e-05 5.597112467512488365e-04 3.073137777391821146e-04 3.905141784343868494e-04 1.439786283299326897e-04
2.581425942480564117e-03 1.649573823669925332e-05 5.425573908723890781e-04 2.705626247916370630e-04 3.516294818837195635e-04 1.281459699384868145e-04
2.947959816083312035e-03 1.343084204563638195e-05 6.403969018720090389e-04 2.714262809604406357e-04 6.259452202357351780e-04 1.311897212872281671e-04
9.432316757738590240e-03 8.551487553631886840e-06 8.664912311360239983e-04 1.690048811724409461e-04 5.065304576419293880e-04 4.619682295015081763e-05
3.573306277394294739e-02 7.260718575707869604e-06 1.541273202747106552e-03 1.636921952012926340e-04 4.105077241547405720e-04 6.754579953849315643e-05
4.363355785608291626e-02 1.118398722610436380e-05 1.541902776807546616e-03 2.249569952255114913e-04 5.050579784438014030e-04 1.158758168458007276e-04
8.777330629527568817e-03 9.906925697578117251e-06 4.261232679709792137e-04 2.836668863892555237e-04 1.205245716846548021e-04 3.068866135436110198e-05
1.524103805422782898e-03 2.375160147494170815e-05 5.291386623866856098e-04 2.950455527752637863e-04 1.966637355508282781e-04 4.563350375974550843e-05
2.488567493855953217e-03 4.733165769721381366e-05 8.356873877346515656e-04 3.569343243725597858e-04 3.200631181243807077e-04 8.607134805060923100e-05
2.221091184765100479e-03 4.746092963614501059e-05 8.449665037915110588e-04 3.682473907247185707e-04 2.650554524734616280e-04 6.386980385286733508e-05
9.414158412255346775e-04 3.867462874040938914e-05 7.172928890213370323e-04 3.674186300486326218e-04 2.282103669131174684e-04 7.884028309490531683e-05
1.578731113113462925e-03 3.154237128910608590e-05 7.959926733747124672e-04 3.453711105976253748e-04 2.308120892848819494e-04 7.985565025592222810e-05
8.735988521948456764e-04 3.559678225428797305e-05 6.029487703926861286e-04 3.920313029084354639e-04 2.625076158437877893e-04 1.219083496835082769e-04
1.888201222755014896e-03 5.232316834735684097e-05 1.437458093278110027e-03 4.241130372975021601e-04 6.687784916721284389e-04 2.884062123484909534e-04
2.533226273953914642e-03 5.111045538797043264e-05 1.602250034920871258e-03 4.456271126400679350e-04 6.974451243877410889e-04 2.534160739742219448e-04
2.003693021833896637e-03 6.636779289692640305e-05 1.387356780469417572e-03 2.890219038818031549e-04 6.149317487142980099e-04 2.729601692408323288e-04
1.610681996680796146e-03 2.783712079690303653e-05 5.471301847137510777e-04 2.618962898850440979e-04 1.725664333207532763e-04 1.342524337815120816e-04
1.209549722261726856e-03 3.327573722344823182e-05 7.579859811812639236e-04 2.379936195211485028e-04 3.584332589525729418e-04 1.597049558768048882e-04
8.651278913021087646e-04 3.481933163129724562e-05 9.564291685819625854e-04 2.502915158402174711e-04 4.779973241966217756e-04 1.858596224337816238e-04
7.810212555341422558e-04 3.274529444752261043e-05 1.087856013327836990e-03 1.677705004112794995e-04 1.070836675353348255e-03 2.457080117892473936e-04
6.908776122145354748e-04 4.394348798086866736e-05 1.307826023548841476e-03 2.016916550928726792e-04 1.167066977359354496e-03 2.765489334706217051e-04
1.909273909404873848e-03 1.477026671636849642e-05 8.667901274748146534e-04 6.990570545895025134e-05 1.016502268612384796e-03 1.247056934516876936e-04
1.274260971695184708e-02 7.041026947263162583e-06 6.500382442027330399e-04 8.184487523976713419e-05 4.685265885200351477e-04 1.022621945594437420e-04
1.391218695789575577e-02 5.781773779744980857e-06 8.141603320837020874e-04 5.903359851799905300e-05 5.680907052010297775e-04 1.117923529818654060e-04
1.016125753521919250e-01 1.550811589368095156e-06 1.520621881354600191e-04 3.046341043955180794e-05 1.664434239501133561e-04 3.389819175936281681e-05
1.092996075749397278e-01 8.865915333444718271e-06 5.005145794712007046e-04 5.305406739353202283e-05 5.182719905860722065e-04 7.192904013209044933e-05
