1.332036128504624677e-03
2.444907360744840580e-02
4.039862236885858882e-01
9.264275101439859439e-01
9.678354314870093456e-01
9.706428673026319398e-01
9.756898727364639035e-01
9.762713139032673793e-01
9.793447230129608272e-01
9.794050895803820822e-01
9.673295536453958565e-01
9.592130434072260181e-01
9.501214178899355378e-01
9.469876422128209459e-01
9.356453948898529882e-01
9.299709976184938887e-01
9.374840824473963385e-01
9.406009795121276218e-01
9.529272919834159694e-01
9.548502524704041150e-01
9.567603587828370504e-01
9.543220900551455665e-01
9.561248580034175104e-01
9.473242534007100257e-01
9.471701234385181412e-01
9.399870425115183226e-01
9.336827906869462623e-01
9.204544034798052277e-01
9.093399873908957209e-01
9.072626566767706402e-01
9.159885388815954821e-01
9.170156715212999243e-01
9.093410685831480045e-01
9.086309054720821399e-01
9.103683213553249720e-01
9.045721097568710789e-01
9.055833248439719707e-01
9.079640501173453782e-01
9.195771961657559501e-01
9.200124361135511020e-01
9.213916770300946135e-01
9.204183637380611849e-01
9.161234476481906475e-01
9.233963275983693153e-01
9.207489683023263316e-01
9.103211092936402959e-01
9.094074417741931926e-01
9.072891458869524195e-01
9.008113627058830231e-01
9.104278469954387720e-01
9.017624514905075994e-01
8.883206489460057087e-01
8.815698046549891309e-01
8.777524151432267718e-01
8.826537599541767198e-01
8.707651501463694599e-01
8.729866998937068079e-01
9.417129857436392637e-01
9.583663497411866183e-01
3.075405373513480714e-02
4.456802104817023818e-04
1.279134697335320532e-04
1.217848292348626182e-04
1.545164479477934916e-04
7.581769015594501686e-05
3.401159706519072854e-05
2.207639486339376252e-05
2.656560912576078401e-05
1.557738501353337398e-05
2.106936703526869514e-05
6.020523473128663752e-05
3.455082938276445877e-05
4.864268589344779807e-05
4.583354449587399333e-05
6.023464460354722245e-05
5.488409723115185950e-05
2.492802329781972052e-05
4.002085665256354188e-05
3.923511959913123025e-05
4.800009741546886090e-05
3.977669092175386466e-05
2.596415120835172491e-05
2.961517311283561038e-05
3.785990194724714580e-05
1.972862037863893421e-05
2.498488898326399965e-05
1.482241522518195561e-05
1.384503373612884725e-05
1.704130704889802428e-05
4.151071854721262997e-05
5.412772972230688447e-05
6.659139455322673562e-04
2.154531031959562581e-02
2.052650698978777943e-01
2.961487091045036935e-01
2.695027861123017732e-01
1.763248569462517734e-01
1.309069286884032846e-01
2.002676641586209894e-01
2.389739413445995109e-01
2.058446039616806111e-01
