1.074645161024234338e-02
1.252359780205933824e-02
5.869737050565091915e-03
1.371323844540791280e-03
9.850376015206837622e-04
9.164450249291057615e-04
9.086616957627274404e-04
9.086616957627274404e-04
9.086616957627274404e-04
9.086616957627274404e-04
9.086616957627274404e-04
9.086616957627274404e-04
9.086616957627274404e-04
9.086616957627274404e-04
9.086616957627274404e-04
9.086616957627274404e-04
9.086616957627274404e-04
9.086616957627274404e-04
9.086616957627274404e-04
9.086616957627274404e-04
9.086616957627274404e-04
9.086616957627274404e-04
9.086616957627274404e-04
9.086616957627274404e-04
9.086616957627274404e-04
9.086616957627274404e-04
9.086616957627274404e-04
9.086616957627274404e-04
9.086616957627274404e-04
9.086616957627274404e-04
9.086616957627274404e-04
9.086616957627274404e-04
9.086616957627274404e-04
9.086616957627274404e-04
9.086616957627274404e-04
9.086616957627274404e-04
9.086616957627274404e-04
9.086616957627274404e-04
9.086616957627274404e-04
9.086616957627274404e-04
9.086616957627274404e-04
9.086616957627274404e-04
9.086616957627274404e-04
9.086616957627274404e-04
9.086616957627274404e-04
9.086616957627274404e-04
9.086616957627274404e-04
9.086616957627274404e-04
9.086616957627274404e-04
9.086616957627274404e-04
9.086616957627274404e-04
9.086616957627274404e-04
9.086616957627274404e-04
9.086616957627274404e-04
9.086616957627274404e-04
9.086616957627274404e-04
9.086616957627274404e-04
9.086616957627274404e-04
9.086616957627274404e-04
9.086616957627274404e-04
9.086616957627274404e-04
9.086616957627274404e-04
9.086616957627274404e-04
9.086616957627274404e-04
9.086616957627274404e-04
9.086616957627274404e-04
9.086616957627274404e-04
9.086616957627274404e-04
9.086616957627274404e-04
9.086616957627274404e-04
9.086616957627274404e-04
9.086616957627274404e-04
9.086616957627274404e-04
9.086616957627274404e-04
9.086616957627274404e-04
9.086616957627274404e-04
9.086616957627274404e-04
9.086616957627274404e-04
9.086616957627274404e-04
9.086616957627274404e-04
9.086616957627274404e-04
9.086616957627274404e-04
9.086616957627274404e-04
9.086616957627274404e-04
9.086616957627274404e-04
9.086616957627274404e-04
9.086616957627274404e-04
9.086616957627274404e-04
9.086616957627274404e-04
9.086616957627274404e-04
9.086616957627274404e-04
9.086616957627274404e-04
9.086616957627274404e-04
9.086616957627274404e-04
9.086616957627274404e-04
9.086616957627274404e-04
9.086616957627274404e-04
9.086616957627274404e-04
9.086616957627274404e-04
9.086616957627274404e-04
9.086616957627274404e-04
