7.228794382070050269e-04
1.137893989527828491e-02
1.221692127605814582e+00
1.690220131657502733e+00
1.684697833956813273e+00
1.719017275575163151e+00
1.695777926349612441e+00
1.783367591190932355e+00
1.739605251095096117e+00
1.692860325208342287e+00
1.675848042690303075e+00
1.699851555494934274e+00
1.731583769545705698e+00
1.749420728230561606e+00
1.723198513710223700e+00
1.681966382392597881e+00
1.621327179403471597e+00
1.600810197866379347e+00
1.575589725214155967e+00
1.596120821696655590e+00
1.600750104534447216e+00
1.596878137430934652e+00
1.601558988732640021e+00
1.576013173576374937e+00
1.575520687758401372e+00
1.565281343004912618e+00
1.588716065435209934e+00
1.564173110162537128e+00
1.550382948251535664e+00
1.540881353961464306e+00
1.532610275456653515e+00
1.533543538876752210e+00
1.495021616829263378e+00
1.492181857515635368e+00
1.457307321212554907e+00
1.440535971029982987e+00
1.395333906502601584e+00
1.362108443029285354e+00
1.358635886955219085e+00
1.318158835340916379e+00
1.289244719053890487e+00
1.256949584210043769e+00
1.200861682479132275e+00
1.173862866457523246e+00
1.127592188761261216e+00
1.047592800874735275e+00
1.034322096905109456e+00
1.003486740895440876e+00
9.262315219991905657e-01
9.147464284995561190e-01
8.761743355075007900e-01
8.443577811641224118e-01
7.879221766196131682e-01
7.889176296506649200e-01
7.285411602988232094e-01
7.014339666518343286e-01
6.591066692977297636e-01
6.338358160730377389e-01
6.184712088654155115e-01
5.567275463361515131e-01
5.536743858181972788e-01
5.141005858960111530e-01
5.013264554884497848e-01
4.589071664233119741e-01
4.410690198470107459e-01
4.246688857410542139e-01
3.935963008221886050e-01
3.789939356045445296e-01
3.624278810140847407e-01
3.328852304006296725e-01
3.357849432942549561e-01
3.128349504495540057e-01
2.999811265012152783e-01
2.789628373052696619e-01
2.607519199120792441e-01
2.564323273616400112e-01
2.514396196175939791e-01
2.463376957365597808e-01
2.334439551418649728e-01
2.226883667414991663e-01
2.142832836002781516e-01
1.997419026331500591e-01
1.942256841416212521e-01
1.882227970064017653e-01
1.772975148192951489e-01
1.750422679726578168e-01
1.607953618009887731e-01
1.638919851706427122e-01
1.489166395082073546e-01
1.499212113529999613e-01
1.407379370322502654e-01
1.414421557658294137e-01
1.334484848514492783e-01
1.309328015399545131e-01
1.202681392421196677e-01
1.080022604176682222e-01
1.090604358639240962e-01
1.013263716372889423e-01
1.018694913281129460e-01
9.311643460392066141e-02
9.415524567272109957e-02
