          0  0.08377814 10.76869297
        100  0.01183999 19.26648712
        200  0.00588418 22.30314445
        300  0.00430160 23.66370392
        400  0.00316794 24.99223328
        500  0.00261318 25.82830429
        600  0.00230825 26.36717415
        700  0.00202103 26.94426918
        800  0.00187054 27.28031921
        900  0.00175957 27.54592514
       1000  0.00168290 27.73942947
       1100  0.00149079 28.26584816
       1200  0.00143711 28.42510033
       1300  0.00130459 28.84527206
       1400  0.00132744 28.76984024
       1500  0.00123154 29.09552002
       1600  0.00111663 29.52089691
       1700  0.00105423 29.77064896
       1800  0.00099929 30.00309563
       1900  0.00096883 30.13754082
       2000  0.00096249 30.16605186
       2100  0.00098318 30.07366943
       2200  0.00088651 30.52314186
       2300  0.00085467 30.68203545
       2400  0.00083130 30.80240822
       2500  0.00076016 31.19092751
       2600  0.00069481 31.58132935
       2700  0.00070918 31.49246216
       2800  0.00068843 31.62142944
       2900  0.00064937 31.87509155
       3000  0.00069312 31.59192848
       3100  0.00058738 32.31083679
       3200  0.00058389 32.33669662
       3300  0.00058228 32.34871292
       3400  0.00058528 32.32636642
       3500  0.00056633 32.46932983
       3600  0.00065548 31.83441353
       3700  0.00052131 32.82905579
       3800  0.00049644 33.04133987
       3900  0.00050916 32.93142700
       4000  0.00049288 33.07259369
       4100  0.00045628 33.40768814
       4200  0.00045615 33.40896606
       4300  0.00048012 33.18646240
       4400  0.00045890 33.38278580
       4500  0.00042298 33.73677063
       4600  0.00040301 33.94688797
       4700  0.00037269 34.28647232
       4800  0.00038470 34.14872742
       4900  0.00036574 34.36821747
       5000  0.00042300 33.73660278
       5100  0.00035896 34.44948196
       5200  0.00033585 34.73859024
       5300  0.00075823 31.20196724
       5400  0.16068509  7.94024420
       5500  0.15268658  8.16199207
       5600  0.15483333  8.10135555
       5700  0.12505929  9.02884007
       5800  0.11253437  9.48714828
       5900  0.10968664  9.59846306
       6000  0.10550626  9.76721764
       6100  0.09858166 10.06203842
       6200  0.09695356 10.13436222
       6300  0.09487906 10.22829628
       6400  0.10424081  9.81962204
       6500  0.09294641 10.31767368
       6600  0.09075297 10.42139149
       6700  0.09113312 10.40323734
       6800  0.09343235 10.29502678
       6900  0.09404830 10.26649094
       7000  0.09111495 10.40410328
       7100  0.09277958 10.32547569
       7200  0.09110633 10.40451431
       7300  0.08889191 10.51137733
       7400  0.09067693 10.42503166
       7500  0.09061768 10.42787075
       7600  0.09067594 10.42507935
       7700  0.08930184 10.49139595
       7800  0.08918521 10.49707222
       7900  0.09291940 10.31893635
       8000  0.08599281 10.65537834
       8100  0.08503811 10.70386410
       8200  0.08995186 10.45989799
       8300  0.08815388 10.54758644
       8400  0.08971111 10.47153759
       8500  0.06466572 11.89325905
       8600  0.08471933 10.72017574
       8700  0.07565235 11.21177578
       8800  0.08540643 10.68509388
       8900  0.06885697 11.62052155
       9000  0.07037981 11.52551937
       9100  0.06833237 11.65373516
       9200  0.05266964 12.78439713
       9300  0.06578452 11.81876278
       9400  0.06105007 12.14313889
       9500  0.08040693 10.94706535
       9600  0.04760492 13.22348118
       9700  0.05523916 12.57752895
       9800  0.05694288 12.44560528
       9900  0.04752400 13.23087025
      10000  0.04707370 13.27221680
