1.159224128723144531e+01
1.580574607849121094e+01
1.802808189392089844e+01
1.900577735900878906e+01
1.946856117248535156e+01
1.975915145874023438e+01
1.997423171997070312e+01
2.015534400939941406e+01
2.030884170532226562e+01
2.046207427978515625e+01
2.060104942321777344e+01
2.074464607238769531e+01
2.087923431396484375e+01
2.101965904235839844e+01
2.116963195800781250e+01
2.134093856811523438e+01
2.152284622192382812e+01
2.172569274902343750e+01
2.195399665832519531e+01
2.219153404235839844e+01
2.243424797058105469e+01
2.271704483032226562e+01
2.301589202880859375e+01
2.333943748474121094e+01
2.372464561462402344e+01
2.414954948425292969e+01
2.461248397827148438e+01
2.507822418212890625e+01
2.551598739624023438e+01
2.591366386413574219e+01
2.626243209838867188e+01
2.656676483154296875e+01
2.681994438171386719e+01
2.701147842407226562e+01
2.715939331054687500e+01
2.726120948791503906e+01
2.733638191223144531e+01
2.737534523010253906e+01
2.740733528137207031e+01
2.740149497985839844e+01
2.738271522521972656e+01
2.734869003295898438e+01
2.731155204772949219e+01
2.726421356201171875e+01
2.722096824645996094e+01
2.715854835510253906e+01
2.710238456726074219e+01
2.703336715698242188e+01
2.697015190124511719e+01
2.691439247131347656e+01
2.685800743103027344e+01
