1.370546328847747040e-03
1.293746249238960765e-03
5.685362963447052609e-01
8.421508565925818202e-01
8.750691963041484778e-01
9.165753259434242795e-01
9.468520126513909618e-01
9.556031226754366781e-01
9.750610993755033373e-01
9.860414476251251337e-01
9.882519451849943737e-01
9.863065199256524362e-01
9.852268293292378853e-01
9.799083245076010140e-01
9.698288496691070959e-01
9.575555156181825289e-01
9.676125256843226552e-01
9.733830889999020020e-01
9.811804673249285846e-01
9.830446229666377489e-01
9.853482231926790069e-01
9.884639789989216885e-01
9.905580681929577747e-01
9.880973947591488171e-01
9.855224753440113838e-01
9.822071795009793549e-01
9.729748187921785085e-01
9.600036352086172009e-01
9.483941532006173736e-01
9.282419910083247183e-01
9.178617645249770307e-01
9.012081602624846255e-01
8.961012087248850788e-01
9.021404483151661546e-01
8.966139341174299560e-01
8.882591411200959630e-01
8.992299989043918140e-01
8.844140010071906977e-01
8.772378877635946814e-01
8.714760340522701432e-01
8.825402948339192699e-01
8.939559430975725363e-01
8.954094258821087005e-01
8.949682393769257116e-01
9.077610863050903367e-01
9.067374375070877957e-01
8.662440846770550484e-01
8.972713590730770905e-01
9.200086519406680541e-01
9.273065194451225457e-01
9.322635456570669277e-01
