1.141857528686523438e+01
1.587266254425048828e+01
1.913499450683593750e+01
2.100245666503906250e+01
2.205199432373046875e+01
2.275318336486816406e+01
2.329513549804687500e+01
2.375756645202636719e+01
2.415850639343261719e+01
2.451327323913574219e+01
2.483795166015625000e+01
2.515250587463378906e+01
2.544247627258300781e+01
2.573690986633300781e+01
2.601576614379882812e+01
2.627335548400878906e+01
2.652411651611328125e+01
2.675232505798339844e+01
2.696781730651855469e+01
2.716098785400390625e+01
2.733377075195312500e+01
2.748557090759277344e+01
2.762129402160644531e+01
2.773852729797363281e+01
2.783825111389160156e+01
2.792590522766113281e+01
2.799116325378417969e+01
2.803275299072265625e+01
2.807011222839355469e+01
2.808973693847656250e+01
2.809515762329101562e+01
2.808858108520507812e+01
2.807084274291992188e+01
2.804090499877929688e+01
2.801361656188964844e+01
2.796301841735839844e+01
2.791305732727050781e+01
2.785339736938476562e+01
2.778860664367675781e+01
2.771934127807617188e+01
2.767672157287597656e+01
2.758645439147949219e+01
2.750288391113281250e+01
2.742185020446777344e+01
2.733329010009765625e+01
2.724464607238769531e+01
2.716755104064941406e+01
2.708177947998046875e+01
2.701465034484863281e+01
2.692813682556152344e+01
2.685040473937988281e+01
