1.800000000000000000e+01 9.710000000000000000e+02 1.400000000000000000e+01 6.110000000000000000e+02 1.280000000000000000e+02
9.500000000000000000e+01 5.500000000000000000e+01 1.900000000000000000e+01 6.400000000000000000e+01 9.400000000000000000e+01
7.730000000000000000e+02 7.610000000000000000e+02 8.410000000000000000e+02 6.040000000000000000e+02 3.700000000000000000e+02
6.040000000000000000e+02 8.410000000000000000e+02 9.060000000000000000e+02 3.700000000000000000e+02 3.710000000000000000e+02
3.710000000000000000e+02 6.040000000000000000e+02 3.700000000000000000e+02 9.010000000000000000e+02 8.410000000000000000e+02
3.710000000000000000e+02 3.700000000000000000e+02 3.820000000000000000e+02 3.750000000000000000e+02 7.470000000000000000e+02
3.700000000000000000e+02 3.710000000000000000e+02 3.820000000000000000e+02 3.750000000000000000e+02 3.800000000000000000e+02
3.700000000000000000e+02 3.710000000000000000e+02 3.750000000000000000e+02 3.820000000000000000e+02 3.740000000000000000e+02
3.700000000000000000e+02 3.710000000000000000e+02 3.750000000000000000e+02 3.740000000000000000e+02 3.800000000000000000e+02
3.700000000000000000e+02 3.710000000000000000e+02 3.750000000000000000e+02 3.800000000000000000e+02 3.740000000000000000e+02
3.700000000000000000e+02 3.710000000000000000e+02 3.750000000000000000e+02 3.800000000000000000e+02 3.740000000000000000e+02
3.700000000000000000e+02 3.710000000000000000e+02 3.750000000000000000e+02 3.800000000000000000e+02 3.820000000000000000e+02
3.700000000000000000e+02 3.710000000000000000e+02 3.750000000000000000e+02 3.800000000000000000e+02 3.820000000000000000e+02
3.700000000000000000e+02 3.710000000000000000e+02 3.750000000000000000e+02 3.800000000000000000e+02 3.730000000000000000e+02
3.700000000000000000e+02 3.710000000000000000e+02 3.800000000000000000e+02 3.750000000000000000e+02 3.820000000000000000e+02
3.700000000000000000e+02 3.710000000000000000e+02 3.800000000000000000e+02 3.750000000000000000e+02 3.730000000000000000e+02
3.700000000000000000e+02 3.710000000000000000e+02 3.800000000000000000e+02 3.750000000000000000e+02 3.730000000000000000e+02
3.700000000000000000e+02 3.710000000000000000e+02 3.800000000000000000e+02 3.750000000000000000e+02 3.730000000000000000e+02
3.700000000000000000e+02 3.710000000000000000e+02 3.800000000000000000e+02 3.750000000000000000e+02 3.730000000000000000e+02
3.700000000000000000e+02 3.710000000000000000e+02 3.750000000000000000e+02 3.800000000000000000e+02 3.730000000000000000e+02
3.700000000000000000e+02 3.710000000000000000e+02 3.750000000000000000e+02 3.800000000000000000e+02 3.730000000000000000e+02
3.700000000000000000e+02 3.710000000000000000e+02 3.750000000000000000e+02 3.800000000000000000e+02 3.730000000000000000e+02
3.700000000000000000e+02 3.710000000000000000e+02 3.750000000000000000e+02 3.740000000000000000e+02 3.730000000000000000e+02
3.700000000000000000e+02 3.710000000000000000e+02 3.750000000000000000e+02 3.730000000000000000e+02 3.740000000000000000e+02
3.700000000000000000e+02 3.710000000000000000e+02 3.750000000000000000e+02 3.730000000000000000e+02 3.740000000000000000e+02
3.700000000000000000e+02 3.710000000000000000e+02 3.750000000000000000e+02 3.730000000000000000e+02 3.740000000000000000e+02
3.700000000000000000e+02 3.710000000000000000e+02 3.730000000000000000e+02 3.740000000000000000e+02 3.750000000000000000e+02
3.700000000000000000e+02 3.710000000000000000e+02 3.740000000000000000e+02 3.730000000000000000e+02 3.750000000000000000e+02
3.700000000000000000e+02 3.710000000000000000e+02 3.740000000000000000e+02 3.730000000000000000e+02 3.800000000000000000e+02
3.700000000000000000e+02 3.710000000000000000e+02 3.740000000000000000e+02 3.800000000000000000e+02 3.730000000000000000e+02
3.700000000000000000e+02 3.710000000000000000e+02 3.740000000000000000e+02 3.800000000000000000e+02 3.730000000000000000e+02
3.700000000000000000e+02 3.710000000000000000e+02 3.740000000000000000e+02 3.750000000000000000e+02 3.730000000000000000e+02
3.700000000000000000e+02 3.710000000000000000e+02 3.740000000000000000e+02 3.750000000000000000e+02 3.730000000000000000e+02
3.700000000000000000e+02 3.710000000000000000e+02 3.740000000000000000e+02 3.750000000000000000e+02 3.730000000000000000e+02
3.700000000000000000e+02 3.710000000000000000e+02 3.740000000000000000e+02 3.750000000000000000e+02 3.730000000000000000e+02
3.700000000000000000e+02 3.710000000000000000e+02 3.740000000000000000e+02 3.750000000000000000e+02 3.730000000000000000e+02
3.700000000000000000e+02 3.710000000000000000e+02 3.740000000000000000e+02 3.750000000000000000e+02 3.730000000000000000e+02
3.700000000000000000e+02 3.710000000000000000e+02 3.740000000000000000e+02 3.750000000000000000e+02 3.730000000000000000e+02
3.700000000000000000e+02 3.710000000000000000e+02 3.740000000000000000e+02 3.750000000000000000e+02 3.730000000000000000e+02
3.700000000000000000e+02 3.710000000000000000e+02 3.740000000000000000e+02 3.750000000000000000e+02 3.720000000000000000e+02
3.700000000000000000e+02 3.710000000000000000e+02 3.740000000000000000e+02 3.750000000000000000e+02 3.720000000000000000e+02
3.700000000000000000e+02 3.710000000000000000e+02 3.740000000000000000e+02 3.750000000000000000e+02 3.720000000000000000e+02
3.700000000000000000e+02 3.710000000000000000e+02 3.740000000000000000e+02 3.750000000000000000e+02 3.720000000000000000e+02
3.700000000000000000e+02 3.710000000000000000e+02 3.740000000000000000e+02 3.750000000000000000e+02 3.720000000000000000e+02
3.700000000000000000e+02 3.710000000000000000e+02 3.740000000000000000e+02 3.750000000000000000e+02 3.720000000000000000e+02
3.700000000000000000e+02 3.710000000000000000e+02 3.740000000000000000e+02 3.750000000000000000e+02 3.720000000000000000e+02
3.700000000000000000e+02 3.710000000000000000e+02 3.740000000000000000e+02 3.750000000000000000e+02 3.720000000000000000e+02
3.700000000000000000e+02 3.710000000000000000e+02 3.740000000000000000e+02 3.750000000000000000e+02 3.720000000000000000e+02
3.700000000000000000e+02 3.710000000000000000e+02 3.740000000000000000e+02 3.750000000000000000e+02 3.720000000000000000e+02
3.700000000000000000e+02 3.710000000000000000e+02 3.740000000000000000e+02 3.750000000000000000e+02 3.720000000000000000e+02
3.700000000000000000e+02 3.710000000000000000e+02 3.740000000000000000e+02 3.750000000000000000e+02 3.720000000000000000e+02
