8.312028517117304007e-04
2.148218950850705380e-03
2.223720324652947444e-02
5.120577524496593841e-02
1.300387428891928154e-01
3.104381512873110038e-01
6.101831664336889727e-01
7.419457025719687904e-01
7.612827172716220003e-01
7.819516383355304967e-01
8.112085973550064999e-01
8.745666414406999545e-01
8.971633899133359957e-01
9.403877188928505548e-01
9.619946386850740661e-01
9.714584177241158969e-01
9.808632093414850761e-01
9.785321572459044770e-01
9.796411331138170642e-01
9.755031284620788723e-01
9.789158222960731015e-01
9.911761357623892765e-01
1.005229888975923469e+00
1.000963975406687689e+00
1.006955517869147165e+00
1.008575142169867211e+00
1.009006318009458392e+00
1.004824257898437434e+00
1.003276331698118806e+00
1.001657879741553625e+00
1.001854463345580148e+00
9.980092362208684564e-01
9.994045725741191877e-01
1.004443184345873652e+00
1.010735032018878377e+00
1.015625928427155378e+00
1.014859955777944522e+00
1.015507028048950877e+00
1.016218764355431237e+00
1.013406187323936170e+00
1.010585157074063378e+00
1.012746959695116411e+00
1.012602144340863486e+00
1.012591901755091728e+00
1.011717209611124213e+00
1.008970900875525212e+00
1.008735321402777663e+00
1.007358927662971970e+00
1.003138982325060713e+00
9.992018187376999760e-01
9.993410808827998260e-01
