1.023548889160156250e+01
1.620772743225097656e+01
2.043084335327148438e+01
2.307394027709960938e+01
2.474593925476074219e+01
2.620930862426757812e+01
2.773147201538085938e+01
2.937962532043457031e+01
3.075255775451660156e+01
3.177347755432128906e+01
3.257682037353515625e+01
3.313270950317382812e+01
3.352408981323242188e+01
3.382437133789062500e+01
3.404802322387695312e+01
3.421280670166015625e+01
3.435258865356445312e+01
3.444776153564453125e+01
3.449472808837890625e+01
3.449887084960937500e+01
3.446849441528320312e+01
3.440224456787109375e+01
3.430645370483398438e+01
3.419359970092773438e+01
3.407728958129882812e+01
3.444523239135742188e+01
3.423069000244140625e+01
3.391847610473632812e+01
3.367253112792968750e+01
3.345220947265625000e+01
3.326268768310546875e+01
3.306439208984375000e+01
3.288313293457031250e+01
3.270904541015625000e+01
3.256698608398437500e+01
3.235804367065429688e+01
3.216294097900390625e+01
3.196326255798339844e+01
3.180395317077636719e+01
3.164847373962402344e+01
3.150321769714355469e+01
3.127404403686523438e+01
3.110690498352050781e+01
3.093624496459960938e+01
3.074148178100585938e+01
3.057364845275878906e+01
3.039627647399902344e+01
3.024294281005859375e+01
3.008019638061523438e+01
2.993407440185546875e+01
2.982708740234375000e+01
