4.461851203814148903e-04 4.461851203814148903e-04 2.170785330235958099e-03 5.904368590563535690e-03 8.588202181272208691e-04 1.566038466989994049e-02
1.187730953097343445e-02 1.187730953097343445e-02 1.002718508243560791e-02 2.576061815489083529e-04 3.479209262877702713e-04 9.834584780037403107e-04
3.460329473018646240e-01 3.460329473018646240e-01 1.793567836284637451e-02 2.591131953522562981e-03 2.461666590534150600e-04 9.666995028965175152e-04
5.775591135025024414e-01 5.775591135025024414e-01 6.742147356271743774e-02 3.157787723466753960e-03 9.578571189194917679e-04 2.349724527448415756e-03
6.677169203758239746e-01 6.677169203758239746e-01 1.674557328224182129e-01 1.202417188324034214e-03 1.630806596949696541e-03 5.797168239951133728e-03
7.393805384635925293e-01 7.393805384635925293e-01 1.649373471736907959e-01 9.455697145313024521e-04 3.481945488601922989e-03 3.528971923515200615e-03
7.721422314643859863e-01 7.721422314643859863e-01 1.637910604476928711e-01 4.591043107211589813e-04 6.517563015222549438e-03 1.688740216195583344e-03
7.995120286941528320e-01 7.995120286941528320e-01 1.413602679967880249e-01 4.206419398542493582e-04 1.386420335620641708e-02 1.055160537362098694e-03
8.497275114059448242e-01 8.497275114059448242e-01 1.089033707976341248e-01 2.912190393544733524e-04 1.459596119821071625e-02 6.703246035613119602e-04
8.522254228591918945e-01 8.522254228591918945e-01 1.086905524134635925e-01 2.750943531282246113e-04 1.670012250542640686e-02 5.260442267172038555e-04
8.500688076019287109e-01 8.500688076019287109e-01 1.110249310731887817e-01 2.950445632450282574e-04 1.720533333718776703e-02 5.472984630614519119e-04
8.677852749824523926e-01 8.677852749824523926e-01 9.330495446920394897e-02 2.926619490608572960e-04 1.724002324044704437e-02 6.306872237473726273e-04
8.903276324272155762e-01 8.903276324272155762e-01 7.230588048696517944e-02 2.737452741712331772e-04 1.822907291352748871e-02 6.521678878925740719e-04
8.904869556427001953e-01 8.904869556427001953e-01 6.508988887071609497e-02 3.317858790978789330e-04 2.494761534035205841e-02 8.968648617155849934e-04
8.984742164611816406e-01 8.984742164611816406e-01 5.449669435620307922e-02 3.433156816754490137e-04 2.772741951048374176e-02 9.435789543204009533e-04
9.127449393272399902e-01 9.127449393272399902e-01 3.992317989468574524e-02 3.672245366033166647e-04 2.982006035745143890e-02 9.809581097215414047e-04
9.219509959220886230e-01 9.219509959220886230e-01 3.129114955663681030e-02 4.057112091686576605e-04 2.988805249333381653e-02 1.035801018588244915e-03
9.341453909873962402e-01 9.341453909873962402e-01 2.327677793800830841e-02 4.377856093924492598e-04 2.687239646911621094e-02 1.173030701465904713e-03
9.450285434722900391e-01 9.450285434722900391e-01 1.680571399629116058e-02 3.937371075153350830e-04 2.497780881822109222e-02 1.031799241900444031e-03
9.503819346427917480e-01 9.503819346427917480e-01 1.293273828923702240e-02 3.845847095362842083e-04 2.479102276265621185e-02 1.088306074962019920e-03
9.513421654701232910e-01 9.513421654701232910e-01 1.064764987677335739e-02 4.311969096306711435e-04 2.561278082430362701e-02 1.274725538678467274e-03
9.561484456062316895e-01 9.561484456062316895e-01 7.771014701575040817e-03 4.117905918974429369e-04 2.510998770594596863e-02 1.228631823323667049e-03
9.602627754211425781e-01 9.602627754211425781e-01 5.069850943982601166e-03 4.318351857364177704e-04 2.460998110473155975e-02 1.176133984699845314e-03
9.601623415946960449e-01 9.601623415946960449e-01 3.913067281246185303e-03 4.365156055428087711e-04 2.700531296432018280e-02 1.071817358024418354e-03
9.621000289916992188e-01 9.621000289916992188e-01 2.926316577941179276e-03 4.523895040620118380e-04 2.639840915799140930e-02 1.050629536621272564e-03
9.640616774559020996e-01 9.640616774559020996e-01 2.210869686678051949e-03 4.714740789495408535e-04 2.583549916744232178e-02 1.013384433463215828e-03
9.672837853431701660e-01 9.672837853431701660e-01 1.876717898994684219e-03 5.160802393220365047e-04 2.364660799503326416e-02 9.532981785014271736e-04
9.687207341194152832e-01 9.687207341194152832e-01 1.525000901892781258e-03 5.305218510329723358e-04 2.314802445471286774e-02 8.577238186262547970e-04
9.674122929573059082e-01 9.674122929573059082e-01 1.551412278786301613e-03 5.792600568383932114e-04 2.407336793839931488e-02 8.694288553670048714e-04
9.670048952102661133e-01 9.670048952102661133e-01 1.310285995714366436e-03 6.235755281522870064e-04 2.487345784902572632e-02 8.229226805269718170e-04
9.664508700370788574e-01 9.664508700370788574e-01 1.207825611345469952e-03 6.634143064729869366e-04 2.546530589461326599e-02 7.497321930713951588e-04
9.656730890274047852e-01 9.656730890274047852e-01 1.062965369783341885e-03 6.370743503794074059e-04 2.760915458202362061e-02 6.302139372564852238e-04
9.684568643569946289e-01 9.684568643569946289e-01 8.896552026271820068e-04 6.647658883593976498e-04 2.577885985374450684e-02 5.301270284689962864e-04
9.704880118370056152e-01 9.704880118370056152e-01 7.976954220794141293e-04 6.735255592502653599e-04 2.432731725275516510e-02 5.075273802503943443e-04
9.726028442382812500e-01 9.726028442382812500e-01 6.609933916479349136e-04 6.362642743624746799e-04 2.317823655903339386e-02 4.163941775914281607e-04
9.743088483810424805e-01 9.743088483810424805e-01 5.988507764413952827e-04 6.729747401550412178e-04 2.186079882085323334e-02 3.694690531119704247e-04
9.751128554344177246e-01 9.751128554344177246e-01 5.121694994159042835e-04 7.103130337782204151e-04 2.140222303569316864e-02 3.251445596106350422e-04
9.759945869445800781e-01 9.759945869445800781e-01 4.495996981859207153e-04 8.496072259731590748e-04 2.062459476292133331e-02 3.019267169293016195e-04
9.767842888832092285e-01 9.767842888832092285e-01 4.088459536433219910e-04 9.697435889393091202e-04 1.986907050013542175e-02 2.776655892375856638e-04
9.782075285911560059e-01 9.782075285911560059e-01 3.504866326693445444e-04 1.080626621842384338e-03 1.860164292156696320e-02 2.530991041567176580e-04
9.795193076133728027e-01 9.795193076133728027e-01 3.217547491658478975e-04 1.235359231941401958e-03 1.725571602582931519e-02 2.423577243462204933e-04
9.805738329887390137e-01 9.805738329887390137e-01 3.012868110090494156e-04 1.374625251628458500e-03 1.623133383691310883e-02 2.193325926782563329e-04
9.811421036720275879e-01 9.811421036720275879e-01 2.831573656294494867e-04 1.608683029189705849e-03 1.554293558001518250e-02 2.048836176982149482e-04
9.814133644104003906e-01 9.814133644104003906e-01 2.557256957516074181e-04 1.677369349636137486e-03 1.539235468953847885e-02 1.747020578477531672e-04
9.827174544334411621e-01 9.827174544334411621e-01 2.520956040825694799e-04 1.833407557569444180e-03 1.395611278712749481e-02 1.713931851554661989e-04
9.830827713012695312e-01 9.830827713012695312e-01 2.477134985383599997e-04 1.997771672904491425e-03 1.350673101842403412e-02 1.620090479264035821e-04
9.838173389434814453e-01 9.838173389434814453e-01 2.457598166074603796e-04 2.081729471683502197e-03 1.270974148064851761e-02 1.565308921271935105e-04
9.834082126617431641e-01 9.834082126617431641e-01 2.566967741586267948e-04 2.387545071542263031e-03 1.272594369947910309e-02 1.679976703599095345e-04
9.837450981140136719e-01 9.837450981140136719e-01 2.463990822434425354e-04 2.694258466362953186e-03 1.209716778248548508e-02 1.685081078903749585e-04
9.839366674423217773e-01 9.839366674423217773e-01 2.625693159643560648e-04 3.091862658038735390e-03 1.141423452645540237e-02 1.729296491248533130e-04
9.834319949150085449e-01 9.834319949150085449e-01 2.605448535177856684e-04 3.292721230536699295e-03 1.169039960950613022e-02 1.845701190177351236e-04
