3.817926044575870037e-04 3.817926044575870037e-04 5.434087477624416351e-03 3.889561339747160673e-04 1.054699649102985859e-03 3.700496396049857140e-03
1.861635711975395679e-03 1.861635711975395679e-03 2.721850760281085968e-03 2.194423926994204521e-03 2.200333634391427040e-03 6.981270271353423595e-04
1.848779153078794479e-03 1.848779153078794479e-03 2.231461403425782919e-04 1.169597031548619270e-03 2.137563278665766120e-04 6.430323992390185595e-05
8.465458638966083527e-03 8.465458638966083527e-03 1.687576004769653082e-04 1.619385555386543274e-03 1.643408613745123148e-04 3.098667366430163383e-05
3.062220849096775055e-02 3.062220849096775055e-02 8.037737279664725065e-05 9.203077643178403378e-04 9.580014011589810252e-05 1.914526910695713013e-05
1.480447351932525635e-01 1.480447351932525635e-01 4.371373506728559732e-05 4.302769084461033344e-04 7.521342922700569034e-05 1.454945140721974894e-05
8.020817488431930542e-02 8.020817488431930542e-02 2.473145468684379011e-05 2.700189361348748207e-04 5.009650703868828714e-05 9.357318958791438490e-06
1.193762943148612976e-01 1.193762943148612976e-01 3.566841769497841597e-05 4.076569748576730490e-04 1.183087078970856965e-04 2.139665048161987215e-05
2.223882377147674561e-01 2.223882377147674561e-01 6.593054422410205007e-05 5.735970917157828808e-04 2.620087470859289169e-04 5.803327076137065887e-05
2.904918193817138672e-01 2.904918193817138672e-01 1.572426408529281616e-04 9.730423917062580585e-04 6.707198917865753174e-04 1.787587971193715930e-04
2.391403019428253174e-01 2.391403019428253174e-01 2.261237677885219455e-04 9.757285588420927525e-04 1.279757125303149223e-03 2.985998289659619331e-04
2.254580557346343994e-01 2.254580557346343994e-01 3.316079382784664631e-04 1.308122882619500160e-03 2.098735887557268143e-03 4.217759706079959869e-04
2.243398576974868774e-01 2.243398576974868774e-01 4.249397316016256809e-04 1.599307986907660961e-03 2.839536871761083603e-03 5.204373155720531940e-04
3.051435649394989014e-01 3.051435649394989014e-01 7.160028326325118542e-04 2.749783918261528015e-03 4.053714219480752945e-03 9.606439271010458469e-04
5.425218343734741211e-01 5.425218343734741211e-01 1.303164055570960045e-03 4.487398546189069748e-03 6.906938739120960236e-03 2.129266969859600067e-03
7.261603474617004395e-01 7.261603474617004395e-01 1.499335514381527901e-03 5.221380386501550674e-03 8.600872009992599487e-03 2.578259212896227837e-03
7.876843214035034180e-01 7.876843214035034180e-01 1.801537815481424332e-03 5.765657871961593628e-03 1.019324641674757004e-02 3.100769827142357826e-03
8.224651217460632324e-01 8.224651217460632324e-01 2.058370038866996765e-03 5.022289697080850601e-03 1.141421310603618622e-02 3.123845672234892845e-03
8.376033306121826172e-01 8.376033306121826172e-01 2.650825772434473038e-03 5.148251540958881378e-03 1.569227688014507294e-02 3.201219486072659492e-03
8.603825569152832031e-01 8.603825569152832031e-01 2.971437759697437286e-03 4.362697713077068329e-03 1.530669070780277252e-02 2.474179957062005997e-03
8.814555406570434570e-01 8.814555406570434570e-01 3.288115374743938446e-03 3.987630363553762436e-03 1.341116800904273987e-02 2.052822615951299667e-03
9.027458429336547852e-01 9.027458429336547852e-01 3.975054249167442322e-03 3.587516490370035172e-03 1.165375579148530960e-02 1.771326758898794651e-03
9.271787405014038086e-01 9.271787405014038086e-01 4.209184553474187851e-03 2.219019690528512001e-03 9.148887358605861664e-03 1.158873317763209343e-03
9.129915237426757812e-01 9.129915237426757812e-01 6.323033943772315979e-03 2.120129531249403954e-03 1.263762172311544418e-02 1.336494809947907925e-03
9.189248681068420410e-01 9.189248681068420410e-01 6.934582721441984177e-03 1.748859882354736328e-03 1.296238973736763000e-02 1.237581251189112663e-03
9.028192162513732910e-01 9.028192162513732910e-01 1.008595898747444153e-02 2.605550223961472511e-03 1.782420650124549866e-02 1.490314491093158722e-03
8.940575122833251953e-01 8.940575122833251953e-01 1.392832957208156586e-02 3.449308918789029121e-03 2.124633267521858215e-02 1.596847432665526867e-03
8.870035409927368164e-01 8.870035409927368164e-01 1.744448579847812653e-02 4.310941789299249649e-03 2.363809198141098022e-02 1.776336343027651310e-03
8.718745708465576172e-01 8.718745708465576172e-01 2.298141643404960632e-02 6.155288778245449066e-03 2.807571925222873688e-02 2.205228433012962341e-03
8.463611602783203125e-01 8.463611602783203125e-01 3.168454393744468689e-02 8.575513958930969238e-03 3.207512572407722473e-02 2.427891828119754791e-03
8.198711872100830078e-01 8.198711872100830078e-01 4.154189676046371460e-02 1.168130245059728622e-02 3.388692066073417664e-02 3.037970280274748802e-03
7.966576814651489258e-01 7.966576814651489258e-01 5.041844770312309265e-02 1.412039995193481445e-02 3.649881854653358459e-02 3.130739089101552963e-03
7.844482064247131348e-01 7.844482064247131348e-01 5.617241561412811279e-02 1.594354584813117981e-02 3.722104802727699280e-02 3.081041155382990837e-03
7.452620267868041992e-01 7.452620267868041992e-01 6.723637878894805908e-02 2.218553051352500916e-02 4.226144403219223022e-02 4.125658422708511353e-03
7.458178997039794922e-01 7.458178997039794922e-01 6.694269925355911255e-02 2.437286637723445892e-02 4.259261488914489746e-02 4.431658424437046051e-03
7.356697916984558105e-01 7.356697916984558105e-01 7.128163427114486694e-02 2.785947546362876892e-02 4.453974217176437378e-02 4.929195158183574677e-03
7.093859314918518066e-01 7.093859314918518066e-01 8.163303881883621216e-02 3.004398010671138763e-02 4.927806183695793152e-02 5.672641098499298096e-03
7.076041698455810547e-01 7.076041698455810547e-01 8.281165361404418945e-02 3.219043090939521790e-02 5.205177888274192810e-02 5.907755810767412186e-03
7.125836014747619629e-01 7.125836014747619629e-01 8.364760875701904297e-02 3.130679950118064880e-02 5.079569667577743530e-02 5.816591903567314148e-03
6.853767037391662598e-01 6.853767037391662598e-01 8.997931331396102905e-02 3.441542759537696838e-02 5.756539851427078247e-02 6.631764583289623260e-03
6.996320486068725586e-01 6.996320486068725586e-01 8.816038817167282104e-02 3.417470678687095642e-02 5.461425706744194031e-02 6.758082658052444458e-03
6.804396510124206543e-01 6.804396510124206543e-01 9.299278259277343750e-02 3.890756890177726746e-02 5.845125392079353333e-02 7.479926571249961853e-03
6.731640100479125977e-01 6.731640100479125977e-01 9.768829494714736938e-02 4.075451567769050598e-02 5.952143669128417969e-02 7.951122708618640900e-03
6.750091314315795898e-01 6.750091314315795898e-01 9.766912460327148438e-02 4.221576079726219177e-02 5.874037742614746094e-02 8.371152915060520172e-03
6.768450736999511719e-01 6.768450736999511719e-01 9.649213403463363647e-02 4.323551431298255920e-02 5.870280414819717407e-02 8.441220968961715698e-03
6.752090454101562500e-01 6.752090454101562500e-01 9.858071804046630859e-02 4.406620934605598450e-02 5.828973278403282166e-02 8.478465490043163300e-03
6.843286752700805664e-01 6.843286752700805664e-01 9.611687064170837402e-02 4.189083725214004517e-02 5.553276836872100830e-02 8.508716709911823273e-03
7.008118629455566406e-01 7.008118629455566406e-01 9.472606331110000610e-02 4.001329839229583740e-02 4.871023073792457581e-02 8.309505879878997803e-03
7.117031812667846680e-01 7.117031812667846680e-01 9.084293246269226074e-02 3.662896528840065002e-02 4.643415287137031555e-02 7.864706218242645264e-03
7.213631272315979004e-01 7.213631272315979004e-01 8.709290623664855957e-02 3.498964011669158936e-02 4.443445429205894470e-02 7.917079143226146698e-03
7.370769977569580078e-01 7.370769977569580078e-01 8.396752923727035522e-02 3.345573320984840393e-02 3.988702595233917236e-02 7.569729816168546677e-03
