1.400000000000000000e+01 1.800000000000000000e+01 1.280000000000000000e+02 9.710000000000000000e+02 1.200000000000000000e+01
1.130000000000000000e+02 3.170000000000000000e+02 3.040000000000000000e+02 5.900000000000000000e+01 3.010000000000000000e+02
9.860000000000000000e+02 3.220000000000000000e+02 3.260000000000000000e+02 1.350000000000000000e+02 1.600000000000000000e+01
7.700000000000000000e+01 3.220000000000000000e+02 3.090000000000000000e+02 5.900000000000000000e+01 3.260000000000000000e+02
3.220000000000000000e+02 7.700000000000000000e+01 9.860000000000000000e+02 3.100000000000000000e+02 3.260000000000000000e+02
3.100000000000000000e+02 3.220000000000000000e+02 3.260000000000000000e+02 7.800000000000000000e+01 9.860000000000000000e+02
3.100000000000000000e+02 3.220000000000000000e+02 3.070000000000000000e+02 3.090000000000000000e+02 7.800000000000000000e+01
3.100000000000000000e+02 3.070000000000000000e+02 3.090000000000000000e+02 7.700000000000000000e+01 3.220000000000000000e+02
7.700000000000000000e+01 3.100000000000000000e+02 3.090000000000000000e+02 3.070000000000000000e+02 7.300000000000000000e+01
7.700000000000000000e+01 3.100000000000000000e+02 3.070000000000000000e+02 3.090000000000000000e+02 3.030000000000000000e+02
7.700000000000000000e+01 3.070000000000000000e+02 3.090000000000000000e+02 3.100000000000000000e+02 3.030000000000000000e+02
7.700000000000000000e+01 3.070000000000000000e+02 3.100000000000000000e+02 3.030000000000000000e+02 3.090000000000000000e+02
7.700000000000000000e+01 3.100000000000000000e+02 3.070000000000000000e+02 3.030000000000000000e+02 3.090000000000000000e+02
7.700000000000000000e+01 3.100000000000000000e+02 3.070000000000000000e+02 3.090000000000000000e+02 3.030000000000000000e+02
7.700000000000000000e+01 3.100000000000000000e+02 7.300000000000000000e+01 7.000000000000000000e+01 3.090000000000000000e+02
7.700000000000000000e+01 7.300000000000000000e+01 3.100000000000000000e+02 7.000000000000000000e+01 7.400000000000000000e+01
7.700000000000000000e+01 7.300000000000000000e+01 7.000000000000000000e+01 7.400000000000000000e+01 3.100000000000000000e+02
7.700000000000000000e+01 7.300000000000000000e+01 7.400000000000000000e+01 7.000000000000000000e+01 3.100000000000000000e+02
7.700000000000000000e+01 7.300000000000000000e+01 7.400000000000000000e+01 7.000000000000000000e+01 3.030000000000000000e+02
7.700000000000000000e+01 7.300000000000000000e+01 7.400000000000000000e+01 7.000000000000000000e+01 3.070000000000000000e+02
7.700000000000000000e+01 7.400000000000000000e+01 7.300000000000000000e+01 7.000000000000000000e+01 3.070000000000000000e+02
7.700000000000000000e+01 7.400000000000000000e+01 7.300000000000000000e+01 7.000000000000000000e+01 3.070000000000000000e+02
7.700000000000000000e+01 7.400000000000000000e+01 7.300000000000000000e+01 7.000000000000000000e+01 3.070000000000000000e+02
7.700000000000000000e+01 7.400000000000000000e+01 7.300000000000000000e+01 7.200000000000000000e+01 3.070000000000000000e+02
7.700000000000000000e+01 7.400000000000000000e+01 7.300000000000000000e+01 7.200000000000000000e+01 3.070000000000000000e+02
7.700000000000000000e+01 7.400000000000000000e+01 7.300000000000000000e+01 7.200000000000000000e+01 7.000000000000000000e+01
7.700000000000000000e+01 7.400000000000000000e+01 7.300000000000000000e+01 7.200000000000000000e+01 7.000000000000000000e+01
7.700000000000000000e+01 7.400000000000000000e+01 7.300000000000000000e+01 7.200000000000000000e+01 7.000000000000000000e+01
7.700000000000000000e+01 7.400000000000000000e+01 7.300000000000000000e+01 7.200000000000000000e+01 3.100000000000000000e+02
7.700000000000000000e+01 7.400000000000000000e+01 7.300000000000000000e+01 7.200000000000000000e+01 3.100000000000000000e+02
7.700000000000000000e+01 7.400000000000000000e+01 7.300000000000000000e+01 7.200000000000000000e+01 3.100000000000000000e+02
7.700000000000000000e+01 7.400000000000000000e+01 7.300000000000000000e+01 7.200000000000000000e+01 3.100000000000000000e+02
7.700000000000000000e+01 7.400000000000000000e+01 7.300000000000000000e+01 7.200000000000000000e+01 3.100000000000000000e+02
7.700000000000000000e+01 7.400000000000000000e+01 7.300000000000000000e+01 7.200000000000000000e+01 3.100000000000000000e+02
7.700000000000000000e+01 7.400000000000000000e+01 7.300000000000000000e+01 7.200000000000000000e+01 3.100000000000000000e+02
7.700000000000000000e+01 7.400000000000000000e+01 7.300000000000000000e+01 7.200000000000000000e+01 3.100000000000000000e+02
7.700000000000000000e+01 7.400000000000000000e+01 7.300000000000000000e+01 7.200000000000000000e+01 3.100000000000000000e+02
7.700000000000000000e+01 7.400000000000000000e+01 7.300000000000000000e+01 7.200000000000000000e+01 3.100000000000000000e+02
7.700000000000000000e+01 7.400000000000000000e+01 7.300000000000000000e+01 7.200000000000000000e+01 3.100000000000000000e+02
7.700000000000000000e+01 7.400000000000000000e+01 7.300000000000000000e+01 7.200000000000000000e+01 3.100000000000000000e+02
7.700000000000000000e+01 7.400000000000000000e+01 7.300000000000000000e+01 7.200000000000000000e+01 3.100000000000000000e+02
7.700000000000000000e+01 7.400000000000000000e+01 7.300000000000000000e+01 7.200000000000000000e+01 3.100000000000000000e+02
7.700000000000000000e+01 7.400000000000000000e+01 7.300000000000000000e+01 7.200000000000000000e+01 3.100000000000000000e+02
7.700000000000000000e+01 7.400000000000000000e+01 7.300000000000000000e+01 7.200000000000000000e+01 3.100000000000000000e+02
7.700000000000000000e+01 7.400000000000000000e+01 7.300000000000000000e+01 7.200000000000000000e+01 3.100000000000000000e+02
7.700000000000000000e+01 7.400000000000000000e+01 7.300000000000000000e+01 3.100000000000000000e+02 7.200000000000000000e+01
7.700000000000000000e+01 7.400000000000000000e+01 7.300000000000000000e+01 3.100000000000000000e+02 7.200000000000000000e+01
7.700000000000000000e+01 7.400000000000000000e+01 7.300000000000000000e+01 3.100000000000000000e+02 7.200000000000000000e+01
7.700000000000000000e+01 7.400000000000000000e+01 7.300000000000000000e+01 3.100000000000000000e+02 7.200000000000000000e+01
7.700000000000000000e+01 7.400000000000000000e+01 7.300000000000000000e+01 3.100000000000000000e+02 7.200000000000000000e+01
7.700000000000000000e+01 7.400000000000000000e+01 7.300000000000000000e+01 3.100000000000000000e+02 7.200000000000000000e+01
