6.627231050515547395e-05 1.077300868928432465e-03 1.297146081924438477e-03 2.625051711220294237e-04 4.351509269326925278e-04 1.910600985866039991e-04
6.086379289627075195e-04 1.026056474074721336e-03 9.844349697232246399e-04 1.007099403068423271e-03 1.201644772663712502e-04 3.747907248907722533e-05
8.938949555158615112e-03 2.547852773204795085e-06 4.620844498276710510e-03 1.903491502162069082e-04 1.620589864614885300e-05 7.584592367493314669e-06
3.752909600734710693e-02 1.117188389798684511e-06 4.059175960719585419e-03 5.517624231288209558e-05 6.062309239496244118e-06 6.291432327998336405e-06
1.296480298042297363e-01 6.228248139450442977e-08 6.059229490347206593e-04 4.927753707306692377e-06 1.288087787543190643e-06 1.132424927163810935e-06
1.808511316776275635e-01 3.928914438233732653e-08 1.844025100581347942e-04 2.946375616375007667e-06 1.232718204846605659e-06 1.039244466483069118e-06
2.669201493263244629e-01 3.874809806347911945e-08 1.717963023111224174e-04 2.204385509685380384e-06 1.368012476632429752e-06 1.049234697347856127e-06
2.549457252025604248e-01 2.119422148894045677e-08 9.429371129954233766e-05 1.099100472856662236e-06 1.011598783406952862e-06 7.298359037122281734e-07
2.109016478061676025e-01 1.363434076750991153e-08 9.656088514020666480e-05 6.147771500764065422e-07 8.004605547284882050e-07 5.245415195531677455e-07
2.005284428596496582e-01 1.911029201551173173e-08 1.216857635881751776e-04 6.578974875992571469e-07 8.503975550411269069e-07 7.464759050890279468e-07
2.020351737737655640e-01 2.238724405856373778e-08 1.181781190098263323e-04 8.126842203637352213e-07 7.892280109444982372e-07 9.473707791585184168e-07
2.016321867704391479e-01 2.439805868448274850e-08 9.637329640099778771e-05 8.894603524822741747e-07 7.017935672593011986e-07 1.088595013243320864e-06
2.271540611982345581e-01 2.023620915281298949e-08 6.358498649206012487e-05 7.337763463510782458e-07 6.224735784599033650e-07 1.091870899472269230e-06
2.409628331661224365e-01 1.746214550735203375e-08 4.534481558948755264e-05 7.002583402027084958e-07 5.672758334185346030e-07 1.072923282663396094e-06
2.465294003486633301e-01 1.820130890450855077e-08 3.668833960546180606e-05 6.956508968869457021e-07 5.104783440401661210e-07 1.098770212593080942e-06
2.588964998722076416e-01 2.063156934184462443e-08 3.387752076378092170e-05 7.936538963804196101e-07 5.790553245788032655e-07 1.370533027511555701e-06
2.526424825191497803e-01 2.541953314505462913e-08 3.161574568366631866e-05 8.690553841006476432e-07 6.084994197408377659e-07 1.681463913882907946e-06
2.466008812189102173e-01 3.115259517016966129e-08 3.244698746129870415e-05 1.032113459586980753e-06 6.848932798675377853e-07 2.038442289631348103e-06
2.452154159545898438e-01 3.797221737045219925e-08 3.044092591153457761e-05 1.251367280019621830e-06 8.307602570312155876e-07 2.528120603528805077e-06
2.372319400310516357e-01 4.730559766130681965e-08 2.927431887655984610e-05 1.422931404704286251e-06 1.032066847983514890e-06 3.156847924401517957e-06
2.315428853034973145e-01 5.324738694412189943e-08 2.467307604092638940e-05 1.527687345515005291e-06 1.065604010364040732e-06 3.434888185438467190e-06
2.369592636823654175e-01 6.634220284240655019e-08 2.608859358588233590e-05 1.868714207375887781e-06 1.162673811450076755e-06 4.098294084542430937e-06
2.303577363491058350e-01 6.589299061943165725e-08 2.457862319715786725e-05 1.851478373282589018e-06 1.147902139564394020e-06 4.341347903391579166e-06
2.216794788837432861e-01 8.295246800571476342e-08 2.635977762110996991e-05 2.143800429621478543e-06 1.281863660551607609e-06 5.146403964317869395e-06
2.358154803514480591e-01 1.041545090174622601e-07 2.789260543067939579e-05 2.597122147562913597e-06 1.536091644993575756e-06 5.905971192987635732e-06
2.481448799371719360e-01 1.070779944711830467e-07 2.747347207332495600e-05 2.645389486133353785e-06 1.593612296346691437e-06 6.384627795341657475e-06
2.537603378295898438e-01 1.234021453910827404e-07 2.869084892154205590e-05 2.793116891552926973e-06 1.696561980679689441e-06 6.925542038516141474e-06
2.570251822471618652e-01 1.324334562013973482e-07 2.731539279920980334e-05 2.902155074480106123e-06 1.703989823909068946e-06 7.089524387993151322e-06
2.740927040576934814e-01 1.453245630500532570e-07 2.635006421769503504e-05 3.039418743355781771e-06 1.737000616230943706e-06 7.433269729517633095e-06
2.700149416923522949e-01 1.517569785391970072e-07 2.672616028576157987e-05 3.074316055062809028e-06 1.639611809878260829e-06 8.122803592414129525e-06
2.822383940219879150e-01 1.396648201534844702e-07 2.232082442787941545e-05 2.907356702053220943e-06 1.472897565690800548e-06 7.562139217043295503e-06
2.897760570049285889e-01 1.616878080312744714e-07 2.356907316425349563e-05 3.011097987837274559e-06 1.587017095516785048e-06 8.621352208137977868e-06
2.843881249427795410e-01 1.821415480662835762e-07 2.584209869382902980e-05 3.139675754937343299e-06 1.643349946789385285e-06 9.198725820169784129e-06
2.958652079105377197e-01 2.075811238455571583e-07 2.615130142658017576e-05 3.682411943373153917e-06 1.841394805524032563e-06 1.040447114064591005e-05
2.894706726074218750e-01 2.075933167589028017e-07 2.613531250972300768e-05 3.567256953829200938e-06 1.801967982828500681e-06 1.127904670283896849e-05
2.983712852001190186e-01 2.293753738058512681e-07 2.556784056650940329e-05 3.699146191138424911e-06 1.821776208998926450e-06 1.121653895097551867e-05
2.897545099258422852e-01 2.796164437768311473e-07 2.838083310052752495e-05 4.358526439318666235e-06 2.057322490145452321e-06 1.236205389432143420e-05
2.949290275573730469e-01 2.628513868785375962e-07 2.789642894640564919e-05 4.165053724136669189e-06 2.061548229903564788e-06 1.281061122426763177e-05
2.874140441417694092e-01 3.062247060370282270e-07 3.034944347746204585e-05 4.624338089342927560e-06 2.279153477502404712e-06 1.440702908439561725e-05
2.874966263771057129e-01 3.286390324319654610e-07 2.999389471369795501e-05 4.937417088513029739e-06 2.367182787565980107e-06 1.563879050081595778e-05
2.779107689857482910e-01 3.853098462514026323e-07 3.447034396231174469e-05 5.372629857447464019e-06 2.577238319645402953e-06 1.713007623038720340e-05
2.786130905151367188e-01 4.194368159460282186e-07 3.712012767209671438e-05 5.531740498554427177e-06 2.747080770859611221e-06 1.700444772723130882e-05
2.742426991462707520e-01 4.133810591611108975e-07 3.665491385618224740e-05 5.229303496889770031e-06 2.614254071886534803e-06 1.770500239217653871e-05
2.626418471336364746e-01 4.812669089915289078e-07 4.159322270425036550e-05 5.967441666143713519e-06 3.093046416324796155e-06 2.011351352848578244e-05
2.591586709022521973e-01 4.801321438208105974e-07 4.029088449897244573e-05 6.206078978721052408e-06 3.046280653506983072e-06 2.015300196944735944e-05
2.728411257266998291e-01 5.039561301600770094e-07 3.870936780003830791e-05 6.260782811295939609e-06 3.076469283769256435e-06 1.928902020154055208e-05
2.669879198074340820e-01 5.529795998882036656e-07 4.125046689296141267e-05 6.472485438280273229e-06 3.503248080960474908e-06 2.093911825795657933e-05
2.697719335556030273e-01 5.282038273435318843e-07 4.016903403680771589e-05 6.168780601001344621e-06 3.294430371170165017e-06 1.897128640848677605e-05
2.643499970436096191e-01 6.058866688363195863e-07 4.398110831971280277e-05 6.780049261578824371e-06 3.686769332489348017e-06 2.152922570530790836e-05
2.621468007564544678e-01 5.737514356951578520e-07 4.309438008931465447e-05 6.484888217528350651e-06 3.811327587754931301e-06 2.048171154456213117e-05
2.582902610301971436e-01 6.160566385915444698e-07 4.408687163959257305e-05 6.627384209423325956e-06 3.903967808582819998e-06 2.171479900425765663e-05
2.430285215377807617e-01 6.888397479087871034e-07 4.859056571149267256e-05 7.040230229904409498e-06 4.013204488728661090e-06 2.473222048138268292e-05
2.548340559005737305e-01 6.292614784797478933e-07 4.606990478350780904e-05 6.588220458070281893e-06 3.817469860223354772e-06 2.393165596004109830e-05
2.482640147209167480e-01 6.768914886379207019e-07 4.793795596924610436e-05 7.004230610618833452e-06 4.174507012066897005e-06 2.460758332745172083e-05
2.434032559394836426e-01 7.746307915112993214e-07 4.824474308406934142e-05 7.918500159576069564e-06 4.543254362943116575e-06 2.675834912224672735e-05
2.468055039644241333e-01 7.631169296473672148e-07 5.050253457739017904e-05 7.272458333318354562e-06 4.240349426254397258e-06 2.625592424010392278e-05
2.447579801082611084e-01 7.961232881825708319e-07 5.491567208082415164e-05 7.324421858356799930e-06 4.394466486701276153e-06 2.822823989845346659e-05
2.551456689834594727e-01 7.875326559769746382e-07 5.112896178616210818e-05 7.300980541913304478e-06 4.304367394070141017e-06 2.675900577742140740e-05
2.499733716249465942e-01 7.349556767621834297e-07 4.619781611836515367e-05 7.017789357632864267e-06 3.954062776756472886e-06 2.706431041588075459e-05
2.405220568180084229e-01 7.615694812557194382e-07 4.750180232804268599e-05 7.370745152002200484e-06 4.118419383303262293e-06 2.827956632245332003e-05
2.496874630451202393e-01 7.964579822328232694e-07 5.027928273193538189e-05 7.471773642464540899e-06 4.378577159513952211e-06 2.929016227426473051e-05
2.602216899394989014e-01 8.773230888436955865e-07 4.850785626331344247e-05 7.700028618273790926e-06 4.481058567762374878e-06 2.862149267457425594e-05
2.600933611392974854e-01 8.053347642089647707e-07 4.571192766888998449e-05 7.386105608020443469e-06 4.400987108965637162e-06 2.868017509172204882e-05
2.476019859313964844e-01 7.938691624076454900e-07 4.699237251770682633e-05 7.301440291485050693e-06 4.258421540725976229e-06 3.047889003937598318e-05
2.530480325222015381e-01 7.854786758798582014e-07 4.557071224553510547e-05 7.136518433981109411e-06 4.181944859737996012e-06 2.897990816563833505e-05
2.509837746620178223e-01 7.710631848567572888e-07 4.522427843767218292e-05 6.828567165939603001e-06 4.197164344077464193e-06 2.900731305999215692e-05
2.434514760971069336e-01 8.989523507807462011e-07 4.905235618934966624e-05 7.230987193906912580e-06 4.280016128177521750e-06 2.970945388369727880e-05
2.556720077991485596e-01 8.612757369519385975e-07 4.581317261909134686e-05 7.188254585344111547e-06 4.254523901181528345e-06 2.956437310785986483e-05
2.571619451045989990e-01 8.422578616773535032e-07 4.589310628944076598e-05 6.935711098776664585e-06 4.359871581982588395e-06 2.869488707801792771e-05
2.568087875843048096e-01 8.249886036537645850e-07 4.465513120521791279e-05 6.864472197776194662e-06 4.293133770261192694e-06 2.875318205042276531e-05
2.604723572731018066e-01 9.153693554253550246e-07 4.843239003093913198e-05 7.403692052321275696e-06 4.491405888984445482e-06 3.133962673018686473e-05
2.592620849609375000e-01 9.292369327340566088e-07 4.810508107766509056e-05 7.296604508155724034e-06 4.536180313152726740e-06 3.213903255527839065e-05
2.637352943420410156e-01 9.526763165013107937e-07 4.710588109446689487e-05 7.490928965125931427e-06 4.618756520358147100e-06 3.229913272662088275e-05
2.648312747478485107e-01 8.839332963361812290e-07 4.843781425734050572e-05 6.950207989575574175e-06 4.375501248432556167e-06 3.141974957543425262e-05
2.638010084629058838e-01 9.263874858334020246e-07 4.697937401942908764e-05 7.219727649498963729e-06 4.619735136657254770e-06 3.063216354348696768e-05
2.643212378025054932e-01 9.572928547640913166e-07 4.948626883560791612e-05 7.556322543678106740e-06 4.723096026282291859e-06 3.183011722285300493e-05
2.706077396869659424e-01 9.429520559933735058e-07 4.950126822222955525e-05 7.281800208147615194e-06 4.524957148532848805e-06 3.157102764816954732e-05
2.713645994663238525e-01 9.707536037240060978e-07 4.825514770345762372e-05 7.389870006591081619e-06 4.642314252123469487e-06 3.289767482783645391e-05
2.618540227413177490e-01 1.064141656570427585e-06 5.213800250203348696e-05 8.024962880881503224e-06 4.944366537529276684e-06 3.424779424676671624e-05
2.627244889736175537e-01 9.908386573442840017e-07 5.021191827836446464e-05 7.004705821600509807e-06 4.691582944360561669e-06 3.437377017689868808e-05
2.551064789295196533e-01 1.008233425636717584e-06 5.118999251862987876e-05 6.911518994456855580e-06 4.475436526263365522e-06 3.383987859706394374e-05
2.672137618064880371e-01 9.716408158055855893e-07 4.759553485200740397e-05 6.885449238325236365e-06 4.527109467744594440e-06 3.400121204322203994e-05
2.584449052810668945e-01 1.062430783349554986e-06 5.130206773173995316e-05 7.265501608344493434e-06 4.562301910482347012e-06 3.444050889811478555e-05
2.490873187780380249e-01 1.170728069155302364e-06 5.352291191229596734e-05 7.835456926841288805e-06 4.840414476348087192e-06 3.651982478913851082e-05
2.596572041511535645e-01 1.068377741830772720e-06 5.225223139859735966e-05 7.089369773893849924e-06 4.528256795310880989e-06 3.466461566858924925e-05
2.570518851280212402e-01 1.096134951694693882e-06 5.011312532587908208e-05 7.244501830427907407e-06 4.414257091411855072e-06 3.572486093617044389e-05
2.527438998222351074e-01 1.085822873392316978e-06 5.561587749980390072e-05 6.748000487277749926e-06 4.273533704690635204e-06 3.521008693496696651e-05
2.552695870399475098e-01 1.149574927694629878e-06 5.626102210953831673e-05 7.129175628506345674e-06 4.790763796336250380e-06 3.643138916231691837e-05
2.572336494922637939e-01 1.070797225111164153e-06 5.255418363958597183e-05 6.749863587174331769e-06 4.422972324391594157e-06 3.458328501437790692e-05
2.548794150352478027e-01 1.179891910396690946e-06 5.771635187556967139e-05 7.183076832006918266e-06 4.659070327761583030e-06 3.769334944081492722e-05
2.543343007564544678e-01 1.250458353752037510e-06 5.660956594510935247e-05 7.215503046609228477e-06 4.562010872177779675e-06 3.721227039932273328e-05
2.438680827617645264e-01 1.174712110696418677e-06 5.864127888344228268e-05 6.727125310135306790e-06 4.418510798132047057e-06 3.861577351926825941e-05
2.412913143634796143e-01 1.359396378575183917e-06 6.204290548339486122e-05 7.416544121952028945e-06 4.899264695268357173e-06 4.160560274613089859e-05
2.438014894723892212e-01 1.369235519632638898e-06 5.866793435416184366e-05 7.235874363686889410e-06 4.794896995008457452e-06 3.907005157088860869e-05
2.489481419324874878e-01 1.291600256081437692e-06 5.840628364239819348e-05 6.784018296457361430e-06 4.662138053390663117e-06 4.128155705984681845e-05
2.396287471055984497e-01 1.456538825550524052e-06 6.591188866877928376e-05 7.409452791762305424e-06 5.075391072750790045e-06 4.293797610444016755e-05
2.447231560945510864e-01 1.425685240974416956e-06 6.372023199219256639e-05 7.329947493417421356e-06 4.932360752718523145e-06 4.274014281691052020e-05
2.427717298269271851e-01 1.434972091374220327e-06 6.065522757126018405e-05 7.103311418177327141e-06 4.861169600189896300e-06 4.312941382522694767e-05
2.375113964080810547e-01 1.433562943020660896e-06 6.591255078092217445e-05 7.091878160281339660e-06 4.876552793575683609e-06 4.437973620952107012e-05
2.389146685600280762e-01 1.592233275005128235e-06 6.448321073548868299e-05 7.516864570789039135e-06 5.033683464716887102e-06 4.499717761063948274e-05
2.388795465230941772e-01 1.574340444676636253e-06 6.685002881567925215e-05 7.420226665999507532e-06 5.115224212204338983e-06 4.432173955137841403e-05
