 Iterations  Total_Loss        PSNR
        100  0.00575621 22.39863205
        200  0.00295122 25.29998589
        300  0.00243350 26.13768768
        400  0.00195055 27.09843636
        500  0.00171893 27.64742279
        600  0.00153477 28.13956642
        700  0.00148672 28.27771568
        800  0.00141055 28.50610924
        900  0.00135093 28.69367599
       1000  0.00122972 29.10192871
       1100  0.00112329 29.49508095
       1200  0.00111254 29.53685951
       1300  0.00102060 29.91144753
       1400  0.00100920 29.96022987
       1500  0.00100799 29.96545792
       1600  0.00100095 29.99587250
       1700  0.00095291 30.20946884
       1800  0.00090697 30.42409325
       1900  0.00085591 30.67573738
       2000  0.00094334 30.25333595
       2100  0.00090476 30.43465614
       2200  0.00081751 30.87508583
       2300  0.00082677 30.82614899
       2400  0.00082555 30.83257294
       2500  0.00079521 30.99520874
       2600  0.00077536 31.10497665
       2700  0.00075269 31.23384285
       2800  0.00072976 31.36821938
       2900  0.00079534 30.99448395
       3000  0.00072105 31.42033195
       3100  0.00071810 31.43812943
       3200  0.00073567 31.33314896
       3300  0.00072308 31.40814018
       3400  0.00067741 31.69146347
       3500  0.00066119 31.79675865
       3600  0.00068219 31.66091537
       3700  0.00070768 31.50165367
       3800  0.00068733 31.62835693
       3900  0.00061337 32.12279510
       4000  0.00067766 31.68989372
       4100  0.00064271 31.91985130
       4200  0.00063457 31.97519875
       4300  0.00061575 32.10598755
       4400  0.00061381 32.11968231
       4500  0.00065674 31.82604790
       4600  0.00059608 32.24692535
       4700  0.00058666 32.31610489
       4800  0.00060787 32.16190720
       4900  0.00060119 32.20988464
       5000  0.00057673 32.39025497
       5100  0.00063717 31.95742416
       5200  0.00060034 32.21600723
       5300  0.00057290 32.41918564
       5400  0.00056839 32.45356750
       5500  0.00057770 32.38301468
       5600  0.00056245 32.49913406
       5700  0.00056589 32.47266006
       5800  0.00054618 32.62665939
       5900  0.00053704 32.69996643
       6000  0.00062105 32.06870651
       6100  0.00057186 32.42710876
       6200  0.00054888 32.60520554
       6300  0.00053747 32.69644928
       6400  0.00055359 32.56815720
       6500  0.00052340 32.81165695
       6600  0.00053767 32.69481277
       6700  0.00055441 32.56164932
       6800  0.00052502 32.79826355
       6900  0.00052118 32.83010864
       7000  0.00052968 32.75984573
       7100  0.00050971 32.92674637
       7200  0.00048908 33.10623169
       7300  0.00051721 32.86333084
       7400  0.00050625 32.95635223
       7500  0.00048934 33.10392761
       7600  0.00049783 33.02922821
       7700  0.00051714 32.86388397
       7800  0.00049975 33.01243210
       7900  0.00050244 32.98913574
       8000  0.00050735 32.94692612
       8100  0.00050892 32.93348312
       8200  0.00049952 33.01450348
       8300  0.00049157 33.08418274
       8400  0.00050771 32.94387817
       8500  0.00049286 33.07272720
       8600  0.00050343 32.98061371
       8700  0.00048521 33.14069748
       8800  0.00047652 33.21918106
       8900  0.00047682 33.21647644
       9000  0.00047287 33.25257874
       9100  0.00047274 33.25374603
       9200  0.00046791 33.29839325
       9300  0.00047391 33.24305344
       9400  0.00048061 33.18203735
       9500  0.00048728 33.12219238
       9600  0.00046886 33.28952789
       9700  0.00045340 33.43522644
       9800  0.00045020 33.46597290
       9900  0.00051447 32.88637161
      10000  0.00044444 33.52182007
