6.793992497478029691e-07 6.793992497478029691e-07 1.855808136497216765e-06 2.605300323921255767e-06 8.166743441506696399e-07 5.372010605242394377e-07
2.484103970346041024e-05 2.484103970346041024e-05 3.621095092967152596e-04 7.743951573502272367e-05 5.444852286018431187e-05 3.179771301802247763e-04
1.890122075565159321e-03 1.890122075565159321e-03 1.711946097202599049e-03 5.463289562612771988e-04 4.419166652951389551e-04 8.551081409677863121e-04
2.614389872178435326e-03 2.614389872178435326e-03 1.137448416557163000e-04 2.669585228431969881e-04 1.227438915520906448e-04 2.010905300267040730e-04
6.092485785484313965e-02 6.092485785484313965e-02 3.392356738913804293e-04 1.350207603536546230e-03 2.766591205727308989e-04 7.083641830831766129e-04
2.094887495040893555e-01 2.094887495040893555e-01 7.214476936496794224e-04 2.799671608954668045e-03 4.742062010336667299e-04 1.188145368359982967e-03
9.449245035648345947e-02 9.449245035648345947e-02 4.603108391165733337e-04 2.838369226083159447e-03 4.539836954791098833e-04 1.259850570932030678e-03
2.969827316701412201e-02 2.969827316701412201e-02 1.960760855581611395e-04 1.749014016240835190e-03 3.502059262245893478e-04 6.233847234398126602e-04
3.310473263263702393e-02 3.310473263263702393e-02 2.003628032980486751e-04 1.546549727208912373e-03 4.200708062853664160e-04 5.227269721217453480e-04
7.493341714143753052e-02 7.493341714143753052e-02 3.177242178935557604e-04 1.578489202074706554e-03 7.326186751015484333e-04 6.715843919664621353e-04
1.146814823150634766e-01 1.146814823150634766e-01 3.971172263845801353e-04 1.507613342255353928e-03 1.119604799896478653e-03 6.947930087335407734e-04
1.674516052007675171e-01 1.674516052007675171e-01 3.841322613880038261e-04 1.479046652093529701e-03 1.298552029766142368e-03 5.884621059522032738e-04
2.566805481910705566e-01 2.566805481910705566e-01 4.266447795089334249e-04 2.371949376538395882e-03 1.752323238179087639e-03 6.016056286171078682e-04
3.287553787231445312e-01 3.287553787231445312e-01 4.712422087322920561e-04 2.531712874770164490e-03 1.949028111994266510e-03 7.084161625243723392e-04
4.095407426357269287e-01 4.095407426357269287e-01 5.150244105607271194e-04 2.550393342971801758e-03 1.653367537073791027e-03 8.963675354607403278e-04
5.051236748695373535e-01 5.051236748695373535e-01 5.338670453056693077e-04 2.994155976921319962e-03 1.366740674711763859e-03 1.083368901163339615e-03
5.545468330383300781e-01 5.545468330383300781e-01 5.163669702596962452e-04 3.442079061642289162e-03 1.185036846436560154e-03 1.315271132625639439e-03
5.949485301971435547e-01 5.949485301971435547e-01 4.943003877997398376e-04 3.988606389611959457e-03 1.123082241974771023e-03 1.571398228406906128e-03
6.343514323234558105e-01 6.343514323234558105e-01 4.855672013945877552e-04 5.698805674910545349e-03 1.081682508811354637e-03 1.904955366626381874e-03
6.549784541130065918e-01 6.549784541130065918e-01 4.778865259140729904e-04 7.407515775412321091e-03 1.061348360963165760e-03 2.277883701026439667e-03
6.589601039886474609e-01 6.589601039886474609e-01 4.721503646578639746e-04 8.830179460346698761e-03 1.114514423534274101e-03 2.690440509468317032e-03
7.021961212158203125e-01 7.021961212158203125e-01 4.296159022487699986e-04 9.068059735000133514e-03 1.136917737312614918e-03 2.671044785529375076e-03
7.609652280807495117e-01 7.609652280807495117e-01 3.773834323510527611e-04 8.484736084938049316e-03 1.053979154676198959e-03 2.488057361915707588e-03
7.959806323051452637e-01 7.959806323051452637e-01 3.626095131039619446e-04 8.201265707612037659e-03 1.082404982298612595e-03 2.349958522245287895e-03
8.446698188781738281e-01 8.446698188781738281e-01 3.315801150165498257e-04 8.309904485940933228e-03 1.085119438357651234e-03 2.115747192874550819e-03
8.795477747917175293e-01 8.795477747917175293e-01 3.264167462475597858e-04 8.762879297137260437e-03 1.123078982345759869e-03 2.053148578852415085e-03
9.145447015762329102e-01 9.145447015762329102e-01 2.837592619471251965e-04 8.295683190226554871e-03 1.121866516768932343e-03 1.653513987548649311e-03
9.308063983917236328e-01 9.308063983917236328e-01 2.559193817432969809e-04 7.947285659611225128e-03 9.878830751404166222e-04 1.365139614790678024e-03
9.449197053909301758e-01 9.449197053909301758e-01 2.205489145126193762e-04 7.610711734741926193e-03 8.480194956064224243e-04 1.085019321180880070e-03
9.543011784553527832e-01 9.543011784553527832e-01 1.893820735858753324e-04 7.556586991995573044e-03 7.150640594772994518e-04 9.026808547787368298e-04
9.641895294189453125e-01 9.641895294189453125e-01 1.661712594795972109e-04 6.863919552415609360e-03 5.599192809313535690e-04 7.684758747927844524e-04
9.693427681922912598e-01 9.693427681922912598e-01 1.435640006093308330e-04 6.207364611327648163e-03 4.668628098443150520e-04 6.669164868071675301e-04
9.697181582450866699e-01 9.697181582450866699e-01 1.318797585554420948e-04 6.007190793752670288e-03 4.065267276018857956e-04 6.179340998642146587e-04
9.711123108863830566e-01 9.711123108863830566e-01 1.208500689244829118e-04 5.816729739308357239e-03 3.769963223021477461e-04 5.699598696082830429e-04
9.724431633949279785e-01 9.724431633949279785e-01 1.091707163141109049e-04 5.253499373793601990e-03 3.151875571347773075e-04 4.719913995359092951e-04
9.728159904479980469e-01 9.728159904479980469e-01 1.037775655277073383e-04 5.072142463177442551e-03 3.000633150804787874e-04 4.559179069474339485e-04
9.740301966667175293e-01 9.740301966667175293e-01 9.393822983838617802e-05 4.586277529597282410e-03 2.482208947185426950e-04 3.832672373391687870e-04
9.749709367752075195e-01 9.749709367752075195e-01 7.926955731818452477e-05 4.863433539867401123e-03 2.366317057749256492e-04 3.322439442854374647e-04
9.757290482521057129e-01 9.757290482521057129e-01 6.980366015341132879e-05 4.398013930767774582e-03 2.062016283161938190e-04 2.678850432857871056e-04
9.752646088600158691e-01 9.752646088600158691e-01 6.669017602689564228e-05 4.201037809252738953e-03 1.972630125237628818e-04 2.375505719101056457e-04
9.742872118949890137e-01 9.742872118949890137e-01 6.192573346197605133e-05 4.136268515139818192e-03 2.058833779301494360e-04 2.182504686061292887e-04
9.767081141471862793e-01 9.767081141471862793e-01 5.870307722943834960e-05 3.695617429912090302e-03 1.909236452775076032e-04 2.007628936553373933e-04
9.760912060737609863e-01 9.760912060737609863e-01 6.220539216883480549e-05 3.910496365278959274e-03 1.945069234352558851e-04 1.911999570438638330e-04
9.764084219932556152e-01 9.764084219932556152e-01 6.199874042067676783e-05 3.783731721341609955e-03 1.941719674505293369e-04 1.799030142137780786e-04
9.772310256958007812e-01 9.772310256958007812e-01 6.239705544430762529e-05 3.467443631961941719e-03 1.935755281010642648e-04 1.743558386806398630e-04
9.761530160903930664e-01 9.761530160903930664e-01 6.764167483197525144e-05 3.758046543225646019e-03 2.154972462449222803e-04 1.856581220636144280e-04
9.756863713264465332e-01 9.756863713264465332e-01 6.981885235290974379e-05 3.694216953590512276e-03 2.125873725162819028e-04 1.837253366829827428e-04
9.762747883796691895e-01 9.762747883796691895e-01 7.010275294305756688e-05 3.501948667690157890e-03 2.088907494908198714e-04 1.732078962959349155e-04
9.748561382293701172e-01 9.748561382293701172e-01 7.494565943488851190e-05 3.608030965551733971e-03 2.232608676422387362e-04 1.845901861088350415e-04
9.736812710762023926e-01 9.736812710762023926e-01 8.302459900733083487e-05 3.651120001450181007e-03 2.469965838827192783e-04 1.997311483137309551e-04
9.735707640647888184e-01 9.735707640647888184e-01 8.486905426252633333e-05 3.599845804274082184e-03 2.361877850489690900e-04 1.905784447444602847e-04
9.733133316040039062e-01 9.733133316040039062e-01 8.731681737117469311e-05 3.546938765794038773e-03 2.350442227907478809e-04 1.910263817990198731e-04
9.721116423606872559e-01 9.721116423606872559e-01 9.069219231605529785e-05 3.446454415097832680e-03 2.267574163852259517e-04 1.864336227299645543e-04
9.703420400619506836e-01 9.703420400619506836e-01 9.510784002486616373e-05 3.505452070385217667e-03 2.298182807862758636e-04 1.760839804774150252e-04
9.692187905311584473e-01 9.692187905311584473e-01 9.781664994079619646e-05 3.492604708299040794e-03 2.112924266839399934e-04 1.682522852206602693e-04
9.672057032585144043e-01 9.672057032585144043e-01 1.062667724909260869e-04 3.784736152738332748e-03 2.127488114638254046e-04 1.660150883253663778e-04
9.683194160461425781e-01 9.683194160461425781e-01 1.034767337841913104e-04 3.555865027010440826e-03 1.924165117088705301e-04 1.412282290402799845e-04
9.681966900825500488e-01 9.681966900825500488e-01 1.027924809022806585e-04 3.659930778667330742e-03 1.841731573222205043e-04 1.290110958507284522e-04
9.662821292877197266e-01 9.662821292877197266e-01 1.092382444767281413e-04 4.025756847113370895e-03 1.898612099466845393e-04 1.267196639673784375e-04
9.668992161750793457e-01 9.668992161750793457e-01 1.081274021998979151e-04 3.663951763883233070e-03 1.728098432067781687e-04 1.252967922482639551e-04
9.629345536231994629e-01 9.629345536231994629e-01 1.222708233399316669e-04 4.464512225240468979e-03 1.834163849707692862e-04 1.280628493987023830e-04
9.640975594520568848e-01 9.640975594520568848e-01 1.273970992770045996e-04 4.819455556571483612e-03 1.902553631225600839e-04 1.232700888067483902e-04
9.625359773635864258e-01 9.625359773635864258e-01 1.358105364488437772e-04 5.395826417952775955e-03 2.070863265544176102e-04 1.295363181270658970e-04
9.622390866279602051e-01 9.622390866279602051e-01 1.345790515188127756e-04 5.424381699413061142e-03 1.988251460716128349e-04 1.231819042004644871e-04
9.610825181007385254e-01 9.610825181007385254e-01 1.409453834639862180e-04 5.630322266370058060e-03 1.988863805308938026e-04 1.234419032698497176e-04
9.601086974143981934e-01 9.601086974143981934e-01 1.539217337267473340e-04 5.908641498535871506e-03 2.080917038256302476e-04 1.312962558586150408e-04
9.600160717964172363e-01 9.600160717964172363e-01 1.534370385343208909e-04 6.242292467504739761e-03 2.190083760069683194e-04 1.346867356915026903e-04
9.600744247436523438e-01 9.600744247436523438e-01 1.504150277469307184e-04 6.455741822719573975e-03 2.043119311565533280e-04 1.284665049752220511e-04
9.611663222312927246e-01 9.611663222312927246e-01 1.529140135971829295e-04 6.737119518220424652e-03 2.102433500112965703e-04 1.345880737062543631e-04
9.584643840789794922e-01 9.584643840789794922e-01 1.576050271978601813e-04 7.961384020745754242e-03 2.225777570856735110e-04 1.409461401635780931e-04
9.567884206771850586e-01 9.567884206771850586e-01 1.635159569559618831e-04 8.640754967927932739e-03 2.344497042940929532e-04 1.557456998853012919e-04
9.550557732582092285e-01 9.550557732582092285e-01 1.735410914989188313e-04 9.024517610669136047e-03 2.451877226121723652e-04 1.599716342752799392e-04
9.528551697731018066e-01 9.528551697731018066e-01 1.795182179193943739e-04 9.238921105861663818e-03 2.498887188266962767e-04 1.628883183002471924e-04
9.470545053482055664e-01 9.470545053482055664e-01 1.941062364494428039e-04 1.036079693585634232e-02 2.719435142353177071e-04 1.632737403269857168e-04
9.466815590858459473e-01 9.466815590858459473e-01 2.025688154390081763e-04 1.046458818018436432e-02 2.826624549925327301e-04 1.734015240799635649e-04
9.467342495918273926e-01 9.467342495918273926e-01 2.049578906735405326e-04 1.095773931592702866e-02 2.850341261364519596e-04 1.766318455338478088e-04
9.427762627601623535e-01 9.427762627601623535e-01 2.194287371821701527e-04 1.242633536458015442e-02 2.933247014880180359e-04 1.806049549486488104e-04
9.418536424636840820e-01 9.418536424636840820e-01 2.226213255198672414e-04 1.326687075197696686e-02 2.914977085310965776e-04 1.863334036897867918e-04
9.415523409843444824e-01 9.415523409843444824e-01 2.229930687462911010e-04 1.290280371904373169e-02 2.852614270523190498e-04 1.813513954402878881e-04
9.376796483993530273e-01 9.376796483993530273e-01 2.386191772529855371e-04 1.390663348138332367e-02 2.969731867779046297e-04 1.853027060860767961e-04
9.387657642364501953e-01 9.387657642364501953e-01 2.320050698472186923e-04 1.471530646085739136e-02 2.943531144410371780e-04 1.844852231442928314e-04
9.385543465614318848e-01 9.385543465614318848e-01 2.386787527939304709e-04 1.479652989655733109e-02 3.004301688633859158e-04 1.833211717894300818e-04
9.379037022590637207e-01 9.379037022590637207e-01 2.327691618120297790e-04 1.543739531189203262e-02 2.950294874608516693e-04 1.822579652070999146e-04
9.386038780212402344e-01 9.386038780212402344e-01 2.281552442582324147e-04 1.579261384904384613e-02 2.962928265333175659e-04 1.775717682903632522e-04
9.373356103897094727e-01 9.373356103897094727e-01 2.276230225106701255e-04 1.682122424244880676e-02 2.898192615248262882e-04 1.759640726959332824e-04
9.368271827697753906e-01 9.368271827697753906e-01 2.298629551660269499e-04 1.773141138255596161e-02 2.945363230537623167e-04 1.796702854335308075e-04
9.378180503845214844e-01 9.378180503845214844e-01 2.282909845234826207e-04 1.774769276380538940e-02 2.805655531119555235e-04 1.741473097354173660e-04
9.348350763320922852e-01 9.348350763320922852e-01 2.433404297335073352e-04 1.789457537233829498e-02 2.945576561614871025e-04 1.788648660294711590e-04
9.306572079658508301e-01 9.306572079658508301e-01 2.567076880950480700e-04 2.000756002962589264e-02 3.191118594259023666e-04 1.852747082011774182e-04
9.280757904052734375e-01 9.280757904052734375e-01 2.534019877202808857e-04 2.119749970734119415e-02 3.209583519492298365e-04 1.914987078635022044e-04
9.237346649169921875e-01 9.237346649169921875e-01 2.774809545371681452e-04 2.370224334299564362e-02 3.449239593464881182e-04 2.030171453952789307e-04
9.232970476150512695e-01 9.232970476150512695e-01 2.841758832801133394e-04 2.398065850138664246e-02 3.549406537786126137e-04 2.062085113720968366e-04
9.230384230613708496e-01 9.230384230613708496e-01 2.848624135367572308e-04 2.474094927310943604e-02 3.550727851688861847e-04 2.089220361085608602e-04
9.203770160675048828e-01 9.203770160675048828e-01 2.914409851655364037e-04 2.639630250632762909e-02 3.662214730866253376e-04 2.145050530089065433e-04
9.206587672233581543e-01 9.206587672233581543e-01 3.007321793120354414e-04 2.655076235532760620e-02 3.665958647616207600e-04 2.158534771297127008e-04
9.221568107604980469e-01 9.221568107604980469e-01 2.947644388768821955e-04 2.646639570593833923e-02 3.645115939434617758e-04 2.148960775230079889e-04
9.204031825065612793e-01 9.204031825065612793e-01 3.101250040344893932e-04 2.774821594357490540e-02 3.835786483250558376e-04 2.309477131348103285e-04
9.168043732643127441e-01 9.168043732643127441e-01 3.311596810817718506e-04 2.945489436388015747e-02 4.081275546923279762e-04 2.446674916427582502e-04
9.199419021606445312e-01 9.199419021606445312e-01 3.271448367740958929e-04 2.822244726121425629e-02 3.894534020218998194e-04 2.355511242058128119e-04
9.161798954010009766e-01 9.161798954010009766e-01 3.369418263901025057e-04 3.114412911236286163e-02 4.215240769553929567e-04 2.469715836923569441e-04
