2.370964502915740013e-04 3.421521105337888002e-04 1.058589696185663342e-04 6.049656076356768608e-04 1.658614841289818287e-03 9.701855742605403066e-05
5.086491629481315613e-02 8.091239578789100051e-05 9.076410788111388683e-05 2.058131154626607895e-03 2.906270383391529322e-04 6.878022395540028811e-05
8.903315067291259766e-01 1.905679170022267499e-07 1.756863639457151294e-05 2.828419019351713359e-05 3.310789543320424855e-05 1.189765725939651020e-06
8.528451323509216309e-01 3.763332188100321218e-07 2.230572681582998484e-05 4.464807716431096196e-05 7.653556531295180321e-05 3.744131618077517487e-06
8.905531167984008789e-01 1.793866886146133766e-07 1.022946435114135966e-05 2.313253025931771845e-05 4.936379991704598069e-05 2.825953060892061330e-06
8.696224093437194824e-01 2.447409883643558715e-07 1.356654229311970994e-05 2.087141183437779546e-05 6.500889867311343551e-05 4.112149781576590613e-06
8.446725606918334961e-01 3.387563651813252363e-07 1.485849588789278641e-05 2.339034654141869396e-05 1.090400037355720997e-04 6.286270945565775037e-06
8.435831069946289062e-01 5.052597202848119196e-07 1.268511732632759959e-05 4.187440572422929108e-05 2.782660012599080801e-04 1.036290268530137837e-05
8.918764591217041016e-01 3.766762404211476678e-07 6.381053481163689867e-06 4.843741771765053272e-05 3.179114137310534716e-04 9.074938134290277958e-06
9.034729599952697754e-01 3.375174912889633561e-07 5.007739673601463437e-06 5.094676089356653392e-05 3.955153515562415123e-04 1.112015161197632551e-05
9.111205935478210449e-01 2.987470395510172239e-07 4.346032255853060633e-06 5.257343582343310118e-05 4.924996173940598965e-04 1.255440474778879434e-05
9.147912263870239258e-01 2.980910096539446386e-07 3.668262479550321586e-06 4.702999285655096173e-05 5.014255293644964695e-04 1.194065771414898336e-05
9.250618815422058105e-01 2.486101777776639210e-07 2.943908157249097712e-06 4.124750194023363292e-05 4.177395021542906761e-04 9.818962098506744951e-06
9.351801276206970215e-01 2.311595750370543101e-07 2.301851509400876239e-06 3.473735341685824096e-05 3.355917287990450859e-04 7.857057426008395851e-06
9.305607676506042480e-01 2.721016585383040365e-07 2.443593757561757229e-06 4.056724355905316770e-05 3.814779920503497124e-04 9.600416888133622706e-06
9.224902391433715820e-01 3.931991727768036071e-07 2.725254489632789046e-06 4.645499939215369523e-05 4.213034408167004585e-04 1.161406999017344788e-05
9.201388955116271973e-01 5.254770485407789238e-07 2.907648649852490053e-06 5.627743303193710744e-05 3.963170747738331556e-04 1.231896567333023995e-05
9.009793400764465332e-01 9.370335760650050361e-07 3.858393483824329451e-06 7.418508175760507584e-05 4.590780008584260941e-04 1.750348019413650036e-05
8.895252943038940430e-01 1.307852699028444476e-06 4.507367521000560373e-06 8.635900303488597274e-05 4.921383224427700043e-04 2.106952160829678178e-05
8.778055906295776367e-01 1.762820716066926252e-06 5.258155397314112633e-06 1.041499635903164744e-04 5.572726367972791195e-04 2.636539829836692661e-05
8.898816108703613281e-01 1.798619905457599089e-06 4.760106548928888515e-06 1.025009478325955570e-04 4.650561895687133074e-04 2.325757668586447835e-05
8.832268714904785156e-01 2.173354232581914403e-06 5.326239261194132268e-06 1.097571948776021600e-04 4.857480817008763552e-04 2.683763523236848414e-05
8.721349239349365234e-01 2.934155645561986603e-06 6.286092684604227543e-06 1.215707088704220951e-04 5.178720457479357719e-04 2.880288047890644521e-05
8.501470088958740234e-01 4.572330453811446205e-06 8.730028639547526836e-06 1.448913681088015437e-04 5.903390119783580303e-04 3.731263495865277946e-05
8.449752926826477051e-01 5.259181762085063383e-06 9.138917448581196368e-06 1.496769837103784084e-04 5.726001691073179245e-04 3.885493788402527571e-05
8.377870917320251465e-01 6.313869107543723658e-06 1.000287647912045941e-05 1.754341792548075318e-04 5.736586754210293293e-04 4.070873910677619278e-05
8.273056745529174805e-01 7.916878530522808433e-06 1.145297210314311087e-05 2.064243017230182886e-04 6.466105696745216846e-04 4.880176493315957487e-05
8.214394450187683105e-01 8.893721314962022007e-06 1.371086818835465237e-05 2.192611718783155084e-04 6.700228550471365452e-04 5.301476994645781815e-05
8.086750507354736328e-01 1.005126432573888451e-05 1.486160726926755160e-05 2.190166851505637169e-04 7.098698988556861877e-04 5.603045065072365105e-05
8.097717761993408203e-01 1.159205112344352528e-05 1.495002743467921391e-05 2.273630962008610368e-04 7.008902612142264843e-04 5.559548662859015167e-05
8.101798892021179199e-01 1.204878390126395971e-05 1.571213397255633026e-05 2.277996391057968140e-04 6.492409738712012768e-04 5.358624548534862697e-05
8.107746839523315430e-01 1.313369557465193793e-05 1.595602589077316225e-05 2.078544057440012693e-04 6.083921762183308601e-04 5.140892608324065804e-05
8.096209168434143066e-01 1.455542951589450240e-05 1.587890801602043211e-05 2.214248961536213756e-04 6.256975466385483742e-04 5.270207475405186415e-05
7.958287000656127930e-01 1.642871029616799206e-05 1.860557131294626743e-05 2.419830998405814171e-04 6.476791459135711193e-04 5.483343920786865056e-05
7.956323623657226562e-01 1.907700789161026478e-05 2.020731699303723872e-05 2.442159748170524836e-04 6.692191236652433872e-04 5.723525464418344200e-05
7.894694805145263672e-01 2.425304228381719440e-05 2.050579860224388540e-05 2.752125728875398636e-04 6.708173314109444618e-04 5.704949580831453204e-05
7.874467968940734863e-01 2.606332418508827686e-05 2.127693187503609806e-05 2.952326904051005840e-04 6.403627339750528336e-04 5.665051867254078388e-05
7.740784883499145508e-01 3.295416172477416694e-05 2.337457408430054784e-05 3.189459384884685278e-04 6.920890882611274719e-04 5.976681495667435229e-05
7.611554861068725586e-01 4.131547393626533449e-05 2.742219112406019121e-05 3.665701660793274641e-04 7.274433155544102192e-04 6.298541848082095385e-05
7.432187199592590332e-01 5.067242454970255494e-05 3.228574496461078525e-05 4.077801422681659460e-04 8.142293663695454597e-04 6.956556899240240455e-05
7.395162582397460938e-01 6.268959987210109830e-05 3.490825838525779545e-05 4.569113079924136400e-04 8.010566816665232182e-04 6.742187542840838432e-05
7.320823669433593750e-01 7.327675120905041695e-05 3.393390215933322906e-05 4.895909223705530167e-04 9.117609006352722645e-04 8.077710663201287389e-05
7.217219471931457520e-01 9.306734136771410704e-05 3.702369212987832725e-05 5.297351162880659103e-04 9.685002733021974564e-04 8.716908632777631283e-05
7.204994559288024902e-01 1.094738618121482432e-04 3.967459997511468828e-05 5.490046460181474686e-04 9.257550700567662716e-04 8.953078940976411104e-05
6.928012371063232422e-01 1.512781163910403848e-04 4.870306293014436960e-05 6.559991743415594101e-04 1.005609170533716679e-03 9.771245822776108980e-05
6.934233903884887695e-01 1.800382742658257484e-04 4.994374103262089193e-05 6.209825514815747738e-04 9.641631622798740864e-04 9.712364408187568188e-05
6.910710930824279785e-01 2.080655540339648724e-04 5.219607555773109198e-05 6.098627927713096142e-04 1.012460794299840927e-03 1.023860604618676007e-04
6.684144139289855957e-01 2.597120183054357767e-04 5.446055729407817125e-05 7.073783199302852154e-04 1.161443651653826237e-03 1.175468787550926208e-04
6.504224538803100586e-01 3.174986923113465309e-04 5.969032645225524902e-05 7.517068297602236271e-04 1.310273655690252781e-03 1.303258031839504838e-04
6.487213373184204102e-01 3.509162052068859339e-04 6.224540993571281433e-05 7.606677245348691940e-04 1.321180025115609169e-03 1.305783516727387905e-04
6.292584538459777832e-01 4.322415334172546864e-04 6.766490696463733912e-05 7.978324429132044315e-04 1.445390866138041019e-03 1.436856691725552082e-04
6.059768795967102051e-01 5.795435281470417976e-04 7.831407128833234310e-05 8.505100267939269543e-04 1.522053265944123268e-03 1.523583923699334264e-04
5.693038105964660645e-01 7.848053355701267719e-04 9.303023398388177156e-05 9.990872349590063095e-04 1.805295934900641441e-03 1.775229611666873097e-04
5.596666336059570312e-01 8.775530150160193443e-04 1.040939459926448762e-04 1.038021058775484562e-03 1.832174137234687805e-03 1.823007041821256280e-04
5.167053937911987305e-01 1.167200738564133644e-03 1.236101234098896384e-04 1.232920796610414982e-03 2.097758930176496506e-03 2.097241813316941261e-04
5.035476684570312500e-01 1.324275275692343712e-03 1.362444454571232200e-04 1.343733980320394039e-03 2.226022304967045784e-03 2.264844079036265612e-04
4.781090021133422852e-01 1.806495944038033485e-03 1.567803847137838602e-04 1.451880671083927155e-03 2.522476948797702789e-03 2.551863144617527723e-04
4.423282742500305176e-01 2.133447909727692604e-03 1.866018865257501602e-04 1.439221319742500782e-03 2.665054518729448318e-03 2.731115091592073441e-04
4.075964987277984619e-01 2.823528135195374489e-03 2.094207593472674489e-04 1.547081628814339638e-03 3.118767170235514641e-03 3.277685318607836962e-04
3.752206265926361084e-01 3.281461307778954506e-03 2.269250253448262811e-04 1.709475065581500530e-03 3.562637837603688240e-03 3.778307291213423014e-04
3.560740947723388672e-01 4.529822152107954025e-03 2.542026049923151731e-04 1.827764557674527168e-03 3.809683024883270264e-03 4.081513907294720411e-04
3.337379097938537598e-01 5.327448248863220215e-03 2.690166002139449120e-04 1.934088882990181446e-03 4.006535746157169342e-03 4.260544083081185818e-04
2.989917099475860596e-01 6.376328878104686737e-03 3.036443667951971292e-04 2.124684164300560951e-03 4.471588879823684692e-03 4.974381881766021252e-04
2.836708426475524902e-01 7.436050102114677429e-03 3.424475144129246473e-04 2.227477496489882469e-03 4.723326768726110458e-03 5.350370192900300026e-04
2.685335576534271240e-01 8.807290345430374146e-03 3.594657464418560266e-04 2.388368593528866768e-03 4.752488806843757629e-03 5.470381001941859722e-04
2.550963461399078369e-01 1.005852222442626953e-02 3.760213439818471670e-04 2.410424174740910530e-03 4.787310957908630371e-03 5.778382183052599430e-04
2.370676696300506592e-01 1.164078526198863983e-02 4.037291510030627251e-04 2.548981225118041039e-03 5.213238298892974854e-03 6.157123716548085213e-04
2.264940440654754639e-01 1.277451962232589722e-02 4.088395799044519663e-04 2.674117451533675194e-03 5.439174361526966095e-03 6.317832740023732185e-04
2.115413099527359009e-01 1.562956348061561584e-02 4.314552934374660254e-04 2.816345309838652611e-03 6.237584631890058517e-03 7.170740282163023949e-04
1.884376853704452515e-01 1.998406648635864258e-02 4.738056741189211607e-04 2.946462249383330345e-03 6.550126709043979645e-03 7.690705242566764355e-04
1.834842264652252197e-01 2.176010422408580780e-02 4.774107947014272213e-04 3.013344947248697281e-03 6.513834930956363678e-03 7.545999251306056976e-04
1.685043275356292725e-01 2.504963614046573639e-02 5.027134902775287628e-04 3.093324601650238037e-03 6.763054989278316498e-03 7.887872052378952503e-04
1.645005494356155396e-01 2.672848664224147797e-02 5.272696143947541714e-04 3.014870686456561089e-03 6.705380510538816452e-03 8.248742087744176388e-04
1.496667414903640747e-01 3.120392188429832458e-02 5.458222585730254650e-04 3.074891632422804832e-03 7.080832030624151230e-03 8.958772523328661919e-04
1.336344480514526367e-01 3.991832956671714783e-02 5.958978435955941677e-04 3.301952499896287918e-03 7.429579272866249084e-03 9.925140766426920891e-04
1.194342449307441711e-01 5.013668537139892578e-02 6.367249879986047745e-04 3.536642994731664658e-03 7.487760856747627258e-03 9.737276704981923103e-04
1.100433096289634705e-01 6.021755933761596680e-02 6.765168509446084499e-04 3.444499103352427483e-03 7.688131649047136307e-03 1.027671736665070057e-03
9.610894322395324707e-02 7.387233525514602661e-02 7.347209611907601357e-04 3.566724015399813652e-03 7.694313768297433853e-03 1.076639047823846340e-03
9.257414937019348145e-02 7.352283596992492676e-02 7.675211527384817600e-04 3.605447709560394287e-03 7.632039021700620651e-03 1.047383062541484833e-03
8.043016493320465088e-02 9.780608862638473511e-02 8.185068727470934391e-04 3.742831526324152946e-03 7.868976332247257233e-03 1.116895349696278572e-03
7.800799608230590820e-02 1.004311591386795044e-01 8.376429905183613300e-04 3.706254065036773682e-03 7.817634381353855133e-03 1.112233032472431660e-03
6.747959554195404053e-02 1.253836154937744141e-01 8.840388036333024502e-04 3.949169535189867020e-03 7.840347476303577423e-03 1.127008115872740746e-03
6.317558139562606812e-02 1.365751326084136963e-01 8.917030063457787037e-04 4.152351524680852890e-03 7.934615015983581543e-03 1.162136322818696499e-03
5.502635240554809570e-02 1.555588990449905396e-01 8.714544819667935371e-04 4.301247652620077133e-03 8.042914792895317078e-03 1.219962025061249733e-03
4.872280731797218323e-02 1.761454641819000244e-01 9.001031867228448391e-04 4.078762605786323547e-03 8.118427358567714691e-03 1.237748190760612488e-03
4.002366587519645691e-02 2.069460600614547729e-01 9.660196956247091293e-04 4.304360132664442062e-03 8.060303516685962677e-03 1.267298706807196140e-03
3.875624388456344604e-02 2.260365486145019531e-01 9.538426529616117477e-04 4.322198219597339630e-03 7.425268180668354034e-03 1.165275345556437969e-03
3.364772349596023560e-02 2.516984045505523682e-01 9.899244178086519241e-04 4.164864774793386459e-03 7.444297894835472107e-03 1.179832965135574341e-03
3.145601227879524231e-02 2.656268775463104248e-01 1.020541763864457607e-03 4.351075273007154465e-03 7.365228142589330673e-03 1.179394545033574104e-03
3.673743084073066711e-02 2.291090339422225952e-01 9.405107703059911728e-04 4.336618352681398392e-03 7.538040168583393097e-03 1.171475159935653210e-03
2.998448722064495087e-02 2.715622484683990479e-01 1.009870902635157108e-03 4.317590966820716858e-03 7.495029829442501068e-03 1.187440590001642704e-03
2.433129213750362396e-02 3.203975558280944824e-01 1.001136377453804016e-03 4.207545425742864609e-03 7.018870208412408829e-03 1.166348578408360481e-03
1.977933198213577271e-02 3.692975640296936035e-01 1.001241733320057392e-03 4.087361041456460953e-03 6.651236675679683685e-03 1.110045937821269035e-03
1.896237581968307495e-02 3.749587535858154297e-01 9.767325827851891518e-04 4.138360265642404556e-03 6.531705148518085480e-03 1.109163626097142696e-03
1.630947366356849670e-02 4.061255753040313721e-01 9.809922194108366966e-04 4.079115111380815506e-03 6.265164352953433990e-03 1.093154423870146275e-03
1.376325264573097229e-02 4.478083848953247070e-01 9.659648640081286430e-04 4.005508963018655777e-03 6.092882715165615082e-03 1.054218504577875137e-03
1.355909276753664017e-02 4.548701941967010498e-01 9.698803187347948551e-04 3.999388776719570160e-03 5.734577775001525879e-03 1.027134363539516926e-03
1.096238568425178528e-02 4.952917695045471191e-01 9.670904255472123623e-04 3.933751024305820465e-03 5.489696748554706573e-03 1.007398357614874840e-03
1.032447163015604019e-02 5.226864218711853027e-01 9.401372517459094524e-04 3.706438699737191200e-03 5.035739857703447342e-03 8.990272763185203075e-04
8.669256232678890228e-03 5.508998632431030273e-01 9.474665857851505280e-04 3.607086604461073875e-03 5.163718480616807938e-03 8.992330403998494148e-04
7.916972972452640533e-03 5.672193169593811035e-01 9.711652528494596481e-04 3.338363487273454666e-03 4.916095640510320663e-03 8.886596770025789738e-04
