3.123578225598638413e-04
2.074998720152185228e-01
9.910094685824646366e-01
8.123866716618418637e-01
8.029776646808373108e-01
7.833388597433321721e-01
8.547379664608116823e-01
9.287714793587531492e-01
9.391678233536258080e-01
9.332947539867183506e-01
9.208735068366786791e-01
9.353387719478825080e-01
9.246117478391676636e-01
9.066681910272206268e-01
9.057603281909680781e-01
9.028878009730220144e-01
9.061943006160816383e-01
9.014637177767031995e-01
8.936069295211777064e-01
8.950525997854679172e-01
8.879354399537916498e-01
8.861948469256789584e-01
8.848057371914368474e-01
8.735965616986441917e-01
8.908964259111626927e-01
8.911222459378475014e-01
8.915557962694531380e-01
8.954163840901379068e-01
8.941379231540177441e-01
8.910865488869001982e-01
8.950743074515845610e-01
8.973642853296637245e-01
9.075775613402867759e-01
9.138297309762908327e-01
9.163098318301076128e-01
9.205441533024324441e-01
9.218872548443219905e-01
9.245890753878903690e-01
9.280984211109947202e-01
9.254872903725355204e-01
9.267089495823174206e-01
9.254763159413321727e-01
9.267529679052759484e-01
9.281452131912903969e-01
9.343086225925067989e-01
9.407679195427063323e-01
9.408099479962708234e-01
9.423103698184328580e-01
9.466970670470814531e-01
9.481619124164413215e-01
9.477884199610914218e-01
9.517302909315682458e-01
9.502579081781401538e-01
9.523595720526581987e-01
9.558039756746306015e-01
9.563940623985656142e-01
9.615220764250946850e-01
9.602339073382946122e-01
9.620619943206715208e-01
9.638888753215976157e-01
9.679283704905262686e-01
9.677300468409225642e-01
9.674537564905167919e-01
9.686133076555762944e-01
9.700060956332436923e-01
9.708642720337182785e-01
9.697516335470995896e-01
9.700921424097668222e-01
9.722892597161252315e-01
9.696487030302635146e-01
9.724029837669470044e-01
9.753246547290180812e-01
9.741663698444820163e-01
9.755607858971081514e-01
9.763834461438531953e-01
9.777579032034666717e-01
9.778997266220947893e-01
9.765707350631810391e-01
9.776119191488327198e-01
9.769790803824625058e-01
9.761620882485368966e-01
9.802860021190300532e-01
9.800768246363679159e-01
9.801702881988142435e-01
9.815113998713097532e-01
9.820427552985849795e-01
9.826059486361645723e-01
9.820715179561895214e-01
9.827468072696320389e-01
9.826381483409042383e-01
9.830584931756223277e-01
9.842271495006362780e-01
9.831720363292264508e-01
9.829008111009145399e-01
9.829924656911844805e-01
9.835590357768265735e-01
9.835765828069374939e-01
9.836824076792557436e-01
9.828453962532447408e-01
9.838028852262026280e-01
9.834060570297774584e-01
