1.076653897762298584e-01 4.663553833961486816e-02 1.551182121038436890e-01 1.686005592346191406e-01 1.388783901929855347e-01 6.986093521118164062e-02 6.051841005682945251e-02 1.402784287929534912e-01 3.688437864184379578e-02 7.555977255105972290e-02
1.112680509686470032e-01 4.994895681738853455e-02 1.591334044933319092e-01 1.642129123210906982e-01 1.358554512262344360e-01 6.835608184337615967e-02 6.535456329584121704e-02 1.289020478725433350e-01 3.911887854337692261e-02 7.784961909055709839e-02
1.126450821757316589e-01 5.680485442280769348e-02 1.650819778442382812e-01 1.505146622657775879e-01 1.368809491395950317e-01 6.456892937421798706e-02 7.001198083162307739e-02 1.188912242650985718e-01 4.104660451412200928e-02 8.355375379323959351e-02
1.077301129698753357e-01 4.913161695003509521e-02 1.752115339040756226e-01 1.420160382986068726e-01 1.499725580215454102e-01 5.975690111517906189e-02 6.882742792367935181e-02 1.259419620037078857e-01 4.091546684503555298e-02 8.049634844064712524e-02
1.101743131875991821e-01 4.613959789276123047e-02 1.706453859806060791e-01 1.426419615745544434e-01 1.606303751468658447e-01 5.891334637999534607e-02 6.381861865520477295e-02 1.264368295669555664e-01 4.233609512448310852e-02 7.826354354619979858e-02
1.151632666587829590e-01 5.039231479167938232e-02 1.593921780586242676e-01 1.457599103450775146e-01 1.628245413303375244e-01 5.784307792782783508e-02 6.242699176073074341e-02 1.273281723260879517e-01 4.664523527026176453e-02 7.222426682710647583e-02
1.247985661029815674e-01 5.438360944390296936e-02 1.506184637546539307e-01 1.548635959625244141e-01 1.444658488035202026e-01 6.045366823673248291e-02 6.654236465692520142e-02 1.244329437613487244e-01 4.882775247097015381e-02 7.061320543289184570e-02
1.302124112844467163e-01 6.147231534123420715e-02 1.247917041182518005e-01 1.483235508203506470e-01 1.388287246227264404e-01 6.182756647467613220e-02 6.837790459394454956e-02 1.268852800130844116e-01 5.625730007886886597e-02 8.302322775125503540e-02
1.237802729010581970e-01 7.276569306850433350e-02 1.168065741658210754e-01 1.466108262538909912e-01 1.361024826765060425e-01 6.114453449845314026e-02 6.253512203693389893e-02 1.349211931228637695e-01 6.149114295840263367e-02 8.384208381175994873e-02
1.207539439201354980e-01 7.628433406352996826e-02 1.190426126122474670e-01 1.455022692680358887e-01 1.353571265935897827e-01 6.073641031980514526e-02 6.463860720396041870e-02 1.339933574199676514e-01 6.009061262011528015e-02 8.360072970390319824e-02
1.193964406847953796e-01 7.428779453039169312e-02 1.188708916306495667e-01 1.502593755722045898e-01 1.324022710323333740e-01 6.235321983695030212e-02 6.832849979400634766e-02 1.358202844858169556e-01 5.529566109180450439e-02 8.298560976982116699e-02
1.163857653737068176e-01 7.250239700078964233e-02 1.208410635590553284e-01 1.541963815689086914e-01 1.267712563276290894e-01 6.504750996828079224e-02 7.164805382490158081e-02 1.369656026363372803e-01 5.224186927080154419e-02 8.340019732713699341e-02
1.135780140757560730e-01 7.126372307538986206e-02 1.215473562479019165e-01 1.590185314416885376e-01 1.233038753271102905e-01 6.702460348606109619e-02 7.472873479127883911e-02 1.361504346132278442e-01 5.054223909974098206e-02 8.284252882003784180e-02
1.118212714791297913e-01 7.088510692119598389e-02 1.236397475004196167e-01 1.622668951749801636e-01 1.206262484192848206e-01 6.857960671186447144e-02 7.610806077718734741e-02 1.343607753515243530e-01 4.876014217734336853e-02 8.295214176177978516e-02
1.119057089090347290e-01 7.171519845724105835e-02 1.250229775905609131e-01 1.639493703842163086e-01 1.191001608967781067e-01 6.910888105630874634e-02 7.706838101148605347e-02 1.319782435894012451e-01 4.768552258610725403e-02 8.246548473834991455e-02
1.115446016192436218e-01 7.213734090328216553e-02 1.272348463535308838e-01 1.640834659337997437e-01 1.195935681462287903e-01 6.958158314228057861e-02 7.748350501060485840e-02 1.297042369842529297e-01 4.688480123877525330e-02 8.175196498632431030e-02
1.114015802741050720e-01 7.227705419063568115e-02 1.284829974174499512e-01 1.635246574878692627e-01 1.209817007184028625e-01 6.927506625652313232e-02 7.711081951856613159e-02 1.291160285472869873e-01 4.628771916031837463e-02 8.154238760471343994e-02
1.107473522424697876e-01 7.308001071214675903e-02 1.296935379505157471e-01 1.609141081571578979e-01 1.220404654741287231e-01 6.971377134323120117e-02 7.575898617506027222e-02 1.293042898178100586e-01 4.609144479036331177e-02 8.265604823827743530e-02
1.102698817849159241e-01 7.381846010684967041e-02 1.309072971343994141e-01 1.586764156818389893e-01 1.226685345172882080e-01 6.985810399055480957e-02 7.484942674636840820e-02 1.293894201517105103e-01 4.601813480257987976e-02 8.354425430297851562e-02
1.109907403588294983e-01 7.393990457057952881e-02 1.314400732517242432e-01 1.574660986661911011e-01 1.233980730175971985e-01 6.947576999664306641e-02 7.389455288648605347e-02 1.300425678491592407e-01 4.586526751518249512e-02 8.348709344863891602e-02
1.100530028343200684e-01 7.405715435743331909e-02 1.324912160634994507e-01 1.557849645614624023e-01 1.247555017471313477e-01 6.986574083566665649e-02 7.317211478948593140e-02 1.308539360761642456e-01 4.537448659539222717e-02 8.359184116125106812e-02
1.110908240079879761e-01 7.466252893209457397e-02 1.332759112119674683e-01 1.539199948310852051e-01 1.257865726947784424e-01 6.953523308038711548e-02 7.257568836212158203e-02 1.302182227373123169e-01 4.546774178743362427e-02 8.346720784902572632e-02
1.111801862716674805e-01 7.492100447416305542e-02 1.340492367744445801e-01 1.522742062807083130e-01 1.263956576585769653e-01 6.895772367715835571e-02 7.223437726497650146e-02 1.304310262203216553e-01 4.545932263135910034e-02 8.409726619720458984e-02
1.109995096921920776e-01 7.491120696067810059e-02 1.342761516571044922e-01 1.520916223526000977e-01 1.267000287771224976e-01 6.924108415842056274e-02 7.170513272285461426e-02 1.311403959989547729e-01 4.509269446134567261e-02 8.384224772453308105e-02
1.108317002654075623e-01 7.484770566225051880e-02 1.348441243171691895e-01 1.513953655958175659e-01 1.275607645511627197e-01 6.894144415855407715e-02 7.158211618661880493e-02 1.308536380529403687e-01 4.515095800161361694e-02 8.399215340614318848e-02
1.106756329536437988e-01 7.505876570940017700e-02 1.360653489828109741e-01 1.508919745683670044e-01 1.271570324897766113e-01 6.860493123531341553e-02 7.119616121053695679e-02 1.309673786163330078e-01 4.505159333348274231e-02 8.433128148317337036e-02
1.108460426330566406e-01 7.508330047130584717e-02 1.369370371103286743e-01 1.506516337394714355e-01 1.267841011285781860e-01 6.838262081146240234e-02 7.123101502656936646e-02 1.311234086751937866e-01 4.452002793550491333e-02 8.444089442491531372e-02
1.103227287530899048e-01 7.493823021650314331e-02 1.372543573379516602e-01 1.500929445028305054e-01 1.265735775232315063e-01 6.841847300529479980e-02 7.046233117580413818e-02 1.325198411941528320e-01 4.476745054125785828e-02 8.465003222227096558e-02
1.091630756855010986e-01 7.475458830595016479e-02 1.384028494358062744e-01 1.501768976449966431e-01 1.262389868497848511e-01 6.819474697113037109e-02 7.085045427083969116e-02 1.328685432672500610e-01 4.472704976797103882e-02 8.462283015251159668e-02
1.091552525758743286e-01 7.539454102516174316e-02 1.380311697721481323e-01 1.505005657672882080e-01 1.263476610183715820e-01 6.758778542280197144e-02 7.099917531013488770e-02 1.323772072792053223e-01 4.496542736887931824e-02 8.464125543832778931e-02
1.079316213726997375e-01 7.553561031818389893e-02 1.380284726619720459e-01 1.503971964120864868e-01 1.268266141414642334e-01 6.800509989261627197e-02 7.102920114994049072e-02 1.321723759174346924e-01 4.512467980384826660e-02 8.494913578033447266e-02
1.068671941757202148e-01 7.555343210697174072e-02 1.384138315916061401e-01 1.512518674135208130e-01 1.272776424884796143e-01 6.829330325126647949e-02 7.126622647047042847e-02 1.304149776697158813e-01 4.537656158208847046e-02 8.528497815132141113e-02
1.062036454677581787e-01 7.604046165943145752e-02 1.385580450296401978e-01 1.518833637237548828e-01 1.279237121343612671e-01 6.831650435924530029e-02 7.177365571260452271e-02 1.280779093503952026e-01 4.534735903143882751e-02 8.587531745433807373e-02
1.048852950334548950e-01 7.606954127550125122e-02 1.381001770496368408e-01 1.534946113824844360e-01 1.286642551422119141e-01 6.926579773426055908e-02 7.269308716058731079e-02 1.245903819799423218e-01 4.557693004608154297e-02 8.665987104177474976e-02
1.042339503765106201e-01 7.617820054292678833e-02 1.380708068609237671e-01 1.543495506048202515e-01 1.279522031545639038e-01 6.933581829071044922e-02 7.387821376323699951e-02 1.209480017423629761e-01 4.647474735975265503e-02 8.857855200767517090e-02
1.048439070582389832e-01 7.622374594211578369e-02 1.381786167621612549e-01 1.539304256439208984e-01 1.276770532131195068e-01 6.880917400121688843e-02 7.441157102584838867e-02 1.191820576786994934e-01 4.725499451160430908e-02 8.948852121829986572e-02
1.046473979949951172e-01 7.676692306995391846e-02 1.369921565055847168e-01 1.537651717662811279e-01 1.271361112594604492e-01 6.834294646978378296e-02 7.550606131553649902e-02 1.169114261865615845e-01 4.845586046576499939e-02 9.147591143846511841e-02
1.051065400242805481e-01 7.645161449909210205e-02 1.350106745958328247e-01 1.536783725023269653e-01 1.272409707307815552e-01 6.775738298892974854e-02 7.648263126611709595e-02 1.153816655278205872e-01 4.994552582502365112e-02 9.294464439153671265e-02
1.060258671641349792e-01 7.583985477685928345e-02 1.328264176845550537e-01 1.534758508205413818e-01 1.282199770212173462e-01 6.743890792131423950e-02 7.768718898296356201e-02 1.143633201718330383e-01 5.087500065565109253e-02 9.324757009744644165e-02
1.072301939129829407e-01 7.570660859346389771e-02 1.300891041755676270e-01 1.533700674772262573e-01 1.283140778541564941e-01 6.707823276519775391e-02 7.905729115009307861e-02 1.144677177071571350e-01 5.130368843674659729e-02 9.338302910327911377e-02
1.086203753948211670e-01 7.596965134143829346e-02 1.302375644445419312e-01 1.513543426990509033e-01 1.292083263397216797e-01 6.593717634677886963e-02 7.984145730733871460e-02 1.143338009715080261e-01 5.094102770090103149e-02 9.355627745389938354e-02
1.097651422023773193e-01 7.665790617465972900e-02 1.309670060873031616e-01 1.497300416231155396e-01 1.297288835048675537e-01 6.514240801334381104e-02 8.007009327411651611e-02 1.143828183412551880e-01 5.022031813859939575e-02 9.333549439907073975e-02
1.104781106114387512e-01 7.752688974142074585e-02 1.315132081508636475e-01 1.478276997804641724e-01 1.307223290205001831e-01 6.468536704778671265e-02 8.034568279981613159e-02 1.135322228074073792e-01 4.978450760245323181e-02 9.358403831720352173e-02
1.108937636017799377e-01 7.771710306406021118e-02 1.323829591274261475e-01 1.467451155185699463e-01 1.315112411975860596e-01 6.455068290233612061e-02 7.996466755867004395e-02 1.136955618858337402e-01 4.915964603424072266e-02 9.337919205427169800e-02
1.116338148713111877e-01 7.768480479717254639e-02 1.334487795829772949e-01 1.455662548542022705e-01 1.313304603099822998e-01 6.457678973674774170e-02 7.966917753219604492e-02 1.133446171879768372e-01 4.906816408038139343e-02 9.367719292640686035e-02
1.118236109614372253e-01 7.751960307359695435e-02 1.345829218626022339e-01 1.448486298322677612e-01 1.314660906791687012e-01 6.490662693977355957e-02 7.968117296695709229e-02 1.137017458677291870e-01 4.831274226307868958e-02 9.315690398216247559e-02
1.122571006417274475e-01 7.752195745706558228e-02 1.351957619190216064e-01 1.440940052270889282e-01 1.318272203207015991e-01 6.489372253417968750e-02 7.946185767650604248e-02 1.137352287769317627e-01 4.804570227861404419e-02 9.296738356351852417e-02
1.121392622590065002e-01 7.774670422077178955e-02 1.355320513248443604e-01 1.436619758605957031e-01 1.319225728511810303e-01 6.481166183948516846e-02 7.963579148054122925e-02 1.140265539288520813e-01 4.778650775551795959e-02 9.273696690797805786e-02
1.128370463848114014e-01 7.713496685028076172e-02 1.357651501893997192e-01 1.432290375232696533e-01 1.316151171922683716e-01 6.497430056333541870e-02 7.946120202541351318e-02 1.147153601050376892e-01 4.797375202178955078e-02 9.229411184787750244e-02
1.135608032345771790e-01 7.685685157775878906e-02 1.359909325838088989e-01 1.425467878580093384e-01 1.312650889158248901e-01 6.505328416824340820e-02 7.934521138668060303e-02 1.150617897510528564e-01 4.790796712040901184e-02 9.241127222776412964e-02
1.136446148157119751e-01 7.637975364923477173e-02 1.362557262182235718e-01 1.422164142131805420e-01 1.315006315708160400e-01 6.529635190963745117e-02 7.894593477249145508e-02 1.158749014139175415e-01 4.765109717845916748e-02 9.223449230194091797e-02
1.141024082899093628e-01 7.593780755996704102e-02 1.365156769752502441e-01 1.420062184333801270e-01 1.310914307832717896e-01 6.547144055366516113e-02 7.852502167224884033e-02 1.168582439422607422e-01 4.773733392357826233e-02 9.175450354814529419e-02
1.148226335644721985e-01 7.534033060073852539e-02 1.366157233715057373e-01 1.417735517024993896e-01 1.309422254562377930e-01 6.543370336294174194e-02 7.805356383323669434e-02 1.177594363689422607e-01 4.760794714093208313e-02 9.165085852146148682e-02
1.146270185708999634e-01 7.503809779882431030e-02 1.361404806375503540e-01 1.421873569488525391e-01 1.306509226560592651e-01 6.587728112936019897e-02 7.792606204748153687e-02 1.189315766096115112e-01 4.745003953576087952e-02 9.117119759321212769e-02
1.149193644523620605e-01 7.445989549160003662e-02 1.365277767181396484e-01 1.421159803867340088e-01 1.305793523788452148e-01 6.604481488466262817e-02 7.762056589126586914e-02 1.195011213421821594e-01 4.743706062436103821e-02 9.079409390687942505e-02
1.147559732198715210e-01 7.383748143911361694e-02 1.359849125146865845e-01 1.421422064304351807e-01 1.307633668184280396e-01 6.637594103813171387e-02 7.716519385576248169e-02 1.214483603835105896e-01 4.748301953077316284e-02 9.004343301057815552e-02
1.147068291902542114e-01 7.313172519207000732e-02 1.363466680049896240e-01 1.423195153474807739e-01 1.303730905055999756e-01 6.681209057569503784e-02 7.667686790227890015e-02 1.227812841534614563e-01 4.721073433756828308e-02 8.964114636182785034e-02
1.140684485435485840e-01 7.221794873476028442e-02 1.354122459888458252e-01 1.426866948604583740e-01 1.307315230369567871e-01 6.757079809904098511e-02 7.613110542297363281e-02 1.246501207351684570e-01 4.719037935137748718e-02 8.934060484170913696e-02
1.138120666146278381e-01 7.135794311761856079e-02 1.347591578960418701e-01 1.434855610132217407e-01 1.300767809152603149e-01 6.827440112829208374e-02 7.543011754751205444e-02 1.267467886209487915e-01 4.711730778217315674e-02 8.893989026546478271e-02
1.136459931731224060e-01 7.052237540483474731e-02 1.345411986112594604e-01 1.433745026588439941e-01 1.301610022783279419e-01 6.875289231538772583e-02 7.479757070541381836e-02 1.282489001750946045e-01 4.735974967479705811e-02 8.859577029943466187e-02
1.132637634873390198e-01 6.987740844488143921e-02 1.343511343002319336e-01 1.434079259634017944e-01 1.297888159751892090e-01 6.944797933101654053e-02 7.419829815626144409e-02 1.299599409103393555e-01 4.723722115159034729e-02 8.846753835678100586e-02
1.132345199584960938e-01 6.917552649974822998e-02 1.340690106153488159e-01 1.435835510492324829e-01 1.294877231121063232e-01 6.964901089668273926e-02 7.393605262041091919e-02 1.314250975847244263e-01 4.716842994093894958e-02 8.827108889818191528e-02
1.127401888370513916e-01 6.865849345922470093e-02 1.333554685115814209e-01 1.437517255544662476e-01 1.292017698287963867e-01 7.035375386476516724e-02 7.334522902965545654e-02 1.333053857088088989e-01 4.730582609772682190e-02 8.798222243785858154e-02
1.127832308411598206e-01 6.841426342725753784e-02 1.332929730415344238e-01 1.439681947231292725e-01 1.290275603532791138e-01 7.059685140848159790e-02 7.296404242515563965e-02 1.337666958570480347e-01 4.721875861287117004e-02 8.796741813421249390e-02
1.125895678997039795e-01 6.762892007827758789e-02 1.334104984998703003e-01 1.444751769304275513e-01 1.291126161813735962e-01 7.110563665628433228e-02 7.271662354469299316e-02 1.342552006244659424e-01 4.708074778318405151e-02 8.762503415346145630e-02
1.126519516110420227e-01 6.725715845823287964e-02 1.331860572099685669e-01 1.444508135318756104e-01 1.289824694395065308e-01 7.143270969390869141e-02 7.245523482561111450e-02 1.349183619022369385e-01 4.709230363368988037e-02 8.757295459508895874e-02
1.120835840702056885e-01 6.650348007678985596e-02 1.332267373800277710e-01 1.446577459573745728e-01 1.290840804576873779e-01 7.203243672847747803e-02 7.175793498754501343e-02 1.365932524204254150e-01 4.693107679486274719e-02 8.712977170944213867e-02
1.123936474323272705e-01 6.638418883085250854e-02 1.331167221069335938e-01 1.443786323070526123e-01 1.288615912199020386e-01 7.217925786972045898e-02 7.134150713682174683e-02 1.369328945875167847e-01 4.721472784876823425e-02 8.719689399003982544e-02
1.121240854263305664e-01 6.582897901535034180e-02 1.325339674949645996e-01 1.448612064123153687e-01 1.289216727018356323e-01 7.278467714786529541e-02 7.069584727287292480e-02 1.383928507566452026e-01 4.704361036419868469e-02 8.681306242942810059e-02
1.119295135140419006e-01 6.547777354717254639e-02 1.323428452014923096e-01 1.446296870708465576e-01 1.288648098707199097e-01 7.303906977176666260e-02 7.046207785606384277e-02 1.392385065555572510e-01 4.725391045212745667e-02 8.676178753376007080e-02
1.119122952222824097e-01 6.485382467508316040e-02 1.322041898965835571e-01 1.448003053665161133e-01 1.283853054046630859e-01 7.335639744997024536e-02 7.025499641895294189e-02 1.404795050621032715e-01 4.712726175785064697e-02 8.662598580121994019e-02
1.116100251674652100e-01 6.472458690404891968e-02 1.319827288389205933e-01 1.447940766811370850e-01 1.281886994838714600e-01 7.349348068237304688e-02 7.020244002342224121e-02 1.411835551261901855e-01 4.715698584914207458e-02 8.666343241930007935e-02
1.112661212682723999e-01 6.448328495025634766e-02 1.316048800945281982e-01 1.451936066150665283e-01 1.284483522176742554e-01 7.390746474266052246e-02 6.994462758302688599e-02 1.418097615242004395e-01 4.689534008502960205e-02 8.644655346870422363e-02
1.110730320215225220e-01 6.400806456804275513e-02 1.318111568689346313e-01 1.451493501663208008e-01 1.285842210054397583e-01 7.423891872167587280e-02 6.950845569372177124e-02 1.425767838954925537e-01 4.682574793696403503e-02 8.622429519891738892e-02
1.111995205283164978e-01 6.376162171363830566e-02 1.316373795270919800e-01 1.449960619211196899e-01 1.286410391330718994e-01 7.431163638830184937e-02 6.931815296411514282e-02 1.429983973503112793e-01 4.699911922216415405e-02 8.613706380128860474e-02
1.112562939524650574e-01 6.370940059423446655e-02 1.313089579343795776e-01 1.449544280767440796e-01 1.286125779151916504e-01 7.434189319610595703e-02 6.922101974487304688e-02 1.434891372919082642e-01 4.710418730974197388e-02 8.600213378667831421e-02
1.111088767647743225e-01 6.323682516813278198e-02 1.314026117324829102e-01 1.448543965816497803e-01 1.288631558418273926e-01 7.440634816884994507e-02 6.896192580461502075e-02 1.443355232477188110e-01 4.694652184844017029e-02 8.588377386331558228e-02
1.109794005751609802e-01 6.297639757394790649e-02 1.311173141002655029e-01 1.450913697481155396e-01 1.287347972393035889e-01 7.464390993118286133e-02 6.883788853883743286e-02 1.447368115186691284e-01 4.710284247994422913e-02 8.577921241521835327e-02
1.114207431674003601e-01 6.285236775875091553e-02 1.310157924890518188e-01 1.452312767505645752e-01 1.285433024168014526e-01 7.473784685134887695e-02 6.871142983436584473e-02 1.446299701929092407e-01 4.705246537923812866e-02 8.580482751131057739e-02
1.113003045320510864e-01 6.268954277038574219e-02 1.305252015590667725e-01 1.453732550144195557e-01 1.286992728710174561e-01 7.489862293004989624e-02 6.864543259143829346e-02 1.452109664678573608e-01 4.696359112858772278e-02 8.569389581680297852e-02
1.114350333809852600e-01 6.252077966928482056e-02 1.304191797971725464e-01 1.450818628072738647e-01 1.291354596614837646e-01 7.498826086521148682e-02 6.847363710403442383e-02 1.453701108694076538e-01 4.685537144541740417e-02 8.572026342153549194e-02
1.107068955898284912e-01 6.236774846911430359e-02 1.299087703227996826e-01 1.453018188476562500e-01 1.292094141244888306e-01 7.541827112436294556e-02 6.841014325618743896e-02 1.462319344282150269e-01 4.681822285056114197e-02 8.562674373388290405e-02
1.106173619627952576e-01 6.185942143201828003e-02 1.293200105428695679e-01 1.453039348125457764e-01 1.296102851629257202e-01 7.548005878925323486e-02 6.804415583610534668e-02 1.474302560091018677e-01 4.685265943408012390e-02 8.548184484243392944e-02
1.109956726431846619e-01 6.170873343944549561e-02 1.298040747642517090e-01 1.453099846839904785e-01 1.298427879810333252e-01 7.522317022085189819e-02 6.798827648162841797e-02 1.468416750431060791e-01 4.692520573735237122e-02 8.536040782928466797e-02
1.109290495514869690e-01 6.154162809252738953e-02 1.294492781162261963e-01 1.450587660074234009e-01 1.303970515727996826e-01 7.549033313989639282e-02 6.765217334032058716e-02 1.473599970340728760e-01 4.679908603429794312e-02 8.532264083623886108e-02
1.110010892152786255e-01 6.152984872460365295e-02 1.291562616825103760e-01 1.453457474708557129e-01 1.305701583623886108e-01 7.549665123224258423e-02 6.747969985008239746e-02 1.471952050924301147e-01 4.697103798389434814e-02 8.525424450635910034e-02
1.111131981015205383e-01 6.136198714375495911e-02 1.291803568601608276e-01 1.451067030429840088e-01 1.306923180818557739e-01 7.547818124294281006e-02 6.726782023906707764e-02 1.476153731346130371e-01 4.696617648005485535e-02 8.521791547536849976e-02
1.111313253641128540e-01 6.144554167985916138e-02 1.290677934885025024e-01 1.450431644916534424e-01 1.309850215911865234e-01 7.539168745279312134e-02 6.716716289520263672e-02 1.475177109241485596e-01 4.702701419591903687e-02 8.522355556488037109e-02
1.105299219489097595e-01 6.123263016343116760e-02 1.287181228399276733e-01 1.454997658729553223e-01 1.310970932245254517e-01 7.570847123861312866e-02 6.715074926614761353e-02 1.482935249805450439e-01 4.689438268542289734e-02 8.487541228532791138e-02
1.104853078722953796e-01 6.100779399275779724e-02 1.287195533514022827e-01 1.454693675041198730e-01 1.315460801124572754e-01 7.567047327756881714e-02 6.703722476959228516e-02 1.483669430017471313e-01 4.677719995379447937e-02 8.492004126310348511e-02
1.105946749448776245e-01 6.076913699507713318e-02 1.281594634056091309e-01 1.451788097620010376e-01 1.321129053831100464e-01 7.580633461475372314e-02 6.689636409282684326e-02 1.486955136060714722e-01 4.678041487932205200e-02 8.500634878873825073e-02
1.107155084609985352e-01 6.063549220561981201e-02 1.276606470346450806e-01 1.451807320117950439e-01 1.325663477182388306e-01 7.587554305791854858e-02 6.671546399593353271e-02 1.489414721727371216e-01 4.676913470029830933e-02 8.493957668542861938e-02
1.107456758618354797e-01 6.064747646450996399e-02 1.275711357593536377e-01 1.452069282531738281e-01 1.327820271253585815e-01 7.584758847951889038e-02 6.662195175886154175e-02 1.485264748334884644e-01 4.689520597457885742e-02 8.515550196170806885e-02
1.105322390794754028e-01 6.050282344222068787e-02 1.272822469472885132e-01 1.452001631259918213e-01 1.330426633358001709e-01 7.594067603349685669e-02 6.670002639293670654e-02 1.485542505979537964e-01 4.711147770285606384e-02 8.513332903385162354e-02
1.105484664440155029e-01 6.041692942380905151e-02 1.271501183509826660e-01 1.452039629220962524e-01 1.332249045372009277e-01 7.597009092569351196e-02 6.657893210649490356e-02 1.487452983856201172e-01 4.695957526564598083e-02 8.520170301198959351e-02
1.106089055538177490e-01 6.048817932605743408e-02 1.269364804029464722e-01 1.447753608226776123e-01 1.335476934909820557e-01 7.581950724124908447e-02 6.640153378248214722e-02 1.491138488054275513e-01 4.703916981816291809e-02 8.526922017335891724e-02
1.105006560683250427e-01 6.059859693050384521e-02 1.267317682504653931e-01 1.445702612400054932e-01 1.339362561702728271e-01 7.585932314395904541e-02 6.650735437870025635e-02 1.489037424325942993e-01 4.710803180932998657e-02 8.528400957584381104e-02
1.103303655982017517e-01 6.045676767826080322e-02 1.266169697046279907e-01 1.446941941976547241e-01 1.338109076023101807e-01 7.590354233980178833e-02 6.673680245876312256e-02 1.487958431243896484e-01 4.731201380491256714e-02 8.534266054630279541e-02
1.103721335530281067e-01 6.054956093430519104e-02 1.264782994985580444e-01 1.441827267408370972e-01 1.340378820896148682e-01 7.585489004850387573e-02 6.662655621767044067e-02 1.486945897340774536e-01 4.747493192553520203e-02 8.572835475206375122e-02
1.100910678505897522e-01 6.038085371255874634e-02 1.261674910783767700e-01 1.440790742635726929e-01 1.344513148069381714e-01 7.611455768346786499e-02 6.646630167961120605e-02 1.492939889430999756e-01 4.736552387475967407e-02 8.558979630470275879e-02
1.104186102747917175e-01 6.051381677389144897e-02 1.260707080364227295e-01 1.439348161220550537e-01 1.346894651651382446e-01 7.588772475719451904e-02 6.632567942142486572e-02 1.490312516689300537e-01 4.742518812417984009e-02 8.570268005132675171e-02
