          0  0.07672745 11.15049171
         10  0.03006841 15.21889496
         20  0.01776806 17.50359917
         30  0.01358322 18.66997337
         40  0.01162766 19.34507751
         50  0.01017142 19.92618370
         60  0.00908383 20.41730881
         70  0.00851465 20.69833374
         80  0.00742436 21.29340744
         90  0.00940912 20.26451111
        100  0.00740714 21.30349541
        110  0.00651951 21.85785294
        120  0.00580134 22.36471939
        130  0.00536711 22.70259857
        140  0.00530817 22.75055313
        150  0.00462983 23.34434700
        160  0.00454162 23.42789459
        170  0.00425416 23.71186256
        180  0.00401094 23.96754074
        190  0.00461073 23.36230850
        200  0.00362314 24.40914917
        210  0.00343429 24.64163399
        220  0.00340668 24.67668152
        230  0.00289814 25.37879944
        240  0.00366860 24.35499191
        250  0.00284927 25.45266724
        260  0.00291265 25.35711098
        270  0.00281136 25.51084137
        280  0.00257774 25.88760376
        290  0.00252603 25.97561264
        300  0.00239576 26.20556068
        310  0.00248670 26.04376030
        320  0.00250789 26.00692177
        330  0.00223745 26.50245667
        340  0.00207071 26.83881187
        350  0.00204778 26.88717270
        360  0.00231227 26.35961151
        370  0.00198955 27.01244926
        380  0.00208407 26.81088257
        390  0.00174557 27.58063889
        400  0.00180596 27.43292236
        410  0.00173207 27.61434555
        420  0.00216426 26.64689636
        430  0.00181657 27.40746689
        440  0.00169955 27.69664955
        450  0.00171844 27.64866257
        460  0.00158911 27.98845100
        470  0.00178875 27.47451019
        480  0.00166387 27.78879547
        490  0.00141403 28.49541473
        500  0.00262020 25.81665611
        510  0.00177183 27.51578331
        520  0.00143274 28.43832970
        530  0.00129353 28.88222885
        540  0.00165228 27.81916809
        550  0.00144257 28.40863037
        560  0.00130181 28.85452271
        570  0.00125482 29.01420403
        580  0.00118282 29.27082253
        590  0.00163313 27.86980438
        600  0.00123127 29.09646606
        610  0.00115204 29.38533783
        620  0.00113960 29.43246841
        630  0.00168134 27.74345016
        640  0.00124660 29.04274559
        650  0.00115362 29.37937546
        660  0.00103675 29.84327126
        670  0.00114182 29.42400551
        680  0.00169453 27.70949936
        690  0.00146974 28.32759285
        700  0.00106986 29.70671082
        710  0.00100311 29.98651886
        720  0.00090650 30.42633247
        730  0.00101159 29.94995689
        740  0.00136600 28.64549255
        750  0.00099550 30.01958275
        760  0.00095567 30.19691277
        770  0.00131884 28.79808617
        780  0.00115598 29.37050247
        790  0.00093782 30.27881622
        800  0.00097097 30.12792778
        810  0.00093025 30.31399918
        820  0.00154721 28.10449409
        830  0.00103014 29.87103081
        840  0.00081537 30.88643265
        850  0.00084603 30.72614288
        860  0.00093215 30.30514145
        870  0.00109885 29.59062767
        880  0.00088436 30.53372765
        890  0.00081900 30.86715698
        900  0.00102773 29.88122177
        910  0.00080605 30.93635941
        920  0.00086544 30.62761497
        930  0.00081620 30.88201523
        940  0.00095110 30.21775055
        950  0.00077315 31.11738777
        960  0.00076641 31.15540886
        970  0.00085306 30.69020844
        980  0.00070292 31.53095436
        990  0.00066323 31.78338623
       1000  0.00078670 31.04193115
