1.145361512899398804e-01 5.776758119463920593e-02 1.683994382619857788e-01 1.484617292881011963e-01 1.300260126590728760e-01 5.185275897383689880e-02 7.361973077058792114e-02 1.313194185495376587e-01 4.034675657749176025e-02 8.367041498422622681e-02
1.157040670514106750e-01 5.772189423441886902e-02 1.620790958404541016e-01 1.544886380434036255e-01 1.205047070980072021e-01 5.469912663102149963e-02 6.565291434526443481e-02 1.513124108314514160e-01 4.082588106393814087e-02 7.701125741004943848e-02
1.096657961606979370e-01 5.351584404706954956e-02 1.527448296546936035e-01 1.686929315328598022e-01 1.201846376061439514e-01 6.451804190874099731e-02 6.587583571672439575e-02 1.471314430236816406e-01 4.372163116931915283e-02 7.394896447658538818e-02
1.049156114459037781e-01 5.166593939065933228e-02 1.485477089881896973e-01 1.694033443927764893e-01 1.298545747995376587e-01 7.015695422887802124e-02 7.519064843654632568e-02 1.256328523159027100e-01 4.208388179540634155e-02 8.254842460155487061e-02
1.066728830337524414e-01 5.333116278052330017e-02 1.454408019781112671e-01 1.703234463930130005e-01 1.368901133537292480e-01 7.193090021610260010e-02 7.286611944437026978e-02 1.115975901484489441e-01 4.417152330279350281e-02 8.677546679973602295e-02
1.083059906959533691e-01 5.135829746723175049e-02 1.418075412511825562e-01 1.709281653165817261e-01 1.409219354391098022e-01 7.102143764495849609e-02 7.173869013786315918e-02 1.106536611914634705e-01 4.670508950948715210e-02 8.655924350023269653e-02
1.083937883377075195e-01 4.991072043776512146e-02 1.368248313665390015e-01 1.720075309276580811e-01 1.414621621370315552e-01 7.174735516309738159e-02 6.786841154098510742e-02 1.152320653200149536e-01 4.879401996731758118e-02 8.775907754898071289e-02
1.090935394167900085e-01 4.973584786057472229e-02 1.351634413003921509e-01 1.737739294767379761e-01 1.426107436418533325e-01 7.345876097679138184e-02 6.209527328610420227e-02 1.177811101078987122e-01 4.920286312699317932e-02 8.708440512418746948e-02
1.138847470283508301e-01 5.223954468965530396e-02 1.404855549335479736e-01 1.752486079931259155e-01 1.383377313613891602e-01 7.317340373992919922e-02 5.750128626823425293e-02 1.115330234169960022e-01 5.074780061841011047e-02 8.684837073087692261e-02
1.215457394719123840e-01 5.330351367592811584e-02 1.502045840024948120e-01 1.742422580718994141e-01 1.257146596908569336e-01 7.114084810018539429e-02 5.894379317760467529e-02 1.025786399841308594e-01 5.297787487506866455e-02 8.934810012578964233e-02
1.203987374901771545e-01 5.739474669098854065e-02 1.562710255384445190e-01 1.674875319004058838e-01 1.237877160310745239e-01 6.877715140581130981e-02 6.117564812302589417e-02 9.953829646110534668e-02 5.236005783081054688e-02 9.280922263860702515e-02
1.181051135063171387e-01 5.800516158342361450e-02 1.601022332906723022e-01 1.633766144514083862e-01 1.265379786491394043e-01 6.898188591003417969e-02 6.210744380950927734e-02 1.019036844372749329e-01 5.097004398703575134e-02 8.990991860628128052e-02
1.210942789912223816e-01 5.618252232670783997e-02 1.613027304410934448e-01 1.597950756549835205e-01 1.296093910932540894e-01 6.908936798572540283e-02 6.028503552079200745e-02 1.029142662882804871e-01 5.096472427248954773e-02 8.876250684261322021e-02
1.219794899225234985e-01 5.563510209321975708e-02 1.633286476135253906e-01 1.621628403663635254e-01 1.279425024986267090e-01 7.012718170881271362e-02 6.145170703530311584e-02 1.016417965292930603e-01 5.006648227572441101e-02 8.566419035196304321e-02
1.209515556693077087e-01 5.541465431451797485e-02 1.593836843967437744e-01 1.675726622343063354e-01 1.287638992071151733e-01 7.204287499189376831e-02 6.248332187533378601e-02 1.008818820118904114e-01 5.010444670915603638e-02 8.240100741386413574e-02
1.173198446631431580e-01 5.714682117104530334e-02 1.537123918533325195e-01 1.711850464344024658e-01 1.317068338394165039e-01 7.409859448671340942e-02 6.449260562658309937e-02 1.011914238333702087e-01 4.938990250229835510e-02 7.975657284259796143e-02
1.133461594581604004e-01 5.770089104771614075e-02 1.507568061351776123e-01 1.738788932561874390e-01 1.315773576498031616e-01 7.479906082153320312e-02 6.621316820383071899e-02 1.033352762460708618e-01 4.933781549334526062e-02 7.905442267656326294e-02
1.125637516379356384e-01 5.720322951674461365e-02 1.481079012155532837e-01 1.731368452310562134e-01 1.308208405971527100e-01 7.595597952604293823e-02 6.564424932003021240e-02 1.073603332042694092e-01 4.950409010052680969e-02 7.970272004604339600e-02
1.124790236353874207e-01 5.760805681347846985e-02 1.453495621681213379e-01 1.710046678781509399e-01 1.297880858182907104e-01 7.633089274168014526e-02 6.381332874298095703e-02 1.142086610198020935e-01 4.991546273231506348e-02 7.950230687856674194e-02
1.121738329529762268e-01 5.719827488064765930e-02 1.430759131908416748e-01 1.696478426456451416e-01 1.294823586940765381e-01 7.702911645174026489e-02 6.293928623199462891e-02 1.184584647417068481e-01 5.036937445402145386e-02 7.962561398744583130e-02
1.113343164324760437e-01 5.598881468176841736e-02 1.393794417381286621e-01 1.694674640893936157e-01 1.274190694093704224e-01 7.804455608129501343e-02 6.311462074518203735e-02 1.241675466299057007e-01 5.116791278123855591e-02 7.991623133420944214e-02
1.113397777080535889e-01 5.586252734065055847e-02 1.375122070312500000e-01 1.687961518764495850e-01 1.248993128538131714e-01 7.984898239374160767e-02 6.329141557216644287e-02 1.264838874340057373e-01 5.157244578003883362e-02 8.039338886737823486e-02
1.117546185851097107e-01 5.513998866081237793e-02 1.342492401599884033e-01 1.684946268796920776e-01 1.225300729274749756e-01 8.138703554868698120e-02 6.330728530883789062e-02 1.311836242675781250e-01 5.202543362975120544e-02 7.992811501026153564e-02
1.130186617374420166e-01 5.518592521548271179e-02 1.330515295267105103e-01 1.685708910226821899e-01 1.201824769377708435e-01 8.157370984554290771e-02 6.307074427604675293e-02 1.336404681205749512e-01 5.211951956152915955e-02 7.958599925041198730e-02
1.149078160524368286e-01 5.614314228296279907e-02 1.321981251239776611e-01 1.672191172838211060e-01 1.177369728684425354e-01 8.147316426038742065e-02 6.283028423786163330e-02 1.349627524614334106e-01 5.263095721602439880e-02 7.989761233329772949e-02
1.164356917142868042e-01 5.645705014467239380e-02 1.316584348678588867e-01 1.666099280118942261e-01 1.152563616633415222e-01 8.141984045505523682e-02 6.384979933500289917e-02 1.355098634958267212e-01 5.275923386216163635e-02 8.004371076822280884e-02
1.180062070488929749e-01 5.724547430872917175e-02 1.312361657619476318e-01 1.658876836299896240e-01 1.134696602821350098e-01 8.103302866220474243e-02 6.410004943609237671e-02 1.344788819551467896e-01 5.332002043724060059e-02 8.122275024652481079e-02
1.195117980241775513e-01 5.788879469037055969e-02 1.324529945850372314e-01 1.646611988544464111e-01 1.130011603236198425e-01 7.986447960138320923e-02 6.450468301773071289e-02 1.326276063919067383e-01 5.382399633526802063e-02 8.166330307722091675e-02
1.203386113047599792e-01 5.781450122594833374e-02 1.333581060171127319e-01 1.633850485086441040e-01 1.123100742697715759e-01 7.956386357545852661e-02 6.475142389535903931e-02 1.329164505004882812e-01 5.354626104235649109e-02 8.201571553945541382e-02
1.213365718722343445e-01 5.843219533562660217e-02 1.341052651405334473e-01 1.621396988630294800e-01 1.120962649583816528e-01 7.876189053058624268e-02 6.483702361583709717e-02 1.309189796447753906e-01 5.410544574260711670e-02 8.326668292284011841e-02
1.206559762358665466e-01 5.914881080389022827e-02 1.338525414466857910e-01 1.626175791025161743e-01 1.118155047297477722e-01 7.892715930938720703e-02 6.522549688816070557e-02 1.297927051782608032e-01 5.445072054862976074e-02 8.351354300975799561e-02
1.220270842313766479e-01 5.906914547085762024e-02 1.350235939025878906e-01 1.625741273164749146e-01 1.102459356188774109e-01 7.851184904575347900e-02 6.564033776521682739e-02 1.282403320074081421e-01 5.451042950153350830e-02 8.415711671113967896e-02
1.217241808772087097e-01 5.970012396574020386e-02 1.339071989059448242e-01 1.621751040220260620e-01 1.102911680936813354e-01 7.871318608522415161e-02 6.653453409671783447e-02 1.271635890007019043e-01 5.510856956243515015e-02 8.468227833509445190e-02
1.229424253106117249e-01 5.973790213465690613e-02 1.334581673145294189e-01 1.613395810127258301e-01 1.095321252942085266e-01 7.859705388545989990e-02 6.732797622680664062e-02 1.263502538204193115e-01 5.514141172170639038e-02 8.557312190532684326e-02
1.230740845203399658e-01 5.981269851326942444e-02 1.334556788206100464e-01 1.622900813817977905e-01 1.091838926076889038e-01 7.844085246324539185e-02 6.728062033653259277e-02 1.254035681486129761e-01 5.546961352229118347e-02 8.558884263038635254e-02
1.233241185545921326e-01 5.963286757469177246e-02 1.332225501537322998e-01 1.622084677219390869e-01 1.093833222985267639e-01 7.796947658061981201e-02 6.785417348146438599e-02 1.241514384746551514e-01 5.562422052025794983e-02 8.662935346364974976e-02
1.231395527720451355e-01 6.000156328082084656e-02 1.326770335435867310e-01 1.628413498401641846e-01 1.094528958201408386e-01 7.830244302749633789e-02 6.831177324056625366e-02 1.228055655956268311e-01 5.593448877334594727e-02 8.653338253498077393e-02
1.224252730607986450e-01 5.921159684658050537e-02 1.319691538810729980e-01 1.637508124113082886e-01 1.091847568750381470e-01 7.838386297225952148e-02 6.855566054582595825e-02 1.234322339296340942e-01 5.626785382628440857e-02 8.681874722242355347e-02
1.222256645560264587e-01 5.908384546637535095e-02 1.308720558881759644e-01 1.651913970708847046e-01 1.081259027123451233e-01 7.892379909753799438e-02 6.876912713050842285e-02 1.233520880341529846e-01 5.615596473217010498e-02 8.730015903711318970e-02
1.210594251751899719e-01 5.936305224895477295e-02 1.303294450044631958e-01 1.656634956598281860e-01 1.092535331845283508e-01 7.932337373495101929e-02 6.944237649440765381e-02 1.225690096616744995e-01 5.555685237050056458e-02 8.743947744369506836e-02
1.208062171936035156e-01 5.939384549856185913e-02 1.301502287387847900e-01 1.651915311813354492e-01 1.089391186833381653e-01 7.938219606876373291e-02 6.933335959911346436e-02 1.233630403876304626e-01 5.613699555397033691e-02 8.730345964431762695e-02
1.206237152218818665e-01 5.940363556146621704e-02 1.302810758352279663e-01 1.648276597261428833e-01 1.088699847459793091e-01 7.968436181545257568e-02 6.917956471443176270e-02 1.235191822052001953e-01 5.586737021803855896e-02 8.774351328611373901e-02
1.178300231695175171e-01 5.879866331815719604e-02 1.283349841833114624e-01 1.665718704462051392e-01 1.094664633274078369e-01 8.106328547000885010e-02 7.016149908304214478e-02 1.243168264627456665e-01 5.520367994904518127e-02 8.825272321701049805e-02
1.181529834866523743e-01 5.951278284192085266e-02 1.283117830753326416e-01 1.657444089651107788e-01 1.086985394358634949e-01 8.096543699502944946e-02 7.037934660911560059e-02 1.255664080381393433e-01 5.491411313414573669e-02 8.775410056114196777e-02
1.169818416237831116e-01 6.002029031515121460e-02 1.265338957309722900e-01 1.663886904716491699e-01 1.095663011074066162e-01 8.152636140584945679e-02 7.070702314376831055e-02 1.258140504360198975e-01 5.492498725652694702e-02 8.753648400306701660e-02
1.165684312582015991e-01 5.969623848795890808e-02 1.265133917331695557e-01 1.671745777130126953e-01 1.087854430079460144e-01 8.205720037221908569e-02 7.114756852388381958e-02 1.266293674707412720e-01 5.429220572113990784e-02 8.713555335998535156e-02
1.158115938305854797e-01 6.009724736213684082e-02 1.266963928937911987e-01 1.672417521476745605e-01 1.086005195975303650e-01 8.166150003671646118e-02 7.181353867053985596e-02 1.265412569046020508e-01 5.401884019374847412e-02 8.751744031906127930e-02
1.156828403472900391e-01 6.007654219865798950e-02 1.268752664327621460e-01 1.669566184282302856e-01 1.085488572716712952e-01 8.146422356367111206e-02 7.231736928224563599e-02 1.276251673698425293e-01 5.363280326128005981e-02 8.682030439376831055e-02
1.147736161947250366e-01 6.026880815625190735e-02 1.273334622383117676e-01 1.677837371826171875e-01 1.082357689738273621e-01 8.152262121438980103e-02 7.269339263439178467e-02 1.276105344295501709e-01 5.316896364092826843e-02 8.660898357629776001e-02
1.143789216876029968e-01 6.011513620615005493e-02 1.280661821365356445e-01 1.681086868047714233e-01 1.085222065448760986e-01 8.125953376293182373e-02 7.248206436634063721e-02 1.276285797357559204e-01 5.297210067510604858e-02 8.646658062934875488e-02
1.136249303817749023e-01 5.961889773607254028e-02 1.283886730670928955e-01 1.685153692960739136e-01 1.083127185702323914e-01 8.153709769248962402e-02 7.257445901632308960e-02 1.289565861225128174e-01 5.250957608222961426e-02 8.596161752939224243e-02
1.132853254675865173e-01 6.027618423104286194e-02 1.286666840314865112e-01 1.687124371528625488e-01 1.081739738583564758e-01 8.103653043508529663e-02 7.289552688598632812e-02 1.285953223705291748e-01 5.233619734644889832e-02 8.602175861597061157e-02
1.133748590946197510e-01 5.976192653179168701e-02 1.296967118978500366e-01 1.688193976879119873e-01 1.088108867406845093e-01 8.090335875749588013e-02 7.313538342714309692e-02 1.285511851310729980e-01 5.182349309325218201e-02 8.512280881404876709e-02
1.121783256530761719e-01 6.037988141179084778e-02 1.288067549467086792e-01 1.701438724994659424e-01 1.090530008077621460e-01 8.076472580432891846e-02 7.378904521465301514e-02 1.284799575805664062e-01 5.131907016038894653e-02 8.508537709712982178e-02
1.121040880680084229e-01 6.008562445640563965e-02 1.291964799165725708e-01 1.706029325723648071e-01 1.086661890149116516e-01 8.059397339820861816e-02 7.382820546627044678e-02 1.287435740232467651e-01 5.074979737401008606e-02 8.542918413877487183e-02
1.111786365509033203e-01 5.993967875838279724e-02 1.294112652540206909e-01 1.712238043546676636e-01 1.089686602354049683e-01 8.085724711418151855e-02 7.374095916748046875e-02 1.287555992603302002e-01 5.046729370951652527e-02 8.545684814453125000e-02
1.110516339540481567e-01 6.037770211696624756e-02 1.287322491407394409e-01 1.713450700044631958e-01 1.095192804932594299e-01 8.068863302469253540e-02 7.384752482175827026e-02 1.287271380424499512e-01 5.034416913986206055e-02 8.536659926176071167e-02
1.110138148069381714e-01 6.059148162603378296e-02 1.286221444606781006e-01 1.715977489948272705e-01 1.094612702727317810e-01 8.041777461767196655e-02 7.410445809364318848e-02 1.285689324140548706e-01 5.007926374673843384e-02 8.554304391145706177e-02
1.110758930444717407e-01 6.034396588802337646e-02 1.290598511695861816e-01 1.727952957153320312e-01 1.092969700694084167e-01 8.048254996538162231e-02 7.405610382556915283e-02 1.273120641708374023e-01 4.983749985694885254e-02 8.573980629444122314e-02
1.106945201754570007e-01 6.066482514142990112e-02 1.290713846683502197e-01 1.733792722225189209e-01 1.094256490468978882e-01 8.057321608066558838e-02 7.389276474714279175e-02 1.264468282461166382e-01 4.974367842078208923e-02 8.610786497592926025e-02
1.107384935021400452e-01 6.052925810217857361e-02 1.290803253650665283e-01 1.743191033601760864e-01 1.095731630921363831e-01 8.047069609165191650e-02 7.387031614780426025e-02 1.265390366315841675e-01 4.943886771798133850e-02 8.544079214334487915e-02
1.104021295905113220e-01 6.056944280862808228e-02 1.286722123622894287e-01 1.751011610031127930e-01 1.094715520739555359e-01 8.051331341266632080e-02 7.415962219238281250e-02 1.266100108623504639e-01 4.914164915680885315e-02 8.535891771316528320e-02
1.101467683911323547e-01 6.048747152090072632e-02 1.289298534393310547e-01 1.758137792348861694e-01 1.095324829220771790e-01 8.065079897642135620e-02 7.428903877735137939e-02 1.257013529539108276e-01 4.883540794253349304e-02 8.561297506093978882e-02
1.103652343153953552e-01 6.044458597898483276e-02 1.291300803422927856e-01 1.764176636934280396e-01 1.094151139259338379e-01 8.043936640024185181e-02 7.447677105665206909e-02 1.257391124963760376e-01 4.859299212694168091e-02 8.497910946607589722e-02
1.102771759033203125e-01 6.072495877742767334e-02 1.291215866804122925e-01 1.766346693038940430e-01 1.096712797880172729e-01 8.002976328134536743e-02 7.458030432462692261e-02 1.253542304039001465e-01 4.841634258627891541e-02 8.518966287374496460e-02
1.105203852057456970e-01 6.027831882238388062e-02 1.291509121656417847e-01 1.773932427167892456e-01 1.099258810281753540e-01 8.010116219520568848e-02 7.460948079824447632e-02 1.247397959232330322e-01 4.837457835674285889e-02 8.490628749132156372e-02
1.103685796260833740e-01 6.036402285099029541e-02 1.289275884628295898e-01 1.776963770389556885e-01 1.095696687698364258e-01 8.020851016044616699e-02 7.436627894639968872e-02 1.250684708356857300e-01 4.831011220812797546e-02 8.512027561664581299e-02
1.106317266821861267e-01 6.084587052464485168e-02 1.294195353984832764e-01 1.768010109663009644e-01 1.096985191106796265e-01 7.970279455184936523e-02 7.416759431362152100e-02 1.249395534396171570e-01 4.846539348363876343e-02 8.532807230949401855e-02
1.107336655259132385e-01 6.110769510269165039e-02 1.289909332990646362e-01 1.772870570421218872e-01 1.101575419306755066e-01 7.925396412611007690e-02 7.391101866960525513e-02 1.252913475036621094e-01 4.824555665254592896e-02 8.502117544412612915e-02
1.106810048222541809e-01 6.084717437624931335e-02 1.293006986379623413e-01 1.782697290182113647e-01 1.089996397495269775e-01 7.925671339035034180e-02 7.393831014633178711e-02 1.260041892528533936e-01 4.791664704680442810e-02 8.478587865829467773e-02
1.106901317834854126e-01 6.083653867244720459e-02 1.294327080249786377e-01 1.788260042667388916e-01 1.086983755230903625e-01 7.927690446376800537e-02 7.370445132255554199e-02 1.260014474391937256e-01 4.770020022988319397e-02 8.483311533927917480e-02
1.106749549508094788e-01 6.098622456192970276e-02 1.294574141502380371e-01 1.787002682685852051e-01 1.089570969343185425e-01 7.886315882205963135e-02 7.344669848680496216e-02 1.263069361448287964e-01 4.762434586882591248e-02 8.498291671276092529e-02
1.103016883134841919e-01 6.073785945773124695e-02 1.289658397436141968e-01 1.794123947620391846e-01 1.093297079205513000e-01 7.903485000133514404e-02 7.337693125009536743e-02 1.258635520935058594e-01 4.756334796547889709e-02 8.541386574506759644e-02
1.106576323509216309e-01 6.080238893628120422e-02 1.295993775129318237e-01 1.791969537734985352e-01 1.092314347624778748e-01 7.859740406274795532e-02 7.328426092863082886e-02 1.259983330965042114e-01 4.729813337326049805e-02 8.533398061990737915e-02
1.104186922311782837e-01 6.078970059752464294e-02 1.290272325277328491e-01 1.792042702436447144e-01 1.091277971863746643e-01 7.857260107994079590e-02 7.320336997509002686e-02 1.272636055946350098e-01 4.700533673167228699e-02 8.538742363452911377e-02
1.104020997881889343e-01 6.092299893498420715e-02 1.287827342748641968e-01 1.799108982086181641e-01 1.089265421032905579e-01 7.844438403844833374e-02 7.305902242660522461e-02 1.275346875190734863e-01 4.689363762736320496e-02 8.512295782566070557e-02
1.102050319314002991e-01 6.098384782671928406e-02 1.289481520652770996e-01 1.799914240837097168e-01 1.091685071587562561e-01 7.811663299798965454e-02 7.308699935674667358e-02 1.276068091392517090e-01 4.677448421716690063e-02 8.511818200349807739e-02
1.099075973033905029e-01 6.104034557938575745e-02 1.288327127695083618e-01 1.802884638309478760e-01 1.090330109000205994e-01 7.811737805604934692e-02 7.273513078689575195e-02 1.279862672090530396e-01 4.674610123038291931e-02 8.531299978494644165e-02
1.100669056177139282e-01 6.124297156929969788e-02 1.291149556636810303e-01 1.801075041294097900e-01 1.091275736689567566e-01 7.789845019578933716e-02 7.243920117616653442e-02 1.283956915140151978e-01 4.640585556626319885e-02 8.520093560218811035e-02
1.104053035378456116e-01 6.119186058640480042e-02 1.286263465881347656e-01 1.802383810281753540e-01 1.090321987867355347e-01 7.776279747486114502e-02 7.255048304796218872e-02 1.286299824714660645e-01 4.645463824272155762e-02 8.510798960924148560e-02
1.100458130240440369e-01 6.121406704187393188e-02 1.286526024341583252e-01 1.810520142316818237e-01 1.090764850378036499e-01 7.749149948358535767e-02 7.238233089447021484e-02 1.287453025579452515e-01 4.631550237536430359e-02 8.502437174320220947e-02
1.097689047455787659e-01 6.132735311985015869e-02 1.281218826770782471e-01 1.808219850063323975e-01 1.092252507805824280e-01 7.736414670944213867e-02 7.245527952909469604e-02 1.296754926443099976e-01 4.614439979195594788e-02 8.509535342454910278e-02
1.097533777356147766e-01 6.157514825463294983e-02 1.279930472373962402e-01 1.807452440261840820e-01 1.091748848557472229e-01 7.706192135810852051e-02 7.239896804094314575e-02 1.299711018800735474e-01 4.601588472723960876e-02 8.531044423580169678e-02
1.097563356161117554e-01 6.146940588951110840e-02 1.281971037387847900e-01 1.812021881341934204e-01 1.090529039502143860e-01 7.684711366891860962e-02 7.234876602888107300e-02 1.304779052734375000e-01 4.581749811768531799e-02 8.483076095581054688e-02
1.098137050867080688e-01 6.191915273666381836e-02 1.284436881542205811e-01 1.812610775232315063e-01 1.088510006666183472e-01 7.647138833999633789e-02 7.254862785339355469e-02 1.296618580818176270e-01 4.588887467980384827e-02 8.514063805341720581e-02
1.097328662872314453e-01 6.189365312457084656e-02 1.285441815853118896e-01 1.821027100086212158e-01 1.085688173770904541e-01 7.658421993255615234e-02 7.238952815532684326e-02 1.298852860927581787e-01 4.561178758740425110e-02 8.468691259622573853e-02
1.095884665846824646e-01 6.192914769053459167e-02 1.283399611711502075e-01 1.822412759065628052e-01 1.086131855845451355e-01 7.671859115362167358e-02 7.234735786914825439e-02 1.299531161785125732e-01 4.556649923324584961e-02 8.470240980386734009e-02
1.095253601670265198e-01 6.175309792160987854e-02 1.288501024246215820e-01 1.825372129678726196e-01 1.086182668805122375e-01 7.668756693601608276e-02 7.217689603567123413e-02 1.299628913402557373e-01 4.530145972967147827e-02 8.458711951971054077e-02
1.091670468449592590e-01 6.160423904657363892e-02 1.288465410470962524e-01 1.834146231412887573e-01 1.086058616638183594e-01 7.703480869531631470e-02 7.205805927515029907e-02 1.297736912965774536e-01 4.519824311137199402e-02 8.429677039384841919e-02
1.095097661018371582e-01 6.154401227831840515e-02 1.292611062526702881e-01 1.835229694843292236e-01 1.088503599166870117e-01 7.664485275745391846e-02 7.190410792827606201e-02 1.295585036277770996e-01 4.496665671467781067e-02 8.423765748739242554e-02
1.091638728976249695e-01 6.129596754908561707e-02 1.286828070878982544e-01 1.837331205606460571e-01 1.087266430258750916e-01 7.683516293764114380e-02 7.249850779771804810e-02 1.301125138998031616e-01 4.481123015284538269e-02 8.414015173912048340e-02
1.089926809072494507e-01 6.122491136193275452e-02 1.287927925586700439e-01 1.840020418167114258e-01 1.082272678613662720e-01 7.697270065546035767e-02 7.247062772512435913e-02 1.301238834857940674e-01 4.467755928635597229e-02 8.451552689075469971e-02
1.091895475983619690e-01 6.170748546719551086e-02 1.289840191602706909e-01 1.834198385477066040e-01 1.078159660100936890e-01 7.694653421640396118e-02 7.242609560489654541e-02 1.306078433990478516e-01 4.453153908252716064e-02 8.437113463878631592e-02
1.090202629566192627e-01 6.164472177624702454e-02 1.283190995454788208e-01 1.834844499826431274e-01 1.087119504809379578e-01 7.649272680282592773e-02 7.232473790645599365e-02 1.307608187198638916e-01 4.475440084934234619e-02 8.448681235313415527e-02
1.083481758832931519e-01 6.113346666097640991e-02 1.280818432569503784e-01 1.834887564182281494e-01 1.085788533091545105e-01 7.713117450475692749e-02 7.242581248283386230e-02 1.316730380058288574e-01 4.451467096805572510e-02 8.462420850992202759e-02
1.082982197403907776e-01 6.141561642289161682e-02 1.281831264495849609e-01 1.832677125930786133e-01 1.088259741663932800e-01 7.676418125629425049e-02 7.263633608818054199e-02 1.315296292304992676e-01 4.452589899301528931e-02 8.455327898263931274e-02
1.086527258157730103e-01 6.154080852866172791e-02 1.278775632381439209e-01 1.835846900939941406e-01 1.084423437714576721e-01 7.678152620792388916e-02 7.268986105918884277e-02 1.315797418355941772e-01 4.439356178045272827e-02 8.445721119642257690e-02
1.086036190390586853e-01 6.163575500249862671e-02 1.282594799995422363e-01 1.836928427219390869e-01 1.085664555430412292e-01 7.654141634702682495e-02 7.292663305997848511e-02 1.312878727912902832e-01 4.427802562713623047e-02 8.420787006616592407e-02
1.087567284703254700e-01 6.162733957171440125e-02 1.284746229648590088e-01 1.834425777196884155e-01 1.085418388247489929e-01 7.635632902383804321e-02 7.295291870832443237e-02 1.309886872768402100e-01 4.426540806889533997e-02 8.459349721670150757e-02
1.087316498160362244e-01 6.151337549090385437e-02 1.284964829683303833e-01 1.838390231132507324e-01 1.084339842200279236e-01 7.646183669567108154e-02 7.283496111631393433e-02 1.311210989952087402e-01 4.420717805624008179e-02 8.436042815446853638e-02
1.084065064787864685e-01 6.172178313136100769e-02 1.282653063535690308e-01 1.842418015003204346e-01 1.077194586396217346e-01 7.676149159669876099e-02 7.285969704389572144e-02 1.316197663545608521e-01 4.398822039365768433e-02 8.441603183746337891e-02
