 Iterations  Total_Loss        PSNR
 0.00000000
        100  0.00756927 21.20946312 11.56522751
        200  0.00452696 23.44192886 21.20946312
        300  0.00319398 24.95667458 23.44192886
        400  0.00248130 26.05320740 24.95667458
        500  0.00216205 26.65133667 26.05320740
        600  0.00181771 27.40476227 26.65133667
        700  0.00163669 27.86033440 27.40476227
        800  0.00144961 28.38749123 27.86033440
        900  0.00130010 28.86023903 28.38749123
       1000  0.00122180 29.13000870 28.86023903
       1100  0.00110511 29.56592751 29.13000870
       1200  0.00101914 29.91764450 29.56592751
       1300  0.00094610 30.24064827 29.91764450
       1400  0.00087770 30.56651497 30.24064827
       1500  0.00084308 30.74131012 30.56651497
       1600  0.00073729 31.32359886 30.74131012
       1700  0.00068256 31.65856552 31.32359886
       1800  0.00071066 31.48338509 31.65856552
       1900  0.00062447 32.04491425 31.48338509
       2000  0.00058777 32.30791855 32.04491425
       2100  0.00056137 32.50750732 32.30791855
       2200  0.00049508 33.05328369 32.50750732
       2300  0.00053523 32.71462631 33.05328369
       2400  0.00048298 33.16073990 32.71462631
       2500  0.00043551 33.61005402 33.16073990
       2600  0.00041868 33.78122711 33.61005402
       2700  0.00039455 34.03902435 33.78122711
       2800  0.00038416 34.15484619 34.03902435
       2900  0.00034588 34.61069870 34.15484619
       3000  0.00035004 34.55884552 34.61069870
       3100  0.00032404 34.89403915 34.55884552
       3200  0.00031839 34.97042465 34.89403915
       3300  0.00032580 34.87045288 34.97042465
       3400  0.00028955 35.38283920 34.87045288
       3500  0.00030636 35.13763046 35.38283920
       3600  0.00028462 35.45736313 35.13763046
       3700  0.00026892 35.70376587 35.45736313
       3800  0.00035273 34.52553177 35.70376587
       3900  0.00025636 35.91151047 34.52553177
       4000  0.00023836 36.22769928 35.91151047
       4100  0.00026919 35.69939041 36.22769928
       4200  0.00027024 35.68249893 35.69939041
       4300  0.00021367 36.70250702 35.68249893
       4400  0.00024572 36.09564590 36.70250702
       4500  0.00021166 36.74354935 36.09564590
       4600  0.00020661 36.84851074 36.74354935
       4700  0.00023424 36.30332565 36.84851074
       4800  0.00021760 36.62341690 36.30332565
       4900  0.00019392 37.12380981 36.62341690
       5000  0.00019365 37.12993240 37.12380981
       5100  0.00020652 36.85044098 37.12993240
       5200  0.00017786 37.49927521 36.85044098
       5300  0.00017729 37.51304626 37.49927521
       5400  0.00019125 37.18404388 37.51304626
       5500  0.00017593 37.54669571 37.18404388
       5600  0.00016445 37.83977127 37.54669571
       5700  0.00015693 38.04306412 37.83977127
       5800  0.00017612 37.54183578 38.04306412
       5900  0.00016322 37.87231445 37.54183578
       6000  0.00014519 38.38071823 37.87231445
       6100  0.00016306 37.87660599 38.38071823
       6200  0.00026027 35.84571838 37.87660599
       6300  0.00015055 38.22312546 35.84571838
       6400  0.00013765 38.61231995 38.22312546
       6500  0.00014156 38.49065018 38.61231995
       6600  0.00014365 38.42707443 38.49065018
       6700  0.00012927 38.88503265 38.42707443
       6800  0.00014321 38.44030380 38.88503265
       6900  0.00013389 38.73260498 38.44030380
       7000  0.00013724 38.62515259 38.73260498
       7100  0.00013013 38.85627747 38.62515259
       7200  0.00012848 38.91171265 38.85627747
       7300  0.00013519 38.69062042 38.91171265
       7400  0.00011056 39.56410599 38.69062042
       7500  0.00011143 39.53012466 39.56410599
       7600  0.00012426 39.05663681 39.53012466
       7700  0.00012590 38.99978638 39.05663681
       7800  0.00011832 39.26936340 38.99978638
       7900  0.00013299 38.76181030 39.26936340
       8000  0.00011025 39.57604218 38.76181030
       8100  0.00013437 38.71690369 39.57604218
       8200  0.00013298 38.76214600 38.71690369
       8300  0.00011866 39.25713348 38.76214600
       8400  0.00010899 39.62622452 39.25713348
       8500  0.00010599 39.74734879 39.62622452
       8600  0.00010849 39.64590454 39.74734879
       8700  0.00008868 40.52156067 39.64590454
       8800  0.00009339 40.29710770 40.52156067
       8900  0.00009300 40.31539536 40.29710770
       9000  0.00008875 40.51821518 40.31539536
       9100  0.00008293 40.81300735 40.51821518
       9200  0.00009317 40.30733871 40.81300735
       9300  0.00008193 40.86580276 40.30733871
       9400  0.00009418 40.26044464 40.86580276
       9500  0.00013318 38.75571823 40.26044464
       9600  0.00008156 40.88545227 38.75571823
       9700  0.00008817 40.54698944 40.88545227
       9800  0.00009528 40.20988846 40.54698944
       9900  0.00009362 40.28647995 40.20988846
      10000  0.00008003 40.96770859 40.28647995
