          0  0.05699080 12.44195271
        100  0.00413112 23.83931923
        200  0.00282109 25.49582863
        300  0.00222621 26.52433205
        400  0.00186653 27.28965187
        500  0.00162422 27.89354324
        600  0.00148255 28.28991127
        700  0.00133826 28.73458481
        800  0.00124727 29.04038239
        900  0.00115371 29.37902069
       1000  0.00104508 29.80850601
       1100  0.00099780 30.00955200
       1200  0.00094311 30.25438690
       1300  0.00084918 30.70999527
       1400  0.00081540 30.88629341
       1500  0.00076198 31.18055725
       1600  0.00072574 31.39221382
       1700  0.00072390 31.40319443
       1800  0.00065986 31.80551338
       1900  0.00066684 31.75979233
       2000  0.00060359 32.19260406
       2100  0.00058046 32.36224365
       2200  0.00057596 32.39609146
       2300  0.00052875 32.76750183
       2400  0.00051114 32.91459274
       2500  0.00048890 33.10783768
       2600  0.00050511 32.96615982
       2700  0.00047904 33.19624329
       2800  0.00042812 33.68436813
       2900  0.00041811 33.78705597
       3000  0.00040594 33.91538239
       3100  0.00039066 34.08195877
       3200  0.00038045 34.19702148
       3300  0.00036620 34.36280060
       3400  0.00034438 34.62955856
       3500  0.00032975 34.81818771
       3600  0.00032465 34.88585281
       3700  0.00030121 35.21133804
       3800  0.00029778 35.26110840
       3900  0.00029628 35.28300095
       4000  0.00028727 35.41707611
       4100  0.00028134 35.50775909
       4200  0.00027355 35.62959290
       4300  0.00024727 36.06835175
       4400  0.00023629 36.26558304
       4500  0.00025757 35.89113235
       4600  0.00024512 36.10619354
       4700  0.00023826 36.22952271
       4800  0.00023134 36.35741806
       4900  0.00019964 36.99745560
       5000  0.00019130 37.18294144
