          0  0.10090180  9.96100998
        100  0.00830488 20.80666733
        200  0.00434512 23.61998367
        300  0.00335467 24.74350357
        400  0.00254143 25.94921494
        500  0.00205003 26.88239098
        600  0.00167501 27.75981522
        700  0.00146437 28.34349823
        800  0.00119662 29.22043610
        900  0.00108408 29.64939117
       1000  0.00095518 30.19914627
       1100  0.00087531 30.57839394
       1200  0.00075140 31.24126053
       1300  0.00067603 31.70033073
       1400  0.00057203 32.42580032
       1500  0.00055228 32.57839203
       1600  0.00050801 32.94128799
       1700  0.00046184 33.35511398
       1800  0.00040164 33.96157837
       1900  0.00036678 34.35595703
       2000  0.00040185 33.95932388
       2100  0.00032087 34.93670273
       2200  0.00028560 35.44240952
       2300  0.00027804 35.55896759
       2400  0.00025963 35.85647964
       2500  0.00025354 35.95945358
       2600  0.00021592 36.65708160
       2700  0.00020557 36.87034988
       2800  0.00021042 36.76908875
       2900  0.00027049 35.67844391
       3000  0.00018359 37.36155701
       3100  0.00018519 37.32392502
       3200  0.00017940 37.46185684
       3300  0.00017398 37.59512329
       3400  0.00015027 38.23128510
       3500  0.00017163 37.65412521
       3600  0.00014219 38.47121811
       3700  0.00013172 38.80353546
       3800  0.00013451 38.71257401
       3900  0.00013425 38.72074890
       4000  0.00012685 38.96717453
       4100  0.00011619 39.34839249
       4200  0.00012463 39.04371262
       4300  0.00010094 39.95951843
       4400  0.00010118 39.94917679
       4500  0.00013582 38.67042160
       4600  0.00010640 39.73049164
       4700  0.00010192 39.91752243
       4800  0.00010080 39.96551132
       4900  0.00008319 40.79953003
       5000  0.00008665 40.62218475
