1.400000000000000000e+01 1.800000000000000000e+01 1.280000000000000000e+02 1.310000000000000000e+02 8.200000000000000000e+01
1.260000000000000000e+02 7.830000000000000000e+02 1.070000000000000000e+02 2.900000000000000000e+01 7.400000000000000000e+01
8.550000000000000000e+02 7.460000000000000000e+02 5.740000000000000000e+02 8.920000000000000000e+02 4.090000000000000000e+02
8.550000000000000000e+02 5.180000000000000000e+02 7.460000000000000000e+02 7.100000000000000000e+02 7.730000000000000000e+02
5.600000000000000000e+02 5.180000000000000000e+02 7.100000000000000000e+02 7.190000000000000000e+02 8.550000000000000000e+02
5.600000000000000000e+02 5.180000000000000000e+02 7.190000000000000000e+02 6.760000000000000000e+02 7.100000000000000000e+02
5.600000000000000000e+02 5.180000000000000000e+02 7.190000000000000000e+02 6.760000000000000000e+02 6.840000000000000000e+02
5.600000000000000000e+02 5.180000000000000000e+02 7.190000000000000000e+02 6.760000000000000000e+02 6.840000000000000000e+02
5.600000000000000000e+02 5.180000000000000000e+02 6.760000000000000000e+02 7.190000000000000000e+02 6.840000000000000000e+02
5.600000000000000000e+02 5.180000000000000000e+02 6.760000000000000000e+02 7.190000000000000000e+02 6.910000000000000000e+02
5.600000000000000000e+02 5.180000000000000000e+02 6.760000000000000000e+02 7.190000000000000000e+02 6.910000000000000000e+02
5.600000000000000000e+02 5.180000000000000000e+02 6.760000000000000000e+02 7.190000000000000000e+02 6.910000000000000000e+02
5.600000000000000000e+02 5.180000000000000000e+02 6.760000000000000000e+02 7.190000000000000000e+02 5.350000000000000000e+02
5.600000000000000000e+02 5.180000000000000000e+02 6.760000000000000000e+02 7.190000000000000000e+02 5.350000000000000000e+02
5.600000000000000000e+02 5.180000000000000000e+02 6.760000000000000000e+02 5.350000000000000000e+02 7.190000000000000000e+02
5.600000000000000000e+02 5.180000000000000000e+02 6.760000000000000000e+02 5.350000000000000000e+02 7.190000000000000000e+02
5.600000000000000000e+02 5.180000000000000000e+02 6.760000000000000000e+02 5.350000000000000000e+02 7.190000000000000000e+02
5.600000000000000000e+02 5.180000000000000000e+02 6.760000000000000000e+02 5.350000000000000000e+02 7.190000000000000000e+02
5.600000000000000000e+02 5.180000000000000000e+02 6.760000000000000000e+02 5.350000000000000000e+02 7.190000000000000000e+02
5.600000000000000000e+02 5.180000000000000000e+02 6.760000000000000000e+02 5.350000000000000000e+02 7.190000000000000000e+02
5.600000000000000000e+02 5.180000000000000000e+02 6.760000000000000000e+02 5.350000000000000000e+02 7.190000000000000000e+02
5.600000000000000000e+02 5.180000000000000000e+02 6.760000000000000000e+02 5.350000000000000000e+02 7.190000000000000000e+02
5.600000000000000000e+02 5.180000000000000000e+02 6.760000000000000000e+02 5.350000000000000000e+02 7.190000000000000000e+02
5.600000000000000000e+02 5.180000000000000000e+02 6.760000000000000000e+02 5.350000000000000000e+02 7.190000000000000000e+02
5.600000000000000000e+02 5.180000000000000000e+02 6.760000000000000000e+02 5.350000000000000000e+02 7.190000000000000000e+02
5.600000000000000000e+02 5.180000000000000000e+02 5.350000000000000000e+02 6.760000000000000000e+02 7.190000000000000000e+02
5.600000000000000000e+02 5.180000000000000000e+02 5.350000000000000000e+02 6.760000000000000000e+02 7.190000000000000000e+02
5.600000000000000000e+02 5.180000000000000000e+02 5.350000000000000000e+02 6.760000000000000000e+02 7.190000000000000000e+02
5.600000000000000000e+02 5.180000000000000000e+02 5.350000000000000000e+02 6.760000000000000000e+02 6.910000000000000000e+02
5.600000000000000000e+02 5.180000000000000000e+02 5.350000000000000000e+02 6.760000000000000000e+02 6.910000000000000000e+02
5.600000000000000000e+02 5.180000000000000000e+02 5.350000000000000000e+02 6.760000000000000000e+02 6.910000000000000000e+02
5.600000000000000000e+02 5.180000000000000000e+02 5.350000000000000000e+02 6.760000000000000000e+02 6.910000000000000000e+02
5.600000000000000000e+02 5.180000000000000000e+02 5.350000000000000000e+02 6.760000000000000000e+02 6.910000000000000000e+02
5.600000000000000000e+02 5.180000000000000000e+02 5.350000000000000000e+02 6.760000000000000000e+02 6.910000000000000000e+02
5.600000000000000000e+02 5.180000000000000000e+02 5.350000000000000000e+02 6.760000000000000000e+02 6.910000000000000000e+02
5.600000000000000000e+02 5.180000000000000000e+02 5.350000000000000000e+02 6.760000000000000000e+02 6.910000000000000000e+02
5.600000000000000000e+02 5.180000000000000000e+02 5.350000000000000000e+02 6.760000000000000000e+02 6.910000000000000000e+02
5.600000000000000000e+02 5.180000000000000000e+02 5.350000000000000000e+02 6.760000000000000000e+02 6.910000000000000000e+02
5.600000000000000000e+02 5.180000000000000000e+02 5.350000000000000000e+02 6.760000000000000000e+02 6.910000000000000000e+02
5.600000000000000000e+02 5.180000000000000000e+02 5.350000000000000000e+02 6.760000000000000000e+02 6.910000000000000000e+02
5.600000000000000000e+02 5.180000000000000000e+02 5.350000000000000000e+02 6.760000000000000000e+02 6.910000000000000000e+02
5.600000000000000000e+02 5.180000000000000000e+02 5.350000000000000000e+02 6.760000000000000000e+02 6.910000000000000000e+02
5.600000000000000000e+02 5.180000000000000000e+02 5.350000000000000000e+02 6.760000000000000000e+02 6.910000000000000000e+02
5.600000000000000000e+02 5.180000000000000000e+02 5.350000000000000000e+02 6.760000000000000000e+02 6.910000000000000000e+02
5.600000000000000000e+02 5.180000000000000000e+02 5.350000000000000000e+02 6.760000000000000000e+02 6.910000000000000000e+02
5.600000000000000000e+02 5.180000000000000000e+02 5.350000000000000000e+02 6.760000000000000000e+02 6.910000000000000000e+02
5.600000000000000000e+02 5.180000000000000000e+02 5.350000000000000000e+02 6.760000000000000000e+02 6.910000000000000000e+02
5.600000000000000000e+02 5.180000000000000000e+02 5.350000000000000000e+02 6.760000000000000000e+02 6.910000000000000000e+02
5.600000000000000000e+02 5.180000000000000000e+02 5.350000000000000000e+02 6.760000000000000000e+02 6.910000000000000000e+02
5.600000000000000000e+02 5.180000000000000000e+02 5.350000000000000000e+02 6.760000000000000000e+02 6.910000000000000000e+02
5.600000000000000000e+02 5.180000000000000000e+02 5.350000000000000000e+02 6.760000000000000000e+02 6.910000000000000000e+02
