8.140220892402929426e-03
3.272463661043541472e-01
8.564302041824424228e-01
9.325064157808543586e-01
9.788246057553920965e-01
9.873398087082950747e-01
9.890076068859466885e-01
9.846795923117505067e-01
9.822493840647150698e-01
9.772283563706101184e-01
9.694293586275352093e-01
9.690065214005009198e-01
9.688850617955626632e-01
9.736798470660990024e-01
9.755095116857648296e-01
9.786669832267393954e-01
9.809569630125616335e-01
9.822668379055821131e-01
9.843508982332289659e-01
9.852502492253064625e-01
9.863907262244318019e-01
9.861558764272848610e-01
9.875277961381823122e-01
9.884079598599915251e-01
9.883107682666698590e-01
9.877026334139915598e-01
9.883359926531284367e-01
9.891932033787288470e-01
9.868240238013007426e-01
9.861880943047758308e-01
9.847155759151819954e-01
9.823170475847888827e-01
9.809941420845457172e-01
9.789632203340593586e-01
9.761367142618561088e-01
9.747004783428319108e-01
9.703701326049583020e-01
9.678081837234326912e-01
9.634001923030713899e-01
9.609155304634676709e-01
9.548249768288308292e-01
9.496125546194638112e-01
9.442236214783140680e-01
9.382196795403088263e-01
9.343705098948333898e-01
9.304114169159517500e-01
9.218544323371374860e-01
9.155681805004494134e-01
9.126414343901155801e-01
9.018769573556044694e-01
8.947808951214243356e-01
