1.800000000000000000e+01 1.400000000000000000e+01 8.100000000000000000e+01 8.500000000000000000e+01 8.200000000000000000e+01
7.730000000000000000e+02 6.260000000000000000e+02 7.200000000000000000e+02 8.550000000000000000e+02 6.470000000000000000e+02
6.260000000000000000e+02 7.200000000000000000e+02 7.730000000000000000e+02 4.380000000000000000e+02 6.310000000000000000e+02
6.260000000000000000e+02 7.200000000000000000e+02 6.310000000000000000e+02 4.380000000000000000e+02 7.110000000000000000e+02
6.260000000000000000e+02 7.600000000000000000e+02 7.110000000000000000e+02 4.460000000000000000e+02 5.030000000000000000e+02
7.600000000000000000e+02 6.260000000000000000e+02 7.110000000000000000e+02 5.030000000000000000e+02 8.040000000000000000e+02
7.600000000000000000e+02 6.260000000000000000e+02 7.110000000000000000e+02 8.040000000000000000e+02 6.510000000000000000e+02
7.600000000000000000e+02 6.260000000000000000e+02 7.110000000000000000e+02 6.510000000000000000e+02 5.500000000000000000e+02
7.600000000000000000e+02 5.500000000000000000e+02 6.510000000000000000e+02 6.260000000000000000e+02 7.110000000000000000e+02
7.600000000000000000e+02 5.500000000000000000e+02 6.510000000000000000e+02 4.800000000000000000e+02 6.260000000000000000e+02
7.600000000000000000e+02 5.500000000000000000e+02 6.510000000000000000e+02 4.800000000000000000e+02 8.270000000000000000e+02
7.600000000000000000e+02 5.500000000000000000e+02 4.800000000000000000e+02 6.510000000000000000e+02 8.270000000000000000e+02
7.600000000000000000e+02 5.500000000000000000e+02 4.800000000000000000e+02 6.510000000000000000e+02 8.270000000000000000e+02
7.600000000000000000e+02 5.500000000000000000e+02 4.800000000000000000e+02 6.510000000000000000e+02 7.130000000000000000e+02
7.600000000000000000e+02 5.500000000000000000e+02 4.800000000000000000e+02 6.510000000000000000e+02 7.130000000000000000e+02
7.600000000000000000e+02 5.500000000000000000e+02 4.800000000000000000e+02 6.510000000000000000e+02 7.130000000000000000e+02
7.600000000000000000e+02 5.500000000000000000e+02 6.510000000000000000e+02 4.800000000000000000e+02 7.130000000000000000e+02
7.600000000000000000e+02 5.500000000000000000e+02 4.800000000000000000e+02 6.510000000000000000e+02 7.130000000000000000e+02
7.600000000000000000e+02 5.500000000000000000e+02 4.800000000000000000e+02 6.510000000000000000e+02 7.130000000000000000e+02
7.600000000000000000e+02 5.500000000000000000e+02 4.800000000000000000e+02 6.510000000000000000e+02 7.130000000000000000e+02
7.600000000000000000e+02 5.500000000000000000e+02 4.800000000000000000e+02 6.510000000000000000e+02 7.130000000000000000e+02
7.600000000000000000e+02 5.500000000000000000e+02 4.800000000000000000e+02 6.510000000000000000e+02 7.130000000000000000e+02
7.600000000000000000e+02 5.500000000000000000e+02 4.800000000000000000e+02 6.510000000000000000e+02 7.130000000000000000e+02
7.600000000000000000e+02 5.500000000000000000e+02 4.800000000000000000e+02 6.510000000000000000e+02 7.130000000000000000e+02
7.600000000000000000e+02 5.500000000000000000e+02 4.800000000000000000e+02 6.510000000000000000e+02 7.130000000000000000e+02
7.600000000000000000e+02 5.500000000000000000e+02 4.800000000000000000e+02 6.510000000000000000e+02 7.130000000000000000e+02
7.600000000000000000e+02 5.500000000000000000e+02 4.800000000000000000e+02 6.510000000000000000e+02 7.130000000000000000e+02
7.600000000000000000e+02 5.500000000000000000e+02 4.800000000000000000e+02 7.130000000000000000e+02 6.510000000000000000e+02
7.600000000000000000e+02 5.500000000000000000e+02 4.800000000000000000e+02 7.130000000000000000e+02 6.510000000000000000e+02
7.600000000000000000e+02 5.500000000000000000e+02 4.800000000000000000e+02 7.130000000000000000e+02 6.510000000000000000e+02
7.600000000000000000e+02 5.500000000000000000e+02 4.800000000000000000e+02 7.130000000000000000e+02 6.510000000000000000e+02
7.600000000000000000e+02 5.500000000000000000e+02 4.800000000000000000e+02 7.130000000000000000e+02 6.510000000000000000e+02
7.600000000000000000e+02 5.500000000000000000e+02 4.800000000000000000e+02 7.130000000000000000e+02 6.510000000000000000e+02
7.600000000000000000e+02 5.500000000000000000e+02 4.800000000000000000e+02 7.130000000000000000e+02 6.510000000000000000e+02
7.600000000000000000e+02 5.500000000000000000e+02 4.800000000000000000e+02 7.130000000000000000e+02 6.510000000000000000e+02
7.600000000000000000e+02 5.500000000000000000e+02 4.800000000000000000e+02 7.130000000000000000e+02 6.510000000000000000e+02
7.600000000000000000e+02 5.500000000000000000e+02 7.130000000000000000e+02 4.800000000000000000e+02 6.510000000000000000e+02
7.600000000000000000e+02 5.500000000000000000e+02 4.800000000000000000e+02 7.130000000000000000e+02 6.510000000000000000e+02
7.600000000000000000e+02 5.500000000000000000e+02 7.130000000000000000e+02 4.800000000000000000e+02 6.510000000000000000e+02
7.600000000000000000e+02 5.500000000000000000e+02 7.130000000000000000e+02 4.800000000000000000e+02 6.510000000000000000e+02
7.600000000000000000e+02 5.500000000000000000e+02 7.130000000000000000e+02 4.800000000000000000e+02 6.510000000000000000e+02
7.600000000000000000e+02 5.500000000000000000e+02 7.130000000000000000e+02 4.800000000000000000e+02 6.510000000000000000e+02
7.600000000000000000e+02 5.500000000000000000e+02 7.130000000000000000e+02 4.800000000000000000e+02 6.510000000000000000e+02
7.600000000000000000e+02 5.500000000000000000e+02 7.130000000000000000e+02 4.800000000000000000e+02 6.510000000000000000e+02
7.600000000000000000e+02 5.500000000000000000e+02 7.130000000000000000e+02 4.800000000000000000e+02 6.510000000000000000e+02
7.600000000000000000e+02 5.500000000000000000e+02 7.130000000000000000e+02 4.800000000000000000e+02 6.510000000000000000e+02
7.600000000000000000e+02 5.500000000000000000e+02 7.130000000000000000e+02 4.800000000000000000e+02 6.510000000000000000e+02
7.600000000000000000e+02 5.500000000000000000e+02 7.130000000000000000e+02 4.800000000000000000e+02 6.510000000000000000e+02
7.600000000000000000e+02 5.500000000000000000e+02 7.130000000000000000e+02 4.800000000000000000e+02 6.510000000000000000e+02
7.600000000000000000e+02 5.500000000000000000e+02 7.130000000000000000e+02 4.800000000000000000e+02 6.510000000000000000e+02
7.600000000000000000e+02 5.500000000000000000e+02 7.130000000000000000e+02 4.800000000000000000e+02 6.510000000000000000e+02
