1.084061622619628906e+01
1.624099731445312500e+01
2.123969459533691406e+01
2.483606719970703125e+01
2.697726440429687500e+01
2.820507240295410156e+01
2.899186134338378906e+01
2.957978630065917969e+01
3.005032920837402344e+01
3.048574256896972656e+01
3.086688423156738281e+01
3.122402954101562500e+01
3.157247924804687500e+01
3.192525100708007812e+01
3.226440811157226562e+01
3.259309768676757812e+01
3.290615844726562500e+01
3.320851135253906250e+01
3.350292587280273438e+01
3.379589080810546875e+01
3.407266616821289062e+01
3.434915924072265625e+01
3.462147140502929688e+01
3.488950729370117188e+01
3.515932846069335938e+01
3.541399765014648438e+01
3.566151046752929688e+01
3.591121673583984375e+01
3.614597320556640625e+01
3.639946746826171875e+01
3.663273239135742188e+01
3.687526321411132812e+01
3.707099533081054688e+01
3.731119537353515625e+01
3.755733871459960938e+01
3.776448059082031250e+01
3.799044418334960938e+01
3.819104766845703125e+01
3.840983963012695312e+01
3.860436248779296875e+01
3.880724716186523438e+01
3.898974227905273438e+01
3.919541168212890625e+01
3.936008834838867188e+01
3.954969024658203125e+01
3.976129531860351562e+01
3.992380142211914062e+01
4.007369995117187500e+01
4.025503158569335938e+01
4.042258453369140625e+01
4.061428451538085938e+01
