4.570935852825641632e-04 4.570935852825641632e-04 2.427562867524102330e-04 5.343114607967436314e-04 4.432976129464805126e-04 9.742339025251567364e-04
1.553759351372718811e-02 1.553759351372718811e-02 2.333334268769249320e-04 5.799070931971073151e-04 4.367993969935923815e-04 2.329400507733225822e-03
2.089758217334747314e-02 2.089758217334747314e-02 8.001309470273554325e-04 8.739500772207975388e-04 4.120410885661840439e-03 6.277731619775295258e-03
1.305931899696588516e-02 1.305931899696588516e-02 5.560323552344925702e-05 5.737308674724772573e-05 4.395189753267914057e-04 2.706023515202105045e-04
2.275125086307525635e-01 2.275125086307525635e-01 5.077120149508118629e-04 7.364850025624036789e-04 4.461961332708597183e-03 1.191494404338300228e-03
7.391597032546997070e-01 7.391597032546997070e-01 2.395803341642022133e-03 3.082918934524059296e-03 1.346178445965051651e-02 2.968990476801991463e-03
8.117427229881286621e-01 8.117427229881286621e-01 5.026286002248525620e-03 5.213521886616945267e-03 2.120927534997463226e-02 4.400084260851144791e-03
8.675120472908020020e-01 8.675120472908020020e-01 7.281076163053512573e-03 5.592789035290479660e-03 2.126433327794075012e-02 5.814254749566316605e-03
8.896018862724304199e-01 8.896018862724304199e-01 9.347974322736263275e-03 6.171902175992727280e-03 2.230924554169178009e-02 8.538085035979747772e-03
8.956428766250610352e-01 8.956428766250610352e-01 1.072196662425994873e-02 7.033293601125478745e-03 2.298745885491371155e-02 9.571017697453498840e-03
8.894719481468200684e-01 8.894719481468200684e-01 1.168705988675355911e-02 7.637614384293556213e-03 2.378096990287303925e-02 1.099888794124126434e-02
8.951764106750488281e-01 8.951764106750488281e-01 1.280708052217960358e-02 8.262763731181621552e-03 2.156516350805759430e-02 1.095090340822935104e-02
9.014203548431396484e-01 9.014203548431396484e-01 1.357102766633033752e-02 8.367385715246200562e-03 1.957899332046508789e-02 1.110016554594039917e-02
8.977044224739074707e-01 8.977044224739074707e-01 1.512730121612548828e-02 1.041053421795368195e-02 2.063484862446784973e-02 1.187936495989561081e-02
8.886571526527404785e-01 8.886571526527404785e-01 1.696581207215785980e-02 1.214591134339570999e-02 2.092507854104042053e-02 1.475714240223169327e-02
8.853102922439575195e-01 8.853102922439575195e-01 1.709456183016300201e-02 1.365238707512617111e-02 2.105560339987277985e-02 1.600126549601554871e-02
8.918363451957702637e-01 8.918363451957702637e-01 1.603606902062892914e-02 1.416021771728992462e-02 1.906723529100418091e-02 1.557968650013208389e-02
9.002373814582824707e-01 9.002373814582824707e-01 1.509728748351335526e-02 1.430626306682825089e-02 1.717246137559413910e-02 1.319003384560346603e-02
9.057424664497375488e-01 9.057424664497375488e-01 1.454964559525251389e-02 1.360466424375772476e-02 1.403542421758174896e-02 1.420623436570167542e-02
9.094310998916625977e-01 9.094310998916625977e-01 1.490786205977201462e-02 1.335360109806060791e-02 1.260632183402776718e-02 1.330344378948211670e-02
9.114885926246643066e-01 9.114885926246643066e-01 1.569537073373794556e-02 1.322063431143760681e-02 1.206849142909049988e-02 1.172929815948009491e-02
9.003752470016479492e-01 9.003752470016479492e-01 1.863449625670909882e-02 1.358132902532815933e-02 1.315165497362613678e-02 1.393646840006113052e-02
8.916493654251098633e-01 8.916493654251098633e-01 2.100533060729503632e-02 1.455488149076700211e-02 1.399379596114158630e-02 1.519285794347524643e-02
8.856273889541625977e-01 8.856273889541625977e-01 2.185038290917873383e-02 1.564865186810493469e-02 1.462648808956146240e-02 1.573225483298301697e-02
8.704239130020141602e-01 8.704239130020141602e-01 2.462380751967430115e-02 1.615649648010730743e-02 1.645880751311779022e-02 1.906871236860752106e-02
8.656614422798156738e-01 8.656614422798156738e-01 2.611927874386310577e-02 1.615771465003490448e-02 1.676506549119949341e-02 2.006124891340732574e-02
8.562784194946289062e-01 8.562784194946289062e-01 2.746699564158916473e-02 1.690191030502319336e-02 1.778989098966121674e-02 2.273420430719852448e-02
8.465493321418762207e-01 8.465493321418762207e-01 2.949015796184539795e-02 1.784094236791133881e-02 1.883439347147941589e-02 2.294558845460414886e-02
8.163111209869384766e-01 8.163111209869384766e-01 3.578693792223930359e-02 2.088837511837482452e-02 2.208216302096843719e-02 2.748303115367889404e-02
8.090231418609619141e-01 8.090231418609619141e-01 3.764788433909416199e-02 2.356061525642871857e-02 2.265750244259834290e-02 2.808191999793052673e-02
8.020697832107543945e-01 8.020697832107543945e-01 3.827858343720436096e-02 2.529500238597393036e-02 2.407948113977909088e-02 2.817623503506183624e-02
7.820149660110473633e-01 7.820149660110473633e-01 4.247808083891868591e-02 2.832368947565555573e-02 2.681423351168632507e-02 2.958519011735916138e-02
7.743225693702697754e-01 7.743225693702697754e-01 4.479227960109710693e-02 3.022000193595886230e-02 2.771142125129699707e-02 3.065269067883491516e-02
7.578479647636413574e-01 7.578479647636413574e-01 4.732246696949005127e-02 3.334686905145645142e-02 2.957339771091938019e-02 3.227813914418220520e-02
7.500820159912109375e-01 7.500820159912109375e-01 5.013747513294219971e-02 3.625417873263359070e-02 3.068123385310173035e-02 3.161874413490295410e-02
7.377129197120666504e-01 7.377129197120666504e-01 5.162499099969863892e-02 3.861923143267631531e-02 3.238862007856369019e-02 3.283669427037239075e-02
7.222595810890197754e-01 7.222595810890197754e-01 5.464610457420349121e-02 4.210988432168960571e-02 3.440427407622337341e-02 3.429074212908744812e-02
7.168791890144348145e-01 7.168791890144348145e-01 5.506973713636398315e-02 4.409004002809524536e-02 3.505131974816322327e-02 3.334772586822509766e-02
7.134888768196105957e-01 7.134888768196105957e-01 5.580461397767066956e-02 4.513105005025863647e-02 3.494032472372055054e-02 3.465628623962402344e-02
7.078067064285278320e-01 7.078067064285278320e-01 5.680494010448455811e-02 4.708931222558021545e-02 3.519421443343162537e-02 3.589249774813652039e-02
7.044790983200073242e-01 7.044790983200073242e-01 5.737145990133285522e-02 4.694200679659843445e-02 3.579055890440940857e-02 3.603183478116989136e-02
6.992145180702209473e-01 6.992145180702209473e-01 5.815470963716506958e-02 4.695336148142814636e-02 3.560860455036163330e-02 3.741635009646415710e-02
6.943187117576599121e-01 6.943187117576599121e-01 5.879742652177810669e-02 4.834612458944320679e-02 3.667114675045013428e-02 3.681874647736549377e-02
6.869007945060729980e-01 6.869007945060729980e-01 5.977463349699974060e-02 4.974720254540443420e-02 3.779207915067672729e-02 3.663723543286323547e-02
6.802130341529846191e-01 6.802130341529846191e-01 6.003010272979736328e-02 5.138482525944709778e-02 3.894824534654617310e-02 3.726337477564811707e-02
6.700266599655151367e-01 6.700266599655151367e-01 6.228000298142433167e-02 5.233011394739151001e-02 3.995221108198165894e-02 3.849090635776519775e-02
6.691852807998657227e-01 6.691852807998657227e-01 6.257442384958267212e-02 5.273346975445747375e-02 4.086126387119293213e-02 3.754810988903045654e-02
6.559272408485412598e-01 6.559272408485412598e-01 6.539089232683181763e-02 5.458441376686096191e-02 4.284257441759109497e-02 3.813718259334564209e-02
6.526595950126647949e-01 6.526595950126647949e-01 6.594337522983551025e-02 5.466256290674209595e-02 4.327201470732688904e-02 3.889961913228034973e-02
6.356207728385925293e-01 6.356207728385925293e-01 6.948617100715637207e-02 5.801082774996757507e-02 4.527173563838005066e-02 3.984722495079040527e-02
6.362557411193847656e-01 6.362557411193847656e-01 6.936454772949218750e-02 5.840986222028732300e-02 4.512371867895126343e-02 3.801751509308815002e-02
