3.889736954007570833e-04
6.548796994715060105e-02
5.776532352776689860e-01
1.110754501985347531e+00
1.125439572730831506e+00
1.135946605335272031e+00
1.139504432078742857e+00
1.145353867233376288e+00
1.145784631732005954e+00
1.146074883955036094e+00
1.142066159610759968e+00
1.135840906548850837e+00
1.129807477210446942e+00
1.121074324702197922e+00
1.117138093507074492e+00
1.106731237067278162e+00
1.088437587383255911e+00
1.078503649124769259e+00
1.062623804597058408e+00
1.048559993848218852e+00
1.023007102511045208e+00
1.004951275096471086e+00
9.779218863598232447e-01
9.409185028801521078e-01
9.240070465857613824e-01
8.936213019406072933e-01
8.669537497902801704e-01
8.426467339634248210e-01
8.311159890386443649e-01
8.127937475532688305e-01
7.915108215424193627e-01
7.825915077456517821e-01
7.713189978189138873e-01
7.552223030031877116e-01
7.486506627146132242e-01
7.388327694200548246e-01
7.534297578435210641e-01
7.314862843241429768e-01
7.323917845758066703e-01
7.115998825569039843e-01
7.027861976399529809e-01
6.870846149544208581e-01
6.760420278507913716e-01
6.694771685028801933e-01
6.532043090431184362e-01
6.328708545383368023e-01
6.112142078183546712e-01
5.962096638890442835e-01
5.875864744701079223e-01
5.672739569934567294e-01
5.333934413623399040e-01
