1.569836806335098102e-04
3.963342086551255861e-01
9.918306547659176964e-01
9.961808533271794275e-01
9.969828902372246393e-01
9.974018967996919338e-01
9.987556883288027931e-01
9.990963586223651216e-01
9.995885705176171809e-01
9.994216361075668464e-01
9.995129787029159996e-01
9.995734163574482301e-01
9.996577188311440709e-01
9.996207880234881937e-01
9.996472183107120157e-01
9.996004432651511840e-01
9.994818351139074242e-01
9.993277877062054504e-01
9.990781020357049069e-01
9.988710150674116051e-01
9.986135136686348224e-01
9.982742752642222994e-01
9.978706018480677509e-01
9.974104284725430203e-01
9.967712689532902681e-01
9.960123080418354924e-01
9.953315640751899673e-01
9.944254168915428460e-01
9.939812926069057086e-01
9.930315921282848457e-01
9.922333735893057449e-01
9.912142264869184816e-01
9.902238961536713457e-01
9.892286735324955504e-01
9.883118468422728009e-01
9.868028743265496727e-01
9.855569517800589763e-01
9.845639963167037712e-01
9.834923466121562319e-01
9.820677958942248820e-01
9.806475408437430596e-01
9.796465310039201846e-01
9.786465950809596359e-01
9.765442238367302297e-01
9.751462227301186392e-01
9.740059020084274044e-01
9.732057146218673349e-01
9.720863949410402105e-01
9.705465771465480174e-01
9.689837298015628875e-01
9.679102902355779525e-01
