7.891127839684486389e-03 7.891127839684486389e-03 2.299814950674772263e-03 5.829241592437028885e-03 5.371224135160446167e-03 3.491678507998585701e-03
2.191618084907531738e-03 2.191618084907531738e-03 2.939748112112283707e-03 5.910621839575469494e-04 2.883674576878547668e-03 4.823373164981603622e-03
2.335913712158799171e-03 2.335913712158799171e-03 2.638363046571612358e-03 4.622926062438637018e-04 5.480175605043768883e-04 1.170221832580864429e-03
1.365537103265523911e-02 1.365537103265523911e-02 3.196430858224630356e-03 1.760605373419821262e-03 7.133869221433997154e-04 1.540871686302125454e-03
4.391864687204360962e-02 4.391864687204360962e-02 2.317134756594896317e-03 5.900612566620111465e-03 1.085315016098320484e-03 1.769104390405118465e-03
2.414877712726593018e-01 2.414877712726593018e-01 2.820217981934547424e-03 1.144406106323003769e-02 3.918223083019256592e-03 7.695668376982212067e-03
7.543178200721740723e-01 7.543178200721740723e-01 4.354047589004039764e-03 2.304989658296108246e-02 2.875550650060176849e-03 5.684221163392066956e-03
8.966251611709594727e-01 8.966251611709594727e-01 5.690565798431634903e-03 2.070870995521545410e-02 1.326132798567414284e-03 2.959060249850153923e-03
9.081986546516418457e-01 9.081986546516418457e-01 8.313942700624465942e-03 1.986033469438552856e-02 1.032768981531262398e-03 2.365207765251398087e-03
9.051315188407897949e-01 9.051315188407897949e-01 9.806185960769653320e-03 1.876702532172203064e-02 1.034964458085596561e-03 2.234194427728652954e-03
8.925421237945556641e-01 8.925421237945556641e-01 1.185250841081142426e-02 1.820331625640392303e-02 1.176645280793309212e-03 2.375899348407983780e-03
8.873052597045898438e-01 8.873052597045898438e-01 9.793271310627460480e-03 1.799118146300315857e-02 1.158388797193765640e-03 2.133172936737537384e-03
8.974974751472473145e-01 8.974974751472473145e-01 8.275044150650501251e-03 1.744664274156093597e-02 9.574652067385613918e-04 1.662053517065942287e-03
8.919809460639953613e-01 8.919809460639953613e-01 8.973916992545127869e-03 1.714505255222320557e-02 9.619484189897775650e-04 1.626530662178993225e-03
8.778989315032958984e-01 8.778989315032958984e-01 9.954944252967834473e-03 1.830089278519153595e-02 1.046675373800098896e-03 1.660326262935996056e-03
8.744227886199951172e-01 8.744227886199951172e-01 9.987317025661468506e-03 1.839385181665420532e-02 1.208193949423730373e-03 1.694294041953980923e-03
8.595225811004638672e-01 8.595225811004638672e-01 1.052460912615060806e-02 1.976662501692771912e-02 1.329397666268050671e-03 1.766296220012009144e-03
8.433319926261901855e-01 8.433319926261901855e-01 1.219091005623340607e-02 2.132569812238216400e-02 1.345007680356502533e-03 1.776390941813588142e-03
8.226146697998046875e-01 8.226146697998046875e-01 1.382762845605611801e-02 2.226614020764827728e-02 1.580084324814379215e-03 2.004169160500168800e-03
8.223890066146850586e-01 8.223890066146850586e-01 1.434763614088296890e-02 2.253267355263233185e-02 1.496576471254229546e-03 1.925369724631309509e-03
8.076905608177185059e-01 8.076905608177185059e-01 1.594525389373302460e-02 2.394292503595352173e-02 1.609714003279805183e-03 1.957101281732320786e-03
7.775647044181823730e-01 7.775647044181823730e-01 1.924693770706653595e-02 2.680509909987449646e-02 1.875113928690552711e-03 2.188606187701225281e-03
7.744517922401428223e-01 7.744517922401428223e-01 2.206995896995067596e-02 2.855688706040382385e-02 1.927385921590030193e-03 2.262543654069304466e-03
7.804520130157470703e-01 7.804520130157470703e-01 2.243314683437347412e-02 3.003225475549697876e-02 1.816091360524296761e-03 2.131377346813678741e-03
7.644020915031433105e-01 7.644020915031433105e-01 2.440806105732917786e-02 3.313232213258743286e-02 1.945895841345191002e-03 2.204216085374355316e-03
7.475590705871582031e-01 7.475590705871582031e-01 2.745031379163265228e-02 3.579299524426460266e-02 2.016732469201087952e-03 2.283143112435936928e-03
7.325258851051330566e-01 7.325258851051330566e-01 2.934064157307147980e-02 3.931875154376029968e-02 1.970329787582159042e-03 2.211570274084806442e-03
7.310190200805664062e-01 7.310190200805664062e-01 2.995151840150356293e-02 4.040477052330970764e-02 2.011147793382406235e-03 2.264983253553509712e-03
7.230947613716125488e-01 7.230947613716125488e-01 3.049760684370994568e-02 4.053061828017234802e-02 2.083768136799335480e-03 2.324481727555394173e-03
7.012982964515686035e-01 7.012982964515686035e-01 3.281024470925331116e-02 4.356517642736434937e-02 2.178235910832881927e-03 2.403023187071084976e-03
6.976536512374877930e-01 6.976536512374877930e-01 3.274053707718849182e-02 4.431888461112976074e-02 2.222611103206872940e-03 2.422010060399770737e-03
6.867892742156982422e-01 6.867892742156982422e-01 3.443487733602523804e-02 4.515807330608367920e-02 2.185209887102246284e-03 2.340128179639577866e-03
6.716507673263549805e-01 6.716507673263549805e-01 3.793549537658691406e-02 4.804046824574470520e-02 2.281256020069122314e-03 2.425960963591933250e-03
6.483207941055297852e-01 6.483207941055297852e-01 4.110203683376312256e-02 5.113233998417854309e-02 2.359179547056555748e-03 2.512834267690777779e-03
6.544020771980285645e-01 6.544020771980285645e-01 4.127195477485656738e-02 5.046167969703674316e-02 2.323385560885071754e-03 2.433638088405132294e-03
6.486480236053466797e-01 6.486480236053466797e-01 4.210107028484344482e-02 5.214647948741912842e-02 2.332680858671665192e-03 2.416231902316212654e-03
6.386547684669494629e-01 6.386547684669494629e-01 4.173709079623222351e-02 5.207542330026626587e-02 2.373910741880536079e-03 2.413918729871511459e-03
6.354709267616271973e-01 6.354709267616271973e-01 4.276007413864135742e-02 5.357918888330459595e-02 2.370223402976989746e-03 2.379690995439887047e-03
6.345486640930175781e-01 6.345486640930175781e-01 4.342916607856750488e-02 5.341942235827445984e-02 2.453653141856193542e-03 2.434298396110534668e-03
6.249637007713317871e-01 6.249637007713317871e-01 4.431848227977752686e-02 5.373082309961318970e-02 2.492481144145131111e-03 2.452762564644217491e-03
6.243376135826110840e-01 6.243376135826110840e-01 4.530511051416397095e-02 5.402691662311553955e-02 2.444255864247679710e-03 2.403475809842348099e-03
6.243042945861816406e-01 6.243042945861816406e-01 4.569522291421890259e-02 5.533817410469055176e-02 2.472929889336228371e-03 2.436115406453609467e-03
6.093485951423645020e-01 6.093485951423645020e-01 4.816210642457008362e-02 5.690631642937660217e-02 2.487555379047989845e-03 2.413101959973573685e-03
6.046381592750549316e-01 6.046381592750549316e-01 4.923985153436660767e-02 5.687467381358146667e-02 2.536183223128318787e-03 2.451617736369371414e-03
5.943913459777832031e-01 5.943913459777832031e-01 4.942148923873901367e-02 5.841704830527305603e-02 2.529574092477560043e-03 2.468272810801863670e-03
6.045117378234863281e-01 6.045117378234863281e-01 4.802615940570831299e-02 5.880257114768028259e-02 2.423110418021678925e-03 2.356595592573285103e-03
5.974455475807189941e-01 5.974455475807189941e-01 4.898466542363166809e-02 6.042546033859252930e-02 2.472917316481471062e-03 2.403001766651868820e-03
5.953111648559570312e-01 5.953111648559570312e-01 4.835714027285575867e-02 6.110499426722526550e-02 2.451294800266623497e-03 2.361328108236193657e-03
5.936476588249206543e-01 5.936476588249206543e-01 4.840624332427978516e-02 6.099098175764083862e-02 2.466475591063499451e-03 2.338144928216934204e-03
5.820625424385070801e-01 5.820625424385070801e-01 4.925768822431564331e-02 6.089776754379272461e-02 2.521889749914407730e-03 2.364584244787693024e-03
5.945309996604919434e-01 5.945309996604919434e-01 4.876813665032386780e-02 6.003734469413757324e-02 2.486098324880003929e-03 2.320344559848308563e-03
