1.527692802483215928e-04 1.527692802483215928e-04 1.272360095754265785e-03 2.280961489304900169e-04 7.888241088949143887e-04 4.365358036011457443e-04
2.160014584660530090e-03 2.160014584660530090e-03 6.826745271682739258e-01 5.924439756199717522e-05 6.609959527850151062e-04 8.061123080551624298e-04
5.967305302619934082e-01 5.967305302619934082e-01 2.888174355030059814e-01 2.853257756214588881e-04 4.536682739853858948e-03 7.903053192421793938e-04
7.306846976280212402e-01 7.306846976280212402e-01 9.785089641809463501e-02 6.849854835309088230e-04 2.795669715851545334e-03 9.163972572423517704e-04
9.352640509605407715e-01 9.352640509605407715e-01 7.607828360050916672e-03 5.171339143998920918e-04 1.229748944751918316e-03 3.920317976735532284e-04
9.527592658996582031e-01 9.527592658996582031e-01 4.706870764493942261e-03 3.743338747881352901e-04 9.311693138442933559e-04 3.699508379213511944e-04
9.593452811241149902e-01 9.593452811241149902e-01 3.166811307892203331e-03 2.184737095376476645e-04 6.031838711351156235e-04 3.484298358671367168e-04
9.622418284416198730e-01 9.622418284416198730e-01 2.536815358325839043e-03 1.580521493451669812e-04 5.511876661330461502e-04 3.065376076847314835e-04
9.603406190872192383e-01 9.603406190872192383e-01 2.708751941099762917e-03 1.723035093164071441e-04 5.357973859645426273e-04 3.319758106954395771e-04
9.581115841865539551e-01 9.581115841865539551e-01 2.512491540983319283e-03 1.911102735903114080e-04 5.110100610181689262e-04 3.592752036638557911e-04
9.612689018249511719e-01 9.612689018249511719e-01 2.270186087116599083e-03 1.639765832806006074e-04 4.421766498126089573e-04 3.267336287535727024e-04
9.639883041381835938e-01 9.639883041381835938e-01 2.020985586568713188e-03 1.397183659719303250e-04 3.793537034653127193e-04 2.917381643783301115e-04
9.637069106101989746e-01 9.637069106101989746e-01 2.016745042055845261e-03 1.463481894461438060e-04 3.754607751034200191e-04 3.052669344469904900e-04
9.636391401290893555e-01 9.636391401290893555e-01 1.818555290810763836e-03 1.613546919543296099e-04 3.348038881085813046e-04 3.163241781294345856e-04
9.663551449775695801e-01 9.663551449775695801e-01 1.622808747924864292e-03 1.626449084142223001e-04 3.031590604223310947e-04 2.946071035694330931e-04
9.680334329605102539e-01 9.680334329605102539e-01 1.390166464261710644e-03 1.689119089860469103e-04 2.899410610552877188e-04 2.788400161080062389e-04
9.698642492294311523e-01 9.698642492294311523e-01 1.241824473254382610e-03 1.708230265649035573e-04 2.784302923828363419e-04 2.553675440140068531e-04
9.703195095062255859e-01 9.703195095062255859e-01 1.131659024395048618e-03 1.753880642354488373e-04 2.654599957168102264e-04 2.566833572927862406e-04
9.708766341209411621e-01 9.708766341209411621e-01 1.075466629117727280e-03 1.820629549911245704e-04 2.663391060195863247e-04 2.453268389217555523e-04
9.710172414779663086e-01 9.710172414779663086e-01 1.093015889637172222e-03 1.986231945920735598e-04 2.726582461036741734e-04 2.600738080218434334e-04
9.718047380447387695e-01 9.718047380447387695e-01 1.109032658860087395e-03 2.130846842192113400e-04 2.669244422577321529e-04 2.538421831559389830e-04
9.703680872917175293e-01 9.703680872917175293e-01 1.222810358740389347e-03 2.223703922936692834e-04 2.781770017463713884e-04 2.596616395749151707e-04
9.685109257698059082e-01 9.685109257698059082e-01 1.320384675636887550e-03 2.575528051238507032e-04 2.889379684347659349e-04 2.665929787326604128e-04
9.673147797584533691e-01 9.673147797584533691e-01 1.396802137605845928e-03 2.737993490882217884e-04 3.032674721907824278e-04 2.657330187503248453e-04
9.661612510681152344e-01 9.661612510681152344e-01 1.418481580913066864e-03 2.978114935103803873e-04 2.989363274537026882e-04 2.726153761614114046e-04
9.638563990592956543e-01 9.638563990592956543e-01 1.559023279696702957e-03 3.247553540859371424e-04 3.241646336391568184e-04 2.854230115190148354e-04
9.600636363029479980e-01 9.600636363029479980e-01 1.705850474536418915e-03 3.616735921241343021e-04 3.525789943523705006e-04 3.032073436770588160e-04
9.559873342514038086e-01 9.559873342514038086e-01 1.855770009569823742e-03 4.041085194330662489e-04 3.785295994020998478e-04 3.260181692894548178e-04
9.514446854591369629e-01 9.514446854591369629e-01 1.950081670656800270e-03 4.508938873186707497e-04 4.105541447643190622e-04 3.501841856632381678e-04
9.485796093940734863e-01 9.485796093940734863e-01 2.101938007399439812e-03 5.208433140069246292e-04 4.226409364491701126e-04 3.656414337456226349e-04
9.474364519119262695e-01 9.474364519119262695e-01 2.064263448119163513e-03 5.484227440319955349e-04 4.156164068263024092e-04 3.856645489577203989e-04
9.449500441551208496e-01 9.449500441551208496e-01 2.209740225225687027e-03 5.928727332502603531e-04 4.238927213009446859e-04 4.040770290885120630e-04
9.432345032691955566e-01 9.432345032691955566e-01 2.242793794721364975e-03 6.432519876398146152e-04 4.295208491384983063e-04 4.227219033055007458e-04
9.427457451820373535e-01 9.427457451820373535e-01 2.218869281932711601e-03 6.938941660337150097e-04 4.298493149690330029e-04 4.394641437102109194e-04
9.389029741287231445e-01 9.389029741287231445e-01 2.309800125658512115e-03 7.522513624280691147e-04 4.373966075945645571e-04 4.679694829974323511e-04
9.368430376052856445e-01 9.368430376052856445e-01 2.300647785887122154e-03 8.569929050281643867e-04 4.539914662018418312e-04 4.936208715662360191e-04
9.371818900108337402e-01 9.371818900108337402e-01 2.296062884852290154e-03 9.253891184926033020e-04 4.436199087649583817e-04 4.926046240143477917e-04
9.338317513465881348e-01 9.338317513465881348e-01 2.274696948006749153e-03 1.034850371070206165e-03 4.550546291284263134e-04 5.189123330637812614e-04
9.337282180786132812e-01 9.337282180786132812e-01 2.272216137498617172e-03 1.006510574370622635e-03 4.624073335435241461e-04 5.323247751221060753e-04
9.324047565460205078e-01 9.324047565460205078e-01 2.241513226181268692e-03 1.145984046161174774e-03 4.515628679655492306e-04 5.635343841277062893e-04
9.307135939598083496e-01 9.307135939598083496e-01 2.200709655880928040e-03 1.168970367871224880e-03 4.745246842503547668e-04 5.611386732198297977e-04
9.280304908752441406e-01 9.280304908752441406e-01 2.290528500452637672e-03 1.232990645803511143e-03 4.913946613669395447e-04 5.626897327601909637e-04
9.236259460449218750e-01 9.236259460449218750e-01 2.317005768418312073e-03 1.328078215010464191e-03 5.122358561493456364e-04 6.075950223021209240e-04
9.233783483505249023e-01 9.233783483505249023e-01 2.388351596891880035e-03 1.346988021396100521e-03 5.022090044803917408e-04 6.121078040450811386e-04
9.214275479316711426e-01 9.214275479316711426e-01 2.547812415286898613e-03 1.365031464956700802e-03 5.173424724489450455e-04 6.417037220671772957e-04
9.186922311782836914e-01 9.186922311782836914e-01 2.610797062516212463e-03 1.427709357813000679e-03 5.242312909103929996e-04 6.645710673183202744e-04
9.178744554519653320e-01 9.178744554519653320e-01 2.648151014000177383e-03 1.473790849559009075e-03 5.399155779741704464e-04 6.598109612241387367e-04
9.132495522499084473e-01 9.132495522499084473e-01 2.711555687710642815e-03 1.562864053994417191e-03 5.506894667632877827e-04 6.943618063814938068e-04
9.103896617889404297e-01 9.103896617889404297e-01 2.774755237624049187e-03 1.602522446773946285e-03 5.604349425993859768e-04 7.095742039382457733e-04
9.074261188507080078e-01 9.074261188507080078e-01 2.828570548444986343e-03 1.666095224209129810e-03 5.539230769500136375e-04 7.338996510952711105e-04
9.071816205978393555e-01 9.071816205978393555e-01 2.817243337631225586e-03 1.695885206572711468e-03 5.566360196098685265e-04 7.407141965813934803e-04
