5.084482807216900288e-04
9.220568825511413083e-04
7.215968201755026219e-04
4.548919007569398459e-03
8.605556096234968921e-02
5.730143370184972440e-01
8.024060493320436249e-01
8.907434679158160451e-01
8.782339053073042745e-01
8.732760858403064708e-01
8.581833239780393141e-01
8.462172779318998250e-01
8.284140828716117788e-01
8.149280143319116432e-01
7.995132280258442359e-01
7.799537084390394392e-01
7.563896755490647772e-01
7.645538779578426869e-01
7.561446188869159757e-01
7.468858689633366410e-01
7.381289781582215381e-01
7.402319130455210505e-01
7.279417268535264274e-01
7.232903923635120025e-01
7.187521385005684049e-01
7.205984897972821379e-01
7.126322879187430015e-01
7.133405374204222493e-01
6.954286390476597246e-01
6.851176556503763004e-01
6.834911185016393498e-01
6.804467691551651098e-01
6.732195309357225099e-01
6.716835312438854677e-01
6.543606005500534062e-01
6.550495169122656502e-01
6.340107568128888760e-01
6.367317685211840717e-01
6.311091079222536093e-01
6.208629817362384395e-01
6.154170916917547363e-01
6.102191400415289957e-01
6.133793787919399332e-01
6.105558284892267373e-01
6.151271675549940809e-01
6.121573784671432428e-01
6.032701895975453033e-01
5.910371638386539006e-01
5.835009966415782845e-01
5.849381055011609876e-01
5.759416661547640537e-01
