          0  0.10800069  9.66573429
        100  0.00738472 21.31666183
        200  0.00356721 24.47670937
        300  0.00239025 26.21556091
        400  0.00162195 27.89961815
        500  0.00130594 28.84077072
        600  0.00098324 30.07342148
        700  0.00078066 31.07540321
        800  0.00061324 32.12369919
        900  0.00050834 32.93847275
       1000  0.00046508 33.32469940
       1100  0.00037037 34.31358719
       1200  0.00034491 34.62294388
       1300  0.00031312 35.04287338
       1400  0.00029349 35.32410049
       1500  0.00024337 36.13740158
       1600  0.00023471 36.29475403
       1700  0.00025008 36.01918030
       1800  0.00020931 36.79219818
       1900  0.00019646 37.06735611
       2000  0.00019811 37.03086472
       2100  0.00018056 37.43371582
       2200  0.00016692 37.77486038
       2300  0.00016296 37.87908173
       2400  0.00014813 38.29356384
       2500  0.00014715 38.32250977
       2600  0.00012749 38.94511795
       2700  0.00013664 38.64406586
       2800  0.00014632 38.34703827
       2900  0.00014587 38.36029053
       3000  0.00012105 39.17046738
       3100  0.00010447 39.80995941
       3200  0.00010911 39.62120819
       3300  0.00010204 39.91246414
       3400  0.00010424 39.81967545
       3500  0.00011755 39.29792023
       3600  0.00009540 40.20442963
       3700  0.00009899 40.04419708
       3800  0.00010858 39.64252472
       3900  0.00009471 40.23606110
       4000  0.00007997 40.97048187
       4100  0.00009473 40.23507309
       4200  0.00009056 40.43072128
       4300  0.00009558 40.19636536
       4400  0.00009399 40.26910400
       4500  0.00006861 41.63642120
       4600  0.00007324 41.35223007
       4700  0.00006590 41.81112671
       4800  0.00007185 41.43548584
       4900  0.00010645 39.72843552
       5000  0.00007550 41.22045898
