1.110000000000000000e+02 7.800000000000000000e+01 4.460000000000000000e+02 5.490000000000000000e+02 5.560000000000000000e+02
6.000000000000000000e+02 7.100000000000000000e+01 6.160000000000000000e+02 7.800000000000000000e+01 1.110000000000000000e+02
4.880000000000000000e+02 6.000000000000000000e+02 6.950000000000000000e+02 6.160000000000000000e+02 4.890000000000000000e+02
4.880000000000000000e+02 6.000000000000000000e+02 8.430000000000000000e+02 6.950000000000000000e+02 4.890000000000000000e+02
6.000000000000000000e+02 4.880000000000000000e+02 6.300000000000000000e+01 8.430000000000000000e+02 1.010000000000000000e+02
6.300000000000000000e+01 6.000000000000000000e+02 4.880000000000000000e+02 6.770000000000000000e+02 6.600000000000000000e+01
6.300000000000000000e+01 6.000000000000000000e+02 4.880000000000000000e+02 6.600000000000000000e+01 6.770000000000000000e+02
6.300000000000000000e+01 6.000000000000000000e+02 4.880000000000000000e+02 6.600000000000000000e+01 6.770000000000000000e+02
6.300000000000000000e+01 6.000000000000000000e+02 4.880000000000000000e+02 6.600000000000000000e+01 6.770000000000000000e+02
6.300000000000000000e+01 6.000000000000000000e+02 6.600000000000000000e+01 4.880000000000000000e+02 6.800000000000000000e+01
6.300000000000000000e+01 6.000000000000000000e+02 6.600000000000000000e+01 4.880000000000000000e+02 6.800000000000000000e+01
6.300000000000000000e+01 6.000000000000000000e+02 6.600000000000000000e+01 4.880000000000000000e+02 6.800000000000000000e+01
6.300000000000000000e+01 6.000000000000000000e+02 6.600000000000000000e+01 4.880000000000000000e+02 6.800000000000000000e+01
6.300000000000000000e+01 6.000000000000000000e+02 6.600000000000000000e+01 4.880000000000000000e+02 6.800000000000000000e+01
6.300000000000000000e+01 6.000000000000000000e+02 6.600000000000000000e+01 4.880000000000000000e+02 6.800000000000000000e+01
6.300000000000000000e+01 6.000000000000000000e+02 6.600000000000000000e+01 4.880000000000000000e+02 6.800000000000000000e+01
6.300000000000000000e+01 6.000000000000000000e+02 6.600000000000000000e+01 4.880000000000000000e+02 6.800000000000000000e+01
6.300000000000000000e+01 6.000000000000000000e+02 6.600000000000000000e+01 4.880000000000000000e+02 6.800000000000000000e+01
6.300000000000000000e+01 6.000000000000000000e+02 6.600000000000000000e+01 4.880000000000000000e+02 6.800000000000000000e+01
6.300000000000000000e+01 6.000000000000000000e+02 6.600000000000000000e+01 4.880000000000000000e+02 6.800000000000000000e+01
6.300000000000000000e+01 6.000000000000000000e+02 6.600000000000000000e+01 4.880000000000000000e+02 6.800000000000000000e+01
6.300000000000000000e+01 6.000000000000000000e+02 6.600000000000000000e+01 4.880000000000000000e+02 6.800000000000000000e+01
6.300000000000000000e+01 6.000000000000000000e+02 6.600000000000000000e+01 6.800000000000000000e+01 4.880000000000000000e+02
6.300000000000000000e+01 6.000000000000000000e+02 6.600000000000000000e+01 6.800000000000000000e+01 4.880000000000000000e+02
6.300000000000000000e+01 6.000000000000000000e+02 6.600000000000000000e+01 6.800000000000000000e+01 4.880000000000000000e+02
6.300000000000000000e+01 6.000000000000000000e+02 6.600000000000000000e+01 6.800000000000000000e+01 6.700000000000000000e+01
6.300000000000000000e+01 6.000000000000000000e+02 6.600000000000000000e+01 6.800000000000000000e+01 6.700000000000000000e+01
6.300000000000000000e+01 6.000000000000000000e+02 6.600000000000000000e+01 6.800000000000000000e+01 6.700000000000000000e+01
6.300000000000000000e+01 6.000000000000000000e+02 6.600000000000000000e+01 6.800000000000000000e+01 6.700000000000000000e+01
6.300000000000000000e+01 6.000000000000000000e+02 6.600000000000000000e+01 6.800000000000000000e+01 6.700000000000000000e+01
6.300000000000000000e+01 6.000000000000000000e+02 6.600000000000000000e+01 6.800000000000000000e+01 6.700000000000000000e+01
6.300000000000000000e+01 6.000000000000000000e+02 6.600000000000000000e+01 6.800000000000000000e+01 6.700000000000000000e+01
6.300000000000000000e+01 6.000000000000000000e+02 6.600000000000000000e+01 6.800000000000000000e+01 6.700000000000000000e+01
6.300000000000000000e+01 6.000000000000000000e+02 6.600000000000000000e+01 6.800000000000000000e+01 6.700000000000000000e+01
6.300000000000000000e+01 6.000000000000000000e+02 6.600000000000000000e+01 6.700000000000000000e+01 6.800000000000000000e+01
6.300000000000000000e+01 6.000000000000000000e+02 6.600000000000000000e+01 6.700000000000000000e+01 6.800000000000000000e+01
6.300000000000000000e+01 6.000000000000000000e+02 6.600000000000000000e+01 6.700000000000000000e+01 6.800000000000000000e+01
6.300000000000000000e+01 6.000000000000000000e+02 6.600000000000000000e+01 6.700000000000000000e+01 6.800000000000000000e+01
6.300000000000000000e+01 6.000000000000000000e+02 6.600000000000000000e+01 6.700000000000000000e+01 6.800000000000000000e+01
6.300000000000000000e+01 6.000000000000000000e+02 6.600000000000000000e+01 6.700000000000000000e+01 6.800000000000000000e+01
6.300000000000000000e+01 6.000000000000000000e+02 6.600000000000000000e+01 6.700000000000000000e+01 6.800000000000000000e+01
6.300000000000000000e+01 6.000000000000000000e+02 6.600000000000000000e+01 6.700000000000000000e+01 6.800000000000000000e+01
6.300000000000000000e+01 6.000000000000000000e+02 6.600000000000000000e+01 6.700000000000000000e+01 6.800000000000000000e+01
6.300000000000000000e+01 6.000000000000000000e+02 6.600000000000000000e+01 6.800000000000000000e+01 4.880000000000000000e+02
6.300000000000000000e+01 6.000000000000000000e+02 6.600000000000000000e+01 4.880000000000000000e+02 6.800000000000000000e+01
6.300000000000000000e+01 6.000000000000000000e+02 6.600000000000000000e+01 4.880000000000000000e+02 6.800000000000000000e+01
6.300000000000000000e+01 6.000000000000000000e+02 6.600000000000000000e+01 6.800000000000000000e+01 4.880000000000000000e+02
6.300000000000000000e+01 6.000000000000000000e+02 6.600000000000000000e+01 6.800000000000000000e+01 6.700000000000000000e+01
6.300000000000000000e+01 6.000000000000000000e+02 6.600000000000000000e+01 6.800000000000000000e+01 6.700000000000000000e+01
6.300000000000000000e+01 6.000000000000000000e+02 6.600000000000000000e+01 6.800000000000000000e+01 6.700000000000000000e+01
6.300000000000000000e+01 6.000000000000000000e+02 6.600000000000000000e+01 6.800000000000000000e+01 6.700000000000000000e+01
