9.294587877067387888e-04
8.899813941695143863e-04
2.074873339044227827e-01
2.582942978987736726e-01
1.610129377886969915e-01
9.715587457210732303e-02
3.276093777009699004e-02
2.662465944252793634e-02
2.854307000234862154e-02
3.646522914853103647e-02
3.737439728929833199e-02
4.348060051339001919e-02
5.180167284280755985e-02
5.195609635517885877e-02
6.100672117554475221e-02
6.916000584276754681e-02
8.775091756398221976e-02
9.770654950918833404e-02
1.013079318595722228e-01
1.153166977823316675e-01
1.269148515534041233e-01
1.214992939374127112e-01
1.257437885166146074e-01
1.400999854299859182e-01
1.430323668360498346e-01
1.524638030364381669e-01
1.431059642286225675e-01
1.503112845866227121e-01
1.484215098431737878e-01
1.454630736500188148e-01
1.510791627098572731e-01
1.561007247068910142e-01
1.566942461139617104e-01
1.592905908856664388e-01
1.508735014991466894e-01
1.554699110018663566e-01
1.537726316825915873e-01
1.611456289883937409e-01
1.646240537794424752e-01
1.678310622366935012e-01
1.703020229586222067e-01
1.662619625056113715e-01
1.717649660394671707e-01
1.739319603961331506e-01
1.818220954042160387e-01
1.770279592222653298e-01
1.777671254129831457e-01
1.784930427813699316e-01
1.961416735321891702e-01
1.938951862415371763e-01
2.033981347134349860e-01
