9.710000000000000000e+02 7.350000000000000000e+02 8.240000000000000000e+02 9.110000000000000000e+02 5.910000000000000000e+02
9.400000000000000000e+01 9.890000000000000000e+02 1.200000000000000000e+01 1.900000000000000000e+01 8.500000000000000000e+01
8.550000000000000000e+02 9.660000000000000000e+02 6.290000000000000000e+02 5.040000000000000000e+02 7.090000000000000000e+02
5.570000000000000000e+02 4.040000000000000000e+02 1.000000000000000000e+00 9.400000000000000000e+01 8.950000000000000000e+02
4.040000000000000000e+02 5.570000000000000000e+02 8.950000000000000000e+02 9.400000000000000000e+01 1.000000000000000000e+00
4.040000000000000000e+02 8.950000000000000000e+02 5.570000000000000000e+02 9.080000000000000000e+02 7.440000000000000000e+02
4.040000000000000000e+02 8.950000000000000000e+02 9.080000000000000000e+02 5.570000000000000000e+02 7.440000000000000000e+02
4.040000000000000000e+02 8.950000000000000000e+02 5.570000000000000000e+02 9.080000000000000000e+02 7.490000000000000000e+02
4.040000000000000000e+02 8.950000000000000000e+02 5.570000000000000000e+02 7.490000000000000000e+02 9.080000000000000000e+02
4.040000000000000000e+02 8.950000000000000000e+02 7.490000000000000000e+02 5.570000000000000000e+02 9.080000000000000000e+02
4.040000000000000000e+02 8.950000000000000000e+02 7.490000000000000000e+02 5.570000000000000000e+02 9.080000000000000000e+02
4.040000000000000000e+02 7.490000000000000000e+02 8.950000000000000000e+02 5.570000000000000000e+02 9.080000000000000000e+02
4.040000000000000000e+02 8.950000000000000000e+02 7.490000000000000000e+02 5.570000000000000000e+02 9.080000000000000000e+02
4.040000000000000000e+02 8.950000000000000000e+02 7.490000000000000000e+02 9.080000000000000000e+02 5.570000000000000000e+02
4.040000000000000000e+02 8.950000000000000000e+02 7.490000000000000000e+02 9.080000000000000000e+02 5.570000000000000000e+02
4.040000000000000000e+02 8.950000000000000000e+02 7.490000000000000000e+02 9.080000000000000000e+02 5.570000000000000000e+02
4.040000000000000000e+02 8.950000000000000000e+02 7.490000000000000000e+02 9.080000000000000000e+02 7.440000000000000000e+02
4.040000000000000000e+02 8.950000000000000000e+02 7.490000000000000000e+02 9.080000000000000000e+02 7.440000000000000000e+02
8.950000000000000000e+02 4.040000000000000000e+02 7.490000000000000000e+02 9.080000000000000000e+02 7.440000000000000000e+02
8.950000000000000000e+02 4.040000000000000000e+02 7.490000000000000000e+02 9.080000000000000000e+02 7.440000000000000000e+02
8.950000000000000000e+02 4.040000000000000000e+02 9.080000000000000000e+02 7.490000000000000000e+02 7.440000000000000000e+02
8.950000000000000000e+02 4.040000000000000000e+02 9.080000000000000000e+02 7.490000000000000000e+02 7.440000000000000000e+02
8.950000000000000000e+02 4.040000000000000000e+02 9.080000000000000000e+02 7.440000000000000000e+02 6.570000000000000000e+02
8.950000000000000000e+02 4.040000000000000000e+02 9.080000000000000000e+02 7.440000000000000000e+02 6.570000000000000000e+02
8.950000000000000000e+02 4.040000000000000000e+02 9.080000000000000000e+02 7.440000000000000000e+02 6.570000000000000000e+02
8.950000000000000000e+02 4.040000000000000000e+02 9.080000000000000000e+02 7.440000000000000000e+02 6.570000000000000000e+02
8.950000000000000000e+02 4.040000000000000000e+02 9.080000000000000000e+02 7.440000000000000000e+02 6.570000000000000000e+02
8.950000000000000000e+02 4.040000000000000000e+02 9.080000000000000000e+02 7.440000000000000000e+02 6.570000000000000000e+02
8.950000000000000000e+02 4.040000000000000000e+02 9.080000000000000000e+02 7.440000000000000000e+02 6.570000000000000000e+02
8.950000000000000000e+02 4.040000000000000000e+02 9.080000000000000000e+02 7.440000000000000000e+02 6.570000000000000000e+02
8.950000000000000000e+02 4.040000000000000000e+02 9.080000000000000000e+02 7.440000000000000000e+02 6.570000000000000000e+02
8.950000000000000000e+02 4.040000000000000000e+02 9.080000000000000000e+02 7.440000000000000000e+02 6.570000000000000000e+02
8.950000000000000000e+02 4.040000000000000000e+02 9.080000000000000000e+02 6.570000000000000000e+02 7.440000000000000000e+02
8.950000000000000000e+02 4.040000000000000000e+02 9.080000000000000000e+02 6.570000000000000000e+02 7.440000000000000000e+02
8.950000000000000000e+02 4.040000000000000000e+02 9.080000000000000000e+02 6.570000000000000000e+02 7.440000000000000000e+02
8.950000000000000000e+02 4.040000000000000000e+02 9.080000000000000000e+02 6.570000000000000000e+02 7.440000000000000000e+02
8.950000000000000000e+02 4.040000000000000000e+02 9.080000000000000000e+02 6.570000000000000000e+02 7.440000000000000000e+02
8.950000000000000000e+02 4.040000000000000000e+02 9.080000000000000000e+02 6.570000000000000000e+02 7.440000000000000000e+02
8.950000000000000000e+02 4.040000000000000000e+02 9.080000000000000000e+02 6.570000000000000000e+02 7.440000000000000000e+02
8.950000000000000000e+02 4.040000000000000000e+02 9.080000000000000000e+02 6.570000000000000000e+02 7.440000000000000000e+02
8.950000000000000000e+02 4.040000000000000000e+02 9.080000000000000000e+02 7.950000000000000000e+02 6.570000000000000000e+02
8.950000000000000000e+02 4.040000000000000000e+02 9.080000000000000000e+02 6.570000000000000000e+02 7.440000000000000000e+02
8.950000000000000000e+02 4.040000000000000000e+02 9.080000000000000000e+02 7.950000000000000000e+02 6.570000000000000000e+02
8.950000000000000000e+02 4.040000000000000000e+02 9.080000000000000000e+02 7.950000000000000000e+02 6.570000000000000000e+02
8.950000000000000000e+02 4.040000000000000000e+02 9.080000000000000000e+02 7.950000000000000000e+02 6.570000000000000000e+02
8.950000000000000000e+02 4.040000000000000000e+02 9.080000000000000000e+02 7.950000000000000000e+02 6.570000000000000000e+02
8.950000000000000000e+02 4.040000000000000000e+02 9.080000000000000000e+02 7.950000000000000000e+02 6.570000000000000000e+02
8.950000000000000000e+02 4.040000000000000000e+02 9.080000000000000000e+02 7.950000000000000000e+02 6.570000000000000000e+02
8.950000000000000000e+02 4.040000000000000000e+02 9.080000000000000000e+02 7.950000000000000000e+02 6.570000000000000000e+02
8.950000000000000000e+02 4.040000000000000000e+02 9.080000000000000000e+02 7.950000000000000000e+02 6.570000000000000000e+02
8.950000000000000000e+02 4.040000000000000000e+02 9.080000000000000000e+02 7.950000000000000000e+02 6.570000000000000000e+02
