9.156924474428551879e-04
7.846117182832037379e-03
2.550120694104693331e-01
4.000081833614123616e-01
7.136480209944227049e-01
7.293643252255797016e-01
8.260690885225991931e-01
8.859177759551291054e-01
9.275600107682739903e-01
9.454614580738618379e-01
9.743967345095463362e-01
9.809255244070999025e-01
9.881500496838391268e-01
9.913484449548020105e-01
9.911589764919623846e-01
9.942480607319157393e-01
9.961780649157865319e-01
9.983993057731849197e-01
9.991438898935007806e-01
9.990323040436640545e-01
9.995879584740203772e-01
1.000321048772893961e+00
1.001096881720256349e+00
1.001598299680681370e+00
1.002000942613085588e+00
1.002383351630659059e+00
1.002528401262716029e+00
1.002802756386000027e+00
1.002872557405801501e+00
1.002893689275432543e+00
1.003051908911225532e+00
1.003164392715862441e+00
1.003146134301591941e+00
1.003285437022927828e+00
1.003428211836157713e+00
1.003523694363244401e+00
1.003589125336351362e+00
1.003596967474939650e+00
1.003645157715883141e+00
1.003656651537325528e+00
1.003678621498103496e+00
1.003646474716256787e+00
1.003745848380810823e+00
1.003760455112227223e+00
1.003793320257914123e+00
1.003778593799190988e+00
1.003820857538453293e+00
1.003859110412941291e+00
1.003890538830947810e+00
1.003893053104388366e+00
1.003863899505208934e+00
