1.035695604514330626e-04 7.028773543424904346e-04 1.209188601933419704e-03 1.426204922609031200e-03 8.366707334062084556e-05 7.637520320713520050e-04
3.716819919645786285e-04 4.750844091176986694e-04 3.453706158325076103e-03 1.191026531159877777e-03 1.787312648957595229e-04 5.147786578163504601e-04
6.048133363947272301e-04 1.948660428752191365e-05 3.033504472114145756e-04 6.261916132643818855e-05 1.577497023390606046e-04 1.269209315069019794e-04
3.629313432611525059e-04 2.164131956305936910e-06 2.439245690766256303e-05 2.913767821155488491e-05 1.000794218271039426e-04 2.744231278484221548e-05
2.325059322174638510e-04 1.090136606762825977e-06 2.192354077124036849e-05 2.433602458040695637e-05 3.416126710362732410e-04 1.414862526871729642e-05
1.405254006385803223e-04 3.355816886596585391e-07 7.271866707014851272e-06 3.915703564416617155e-05 1.280909782508388162e-04 4.346016339695779607e-06
3.652375598903745413e-04 1.662940434243864729e-07 7.608560281369136646e-06 3.324988210806623101e-05 1.046028046403080225e-04 2.702483470784500241e-06
1.529405824840068817e-03 7.548090508180393954e-08 1.466419325879542157e-05 4.541271846392191947e-05 7.974939944688230753e-05 1.282297716898028739e-06
5.667391233146190643e-03 3.017020944184878317e-08 2.513655635993927717e-05 4.842500493396073580e-05 5.808629066450521350e-05 6.123695470705570187e-07
2.375667728483676910e-02 1.213215927720057152e-08 2.404992847004905343e-05 4.959740181220695376e-05 4.028646435472182930e-05 3.174587561716180062e-07
6.908515840768814087e-02 6.228541238328944019e-09 3.482352622086182237e-05 3.704775008372962475e-05 3.030958214367274195e-05 1.953066970372674405e-07
1.940837204456329346e-01 2.973085999613545027e-09 4.027214527013711631e-05 2.774037238850723952e-05 1.563618025102186948e-05 1.095742803158827883e-07
2.647372782230377197e-01 1.583697173401787950e-09 4.002658170065842569e-05 2.396327363385353237e-05 1.009989318845327944e-05 6.985471401321774465e-08
4.907857477664947510e-01 6.606481472992697945e-10 3.005533835676033050e-05 1.420641365257324651e-05 4.548144261207198724e-06 3.079777144421314006e-08
6.784726977348327637e-01 2.637304818975394483e-10 1.727446579025126994e-05 7.428103344864211977e-06 2.053618118225131184e-06 1.420085471437460001e-08
7.995949983596801758e-01 1.027653170893039203e-10 1.113089001592015848e-05 3.125895318589755334e-06 8.548420282750157639e-07 4.972824374505080414e-09
8.783656358718872070e-01 4.457494442999809792e-11 7.500061656173784286e-06 2.027021082540159114e-06 3.690571475090109743e-07 2.158521361650400650e-09
9.305450916290283203e-01 1.982346058138073630e-11 4.031004664284409955e-06 8.942444651438563596e-07 1.914622771437279880e-07 1.051496667514584260e-09
9.454416632652282715e-01 1.369434080022990941e-11 3.839606051769806072e-06 6.036157174094114453e-07 1.320790659065096406e-07 7.891638453827454214e-10
9.496163725852966309e-01 1.681857951518761496e-11 5.177023012947756797e-06 7.291160386557749007e-07 1.142050862767973740e-07 8.179206201219813011e-10
9.408928155899047852e-01 1.561580205422519185e-11 4.988080036127939820e-06 6.492929855994589161e-07 1.122803965358798450e-07 8.301237475194511717e-10
9.512845873832702637e-01 1.291660008118089564e-11 4.258208264218410477e-06 5.631574140352313407e-07 9.212399021407691180e-08 8.292072029014718737e-10
9.551451206207275391e-01 1.154344501930193445e-11 3.935525000997586176e-06 5.662452622345881537e-07 8.868004641726656700e-08 7.908418364621638830e-10
9.682084321975708008e-01 6.562745138993797411e-12 1.993533032873529010e-06 2.940130627848702716e-07 5.328061192244604172e-08 4.946092424518155894e-10
9.752722382545471191e-01 5.607519223266299591e-12 1.483975665905745700e-06 2.243536414425761905e-07 4.511014140007318929e-08 4.485142812704623339e-10
9.811703562736511230e-01 3.883704989549041642e-12 9.280279300583060831e-07 1.229591362061910331e-07 3.459428299379396776e-08 3.224870648299571485e-10
9.841899275779724121e-01 2.268272375482993652e-12 5.314021791491541080e-07 7.295057713463393156e-08 2.205494809004449053e-08 1.999043985900783582e-10
9.846866726875305176e-01 2.265995767761208590e-12 4.375253297439485323e-07 7.383155775642080698e-08 2.091881867727352073e-08 1.857818898720609013e-10
9.824398756027221680e-01 2.314329066929743384e-12 3.204002041456988081e-07 6.235628546846783138e-08 1.991043241389434115e-08 1.806932936609939588e-10
9.829952120780944824e-01 2.370686763217277893e-12 2.942560115570813650e-07 6.845315425607623183e-08 1.922365555628857692e-08 1.798808185737854615e-10
9.826706051826477051e-01 1.937264584861431160e-12 2.221153891923677293e-07 6.491367088301558397e-08 1.456636944396905164e-08 1.430555673920252957e-10
9.839374423027038574e-01 1.478939149965330380e-12 1.484923899397472269e-07 4.906164363660536765e-08 1.335073562813704484e-08 1.203540461736096745e-10
9.848943352699279785e-01 1.192110537888424471e-12 1.019073820884841552e-07 4.417265131451131310e-08 1.086837730923662093e-08 1.054602516425973135e-10
9.804038405418395996e-01 1.493343643188538294e-12 1.237074940263482858e-07 6.341771552342834184e-08 1.246741110350058079e-08 1.277774136498877056e-10
9.807274341583251953e-01 1.228782483750356924e-12 1.152032069740016595e-07 5.446175421752741386e-08 1.242394720435413547e-08 1.248886688509642795e-10
9.778550863265991211e-01 1.377326963418468164e-12 1.243441261067346204e-07 6.886031655994884204e-08 1.405650262853441745e-08 1.449527720076559945e-10
9.751756191253662109e-01 1.678661224781274885e-12 1.128147957274450164e-07 7.025268189408961916e-08 1.431465612711235735e-08 1.728702042624874480e-10
9.714538455009460449e-01 1.661648032710849598e-12 9.624172037092648679e-08 7.064735996209492441e-08 1.596580823104432056e-08 1.819674966263562510e-10
9.690629243850708008e-01 2.202754038199694619e-12 1.189697798054112354e-07 8.084326452717505163e-08 1.990030362719608092e-08 2.429446088747511112e-10
9.671725630760192871e-01 2.137175636116039890e-12 1.102617943615769036e-07 8.547912955236824928e-08 2.013523747734780045e-08 2.381739805379368136e-10
9.667631983757019043e-01 2.517051237577172529e-12 1.081532801094908791e-07 8.384724736743009998e-08 2.096198947754146502e-08 2.882762917266745717e-10
9.691581130027770996e-01 2.155315205823460367e-12 8.801259099300295929e-08 7.201705898296495434e-08 1.864263587947334599e-08 2.467057391708493697e-10
9.665411710739135742e-01 2.441353326096407095e-12 8.418739128046581754e-08 7.739671303852446727e-08 2.036250990045118670e-08 2.592962233816109574e-10
9.675103425979614258e-01 2.163320954665093332e-12 7.551684433337868541e-08 6.270317953749326989e-08 1.698055740462223184e-08 2.332053716802562349e-10
9.674605727195739746e-01 2.604575626355409845e-12 8.347529245611440274e-08 6.733462498687003972e-08 1.924509085426961974e-08 2.629064743686626571e-10
9.659693241119384766e-01 2.982308410642842134e-12 8.297024578496348113e-08 6.983650280290021328e-08 2.286707179166569404e-08 3.093533762488220873e-10
9.647822380065917969e-01 4.036250934175145133e-12 9.495948205540116760e-08 8.583228350289573427e-08 2.654354069875353161e-08 3.611580756679444448e-10
9.667032361030578613e-01 3.584837938649942934e-12 8.200519374668147066e-08 7.571001958694978384e-08 2.369731788576245890e-08 3.448455687671270198e-10
9.661830663681030273e-01 3.645327095735950707e-12 7.260600654035442858e-08 7.187806971842292114e-08 2.194390980037042027e-08 3.395075331980024202e-10
9.660509824752807617e-01 3.122955453266351711e-12 5.974666805741435383e-08 6.219274695240528672e-08 1.945069705300284113e-08 2.859579795178035511e-10
9.719540476799011230e-01 2.672886868435031538e-12 5.036232764155101904e-08 5.457756913074263139e-08 1.536336391438908322e-08 2.481163607903624779e-10
