9.787807464599609375e+00
1.478341007232666016e+01
1.825505447387695312e+01
1.993683815002441406e+01
2.120112800598144531e+01
2.240839195251464844e+01
2.332923889160156250e+01
2.405202484130859375e+01
2.460254287719726562e+01
2.505172538757324219e+01
2.543156051635742188e+01
2.575928688049316406e+01
2.607511329650878906e+01
2.634868049621582031e+01
2.662620544433593750e+01
2.688982963562011719e+01
2.713414382934570312e+01
2.738154983520507812e+01
2.761772155761718750e+01
2.783991813659667969e+01
2.805408287048339844e+01
2.825915908813476562e+01
2.847415924072265625e+01
2.868830108642578125e+01
2.888112068176269531e+01
2.907454681396484375e+01
2.925969696044921875e+01
2.943264579772949219e+01
2.960975265502929688e+01
2.975902748107910156e+01
2.990125656127929688e+01
3.003901863098144531e+01
3.016767311096191406e+01
3.030147171020507812e+01
3.043009948730468750e+01
3.053210449218750000e+01
3.066102409362792969e+01
3.077067565917968750e+01
3.088009071350097656e+01
3.098839759826660156e+01
3.108962821960449219e+01
3.118635749816894531e+01
3.129034042358398438e+01
3.138689804077148438e+01
3.148579597473144531e+01
3.157768249511718750e+01
3.168309974670410156e+01
3.177245903015136719e+01
3.186389923095703125e+01
3.195523452758789062e+01
3.204895019531250000e+01
