4.957895045790420207e-04
3.519630298637831090e-04
4.354938871804991257e-02
1.292327017850235238e-01
7.438878792588005107e-01
1.053657056578291229e+00
1.504873848723561780e+00
1.717985347289147979e+00
1.864839615089631364e+00
2.020230769574773877e+00
2.101737591705219454e+00
2.104442909657641358e+00
2.075374507234678312e+00
2.062151179170924387e+00
2.075894663935727635e+00
2.066554762634134068e+00
2.034812486444062429e+00
2.039244579301955795e+00
2.045424829111334386e+00
2.065283998291672418e+00
2.065292523159690585e+00
2.042298857835387782e+00
2.014217243823523518e+00
2.010893523559940110e+00
2.002422460036536567e+00
1.966397485806793410e+00
1.957713021079063864e+00
1.945686109328497615e+00
1.926787874451333815e+00
1.921568838448999506e+00
1.897058165873248381e+00
1.902370695919914256e+00
1.890373830835314184e+00
1.890182091180870216e+00
1.857497747198812110e+00
1.843190083873521123e+00
1.824140916906853649e+00
1.812613897826801601e+00
1.814060470103148193e+00
1.786220766690294059e+00
1.810410568823914712e+00
1.787727991306311548e+00
1.766270619000449349e+00
1.778463136793665855e+00
1.781748006019395314e+00
1.782867279264614080e+00
1.761936771752668163e+00
1.766040028308151877e+00
1.763782755058461049e+00
1.764308362084964665e+00
1.789141442374128310e+00
