1.722702436381950974e-04 1.153796401922591031e-04 2.116940304404124618e-04 1.075185264198807999e-05 1.946262091223616153e-05 2.943059895187616348e-03
1.464196830056607723e-04 8.494692337990272790e-06 3.333195490995422006e-05 1.542877498650341295e-06 3.133984137093648314e-05 7.025789003819227219e-03
6.353693897835910320e-04 6.457144991145469248e-06 1.039449944073567167e-05 2.171789446947514080e-06 4.307609342504292727e-04 1.484951586462557316e-03
3.972294926643371582e-02 2.079322598547150847e-07 9.397731304261469631e-08 3.394752070562390145e-07 7.551541784778237343e-06 1.104892435250803828e-04
5.109056234359741211e-01 9.089094277214826434e-08 4.200720837843618938e-08 1.735442651806806680e-07 1.011879589896125253e-06 2.278965439472813159e-05
6.533827781677246094e-01 4.449281476581745665e-08 1.945750049969774409e-08 8.673841023210115964e-08 4.349732591890642652e-07 1.330500890617258847e-05
7.603148818016052246e-01 2.792138964480272989e-08 1.638848701190909196e-08 6.190131074390592403e-08 2.674161123650264926e-07 1.623873686185106635e-05
8.260389566421508789e-01 1.728218990137975197e-08 1.540376359798756312e-08 4.082939852878553211e-08 2.582235651971132029e-07 1.307404545514145866e-05
8.407315015792846680e-01 2.592016556945964112e-08 3.028323192211246351e-08 6.893361614856985398e-08 4.589309412494912976e-07 2.232307997473981231e-05
8.663626313209533691e-01 2.196470205717560020e-08 3.184047869808637188e-08 5.281302861703807139e-08 5.155093845132796559e-07 2.112106449203565717e-05
8.615803122520446777e-01 2.940687515717854694e-08 4.552706300842146447e-08 5.894483123825011717e-08 6.521254363178741187e-07 2.570242759247776121e-05
8.601492643356323242e-01 3.425715178195787303e-08 5.679020276261326217e-08 5.877155118128030153e-08 7.866659643696038984e-07 2.521375790820457041e-05
8.640407919883728027e-01 3.523465252897040045e-08 6.218755288500688039e-08 5.877218356431512802e-08 8.626137741885031573e-07 2.452835724398028105e-05
8.780797123908996582e-01 2.505426621723927383e-08 5.470330322054905992e-08 3.917477897630305961e-08 7.625025091329007410e-07 1.819132558011915535e-05
8.938169479370117188e-01 2.386090258710282797e-08 6.147715936322128982e-08 3.602548659387139196e-08 7.116573215171229094e-07 1.620542025193572044e-05
8.976940512657165527e-01 2.201472781848679006e-08 6.254735751554107992e-08 3.256744562918356678e-08 6.827262950537260622e-07 1.291211174248019233e-05
9.096398949623107910e-01 1.811002370288861130e-08 5.552612236670029233e-08 2.479731975313370640e-08 6.010006927681388333e-07 9.382781172462273389e-06
9.268314838409423828e-01 1.088511858426954859e-08 3.549838822891615564e-08 1.459142406901037248e-08 3.567519115676986985e-07 6.036919330654200166e-06
9.313973784446716309e-01 9.804938194690748787e-09 3.317682839565350150e-08 1.345272693242804962e-08 3.526184571001067525e-07 5.197810878598829731e-06
9.390303492546081543e-01 7.894331410795984993e-09 2.640375029727692890e-08 1.136887739505709760e-08 2.909895613356638933e-07 4.501296643866226077e-06
9.422720670700073242e-01 6.295527654742727464e-09 2.137229060394929547e-08 9.593859040535335225e-09 2.448718134928640211e-07 3.734531446752953343e-06
9.440154433250427246e-01 5.065059038855679319e-09 1.763386769937369536e-08 8.379350546761088481e-09 1.985511914881499251e-07 3.173978711856761947e-06
9.474669694900512695e-01 4.212433069028520549e-09 1.435520680104218627e-08 6.860668033681349698e-09 1.617786580254687578e-07 2.918364316428778693e-06
9.470713734626770020e-01 4.060960012708392242e-09 1.377770075805528904e-08 6.446772005119782989e-09 1.569028285075546592e-07 2.653956926224054769e-06
9.482991695404052734e-01 3.792286040749104359e-09 1.212420919216583570e-08 6.129642571295335074e-09 1.273098320098142722e-07 2.699322521948488429e-06
9.481416344642639160e-01 3.373455736976893604e-09 1.052802911516437234e-08 5.217909659904762520e-09 1.141174763574781537e-07 2.789186055451864377e-06
9.443379640579223633e-01 3.290972605540787299e-09 1.048165465533656970e-08 4.532762609699148015e-09 1.189111529242836696e-07 2.689613893380737863e-06
9.437037110328674316e-01 3.063183928730950356e-09 8.957857566826987750e-09 4.083292814982542041e-09 1.209472344498863094e-07 2.754230081336572766e-06
9.396935701370239258e-01 3.002689874520569902e-09 8.765038472802189062e-09 3.914199631083192799e-09 1.230164627941121580e-07 2.790671260299859568e-06
9.354909062385559082e-01 3.589364361289426597e-09 9.628089436830578052e-09 4.583150747805575520e-09 1.377742364638834260e-07 3.321283884361037053e-06
9.274359345436096191e-01 4.017622234897544331e-09 1.037118746438636663e-08 4.932173336413825382e-09 1.556429936044878559e-07 3.898637714883079752e-06
9.175201654434204102e-01 4.785592810918615214e-09 1.203781962999528332e-08 5.768212574253084313e-09 1.573159522649802966e-07 4.502288447838509455e-06
9.167622923851013184e-01 4.840247314064072270e-09 1.228849821899302697e-08 5.401179503650155311e-09 1.604102379815230961e-07 5.159953161637531593e-06
9.084978699684143066e-01 5.839947636587794477e-09 1.487348555428980035e-08 6.423857001891519758e-09 1.701107663620859967e-07 6.158707037684507668e-06
9.076544642448425293e-01 5.981541040256388442e-09 1.471726296387032562e-08 6.576621469633892048e-09 1.745666935448753065e-07 6.784690867789322510e-06
8.923742771148681641e-01 7.242243693639238700e-09 1.833744711632334656e-08 7.714315408691163611e-09 2.018128526515283738e-07 8.712962880963459611e-06
8.896490931510925293e-01 7.095443343985152751e-09 1.743021194045013544e-08 7.355723585789064600e-09 1.993409028955284157e-07 9.225085705111268908e-06
8.813176751136779785e-01 7.244488120505820916e-09 1.782049707799160387e-08 7.291523829167090298e-09 2.099340150607531541e-07 9.103517186304088682e-06
8.807637691497802734e-01 7.769449972272468585e-09 1.984199116122908890e-08 7.414141744988000937e-09 2.157661214141626260e-07 1.058534871845040470e-05
8.745282888412475586e-01 8.606364509944341989e-09 2.118382269600260770e-08 8.047438271319151681e-09 2.203022404501098208e-07 1.124274513131240383e-05
8.568034768104553223e-01 1.005517713537074087e-08 2.507658436456949858e-08 9.115197485698445234e-09 2.540272134865517728e-07 1.386789608659455553e-05
8.574721217155456543e-01 1.033868635147427995e-08 2.489430173113760247e-08 9.220885388572241936e-09 2.267887708740090602e-07 1.444950066797900945e-05
8.489698171615600586e-01 1.129452886772241982e-08 2.571258939099152485e-08 1.020763029657700827e-08 2.336042967954199412e-07 1.456994050386128947e-05
8.419500589370727539e-01 1.161896268087048156e-08 2.631174922385071113e-08 1.016044492985201941e-08 2.306476289959391579e-07 1.391815931128803641e-05
8.379034399986267090e-01 1.238054903041074795e-08 2.835877133122721716e-08 1.066824317774717201e-08 2.438842159335763426e-07 1.554391383251640946e-05
8.289048075675964355e-01 1.371175795128465325e-08 2.958541145403614792e-08 1.133215921100827472e-08 2.535332157549419207e-07 1.694978345767594874e-05
8.120701313018798828e-01 1.451140629882274879e-08 3.116243618705993867e-08 1.226913060037304604e-08 2.719357041769399075e-07 1.854058609751518816e-05
8.140641450881958008e-01 1.426085738387428137e-08 3.044315732836366806e-08 1.164328100600187099e-08 2.739879221280716592e-07 1.705817703623324633e-05
8.020021319389343262e-01 1.639495117444766947e-08 3.236688428387424210e-08 1.303710828182147452e-08 2.918077370850369334e-07 2.016864527831785381e-05
8.008230924606323242e-01 1.689302919771762390e-08 3.285813932052406017e-08 1.321888376537572185e-08 2.733152371092728572e-07 1.940695619850885123e-05
7.918634414672851562e-01 1.696876061885177478e-08 3.302162809859510162e-08 1.293022133808108265e-08 2.672845766937825829e-07 2.083101935568265617e-05
