9.039188385009765625e+00
1.458452415466308594e+01
2.030648422241210938e+01
2.339971733093261719e+01
2.474114990234375000e+01
2.543968963623046875e+01
2.593099021911621094e+01
2.633004188537597656e+01
2.667027473449707031e+01
2.700462913513183594e+01
2.729697799682617188e+01
2.756055068969726562e+01
2.777738571166992188e+01
2.798241233825683594e+01
2.816317367553710938e+01
2.832977104187011719e+01
2.848152160644531250e+01
2.862124633789062500e+01
2.875762557983398438e+01
2.889059066772460938e+01
2.901786613464355469e+01
2.913507461547851562e+01
2.924711608886718750e+01
2.936733245849609375e+01
2.948159980773925781e+01
2.960282325744628906e+01
2.970708274841308594e+01
2.981514358520507812e+01
2.992396545410156250e+01
3.002940177917480469e+01
3.013486480712890625e+01
3.023354339599609375e+01
3.034372138977050781e+01
3.045412254333496094e+01
3.054488563537597656e+01
3.064651298522949219e+01
3.074544525146484375e+01
3.083513450622558594e+01
3.094077491760253906e+01
3.102085876464843750e+01
3.111040115356445312e+01
3.120218467712402344e+01
3.129050445556640625e+01
3.137759399414062500e+01
3.145548820495605469e+01
3.153660583496093750e+01
3.160934257507324219e+01
3.168791580200195312e+01
3.176899909973144531e+01
3.183620834350585938e+01
3.191268157958984375e+01
