1.940616858353272616e-04
1.795928851021372750e-03
4.802956047463329686e-02
2.461815612310248591e-01
4.979886942856920351e-01
5.784796951616566485e-01
6.716406165628406866e-01
7.654129705596410815e-01
7.367514947989336482e-01
7.327700073377941825e-01
7.231318638811148336e-01
7.170626416312153584e-01
6.923048072289904598e-01
6.323317114691791030e-01
5.861733744259453038e-01
5.351351540397092377e-01
5.420339709296965180e-01
5.732130535673444216e-01
6.152725008551915842e-01
6.300895507556287800e-01
6.697510848255393556e-01
6.775718142356824680e-01
7.055891753034535530e-01
7.183779453006611249e-01
7.368619626998379468e-01
7.707737993052702352e-01
7.948539927302231689e-01
8.029131446732130639e-01
7.971642310966778888e-01
7.997487699441443443e-01
7.947485296523402187e-01
7.845207215652336696e-01
8.112921831960594465e-01
8.142508174896012640e-01
8.351666361854854781e-01
8.383753307328755122e-01
8.442290440974956622e-01
8.429070472309972972e-01
8.494914647567297639e-01
8.524864593910167487e-01
8.645249280285345339e-01
8.788095371183904936e-01
8.882163733327833599e-01
8.966067480812683899e-01
8.971365357326575030e-01
9.033887656677341838e-01
9.073118836266491627e-01
9.170598919935072368e-01
9.133355197777038859e-01
9.266224204132138542e-01
9.313232155107545873e-01
