2.733341599012589340e-03
1.196367340971950938e-02
9.978037800385716402e-03
1.102945461167425568e-02
1.797666768364238402e-02
2.604095279031428192e-02
9.346786444784968562e-02
1.828220523381978990e-01
2.434785392687147387e-01
3.021353163723893842e-01
3.684345999499289981e-01
3.490360449652951669e-01
4.289266537937792556e-01
4.660155478417368768e-01
4.252278754462537336e-01
3.474900608845115646e-01
2.815011040961473143e-01
2.972306220144376177e-01
3.338045956736415132e-01
3.550650135601653989e-01
4.666111561306710565e-01
5.531280050067098886e-01
5.719024333357498602e-01
6.545839287704142695e-01
7.610459754225488149e-01
7.683095985191189525e-01
7.706807808612508026e-01
8.046158272728135552e-01
7.815883468181671345e-01
7.679408164157783823e-01
7.430361132528420232e-01
7.297633816932435069e-01
7.450688417717860057e-01
7.318040346982918054e-01
6.772882662916916985e-01
6.448690468887929850e-01
6.480435373223240036e-01
6.621749016263099863e-01
6.370588788339226483e-01
6.525316336191138156e-01
6.492350963162586419e-01
6.176536222777067042e-01
6.354718782000615684e-01
6.170609000670450595e-01
5.826107131421145446e-01
5.889612104231841672e-01
5.844836311912859905e-01
5.646389569889223026e-01
5.825147388104054968e-01
5.502695646023184617e-01
5.832951050253666336e-01
