     100  0.309059858322     0.0000000030
     100  0.122945457697     0.0000000416
     100 0.0675209388137     0.0000001601
     100  0.040317710489     0.0000005049
     100 0.00985758658499     0.0000011963
     100 0.00517769390717     0.0000019430
     100 0.00427386770025     0.0000024169
     100 0.00378479156643     0.0000030720
     100 0.00329312169924     0.0000036420
     100 0.00278189009987     0.0000042612
     100 0.0024082059972     0.0000049435
     100 0.00211100862361     0.0000057198
     100 0.0018757765647     0.0000064252
     100 0.00165200210176     0.0000073548
     100 0.00146072823554     0.0000081905
     100 0.00127676071133     0.0000093903
     100 0.00114244210999     0.0000104885
     100 0.000976252544206     0.0000122388
     100 0.000887428177521     0.0000138149
     100 0.000781947746873     0.0000156782
     100 0.000678737706039     0.0000177406
     100 0.000581176951528     0.0000188804
     100 0.000499148212839     0.0000208139
     100 0.00044012395665     0.0000225635
     100 0.000380216777558     0.0000258972
     100 0.000313521974022     0.0000294979
     100 0.000264408328803     0.0000343512
     100 0.00021371486946     0.0000389434
     100 0.000177180176252     0.0000446997
     100 0.000137708862894     0.0000502312
     100 0.000113218236947     0.0000621703
     100 9.76150549832e-05     0.0000702649
     100 8.25531242299e-05     0.0000765018
     100 7.08738225512e-05     0.0000853127
     100 6.05460809311e-05     0.0000961886
     100 5.34516111657e-05     0.0001051264
     100 4.58048343717e-05     0.0001191596
     100 3.84636805393e-05     0.0001367458
     100 3.48177964042e-05     0.0001489937
     100 3.0402565244e-05     0.0001637582
     100 2.65519702225e-05     0.0001830664
     100 2.31049143622e-05     0.0002047504
     100 1.89589718502e-05     0.0002356734
     100 1.6661166228e-05     0.0002663736
     100 1.43029510582e-05     0.0003055678
     100 1.22204746731e-05     0.0003454502
     100 1.02013536889e-05     0.0004001302
     100 8.96078927326e-06     0.0004416651
     100 7.68259633332e-06     0.0005241377
     100 6.90860815666e-06     0.0006322666
     100 5.49436072106e-06     0.0007331301
     100 4.66554820377e-06     0.0008440514
     100 3.61697652806e-06     0.0010285635
     100 3.13149030262e-06     0.0011767155
     100 2.62873459178e-06     0.0014015910
     100 2.11966698771e-06     0.0016517253
     100 1.78777736437e-06     0.0019100105
     100 1.48329695548e-06     0.0023174353
     100 1.2111236174e-06     0.0028365946
     100 9.64452169683e-07     0.0032760913
     100 8.20437776383e-07     0.0038076718
     100 7.10093672751e-07     0.0043346309
     100 5.92239416619e-07     0.0048411638
     100 4.98014799177e-07     0.0055414545
     100 4.42609660922e-07     0.0063520083
     100 3.83435008189e-07     0.0070882067
     100 3.12146568149e-07     0.0084502557
     100 2.77416802419e-07     0.0095906314
     100 2.36505414364e-07     0.0110739414
     100 1.93489242406e-07     0.0129043413
     100 1.67665092476e-07     0.0153996674
     100 1.42197620789e-07     0.0185621269
     100 1.12911571648e-07     0.0223916173
     100 9.38311615073e-08     0.0282593258
     100 7.1895620124e-08     0.0357970037
     100 6.78170124502e-08     0.0439794771
     100 5.22706642414e-08     0.0553319156
     100 4.13908622932e-08     0.0668899864
     100 3.43120802881e-08     0.0778936073
     100 2.84065624356e-08     0.0891988799
     100 2.28083507636e-08     0.1032715216
     100 2.02786090142e-08     0.1171695143
     100 1.66422342573e-08     0.1342173815
     100 1.37196405348e-08     0.1626657695
     100 1.27705739317e-08     0.1868203282
     100 1.02400363744e-08     0.2153874189
     100 7.49886996942e-09     0.2690500319
     100 6.16792306118e-09     0.3189956546
     100 4.76336126098e-09     0.3802365959
     100 3.35358452119e-09     0.4737303257
     100 2.06068495601e-09     0.6083354950
     100 6.31778018789e-10     0.8055870533
     100 8.28433363576e-11     0.9276927710
     100 1.76716939693e-11     0.9794460535
     100 3.56859181962e-12     0.9935023189
     100 8.67543775533e-13     0.9971668124
     100 7.58057299658e-13     0.9981808662
     100 4.42363376832e-13     0.9984440207
     100 6.14547854879e-13     0.9989018440
     100 7.83998788199e-14     0.9992471933
     100 3.01734088019e-13     0.9991602898
     100 3.19953346586e-14     0.9996345043
     100 4.4903634813e-15     0.9998354912
     100 7.42662309823e-15     0.9999251366
     100 2.22383338695e-16     0.9999699593
     100 3.77048543926e-17     0.9999877214
     100 4.46771035275e-17     0.9999860525
     100 1.23625294104e-17     0.9999926090
     100 3.43158089826e-18     0.9999941587
     100 2.9172046831e-19     0.9999988079
     100 1.65659047686e-19     0.9999990463
     100 3.79204602083e-20     0.9999996424
     100 1.39567599817e-20     0.9999997616
     100 3.05198404616e-21     0.9999998808
     100 1.68743451517e-21     1.0000000000
     100 1.55155757876e-21     1.0000000000
     100 1.4620808097e-21     1.0000000000
     100 1.39582992323e-21     1.0000000000
     100 1.33657250957e-21     1.0000000000
     100 1.29250848121e-21     1.0000000000
     100 1.23752409356e-21     1.0000000000
     100 1.20946568694e-21     1.0000000000
     100 1.15916306886e-21     1.0000000000
     100 1.08993859329e-21     1.0000000000
     100 1.06802577915e-21     1.0000000000
