1.823334023356437683e-04 9.048366919159889221e-04 5.342907388694584370e-04 3.838428237941116095e-04 1.584025303600355983e-04 3.720179665833711624e-04
1.921699295053258538e-04 5.413762992247939110e-04 7.896291790530085564e-04 7.813768461346626282e-04 1.542492827866226435e-04 5.425382405519485474e-04
8.891461038729175925e-05 3.399036722839809954e-05 1.756770943757146597e-04 2.095295349135994911e-04 4.108652065042406321e-04 2.132125955540686846e-04
6.332002521958202124e-05 3.325180557567364303e-07 2.628778020152822137e-06 6.731837493134662509e-05 1.494172374805202708e-05 6.196483809617348015e-06
2.477032248862087727e-04 3.753438093667682551e-08 8.764274639361246955e-07 3.057435606024228036e-05 1.225507185154128820e-05 2.851992576324846596e-06
1.579666859470307827e-03 1.885471867524302070e-08 5.772827194050478283e-07 9.352898814540822059e-06 1.307656657445477322e-05 1.562990405545860995e-06
4.397477954626083374e-03 2.298351375884521985e-08 5.089653996037668549e-07 5.452312962006544694e-06 1.510253423475660384e-05 1.176132059299561661e-06
1.250545401126146317e-02 2.039156221655957779e-08 4.275596268143999623e-07 3.176136942784069106e-06 1.804533894755877554e-05 9.342947464574535843e-07
3.931858390569686890e-02 1.488030410001783821e-08 2.980960687182232505e-07 3.337831913086120039e-06 1.588389386597555131e-05 6.553171374434896279e-07
8.632613718509674072e-02 6.676744046529847765e-09 1.768511737054723199e-07 2.059461394310346805e-06 1.229432837135391310e-05 3.989023014128179057e-07
1.505818665027618408e-01 4.550964938232482382e-09 1.463535426182716037e-07 1.516649831501126755e-06 1.156338385044364259e-05 3.744507068859093124e-07
1.852529197931289673e-01 3.235754997277240363e-09 1.427149101118629915e-07 9.258935733669204637e-07 1.209323272632900625e-05 3.513826243306539254e-07
2.436110973358154297e-01 1.448800523995430467e-09 9.931285660513822222e-08 4.105183677438617451e-07 9.412047802470624447e-06 2.338157401027274318e-07
3.521783947944641113e-01 8.193339340323291253e-10 7.505943244723312091e-08 1.722658993230652413e-07 6.637719707214273512e-06 1.683106916061660741e-07
5.332102179527282715e-01 4.432943734311578510e-10 4.236311212935106596e-08 8.510842519626748981e-08 3.403614755370654166e-06 9.320103089294207166e-08
7.046765089035034180e-01 2.166888612986639373e-10 2.050812142329050403e-08 3.461011388594670279e-08 1.934917463586316444e-06 4.599652925207919907e-08
7.849751710891723633e-01 1.033893665125518169e-10 9.947989987324490357e-09 2.004664523269639176e-08 1.002408225758699700e-06 2.185067771165449813e-08
8.673425316810607910e-01 4.046534635149257042e-11 3.969142348125842545e-09 7.843441451882426918e-09 5.203079354032524861e-07 8.849114330189422617e-09
8.745117783546447754e-01 3.545629415069306845e-11 3.479668109207523230e-09 5.919702061873977073e-09 5.018737851969490293e-07 7.552764635931907833e-09
9.035994410514831543e-01 2.001670530715760066e-11 1.912371372370103018e-09 3.292303540902707937e-09 3.176663483372976771e-07 4.200331638060106343e-09
9.215436577796936035e-01 1.137180020288619531e-11 1.121756798561079904e-09 1.798370230510215606e-09 2.031314778605519678e-07 2.452891445514637780e-09
9.418897032737731934e-01 4.848636683124629698e-12 5.310646367107096921e-10 8.958370156797457184e-10 1.125842103988361487e-07 1.123219850462930935e-09
9.443169236183166504e-01 2.704492012284287483e-12 3.149686067516199728e-10 4.805097986171347202e-10 8.459736022814468015e-08 7.115765199294799004e-10
9.524009823799133301e-01 2.098217866813856247e-12 2.366221385496913854e-10 4.168799472292761266e-10 6.299431731804361334e-08 5.524110058274800394e-10
9.596315026283264160e-01 1.461101422142729866e-12 1.611584338201410560e-10 3.032581408213275154e-10 3.803734927032564883e-08 3.922760727359531074e-10
9.656041860580444336e-01 9.039384366894831491e-13 1.053437267972689995e-10 1.967306595407336545e-10 2.539693255698693974e-08 2.520089970037275862e-10
9.633320569992065430e-01 7.931151395357272094e-13 9.022699948291190708e-11 1.679548583544132612e-10 2.104278706838158541e-08 2.226262924009958510e-10
9.592908620834350586e-01 6.539322577360506816e-13 7.765334902876119827e-11 1.419126066659615049e-10 1.902479240811771888e-08 2.024450468374183743e-10
9.619067311286926270e-01 5.169368080294722834e-13 6.220949450019830351e-11 1.136757424302636821e-10 1.313066100294690841e-08 1.680451194863152864e-10
9.642392992973327637e-01 4.219749549783102793e-13 5.104354439122715803e-11 9.966600461597252547e-11 1.037922370272781336e-08 1.420898815274185267e-10
9.695981144905090332e-01 4.713856258456439186e-13 5.156389551452811304e-11 9.841372855534658015e-11 9.739926198903958721e-09 1.460100096384309154e-10
9.702087044715881348e-01 4.424358286420765340e-13 4.949959886424437627e-11 1.043978445358639817e-10 9.014612167845825752e-09 1.443097863429443350e-10
9.696769118309020996e-01 5.547637544657535447e-13 5.910246597684576386e-11 1.150357170631721715e-10 9.939014056215000892e-09 1.822961642750087208e-10
9.692534208297729492e-01 6.359245270128044414e-13 6.174823846682997441e-11 1.262935728219005682e-10 9.638350562113373599e-09 1.944864130853929396e-10
9.691032171249389648e-01 6.075570276910247092e-13 6.100833727096244274e-11 1.303559482579430551e-10 9.191222005711097154e-09 1.885177153271300199e-10
9.669372439384460449e-01 8.312083118154622863e-13 7.634343157647549560e-11 1.695640849952440021e-10 1.084809664320118827e-08 2.467039350584343538e-10
9.663052558898925781e-01 1.106321956788336447e-12 9.534845829550775420e-11 2.277712740639259437e-10 1.319030129565135212e-08 3.093936773446159805e-10
9.676309227943420410e-01 9.982816439810249243e-13 8.747376434303788528e-11 1.971879742823645643e-10 1.140589134251968062e-08 2.803670073880937252e-10
9.637565016746520996e-01 9.166699517504373063e-13 8.790604355546349780e-11 1.894427670290355081e-10 1.116006131951507996e-08 2.795950970746474695e-10
9.638975858688354492e-01 1.119187967128787431e-12 9.371493858711943403e-11 2.206351212841184406e-10 1.211449607296799513e-08 3.025963368763484596e-10
9.607565999031066895e-01 9.346240144661455140e-13 8.410762364352564191e-11 1.899744805911041112e-10 1.079535927317465394e-08 2.711813273936769519e-10
9.565436840057373047e-01 1.348044614303545163e-12 1.114825176617983971e-10 2.584231717506213499e-10 1.527118165256524662e-08 3.689102912041164473e-10
9.502736330032348633e-01 1.635040193515013840e-12 1.412874817141585027e-10 3.066253362327131526e-10 1.668456306447296811e-08 4.416634558079834960e-10
9.546832442283630371e-01 1.528097960667995636e-12 1.335870858376608794e-10 2.869846582598256646e-10 1.461624332677047278e-08 4.200028103085173825e-10
9.500663280487060547e-01 2.001702623100065637e-12 1.797056670138630352e-10 3.505698231709430956e-10 1.803833882263461419e-08 5.504423583602147119e-10
9.511328935623168945e-01 2.033571228077235560e-12 1.732834292722529312e-10 3.768592382602520274e-10 1.727157261655065668e-08 5.233669608806224005e-10
9.476321935653686523e-01 2.275610472626810044e-12 1.845531227839813937e-10 3.866771070004659805e-10 1.741795330190143432e-08 5.733758468018379517e-10
9.420191645622253418e-01 2.668922157930686545e-12 2.209310234757566604e-10 4.575898271408362916e-10 2.046263603006082121e-08 6.705825339459181578e-10
9.449608922004699707e-01 3.373548402435533333e-12 2.650553665439758788e-10 5.589868568023348416e-10 2.254274100721431751e-08 7.925962108856765553e-10
9.472019672393798828e-01 3.145578415797434246e-12 2.502748841504143229e-10 4.862131808280878431e-10 1.934825100136094989e-08 7.485536079876453641e-10
9.411172270774841309e-01 3.116490138871386151e-12 2.611632021753962363e-10 5.502104882815217479e-10 2.096739137869008118e-08 7.686885017399447406e-10
9.394643902778625488e-01 4.017723653770843839e-12 3.175721074999415805e-10 6.722693512983823894e-10 2.418088840272503148e-08 9.386899035845885919e-10
9.339054822921752930e-01 4.609959983192801758e-12 3.638805645689302537e-10 8.246052174420981373e-10 2.783126262784207938e-08 1.083125367173920495e-09
9.323567748069763184e-01 5.451548067136879894e-12 4.009248488756611550e-10 8.579867927238638003e-10 3.077591159694748058e-08 1.197920429518717356e-09
9.349311590194702148e-01 6.812279906842633181e-12 4.929077701554263058e-10 1.132267501979811186e-09 3.743209830986415909e-08 1.454517617460737711e-09
9.342741966247558594e-01 6.364092412780575359e-12 4.439976997172578876e-10 1.049608844283511644e-09 3.114481117449940939e-08 1.310401565035590465e-09
9.302892684936523438e-01 6.346406906942991810e-12 4.504952522133010007e-10 1.083094280929230990e-09 3.272488413585961098e-08 1.330697330104158027e-09
9.334738850593566895e-01 5.949931953380671601e-12 4.491685912100251699e-10 1.060719401202447898e-09 3.166900341966538690e-08 1.302839613970263599e-09
9.291945695877075195e-01 6.514151197622997103e-12 4.615037796362742029e-10 1.156775453203806592e-09 3.490433897468392388e-08 1.369098501236010179e-09
9.240076541900634766e-01 7.622152041475427353e-12 5.621611509631918580e-10 1.353992584718355374e-09 4.225166705396077305e-08 1.663490123426925038e-09
9.217268824577331543e-01 7.467007047401441611e-12 5.524745660956398297e-10 1.365789814578022288e-09 4.260004971001762897e-08 1.687928463667276446e-09
9.179307222366333008e-01 8.320111960502529769e-12 6.435597055265418476e-10 1.648781222662876189e-09 5.043209228006162448e-08 1.931993232062723109e-09
9.151294231414794922e-01 8.356605338266653860e-12 6.723275824960239788e-10 1.633962409819389450e-09 4.861079005991086888e-08 2.020901890276149970e-09
9.094408750534057617e-01 8.472347823307302406e-12 6.737689295377435883e-10 1.678863048582002193e-09 5.039250794425242930e-08 2.022389367084542755e-09
9.140024781227111816e-01 9.094812576659894177e-12 7.507396926342835286e-10 1.860222753613527402e-09 5.430356964097882155e-08 2.269969101575952664e-09
9.110290408134460449e-01 9.937741601850902384e-12 7.985999639359420144e-10 2.002123800082244998e-09 5.736612962436993257e-08 2.424691558644553879e-09
9.102143049240112305e-01 1.002351760620578958e-11 7.900203269350924984e-10 2.027741530241655710e-09 5.690612780995252251e-08 2.413617306018522868e-09
9.108363389968872070e-01 1.014415114408695473e-11 8.234476434054727179e-10 2.145869038017167441e-09 6.004104591283976333e-08 2.521155728629764781e-09
9.144616127014160156e-01 8.565099150759092339e-12 7.351236286368134643e-10 1.793052151199958644e-09 5.475759934370216797e-08 2.230727824681366656e-09
9.113243222236633301e-01 8.916562800609373340e-12 7.572233950980944428e-10 1.908967872665812138e-09 5.639708078319927154e-08 2.315448943690512351e-09
9.123799204826354980e-01 1.043691261887191857e-11 8.633917469857976812e-10 2.292706247075670944e-09 5.977990724659321131e-08 2.628971929041767908e-09
9.057939052581787109e-01 1.222098550829331387e-11 9.792707755806873138e-10 2.617102978774710209e-09 6.660346940634553903e-08 3.002458504042238019e-09
9.033914804458618164e-01 1.112859891044815086e-11 8.663169070999288124e-10 2.457723136117806462e-09 6.430306598304014187e-08 2.697916778870990129e-09
9.105831384658813477e-01 1.260920447915259146e-11 9.719963722787383631e-10 2.642860374990618766e-09 6.518155259982449934e-08 3.022539107888633225e-09
9.116376638412475586e-01 1.222867033329189113e-11 9.738962969407793935e-10 2.749638516874597371e-09 6.999936630336378585e-08 2.988635117162630195e-09
9.140279889106750488e-01 1.135293768717016150e-11 8.899092018843646201e-10 2.458017789308541978e-09 6.398482810254790820e-08 2.709302338033126034e-09
9.141098856925964355e-01 1.103327672280496330e-11 8.851201993564927761e-10 2.562958956175975800e-09 6.269963392924182699e-08 2.725311976092825716e-09
9.122924208641052246e-01 1.198184520351253113e-11 9.415652701960652848e-10 2.760165651594093106e-09 6.774606475801192573e-08 2.912220242734520070e-09
9.100574851036071777e-01 1.245076264311251180e-11 9.718169602379589378e-10 2.898870254952612413e-09 7.065212770385187468e-08 2.970525603274154491e-09
9.140557050704956055e-01 1.229712685846262588e-11 9.311005855217047156e-10 2.828367762219841097e-09 7.288211634204344591e-08 2.909457563760042831e-09
9.145967364311218262e-01 1.345792921547683818e-11 1.057265386350536573e-09 2.976245694341628223e-09 7.315456684864329873e-08 3.278488147628877414e-09
9.065384268760681152e-01 1.617970341039054460e-11 1.214996547815871963e-09 3.559058159297023849e-09 8.515070248904521577e-08 3.748803933945055178e-09
9.124475121498107910e-01 1.333572575284991402e-11 1.040226016435497058e-09 2.930726550331996805e-09 6.880230074557402986e-08 3.222323963214535070e-09
9.091961383819580078e-01 1.633342940066118132e-11 1.216338585408038853e-09 3.450918439895644951e-09 7.944018420857901219e-08 3.806399639927349199e-09
9.178587198257446289e-01 1.463124239819979522e-11 1.080095124450508592e-09 3.302901063761964906e-09 7.310945449034988997e-08 3.289760686087106478e-09
9.187087416648864746e-01 1.465208510076365656e-11 1.068783617164115185e-09 3.409640347840081631e-09 7.274881141938749352e-08 3.329144737662659281e-09
9.204663038253784180e-01 1.486792806926207078e-11 1.128238391601144031e-09 3.448240359915644149e-09 7.441322935619609780e-08 3.452162555817039902e-09
9.151439070701599121e-01 1.479016215055750649e-11 1.141103767032802807e-09 3.457932828965226690e-09 7.274876168139599031e-08 3.524493807915973775e-09
9.155170321464538574e-01 1.827838921886204560e-11 1.352508660623641390e-09 4.278249310374349079e-09 8.597503864393729600e-08 4.277767917670871611e-09
9.126284718513488770e-01 1.951534420174816375e-11 1.418856476753660445e-09 4.405352083125535501e-09 8.899297654352267273e-08 4.375198425776716249e-09
9.133177399635314941e-01 1.762478878120088410e-11 1.288209428018660674e-09 4.158406952115001332e-09 7.996165862778070732e-08 4.046905033305847610e-09
9.154948592185974121e-01 1.979225637549486549e-11 1.437395646952666084e-09 4.546242937664146666e-09 8.979059629155017319e-08 4.448364343545563315e-09
9.103013277053833008e-01 2.196695776668367017e-11 1.498609458749911028e-09 4.834489697458366209e-09 9.442106829737895168e-08 4.727031654994107157e-09
9.082744121551513672e-01 2.273901032745495598e-11 1.645766412039506577e-09 5.201582720104624968e-09 1.021543525325796509e-07 5.113570900050490309e-09
9.064450860023498535e-01 2.323877028309606629e-11 1.676757621638103046e-09 5.200382346970400249e-09 1.002624188117806625e-07 5.236613365156017608e-09
9.057366847991943359e-01 2.757694246569020180e-11 1.952354722334348480e-09 5.952871973136097949e-09 1.155501365701638861e-07 6.163241028644961261e-09
9.066084027290344238e-01 2.463886386583347132e-11 1.825284701162388501e-09 5.423433258044951799e-09 1.055161433782814129e-07 5.717229800694667574e-09
9.044576883316040039e-01 2.574978598401944652e-11 1.846172881236896046e-09 5.679805514802183097e-09 1.113466012725439214e-07 5.976582340139202643e-09
9.024510383605957031e-01 2.809096878719774537e-11 2.015899669416398865e-09 6.014497344608571439e-09 1.170641965586582955e-07 6.506857275212496461e-09
9.027818441390991211e-01 2.695728189283652654e-11 1.920604786320723179e-09 5.770004918304039165e-09 1.140435728075317456e-07 6.080743464309534829e-09
9.013580679893493652e-01 2.725219355736996363e-11 1.969729490625127255e-09 6.048072265230075573e-09 1.138473209039148060e-07 6.292923959705376546e-09
