1.886261049472681402e-04
1.988021110024263381e-04
9.198323738502478086e-05
6.550533017722165409e-05
2.562519751984520850e-04
1.634184428082266147e-03
4.549244008761884478e-03
1.293704307891541463e-02
4.067554951078820868e-02
8.930543062205087423e-02
1.557787579799520539e-01
1.916463809870759538e-01
2.520186198675555267e-01
3.643327991783698594e-01
5.516124047603837566e-01
7.289963518457450720e-01
8.120662868468883078e-01
8.972763153124067026e-01
9.046929875080745864e-01
9.347845255709937851e-01
9.533480343105565913e-01
9.743962638914615004e-01
9.769072526273444579e-01
9.852703089671686065e-01
9.927503694153900771e-01
9.989291824962589494e-01
9.965786375669368757e-01
9.923979726611645846e-01
9.951041207543744882e-01
9.975171906721103099e-01
1.003060949654682066e+00
1.003692612358144221e+00
1.003142466454172155e+00
1.002704359903205944e+00
1.002548972358035639e+00
1.000308246959645375e+00
9.996544476971689352e-01
1.001025866106745266e+00
9.970177307054914895e-01
9.971636840068478502e-01
9.939142961227848128e-01
9.895559837893793675e-01
9.830695403661078302e-01
9.876313363896171982e-01
9.828550808890831325e-01
9.839584557832408152e-01
9.803369393931845588e-01
9.745301931565845122e-01
9.775734458963999396e-01
9.798918650673752451e-01
9.735971279448714100e-01
9.718872483307554599e-01
9.661364909397962553e-01
9.645343343579867446e-01
9.671975658911019513e-01
9.665179303661547427e-01
9.623954741280970060e-01
9.656899983943286747e-01
9.612629949000821572e-01
9.558970683303164018e-01
9.535375824509746412e-01
9.496104088936925258e-01
9.467124311762664668e-01
9.408275595350114040e-01
9.455465929554193183e-01
9.424705361782902413e-01
9.416276820691898974e-01
9.422711838237125548e-01
9.460215732175013548e-01
9.427760083603432539e-01
9.438680374972344689e-01
9.370547252735869082e-01
9.345693878150019840e-01
9.420092448189969492e-01
9.431001640448513079e-01
9.455729841734085150e-01
9.456577073825609414e-01
9.437775180860002999e-01
9.414654500726251651e-01
9.456016568751959284e-01
9.461613603464303912e-01
9.378249418714925678e-01
9.439379618925610727e-01
9.405743764951426389e-01
9.495359215307695999e-01
9.504152793806400767e-01
9.522334986443052873e-01
9.467274149752650247e-01
9.471134173692198344e-01
9.441251668874567349e-01
9.448382230669604143e-01
9.470904792077898815e-01
9.417177081866298094e-01
9.396208395909706468e-01
9.377283796112795278e-01
9.369955300182839508e-01
9.378973327357901235e-01
9.356723927388139739e-01
9.335964891294079582e-01
9.339387116991282323e-01
9.324657980913969579e-01
