6.412819493561983109e-03 6.412819493561983109e-03 1.639229827560484409e-03 2.755754976533353329e-04 2.402214333415031433e-03 3.071065526455640793e-03
6.209771037101745605e-01 6.209771037101745605e-01 1.442980719730257988e-04 1.866342645371332765e-04 2.263830538140609860e-04 1.568638253957033157e-03
9.804983139038085938e-01 9.804983139038085938e-01 1.070845243589246820e-07 3.752202815121563617e-07 4.138962594879558310e-08 7.472539920172494021e-08
9.510797262191772461e-01 9.510797262191772461e-01 4.314106718084076419e-06 1.589154976500140037e-06 1.064891421265201643e-06 1.281293862120946869e-06
9.656950831413269043e-01 9.656950831413269043e-01 3.343143544043414295e-05 4.130225988774327561e-06 1.054687072610249743e-05 9.999128451454453170e-06
9.556190967559814453e-01 9.556190967559814453e-01 1.618019450688734651e-04 2.017326369241345674e-05 6.168657273519784212e-05 5.305193189997226000e-05
9.463024735450744629e-01 9.463024735450744629e-01 4.168166487943381071e-04 5.394954496296122670e-05 1.720658765407279134e-04 1.725499896565452218e-04
9.506518244743347168e-01 9.506518244743347168e-01 5.102389259263873100e-04 5.101717761135660112e-05 1.985135604627430439e-04 1.740111911203712225e-04
9.527973532676696777e-01 9.527973532676696777e-01 5.704062059521675110e-04 5.805411274195648730e-05 2.146981569239869714e-04 2.025935973506420851e-04
9.649372696876525879e-01 9.649372696876525879e-01 4.652935604099184275e-04 5.134433376952074468e-05 1.661086571402847767e-04 1.915773755172267556e-04
9.738730192184448242e-01 9.738730192184448242e-01 4.521864757407456636e-04 4.713219095719978213e-05 1.529568107798695564e-04 1.544295664643868804e-04
9.826380610466003418e-01 9.826380610466003418e-01 3.620940551627427340e-04 3.835436291410587728e-05 1.180059844045899808e-04 1.178448219434358180e-04
9.862167835235595703e-01 9.862167835235595703e-01 3.778262471314519644e-04 3.670400110422633588e-05 1.139642845373600721e-04 1.100785593735054135e-04
9.880018830299377441e-01 9.880018830299377441e-01 4.174967471044510603e-04 4.162974073551595211e-05 1.179621249320916831e-04 1.020777781377546489e-04
9.897083044052124023e-01 9.897083044052124023e-01 4.666907771024852991e-04 4.397859811433590949e-05 1.227652974193915725e-04 9.609327389625832438e-05
9.911739230155944824e-01 9.911739230155944824e-01 4.201533447485417128e-04 4.976990749128162861e-05 1.069360150722786784e-04 8.509711915394291282e-05
9.919556379318237305e-01 9.919556379318237305e-01 4.016494785901159048e-04 4.925187386106699705e-05 1.000880220090039074e-04 8.172290108632296324e-05
9.932914972305297852e-01 9.932914972305297852e-01 3.394373052287846804e-04 4.033950244775041938e-05 8.089830953394994140e-05 6.274822953855618834e-05
9.942943453788757324e-01 9.942943453788757324e-01 2.988992200698703527e-04 3.507917062961496413e-05 6.890921213198453188e-05 5.302548379404470325e-05
9.948098659515380859e-01 9.948098659515380859e-01 2.881744294427335262e-04 3.181246938765980303e-05 6.291766476351767778e-05 4.598885425366461277e-05
9.958076477050781250e-01 9.958076477050781250e-01 2.294888690812513232e-04 2.502642200852278620e-05 4.921252912026830018e-05 3.382175782462581992e-05
9.961472749710083008e-01 9.961472749710083008e-01 2.521638525649905205e-04 2.174340625060722232e-05 5.323455479810945690e-05 2.995897739310748875e-05
9.963909983634948730e-01 9.963909983634948730e-01 2.601337619125843048e-04 2.061139639408793300e-05 5.418089131126180291e-05 2.758614937192760408e-05
9.963160157203674316e-01 9.963160157203674316e-01 2.732962311711162329e-04 2.217286055383738130e-05 5.746761598857119679e-05 2.684352148207835853e-05
9.962558746337890625e-01 9.962558746337890625e-01 2.864209236577153206e-04 2.173126449633855373e-05 6.006950206938199699e-05 2.636644785525277257e-05
9.964476823806762695e-01 9.964476823806762695e-01 2.745670790318399668e-04 2.075126758427359164e-05 5.749363117502070963e-05 2.361814404139295220e-05
9.966553449630737305e-01 9.966553449630737305e-01 2.528392069507390261e-04 2.136719922418706119e-05 5.436868741526268423e-05 2.071284325211308897e-05
9.960795044898986816e-01 9.960795044898986816e-01 2.994764363393187523e-04 2.682737431314308196e-05 6.380740524036809802e-05 2.916213634307496250e-05
9.956318140029907227e-01 9.956318140029907227e-01 3.539839817676693201e-04 3.048378130188211799e-05 7.446049858117476106e-05 3.274430127930827439e-05
9.957200884819030762e-01 9.957200884819030762e-01 3.444289322942495346e-04 3.270510205766186118e-05 7.382469630101695657e-05 3.045486846531275660e-05
9.954624772071838379e-01 9.954624772071838379e-01 3.726920695044100285e-04 3.813405055552721024e-05 8.134720701491460204e-05 3.413382000871933997e-05
9.953308701515197754e-01 9.953308701515197754e-01 4.127148713450878859e-04 4.139587326790206134e-05 8.869259909261018038e-05 3.442652450758032501e-05
9.953690171241760254e-01 9.953690171241760254e-01 4.491336003411561251e-04 4.264846575097180903e-05 9.702122770249843597e-05 3.239289799239486456e-05
9.950385689735412598e-01 9.950385689735412598e-01 4.827560624107718468e-04 4.546152194961905479e-05 1.037092661135829985e-04 3.483000546111725271e-05
9.948399662971496582e-01 9.948399662971496582e-01 4.806757497135549784e-04 5.072797284810803831e-05 1.051044891937635839e-04 3.474589902907609940e-05
9.941692352294921875e-01 9.941692352294921875e-01 5.848463624715805054e-04 5.741465429309755564e-05 1.270072098122909665e-04 4.057780824950896204e-05
9.946466088294982910e-01 9.946466088294982910e-01 5.616958369500935078e-04 4.994913979317061603e-05 1.204015934490598738e-04 3.406437099329195917e-05
9.942746758460998535e-01 9.942746758460998535e-01 6.077782600186765194e-04 5.476335718412883580e-05 1.331433304585516453e-04 3.551377449184656143e-05
9.940863847732543945e-01 9.940863847732543945e-01 6.317383958958089352e-04 5.794015305582433939e-05 1.426700473530218005e-04 3.440145519562065601e-05
9.936993122100830078e-01 9.936993122100830078e-01 6.762640550732612610e-04 6.541046604979783297e-05 1.549355074530467391e-04 3.742462649825029075e-05
9.933269023895263672e-01 9.933269023895263672e-01 7.665654993616044521e-04 6.247220881050452590e-05 1.703276648186147213e-04 3.834424933302216232e-05
9.929914474487304688e-01 9.929914474487304688e-01 8.146959589794278145e-04 6.903879693709313869e-05 1.854076690506190062e-04 4.036879545310512185e-05
9.925952553749084473e-01 9.925952553749084473e-01 8.124168380163609982e-04 7.902322977315634489e-05 1.927395205711945891e-04 4.472470754990354180e-05
9.920716881752014160e-01 9.920716881752014160e-01 8.283312199637293816e-04 8.656238060211762786e-05 2.045691217062994838e-04 4.504703247221186757e-05
9.921928048133850098e-01 9.921928048133850098e-01 7.797251455485820770e-04 8.243628690252080560e-05 1.963258691830560565e-04 4.397151133161969483e-05
9.913472533226013184e-01 9.913472533226013184e-01 8.373379241675138474e-04 9.720438538352027535e-05 2.185956109315156937e-04 5.065942605142481625e-05
9.910996556282043457e-01 9.910996556282043457e-01 8.701334008947014809e-04 1.002891294774599373e-04 2.316668687853962183e-04 5.179840809432789683e-05
9.906014204025268555e-01 9.906014204025268555e-01 9.214642923325300217e-04 1.090774967451579869e-04 2.467449521645903587e-04 5.718575266655534506e-05
9.903848171234130859e-01 9.903848171234130859e-01 9.086327045224606991e-04 1.157413353212177753e-04 2.447222068440169096e-04 5.815162876388058066e-05
9.900230765342712402e-01 9.900230765342712402e-01 9.273095638491213322e-04 1.188494425150565803e-04 2.562967420089989901e-04 6.072835094528272748e-05
9.899358153343200684e-01 9.899358153343200684e-01 9.183518122881650925e-04 1.197873643832281232e-04 2.518829132895916700e-04 6.098292942624539137e-05
9.895427227020263672e-01 9.895427227020263672e-01 9.729046141728758812e-04 1.320541341556236148e-04 2.722330973483622074e-04 6.449400825658813119e-05
9.895666837692260742e-01 9.895666837692260742e-01 9.539362508803606033e-04 1.303226599702611566e-04 2.645180793479084969e-04 6.250964361242949963e-05
9.888707995414733887e-01 9.888707995414733887e-01 1.081813941709697247e-03 1.348313380731269717e-04 2.971594221889972687e-04 6.667891284450888634e-05
9.887129068374633789e-01 9.887129068374633789e-01 1.042189192958176136e-03 1.422269851900637150e-04 2.955587406177073717e-04 7.027370156720280647e-05
9.884495735168457031e-01 9.884495735168457031e-01 1.037993002682924271e-03 1.479401544202119112e-04 2.984138845931738615e-04 7.316825212910771370e-05
9.880949258804321289e-01 9.880949258804321289e-01 1.043990952894091606e-03 1.473265292588621378e-04 3.040195733774453402e-04 7.488344272132962942e-05
9.878452420234680176e-01 9.878452420234680176e-01 1.056822249665856361e-03 1.489743444835767150e-04 3.116919542662799358e-04 7.427590026054531336e-05
9.875130057334899902e-01 9.875130057334899902e-01 1.073160092346370220e-03 1.603828859515488148e-04 3.142484347335994244e-04 8.069613249972462654e-05
9.865605831146240234e-01 9.865605831146240234e-01 1.225953339599072933e-03 1.625607983442023396e-04 3.558983444236218929e-04 8.524252189090475440e-05
9.860340952873229980e-01 9.860340952873229980e-01 1.250405213795602322e-03 1.747479545883834362e-04 3.711917379405349493e-04 9.308644803240895271e-05
9.851952791213989258e-01 9.851952791213989258e-01 1.308607170358300209e-03 1.886263198684900999e-04 3.917817375622689724e-04 1.003588331514038146e-04
9.846541881561279297e-01 9.846541881561279297e-01 1.348013523966073990e-03 1.939247449627146125e-04 4.046330286655575037e-04 1.017731483443640172e-04
9.840220808982849121e-01 9.840220808982849121e-01 1.415343256667256355e-03 2.027173759415745735e-04 4.295953549444675446e-04 1.075111576938070357e-04
9.840431809425354004e-01 9.840431809425354004e-01 1.425836584530770779e-03 2.128557389369234443e-04 4.386678629089146852e-04 1.039941562339663506e-04
9.828108549118041992e-01 9.828108549118041992e-01 1.575117814354598522e-03 2.150202635675668716e-04 4.847042146138846874e-04 1.137907893280498683e-04
9.835874438285827637e-01 9.835874438285827637e-01 1.464676577597856522e-03 2.167354541597887874e-04 4.544157709460705519e-04 1.116659113904461265e-04
9.823104143142700195e-01 9.823104143142700195e-01 1.593190710991621017e-03 2.377448254264891148e-04 5.022344412282109261e-04 1.232046197401359677e-04
9.818427562713623047e-01 9.818427562713623047e-01 1.642525545321404934e-03 2.515413798391819000e-04 5.178501014597713947e-04 1.279343559872359037e-04
9.816221594810485840e-01 9.816221594810485840e-01 1.631621038541197777e-03 2.593374811112880707e-04 5.200221203267574310e-04 1.308067439822480083e-04
9.809533953666687012e-01 9.809533953666687012e-01 1.730407588183879852e-03 2.553709782660007477e-04 5.454128840938210487e-04 1.381140609737485647e-04
9.821955561637878418e-01 9.821955561637878418e-01 1.581106684170663357e-03 2.474741486366838217e-04 4.994964110665023327e-04 1.248633925570175052e-04
9.806313514709472656e-01 9.806313514709472656e-01 1.746512018144130707e-03 2.783715608529746532e-04 5.573272355832159519e-04 1.440178748453035951e-04
9.794574975967407227e-01 9.794574975967407227e-01 1.906512654386460781e-03 2.925369190052151680e-04 6.107139051891863346e-04 1.519364450359717011e-04
9.798878431320190430e-01 9.798878431320190430e-01 1.799142453819513321e-03 2.841955865733325481e-04 5.777840851806104183e-04 1.489040732849389315e-04
9.790585637092590332e-01 9.790585637092590332e-01 1.884944271296262741e-03 3.097071312367916107e-04 6.125021027401089668e-04 1.583356643095612526e-04
9.784861803054809570e-01 9.784861803054809570e-01 1.914547057822346687e-03 3.118019958492368460e-04 6.260107038542628288e-04 1.664686278672888875e-04
9.780770540237426758e-01 9.780770540237426758e-01 1.922987401485443115e-03 3.169658593833446503e-04 6.326497532427310944e-04 1.747459318721666932e-04
9.773713350296020508e-01 9.773713350296020508e-01 2.012487035244703293e-03 3.228887508157640696e-04 6.642588414251804352e-04 1.818080927478149533e-04
9.765402674674987793e-01 9.765402674674987793e-01 2.047210698947310448e-03 3.450540825724601746e-04 6.920950254425406456e-04 1.883145450847223401e-04
9.765061736106872559e-01 9.765061736106872559e-01 2.059454331174492836e-03 3.361222916282713413e-04 6.889422074891626835e-04 1.902943477034568787e-04
9.759458899497985840e-01 9.759458899497985840e-01 2.099204808473587036e-03 3.483248292468488216e-04 7.056838367134332657e-04 1.926344993989914656e-04
9.752519130706787109e-01 9.752519130706787109e-01 2.168132690712809563e-03 3.463143075350672007e-04 7.304273894988000393e-04 2.073835494229570031e-04
9.749378561973571777e-01 9.749378561973571777e-01 2.181531861424446106e-03 3.452257369644939899e-04 7.342853932641446590e-04 2.119212731486186385e-04
9.754917621612548828e-01 9.754917621612548828e-01 2.137621166184544563e-03 3.310895990580320358e-04 7.245119195431470871e-04 2.183298929594457150e-04
9.744973778724670410e-01 9.744973778724670410e-01 2.312588505446910858e-03 3.398244443815201521e-04 7.670414634048938751e-04 2.232962142443284392e-04
9.731273651123046875e-01 9.731273651123046875e-01 2.366041531786322594e-03 3.538235905580222607e-04 7.823418709449470043e-04 2.485029108356684446e-04
9.720621705055236816e-01 9.720621705055236816e-01 2.597165061160922050e-03 3.568981192074716091e-04 8.506705635227262974e-04 2.552673686295747757e-04
9.734355211257934570e-01 9.734355211257934570e-01 2.474015811458230019e-03 3.306537983007729053e-04 8.092485950328409672e-04 2.433378394925966859e-04
9.717811346054077148e-01 9.717811346054077148e-01 2.577054314315319061e-03 3.658747009467333555e-04 8.483444689773023129e-04 2.558978740125894547e-04
9.712853431701660156e-01 9.712853431701660156e-01 2.664734842255711555e-03 3.529284440446645021e-04 8.672258118167519569e-04 2.633683325257152319e-04
9.706749916076660156e-01 9.706749916076660156e-01 2.641930477693676949e-03 3.695861960295587778e-04 8.694985299371182919e-04 2.805038820952177048e-04
9.708069562911987305e-01 9.708069562911987305e-01 2.583496971055865288e-03 3.580280754249542952e-04 8.513130596838891506e-04 2.821085508912801743e-04
9.705809354782104492e-01 9.705809354782104492e-01 2.518797991797327995e-03 3.510766546241939068e-04 8.295427542179822922e-04 2.735557209234684706e-04
9.707326889038085938e-01 9.707326889038085938e-01 2.437975490465760231e-03 3.610053681768476963e-04 8.087984169833362103e-04 2.731860149651765823e-04
9.699613451957702637e-01 9.699613451957702637e-01 2.491983817890286446e-03 3.810599155258387327e-04 8.121753926388919353e-04 2.922134881373494864e-04
9.691447615623474121e-01 9.691447615623474121e-01 2.574289217591285706e-03 4.022630164399743080e-04 8.429595618508756161e-04 2.947008470073342323e-04
9.684271812438964844e-01 9.684271812438964844e-01 2.647317713126540184e-03 4.186909936834126711e-04 8.716912125237286091e-04 3.180851053912192583e-04
9.680488705635070801e-01 9.680488705635070801e-01 2.620601793751120567e-03 4.190280451439321041e-04 8.721770718693733215e-04 3.146325470879673958e-04
9.685073494911193848e-01 9.685073494911193848e-01 2.558573847636580467e-03 4.176131624262779951e-04 8.662071777507662773e-04 3.183393564540892839e-04
9.680837392807006836e-01 9.680837392807006836e-01 2.576454076915979385e-03 4.300415748730301857e-04 8.711228147149085999e-04 3.335449728183448315e-04
