          0  0.08218013 10.85233212
        100  0.00639297 21.94297028
        200  0.00366859 24.35501099
        300  0.00241765 26.16606522
        400  0.00190960 27.19057274
        500  0.00156362 28.05869484
        600  0.00127814 28.93421555
        700  0.00109412 29.60936737
        800  0.00090994 30.40984917
        900  0.00092101 30.35734940
       1000  0.00087747 30.56766510
       1100  0.00064791 31.88485718
       1200  0.00061049 32.14318466
       1300  0.00059284 32.27059555
       1400  0.00052484 32.79972076
       1500  0.00047320 33.24954224
       1600  0.00042707 33.69505692
       1700  0.00041705 33.79815674
       1800  0.00041654 33.80344009
       1900  0.00036195 34.41349792
       2000  0.00033218 34.78633118
       2100  0.00036383 34.39100647
       2200  0.00031211 35.05696487
       2300  0.00031198 35.05867767
       2400  0.00030260 35.19137192
       2500  0.00027039 35.68004608
       2600  0.00025152 35.99421310
       2700  0.00023258 36.33433914
       2800  0.00024814 36.05297470
       2900  0.00022551 36.46835709
       3000  0.00021927 36.59027481
       3100  0.00019510 37.09738922
       3200  0.00020323 36.92016602
       3300  0.00019387 37.12496948
       3400  0.00020918 36.79484940
       3500  0.00018213 37.39627457
       3600  0.00018006 37.44590378
       3700  0.00018697 37.28218079
       3800  0.00016314 37.87435913
       3900  0.00015608 38.06665421
       4000  0.00020303 36.92435455
       4100  0.00015416 38.12037659
       4200  0.00014156 38.49063492
       4300  0.00013753 38.61598587
       4400  0.00012793 38.93029022
       4500  0.00013087 38.83155823
       4600  0.00012307 39.09845352
       4700  0.00011749 39.30001068
       4800  0.00011105 39.54487228
       4900  0.00012426 39.05682373
       5000  0.00009928 40.03142929
