8.987522451207041740e-04 8.987522451207041740e-04 4.957742057740688324e-04 1.254177768714725971e-03 9.640509961172938347e-04 3.613823559135198593e-03
3.080711932852864265e-03 3.080711932852864265e-03 9.963943157345056534e-04 2.994260052219033241e-03 3.565303282812237740e-03 2.304796595126390457e-03
3.710012137889862061e-01 3.710012137889862061e-01 2.845126390457153320e-01 3.374631702899932861e-02 3.698525577783584595e-02 1.761682517826557159e-02
4.689979553222656250e-01 4.689979553222656250e-01 4.688906073570251465e-01 2.027632901445031166e-03 4.744819831103086472e-03 2.415535971522331238e-02
6.621681451797485352e-01 6.621681451797485352e-01 3.170126080513000488e-01 1.893380191177129745e-03 1.780779217369854450e-03 5.551707465201616287e-03
8.089026808738708496e-01 8.089026808738708496e-01 1.827103048563003540e-01 1.463739899918437004e-03 1.358277164399623871e-03 8.377748308703303337e-04
8.828632235527038574e-01 8.828632235527038574e-01 1.116738393902778625e-01 7.681614952161908150e-04 1.639099325984716415e-03 1.713243254926055670e-04
9.248952269554138184e-01 9.248952269554138184e-01 7.150536775588989258e-02 3.305862192064523697e-04 1.316655776463449001e-03 1.087608252419158816e-04
9.338175058364868164e-01 9.338175058364868164e-01 6.340687721967697144e-02 3.008540370501577854e-04 1.121038920246064663e-03 8.238057489506900311e-05
9.383006691932678223e-01 9.383006691932678223e-01 5.922471359372138977e-02 2.769198617897927761e-04 1.064620329998433590e-03 7.388619269477203488e-05
9.464614391326904297e-01 9.464614391326904297e-01 5.180888622999191284e-02 2.098028780892491341e-04 7.215816294774413109e-04 6.568431126652285457e-05
9.530688524246215820e-01 9.530688524246215820e-01 4.556060954928398132e-02 1.648980396566912532e-04 5.768849514424800873e-04 5.290000990498811007e-05
9.546721577644348145e-01 9.546721577644348145e-01 4.409978538751602173e-02 1.469814014853909612e-04 4.985740524716675282e-04 4.999922748538665473e-05
9.584393501281738281e-01 9.584393501281738281e-01 4.050251096487045288e-02 1.279093703487887979e-04 4.276456893421709538e-04 4.366339271655306220e-05
9.606342315673828125e-01 9.606342315673828125e-01 3.838090598583221436e-02 1.139614469138905406e-04 3.736790968105196953e-04 4.356068529887124896e-05
9.595794677734375000e-01 9.595794677734375000e-01 3.949711099267005920e-02 1.029814156936481595e-04 3.108405799139291048e-04 4.720794458989985287e-05
9.548453688621520996e-01 9.548453688621520996e-01 4.429858177900314331e-02 9.738812514115124941e-05 2.708889078348875046e-04 5.060168768977746367e-05
9.536645412445068359e-01 9.536645412445068359e-01 4.550082236528396606e-02 8.762114157434552908e-05 2.550126228015869856e-04 5.647624129778705537e-05
9.496911764144897461e-01 9.496911764144897461e-01 4.949054494500160217e-02 8.340305794263258576e-05 2.394971088506281376e-04 6.307997682597488165e-05
9.497960209846496582e-01 9.497960209846496582e-01 4.939707368612289429e-02 7.454962178599089384e-05 2.287824172526597977e-04 6.851668149465695024e-05
9.505442380905151367e-01 9.505442380905151367e-01 4.869035258889198303e-02 7.030408596619963646e-05 1.904043019749224186e-04 6.843189476057887077e-05
9.460347294807434082e-01 9.460347294807434082e-01 5.322321131825447083e-02 7.334145630011335015e-05 1.945584954228252172e-04 7.396123692160472274e-05
9.443171620368957520e-01 9.443171620368957520e-01 5.495348200201988220e-02 7.449460099451243877e-05 1.917279296321794391e-04 7.570633897557854652e-05
9.455394148826599121e-01 9.455394148826599121e-01 5.375058203935623169e-02 6.944264896446838975e-05 1.827848900575190783e-04 7.264373562065884471e-05
9.444609880447387695e-01 9.444609880447387695e-01 5.486046895384788513e-02 7.168221782194450498e-05 1.795592543203383684e-04 7.002844358794391155e-05
9.445977210998535156e-01 9.445977210998535156e-01 5.464199185371398926e-02 7.408259261865168810e-05 1.977173524210229516e-04 7.790957897668704391e-05
9.382957816123962402e-01 9.382957816123962402e-01 6.092598289251327515e-02 8.030123717617243528e-05 2.348710986552760005e-04 7.978231587912887335e-05
9.349250197410583496e-01 9.349250197410583496e-01 6.423222273588180542e-02 8.947887545218691230e-05 2.646558568812906742e-04 9.069426596397534013e-05
9.333056211471557617e-01 9.333056211471557617e-01 6.582245975732803345e-02 9.321518155047670007e-05 2.771988802123814821e-04 1.005928861559368670e-04
9.306306838989257812e-01 9.306306838989257812e-01 6.845526397228240967e-02 9.988799138227477670e-05 2.953321381937712431e-04 1.068688070517964661e-04
9.227515459060668945e-01 9.227515459060668945e-01 7.625038176774978638e-02 1.148864612332545221e-04 3.394083469174802303e-04 1.163449633168056607e-04
9.222856163978576660e-01 9.222856163978576660e-01 7.668080180883407593e-02 1.165470166597515345e-04 3.462578752078115940e-04 1.243473379872739315e-04
9.198712706565856934e-01 9.198712706565856934e-01 7.904292643070220947e-02 1.227508764714002609e-04 3.835637762676924467e-04 1.306012272834777832e-04
9.144623279571533203e-01 9.144623279571533203e-01 8.441241830587387085e-02 1.283882447751238942e-04 4.013665602542459965e-04 1.358426525257527828e-04
9.137586951255798340e-01 9.137586951255798340e-01 8.506757020950317383e-02 1.305607438553124666e-04 4.233796498738229275e-04 1.462800864828750491e-04
9.131832122802734375e-01 9.131832122802734375e-01 8.567144721746444702e-02 1.318905851803719997e-04 4.203731950838118792e-04 1.412730489391833544e-04
9.088122844696044922e-01 9.088122844696044922e-01 8.996520936489105225e-02 1.460654748370870948e-04 4.630212788470089436e-04 1.504243846284225583e-04
9.117916226387023926e-01 9.117916226387023926e-01 8.696041256189346313e-02 1.480308419559150934e-04 4.727955674752593040e-04 1.580320531502366066e-04
9.089240431785583496e-01 9.089240431785583496e-01 8.980293571949005127e-02 1.528563152533024549e-04 4.792975960299372673e-04 1.621024421183392406e-04
9.068017601966857910e-01 9.068017601966857910e-01 9.190492331981658936e-02 1.557873038109391928e-04 4.970951122231781483e-04 1.645388547331094742e-04
9.089328646659851074e-01 9.089328646659851074e-01 8.975552022457122803e-02 1.583698758622631431e-04 5.110989441163837910e-04 1.616944064153358340e-04
9.076665639877319336e-01 9.076665639877319336e-01 9.100306034088134766e-02 1.593282213434576988e-04 5.270178662613034248e-04 1.641702692722901702e-04
9.066306948661804199e-01 9.066306948661804199e-01 9.204931557178497314e-02 1.615356159163638949e-04 5.252870614640414715e-04 1.655201485846191645e-04
9.046646356582641602e-01 9.046646356582641602e-01 9.398912638425827026e-02 1.671093632467091084e-04 5.331499851308763027e-04 1.751493109622970223e-04
9.051030278205871582e-01 9.051030278205871582e-01 9.350259602069854736e-02 1.747325586620718241e-04 5.594321992248296738e-04 1.860508054960519075e-04
9.024049043655395508e-01 9.024049043655395508e-01 9.603773802518844604e-02 1.906296092784032226e-04 6.146801169961690903e-04 2.090396737912669778e-04
9.025140404701232910e-01 9.025140404701232910e-01 9.595011174678802490e-02 1.959816727321594954e-04 6.124570500105619431e-04 2.064224681816995144e-04
9.000890851020812988e-01 9.000890851020812988e-01 9.828048944473266602e-02 2.047658344963565469e-04 6.473549874499440193e-04 2.204239281127229333e-04
8.935247659683227539e-01 8.935247659683227539e-01 1.048182398080825806e-01 2.166335179936140776e-04 6.591464043594896793e-04 2.228595403721556067e-04
8.947389721870422363e-01 8.947389721870422363e-01 1.034890413284301758e-01 2.368091081734746695e-04 6.968855159357190132e-04 2.453084744047373533e-04
8.944440484046936035e-01 8.944440484046936035e-01 1.038028001785278320e-01 2.420851087663322687e-04 6.854535895399749279e-04 2.395572082605212927e-04
8.914142251014709473e-01 8.914142251014709473e-01 1.068601459264755249e-01 2.429445448797196150e-04 6.406079628504812717e-04 2.507685858290642500e-04
8.867928385734558105e-01 8.867928385734558105e-01 1.113585904240608215e-01 2.631836105138063431e-04 7.089529535733163357e-04 2.715156879276037216e-04
8.908791542053222656e-01 8.908791542053222656e-01 1.072413995862007141e-01 2.641450846567749977e-04 7.370951352640986443e-04 2.682431077118963003e-04
8.891158699989318848e-01 8.891158699989318848e-01 1.089450120925903320e-01 2.764693344943225384e-04 7.675808737985789776e-04 2.684720384422689676e-04
8.894464373588562012e-01 8.894464373588562012e-01 1.086208894848823547e-01 2.751118736341595650e-04 7.423573406413197517e-04 2.744205994531512260e-04
8.860630393028259277e-01 8.860630393028259277e-01 1.118932887911796570e-01 3.000549622811377048e-04 8.156051626428961754e-04 2.851682947948575020e-04
8.850090503692626953e-01 8.850090503692626953e-01 1.129445880651473999e-01 2.988538180943578482e-04 8.146171458065509796e-04 2.944461593870073557e-04
8.876320123672485352e-01 8.876320123672485352e-01 1.103066802024841309e-01 2.967544714920222759e-04 8.195778937079012394e-04 2.937932440545409918e-04
8.855508565902709961e-01 8.855508565902709961e-01 1.123556196689605713e-01 3.102777991443872452e-04 8.286550873890519142e-04 3.017571580130606890e-04
8.820931315422058105e-01 8.820931315422058105e-01 1.157308146357536316e-01 3.151617420371621847e-04 8.742379723116755486e-04 3.164882073178887367e-04
8.791332840919494629e-01 8.791332840919494629e-01 1.186760962009429932e-01 3.339412796776741743e-04 8.543092990294098854e-04 3.231774608138948679e-04
8.849052786827087402e-01 8.849052786827087402e-01 1.128632947802543640e-01 3.309003950562328100e-04 8.962062420323491096e-04 3.180951753165572882e-04
8.819945454597473145e-01 8.819945454597473145e-01 1.157850027084350586e-01 3.413734666537493467e-04 8.732861606404185295e-04 3.176217142026871443e-04
8.748419284820556641e-01 8.748419284820556641e-01 1.227408125996589661e-01 3.684535622596740723e-04 9.639817290008068085e-04 3.584023506846278906e-04
8.784927725791931152e-01 8.784927725791931152e-01 1.190485432744026184e-01 3.773494099732488394e-04 9.755139471963047981e-04 3.515639982651919127e-04
8.773298859596252441e-01 8.773298859596252441e-01 1.202389672398567200e-01 3.803394793067127466e-04 9.475170518271625042e-04 3.554131253622472286e-04
8.781245350837707520e-01 8.781245350837707520e-01 1.194024384021759033e-01 3.862988669425249100e-04 9.655045578256249428e-04 3.614883753471076488e-04
8.774824738502502441e-01 8.774824738502502441e-01 1.199744120240211487e-01 3.979452594649046659e-04 1.001165364868938923e-03 3.682309179566800594e-04
8.761814236640930176e-01 8.761814236640930176e-01 1.211901530623435974e-01 4.162091354373842478e-04 1.032231957651674747e-03 3.939923481084406376e-04
8.757222294807434082e-01 8.757222294807434082e-01 1.215346306562423706e-01 4.360808234196156263e-04 1.052787993103265762e-03 4.228647740092128515e-04
8.711692690849304199e-01 8.711692690849304199e-01 1.261388212442398071e-01 4.391734546516090631e-04 1.036966452375054359e-03 4.091130685992538929e-04
8.714656233787536621e-01 8.714656233787536621e-01 1.257432848215103149e-01 4.683726583607494831e-04 1.085071009583771229e-03 4.155309579800814390e-04
8.710775375366210938e-01 8.710775375366210938e-01 1.260983645915985107e-01 4.645190201699733734e-04 1.091821235604584217e-03 4.223475989419966936e-04
8.738328218460083008e-01 8.738328218460083008e-01 1.233387514948844910e-01 4.674526862800121307e-04 1.069977297447621822e-03 4.276952822692692280e-04
8.746780753135681152e-01 8.746780753135681152e-01 1.224052831530570984e-01 4.973933682776987553e-04 1.098460867069661617e-03 4.430828557815402746e-04
8.715056777000427246e-01 8.715056777000427246e-01 1.254357248544692993e-01 5.173098761588335037e-04 1.168539514765143394e-03 4.667158355005085468e-04
8.725198507308959961e-01 8.725198507308959961e-01 1.244310438632965088e-01 5.160910659469664097e-04 1.169176655821502209e-03 4.665896994993090630e-04
8.728449940681457520e-01 8.728449940681457520e-01 1.240869835019111633e-01 5.408751312643289566e-04 1.168102957308292389e-03 4.627382440958172083e-04
8.690605759620666504e-01 8.690605759620666504e-01 1.277885288000106812e-01 5.531156202778220177e-04 1.200573169626295567e-03 4.833538841921836138e-04
8.713988065719604492e-01 8.713988065719604492e-01 1.253211051225662231e-01 5.741630448028445244e-04 1.264295773580670357e-03 4.898545448668301105e-04
8.715519905090332031e-01 8.715519905090332031e-01 1.251916587352752686e-01 5.903666606172919273e-04 1.200373633764684200e-03 5.112497601658105850e-04
8.696928024291992188e-01 8.696928024291992188e-01 1.269490122795104980e-01 6.071981042623519897e-04 1.240276265889406204e-03 5.263166967779397964e-04
8.649417161941528320e-01 8.649417161941528320e-01 1.315634250640869141e-01 6.474608089774847031e-04 1.303211669437587261e-03 5.326335085555911064e-04
8.683637380599975586e-01 8.683637380599975586e-01 1.281608790159225464e-01 6.343842251226305962e-04 1.296892762184143066e-03 5.252102273516356945e-04
8.722307085990905762e-01 8.722307085990905762e-01 1.243060827255249023e-01 6.428484921343624592e-04 1.261241151951253414e-03 5.446873256005346775e-04
8.725789189338684082e-01 8.725789189338684082e-01 1.238028705120086670e-01 6.784192519262433052e-04 1.315921661444008350e-03 5.644690827466547489e-04
8.712293505668640137e-01 8.712293505668640137e-01 1.251085549592971802e-01 6.900610169395804405e-04 1.295310095883905888e-03 5.774303572252392769e-04
8.711574077606201172e-01 8.711574077606201172e-01 1.251686364412307739e-01 7.138242362998425961e-04 1.300660544075071812e-03 5.776464822702109814e-04
8.664731979370117188e-01 8.664731979370117188e-01 1.297946572303771973e-01 7.424725918099284172e-04 1.308313454501330853e-03 5.878484225831925869e-04
8.706234097480773926e-01 8.706234097480773926e-01 1.256519407033920288e-01 7.449027034454047680e-04 1.308003440499305725e-03 5.765496171079576015e-04
8.709772229194641113e-01 8.709772229194641113e-01 1.252229660749435425e-01 7.888981490395963192e-04 1.285867998376488686e-03 6.059563602320849895e-04
8.694068789482116699e-01 8.694068789482116699e-01 1.267468929290771484e-01 7.829871610738337040e-04 1.319086877629160881e-03 6.153090507723391056e-04
8.705553412437438965e-01 8.705553412437438965e-01 1.256301552057266235e-01 7.902911747805774212e-04 1.297940849326550961e-03 6.058349972590804100e-04
8.700540661811828613e-01 8.700540661811828613e-01 1.260254234075546265e-01 7.970579317770898342e-04 1.351455808617174625e-03 6.220299983397126198e-04
8.720815181732177734e-01 8.720815181732177734e-01 1.242194101214408875e-01 7.572675240226089954e-04 1.259466633200645447e-03 5.906819715164601803e-04
8.695557713508605957e-01 8.695557713508605957e-01 1.265748292207717896e-01 7.980743539519608021e-04 1.328035723417997360e-03 6.098552839830517769e-04
8.753349781036376953e-01 8.753349781036376953e-01 1.209355145692825317e-01 7.687832694500684738e-04 1.306084217503666878e-03 5.781211657449603081e-04
8.709771037101745605e-01 8.709771037101745605e-01 1.251928657293319702e-01 8.113681105896830559e-04 1.318451948463916779e-03 5.944275762885808945e-04
8.695700764656066895e-01 8.695700764656066895e-01 1.264251321554183960e-01 8.589504286646842957e-04 1.350858714431524277e-03 6.321296095848083496e-04
8.698236346244812012e-01 8.698236346244812012e-01 1.261302977800369263e-01 8.829792495816946030e-04 1.373347477056086063e-03 6.249162252061069012e-04
