1.028368648389655976e-03
4.252338458332406007e-02
9.111435278925118508e-01
9.342656896528540589e-01
8.951333402436070230e-01
8.780974050716223722e-01
8.911433506132385718e-01
8.917432057869261186e-01
9.168344940603303517e-01
9.399658815787720334e-01
9.554960886102107365e-01
9.671638988487881727e-01
9.687463274096127508e-01
9.676552156918929448e-01
9.642999340991436075e-01
9.642396953256702208e-01
9.589887917892924163e-01
9.448564981566874854e-01
9.498939429762525144e-01
9.432357193857237032e-01
9.418479362310776537e-01
9.391194634974439071e-01
9.426872390218453690e-01
9.359746859669526575e-01
9.382606238071712346e-01
9.328856247794938827e-01
9.382234795784829551e-01
9.236517263051629012e-01
9.260142439675149717e-01
9.246218177842828734e-01
9.185851570335581417e-01
9.175589271178978823e-01
9.133628352575672293e-01
9.072820958848114570e-01
9.090361959051743712e-01
9.048299135015833716e-01
9.103760412971464433e-01
9.078567460461747229e-01
9.118802016618062778e-01
9.188232780710423597e-01
9.170020048838630755e-01
9.218169461257332831e-01
9.173522218972102182e-01
9.169491828963127755e-01
9.175229285715879035e-01
9.160381242092153764e-01
9.143594583286074329e-01
9.160999910576475003e-01
9.142960237042889737e-01
9.158097716214836925e-01
9.137359659184818295e-01
9.120587472156149733e-01
9.073350384705067828e-01
9.037348220450756031e-01
9.047522482961442014e-01
9.014978470517642783e-01
8.988585566464261101e-01
8.958788779765657351e-01
8.940511527886241261e-01
8.936874890820991624e-01
8.876888770461510703e-01
8.835368638078514580e-01
8.817074502458784879e-01
8.819250695986969868e-01
8.780789535554233138e-01
8.763670025867699165e-01
8.798301592203040533e-01
8.758985993912326018e-01
8.738821381062219507e-01
8.743199696719784475e-01
8.627875911503393169e-01
8.646680780267587130e-01
8.653422819568954427e-01
8.646146530484829507e-01
8.606256885023476633e-01
8.601225530410239184e-01
8.559161500392878930e-01
8.549124116776872784e-01
8.566580698278938311e-01
8.537907886292591675e-01
8.497565997787144276e-01
8.452618466120634944e-01
8.469871236757494648e-01
8.433010413710128050e-01
8.450237255745792764e-01
8.436708555829374179e-01
8.381566259967512256e-01
8.414912853066898180e-01
8.311626571702863675e-01
8.314223049766693574e-01
8.293670713880116896e-01
8.296647679091713190e-01
8.314426257641174267e-01
8.282449056479307403e-01
8.176042298111017015e-01
8.218728614557052614e-01
9.327012302156482138e-01
4.572088234668071349e-01
7.202069970681987954e-01
8.191003703991128759e-01
8.240642503501718341e-01
