          0  0.08484974 10.71349525
        100  0.00742667 21.29206085
        200  0.00417962 23.78863335
        300  0.00290241 25.37241364
        400  0.00177718 27.50267601
        500  0.00119191 29.23757553
        600  0.00091782 30.37243462
        700  0.00074770 31.26275444
        800  0.00056550 32.47567749
        900  0.00048318 33.15886688
       1000  0.00038862 34.10479355
       1100  0.00034980 34.56178665
       1200  0.00031053 35.07894135
       1300  0.00029634 35.28205109
       1400  0.00024257 36.15159225
       1500  0.00022288 36.51920319
       1600  0.00022521 36.47410202
       1700  0.00020529 36.87624741
       1800  0.00018019 37.44265747
       1900  0.00018802 37.25807571
       2000  0.00018259 37.38533783
       2100  0.00017611 37.54212189
       2200  0.00015750 38.02728653
       2300  0.00016133 37.92296982
       2400  0.00013877 38.57704163
       2500  0.00013301 38.76120758
       2600  0.00014418 38.41101837
       2700  0.00011631 39.34374237
       2800  0.00011804 39.27983093
       2900  0.00011787 39.28596878
       3000  0.00011915 39.23914719
       3100  0.00011305 39.46743011
       3200  0.00011090 39.55058670
       3300  0.00010773 39.67650223
       3400  0.00008548 40.68135452
       3500  0.00008866 40.52256775
       3600  0.00009060 40.42867279
       3700  0.00009578 40.18708038
       3800  0.00011119 39.53915405
       3900  0.00007055 41.51483154
       4000  0.00007027 41.53211975
       4100  0.00007090 41.49361038
       4200  0.00006888 41.61897278
       4300  0.00008000 40.96895218
       4400  0.00007805 41.07604980
       4500  0.00007625 41.17738724
       4600  0.00008380 40.76775742
       4700  0.00006228 42.05683899
       4800  0.00005755 42.39945984
       4900  0.00006565 41.82765961
       5000  0.00005760 42.39583969
