7.167416624724864960e-04 7.167416624724864960e-04 2.130396431311964989e-03 1.112115569412708282e-04 1.566837914288043976e-02 1.806048239814117551e-04
5.926319360733032227e-01 5.926319360733032227e-01 2.633533731568604708e-04 5.606186459772288799e-04 7.935998146422207355e-04 5.427130599855445325e-05
9.205506443977355957e-01 9.205506443977355957e-01 1.658246968872845173e-03 1.445659901946783066e-03 9.472364909015595913e-04 6.692113238386809826e-04
9.072566032409667969e-01 9.072566032409667969e-01 1.058680284768342972e-02 8.353692246600985527e-04 3.310424217488616705e-04 8.810925064608454704e-04
8.814753890037536621e-01 8.814753890037536621e-01 1.687083207070827484e-02 1.616957597434520721e-04 1.584473502589389682e-04 2.428452135063707829e-04
8.796750903129577637e-01 8.796750903129577637e-01 2.508098632097244263e-02 5.318789044395089149e-05 1.629190810490399599e-04 9.749360469868406653e-05
8.870491981506347656e-01 8.870491981506347656e-01 3.661045059561729431e-02 3.829064007732085884e-05 1.871379063231870532e-04 6.449685315601527691e-05
8.810275793075561523e-01 8.810275793075561523e-01 4.834439232945442200e-02 4.673936928156763315e-05 2.191989769926294684e-04 7.163132249843329191e-05
8.758643865585327148e-01 8.758643865585327148e-01 6.352858990430831909e-02 5.307827814249321818e-05 2.540619170758873224e-04 7.007375097600743175e-05
8.822536468505859375e-01 8.822536468505859375e-01 6.875208765268325806e-02 6.159686017781496048e-05 2.636732242535799742e-04 7.748822827124968171e-05
8.911299109458923340e-01 8.911299109458923340e-01 6.800011545419692993e-02 7.563136750832200050e-05 2.930413465946912766e-04 8.854691986925899982e-05
8.986224532127380371e-01 8.986224532127380371e-01 7.028057426214218140e-02 7.285326864803209901e-05 2.896865480579435825e-04 8.207064092857763171e-05
9.021447896957397461e-01 9.021447896957397461e-01 7.006589323282241821e-02 8.591241203248500824e-05 3.006859333254396915e-04 9.343802230432629585e-05
8.978858590126037598e-01 8.978858590126037598e-01 7.782994955778121948e-02 9.778988169273361564e-05 3.036012349184602499e-04 1.017727990983985364e-04
8.959169387817382812e-01 8.959169387817382812e-01 8.185021579265594482e-02 1.164217828772962093e-04 3.231478040106594563e-04 1.172322081401944160e-04
9.036515355110168457e-01 9.036515355110168457e-01 7.594852894544601440e-02 1.286711340071633458e-04 3.309433232061564922e-04 1.244841987499967217e-04
9.104204773902893066e-01 9.104204773902893066e-01 7.119168341159820557e-02 1.289165811613202095e-04 3.229707945138216019e-04 1.239029224961996078e-04
9.120320081710815430e-01 9.120320081710815430e-01 7.112161070108413696e-02 1.334259868599474430e-04 3.104802453890442848e-04 1.239395060110837221e-04
9.103334546089172363e-01 9.103334546089172363e-01 7.320837676525115967e-02 1.317530113738030195e-04 3.229494614060968161e-04 1.219969490193761885e-04
9.098693728446960449e-01 9.098693728446960449e-01 7.450081408023834229e-02 1.329918304691091180e-04 3.389456833247095346e-04 1.215743395732715726e-04
9.059107899665832520e-01 9.059107899665832520e-01 7.786440104246139526e-02 1.566742866998538375e-04 3.814049996435642242e-04 1.409848628100007772e-04
9.041410684585571289e-01 9.041410684585571289e-01 8.000041544437408447e-02 1.701511355349794030e-04 4.016677848994731903e-04 1.497628545621410012e-04
9.037733078002929688e-01 9.037733078002929688e-01 8.114419877529144287e-02 1.710995566099882126e-04 4.261664289515465498e-04 1.486347318859770894e-04
8.991297483444213867e-01 8.991297483444213867e-01 8.527898043394088745e-02 2.021672407863661647e-04 4.656234232243150473e-04 1.744982437230646610e-04
9.002033472061157227e-01 9.002033472061157227e-01 8.513964712619781494e-02 2.028236922342330217e-04 4.659818077925592661e-04 1.734525285428389907e-04
8.963222503662109375e-01 8.963222503662109375e-01 8.936271816492080688e-02 2.088579640258103609e-04 4.845238290727138519e-04 1.773169788066297770e-04
8.959617018699645996e-01 8.959617018699645996e-01 8.922673761844635010e-02 2.251261757919564843e-04 5.093158106319606304e-04 1.940597721841186285e-04
8.944841027259826660e-01 8.944841027259826660e-01 9.140423685312271118e-02 2.382212551310658455e-04 5.280433688312768936e-04 1.992918550968170166e-04
8.966481685638427734e-01 8.966481685638427734e-01 8.992449939250946045e-02 2.392571477685123682e-04 5.397936911322176456e-04 1.951646554516628385e-04
8.926677703857421875e-01 8.926677703857421875e-01 9.352906048297882080e-02 2.753312292043119669e-04 5.618529976345598698e-04 2.246547228423878551e-04
8.911218643188476562e-01 8.911218643188476562e-01 9.557229280471801758e-02 2.832900208886712790e-04 6.016056286171078682e-04 2.303248038515448570e-04
8.900165557861328125e-01 8.900165557861328125e-01 9.691365808248519897e-02 2.943187719210982323e-04 6.156558520160615444e-04 2.348744164919480681e-04
8.889129161834716797e-01 8.889129161834716797e-01 9.846901893615722656e-02 2.896609948948025703e-04 6.381430430337786674e-04 2.329521375941112638e-04
8.890609145164489746e-01 8.890609145164489746e-01 9.852316975593566895e-02 2.979828568641096354e-04 6.479640142060816288e-04 2.372416493017226458e-04
8.858116269111633301e-01 8.858116269111633301e-01 1.012854054570198059e-01 3.054704866372048855e-04 6.967248045839369297e-04 2.379474171902984381e-04
8.879572153091430664e-01 8.879572153091430664e-01 9.955888241529464722e-02 3.081677714362740517e-04 7.034116424620151520e-04 2.438543888274580240e-04
8.842584490776062012e-01 8.842584490776062012e-01 1.032405197620391846e-01 3.178671759087592363e-04 7.263801526278257370e-04 2.492371422704309225e-04
8.829813599586486816e-01 8.829813599586486816e-01 1.046175509691238403e-01 3.410065837670117617e-04 7.776302518323063850e-04 2.598525024950504303e-04
8.811101913452148438e-01 8.811101913452148438e-01 1.064506098628044128e-01 3.388483892194926739e-04 8.044398855417966843e-04 2.599624567665159702e-04
8.836506009101867676e-01 8.836506009101867676e-01 1.044578775763511658e-01 3.344344731885939837e-04 8.201127056963741779e-04 2.544200979173183441e-04
8.793799281120300293e-01 8.793799281120300293e-01 1.080356240272521973e-01 3.622902440838515759e-04 8.899913518689572811e-04 2.744710945989936590e-04
8.806267976760864258e-01 8.806267976760864258e-01 1.066820770502090454e-01 3.678576613310724497e-04 9.383046417497098446e-04 2.790813741739839315e-04
8.779759407043457031e-01 8.779759407043457031e-01 1.092994809150695801e-01 3.821586142294108868e-04 9.783153655007481575e-04 2.885847352445125580e-04
8.778367638587951660e-01 8.778367638587951660e-01 1.091777682304382324e-01 3.890917287208139896e-04 1.034299493767321110e-03 2.946086460724473000e-04
8.788250088691711426e-01 8.788250088691711426e-01 1.081292256712913513e-01 3.998479514848440886e-04 1.089084078557789326e-03 3.086223732680082321e-04
8.770025372505187988e-01 8.770025372505187988e-01 1.099188029766082764e-01 4.011020646430552006e-04 1.135694794356822968e-03 3.106351941823959351e-04
8.764981627464294434e-01 8.764981627464294434e-01 1.104915738105773926e-01 4.038841289002448320e-04 1.184931257739663124e-03 3.089738311246037483e-04
8.744167089462280273e-01 8.744167089462280273e-01 1.120647042989730835e-01 4.278117266949266195e-04 1.269344938918948174e-03 3.256884519942104816e-04
8.747236132621765137e-01 8.747236132621765137e-01 1.119550988078117371e-01 4.275519168004393578e-04 1.286810962483286858e-03 3.262117970734834671e-04
8.764585852622985840e-01 8.764585852622985840e-01 1.098513603210449219e-01 4.595028294716030359e-04 1.346944016404449940e-03 3.473754622973501682e-04
8.752027153968811035e-01 8.752027153968811035e-01 1.109652966260910034e-01 4.830362740904092789e-04 1.415287144482135773e-03 3.608445113059133291e-04
