 Iterations  Total_Loss        PSNR
        100  0.00894676 20.48334312
        200  0.00658386 21.81519318
        300  0.00504106 22.97478104
        400  0.00418889 23.77900887
        500  0.00353372 24.51767540
        600  0.00320065 24.94762039
        700  0.00300652 25.21936035
        800  0.00267270 25.73049355
        900  0.00245396 26.10132027
       1000  0.00231208 26.35997200
       1100  0.00236056 26.26984978
       1200  0.00200802 26.97232437
       1300  0.00192928 27.14604759
       1400  0.00174763 27.57550049
       1500  0.00169915 27.69767952
       1600  0.00168327 27.73847198
       1700  0.00149167 28.26325798
       1800  0.00140920 28.51026535
       1900  0.00141909 28.47989464
       2000  0.00148035 28.29636955
       2100  0.00119961 29.20958900
       2200  0.00113675 29.44335556
       2300  0.00109619 29.60114098
       2400  0.00103834 29.83661079
       2500  0.00099595 30.01763153
       2600  0.00094080 30.26502037
       2700  0.00091307 30.39494896
       2800  0.00083717 30.77186966
       2900  0.00081051 30.91242409
       3000  0.00081536 30.88652039
       3100  0.00072519 31.39550591
       3200  0.00085032 30.70416069
       3300  0.00066330 31.78289223
       3400  0.00064503 31.90417480
       3500  0.00060669 32.17035294
       3600  0.00060084 32.21241760
       3700  0.00056556 32.47523117
       3800  0.00063081 32.00101471
       3900  0.00052064 32.83466339
       4000  0.00051796 32.85700989
       4100  0.00047830 33.20301056
       4200  0.00045654 33.40523529
       4300  0.00043399 33.62515640
       4400  0.00048081 33.18022919
       4500  0.00045338 33.43537521
       4600  0.00043092 33.65605927
       4700  0.00038492 34.14627075
       4800  0.00035908 34.44804001
       4900  0.00041886 33.77930069
       5000  0.00035914 34.44736099
       5100  0.00032920 34.82534790
       5200  0.00050405 32.97526169
       5300  0.00031618 35.00067520
       5400  0.00032448 34.88810349
       5500  0.00030300 35.18556976
       5600  0.00029066 35.36620331
       5700  0.00028008 35.52717590
       5800  0.00028285 35.48441315
       5900  0.00032352 34.90102768
       6000  0.00027211 35.65263367
       6100  0.00026070 35.83853149
       6200  0.00025976 35.85433578
       6300  0.00024564 36.09699631
       6400  0.00034834 34.57992172
       6500  0.00068278 31.65716934
       6600  0.00024158 36.16944504
       6700  0.00021861 36.60327148
       6800  0.00022713 36.43732452
       6900  0.00021116 36.75391388
       7000  0.00021710 36.63335800
       7100  0.00022880 36.40536118
       7200  0.00019112 37.18699265
       7300  0.00018943 37.22553253
       7400  0.00019546 37.08938599
       7500  0.00022850 36.41121292
       7600  0.00019620 37.07303238
       7700  0.00020844 36.81014252
       7800  0.00016957 37.70651245
       7900  0.00018436 37.34340286
       8000  0.00019789 37.03575897
       8100  0.00015609 38.06616211
       8200  0.00031389 35.03217697
       8300  0.00015535 38.08691788
       8400  0.00019970 36.99631882
       8500  0.00019561 37.08618546
       8600  0.00017651 37.53234482
       8700  0.00019817 37.02952576
       8800  0.00022091 36.55785751
       8900  0.00015988 37.96201706
       9000  0.00014921 38.26206207
       9100  0.00014624 38.34928513
       9200  0.00013894 38.57159805
       9300  0.00021540 36.66756058
       9400  0.00014201 38.47692490
       9500  0.00014074 38.51588821
       9600  0.00013505 38.69514465
       9700  0.00012611 38.99239731
       9800  0.00012943 38.87970352
       9900  0.00011759 39.29644394
      10000  0.00011582 39.36215973
