2.147172490367665887e-04 2.147172490367665887e-04 4.652750794775784016e-05 4.492685548029839993e-04 1.057372777722775936e-03 3.027002094313502312e-04
5.341976508498191833e-02 5.341976508498191833e-02 1.394434571266174316e-01 5.476091755554080009e-04 5.293764546513557434e-02 7.860411278670653701e-05
6.860765218734741211e-01 6.860765218734741211e-01 8.140102773904800415e-02 3.527574881445616484e-04 9.844081941992044449e-04 5.476679652929306030e-04
9.339050650596618652e-01 9.339050650596618652e-01 5.794356390833854675e-02 6.119361933087930083e-05 1.340083545073866844e-04 2.549606324464548379e-05
9.630554914474487305e-01 9.630554914474487305e-01 3.559520095586776733e-02 3.369470141478814185e-05 5.393509854911826551e-05 4.422873644216451794e-06
9.657059907913208008e-01 9.657059907913208008e-01 3.341168910264968872e-02 5.278229946270585060e-05 3.834007293335162103e-05 3.325924808450508863e-06
9.678660035133361816e-01 9.678660035133361816e-01 3.145443275570869446e-02 6.239971844479441643e-05 2.178766953875310719e-05 2.528357754272292368e-06
9.681115150451660156e-01 9.681115150451660156e-01 3.124249726533889771e-02 8.253243140643462539e-05 1.806574800866656005e-05 2.798740752041339874e-06
9.729241132736206055e-01 9.729241132736206055e-01 2.651100978255271912e-02 8.696202712599188089e-05 1.248660555575042963e-05 2.894667431974085048e-06
9.746519327163696289e-01 9.746519327163696289e-01 2.472739666700363159e-02 1.142949768109247088e-04 1.164650711871217936e-05 3.555000148480758071e-06
9.745780825614929199e-01 9.745780825614929199e-01 2.474130317568778992e-02 1.423389476258307695e-04 1.034792057907907292e-05 3.959867626690538600e-06
9.764078855514526367e-01 9.764078855514526367e-01 2.290045283734798431e-02 1.470935821998864412e-04 1.378806427965173498e-05 4.500320756051223725e-06
9.784909486770629883e-01 9.784909486770629883e-01 2.088311314582824707e-02 1.144378620665520430e-04 1.563158002682030201e-05 4.602443368639796972e-06
9.784591197967529297e-01 9.784591197967529297e-01 2.090409211814403534e-02 1.159125458798371255e-04 1.839111791923642159e-05 4.644773071049712598e-06
9.795881509780883789e-01 9.795881509780883789e-01 1.985866390168666840e-02 8.282135968329384923e-05 2.493913416401483119e-05 5.193973720452049747e-06
9.798613786697387695e-01 9.798613786697387695e-01 1.962940767407417297e-02 7.252381328726187348e-05 2.782987940008752048e-05 5.383827556215692312e-06
9.800445437431335449e-01 9.800445437431335449e-01 1.947334408760070801e-02 6.296028004726395011e-05 3.112880585831589997e-05 5.392465482145780697e-06
9.769455194473266602e-01 9.769455194473266602e-01 2.254866622388362885e-02 7.177779480116441846e-05 4.124730548937804997e-05 5.689878435077844188e-06
9.738445281982421875e-01 9.738445281982421875e-01 2.561894804239273071e-02 8.035790961002930999e-05 4.701279613072983921e-05 6.151153684186283499e-06
9.695659279823303223e-01 9.695659279823303223e-01 2.980847656726837158e-02 9.877397678792476654e-05 6.153174035716801882e-05 6.423414106393465772e-06
9.635336995124816895e-01 9.635336995124816895e-01 3.575447946786880493e-02 1.179330793092958629e-04 7.514520257245749235e-05 7.701805770921055228e-06
9.590165615081787109e-01 9.590165615081787109e-01 4.018250107765197754e-02 1.413472491549327970e-04 8.510703628417104483e-05 8.291379344882443547e-06
9.553145766258239746e-01 9.553145766258239746e-01 4.386068880558013916e-02 1.554642512928694487e-04 8.752340363571420312e-05 9.142832823272328824e-06
9.539444446563720703e-01 9.539444446563720703e-01 4.521613568067550659e-02 1.642242859816178679e-04 8.744214574107900262e-05 9.620430319046135992e-06
9.509517550468444824e-01 9.509517550468444824e-01 4.816801846027374268e-02 1.807901571737602353e-04 8.265242649940773845e-05 1.018611692416016012e-05
9.496304392814636230e-01 9.496304392814636230e-01 4.944477975368499756e-02 1.952935126610100269e-04 8.974668162409216166e-05 1.098532811738550663e-05
9.453079700469970703e-01 9.453079700469970703e-01 5.368005484342575073e-02 2.159609139198437333e-04 9.062985191121697426e-05 1.229489407705841586e-05
9.462404251098632812e-01 9.462404251098632812e-01 5.275812745094299316e-02 2.120689896401017904e-04 8.718903700355440378e-05 1.331518706138012931e-05
9.456754326820373535e-01 9.456754326820373535e-01 5.331631004810333252e-02 2.115859097102656960e-04 9.227588452631607652e-05 1.411067205481231213e-05
9.449270963668823242e-01 9.449270963668823242e-01 5.403828993439674377e-02 2.200858725700527430e-04 8.749987318878993392e-05 1.534156217530835420e-05
9.430275559425354004e-01 9.430275559425354004e-01 5.592986941337585449e-02 2.250018587801605463e-04 8.826363045955076814e-05 1.579030504217371345e-05
9.429119825363159180e-01 9.429119825363159180e-01 5.607628822326660156e-02 2.256177976960316300e-04 8.345717651536688209e-05 1.595719731994904578e-05
9.416886568069458008e-01 9.416886568069458008e-01 5.723050609230995178e-02 2.515970845706760883e-04 8.464336860924959183e-05 1.767154390108771622e-05
9.397540092468261719e-01 9.397540092468261719e-01 5.913181230425834656e-02 2.688377280719578266e-04 8.151808287948369980e-05 1.927132871060166508e-05
9.403135776519775391e-01 9.403135776519775391e-01 5.864497274160385132e-02 2.415725321043282747e-04 7.675631786696612835e-05 1.759143560775555670e-05
9.401152729988098145e-01 9.401152729988098145e-01 5.883020535111427307e-02 2.498443354852497578e-04 7.350013765972107649e-05 1.787251130735967308e-05
9.407199025154113770e-01 9.407199025154113770e-01 5.825049802660942078e-02 2.367149136262014508e-04 7.694651139900088310e-05 1.804885141609702259e-05
9.408038854598999023e-01 9.408038854598999023e-01 5.818956717848777771e-02 2.340692444704473019e-04 7.306088809855282307e-05 1.812726623029448092e-05
9.407665133476257324e-01 9.407665133476257324e-01 5.825605243444442749e-02 2.293168799951672554e-04 7.239093247335404158e-05 1.805727151804603636e-05
9.407061934471130371e-01 9.407061934471130371e-01 5.831935256719589233e-02 2.234533749287948012e-04 7.804478809703141451e-05 1.767136564012616873e-05
9.383465647697448730e-01 9.383465647697448730e-01 6.063804775476455688e-02 2.407813444733619690e-04 7.857603486627340317e-05 1.857714232755824924e-05
9.376879334449768066e-01 9.376879334449768066e-01 6.130520626902580261e-02 2.417612558929249644e-04 7.618877862114459276e-05 1.919727947097271681e-05
9.393715858459472656e-01 9.393715858459472656e-01 5.968591943383216858e-02 2.234152925666421652e-04 7.479543273802846670e-05 1.862791395979002118e-05
9.355946183204650879e-01 9.355946183204650879e-01 6.338714063167572021e-02 2.403698163107037544e-04 8.244789933087304235e-05 1.972181962628383189e-05
9.327290654182434082e-01 9.327290654182434082e-01 6.622064858675003052e-02 2.517170214559882879e-04 8.306146628456190228e-05 2.036934165516868234e-05
9.303793311119079590e-01 9.303793311119079590e-01 6.849945336580276489e-02 2.707964740693569183e-04 9.021036385092884302e-05 2.213115476479288191e-05
9.316698312759399414e-01 9.316698312759399414e-01 6.721682101488113403e-02 2.704489452298730612e-04 8.713143324712291360e-05 2.185539597121533006e-05
9.308282136917114258e-01 9.308282136917114258e-01 6.803083419799804688e-02 2.752773289103060961e-04 9.340756514575332403e-05 2.272838537464849651e-05
9.280273318290710449e-01 9.280273318290710449e-01 7.076044380664825439e-02 2.902695850934833288e-04 1.033275984809733927e-04 2.428261177556123585e-05
9.262519478797912598e-01 9.262519478797912598e-01 7.254385203123092651e-02 2.837954962160438299e-04 1.019600240397267044e-04 2.455275716783944517e-05
9.242972135543823242e-01 9.242972135543823242e-01 7.441268116235733032e-02 3.088730445597320795e-04 1.094929466489702463e-04 2.578306703071575612e-05
9.264513254165649414e-01 9.264513254165649414e-01 7.225541770458221436e-02 3.088026423938572407e-04 1.075186082744039595e-04 2.566217517596669495e-05
9.259470701217651367e-01 9.259470701217651367e-01 7.278519868850708008e-02 3.014879184775054455e-04 1.039154740283265710e-04 2.649125417519826442e-05
9.280768036842346191e-01 9.280768036842346191e-01 7.066481560468673706e-02 2.852596226148307323e-04 1.140611420851200819e-04 2.564094393164850771e-05
9.285036325454711914e-01 9.285036325454711914e-01 7.019533216953277588e-02 2.848708827514201403e-04 1.246591127710416913e-04 2.881740147131495178e-05
9.244656562805175781e-01 9.244656562805175781e-01 7.416373491287231445e-02 3.151946293655782938e-04 1.230787747772410512e-04 2.971486901515163481e-05
9.211605787277221680e-01 9.211605787277221680e-01 7.739233970642089844e-02 3.285496495664119720e-04 1.338321308139711618e-04 3.165046291542239487e-05
9.227446317672729492e-01 9.227446317672729492e-01 7.580628991127014160e-02 3.221041988581418991e-04 1.421171909896656871e-04 3.154305522912181914e-05
9.200693368911743164e-01 9.200693368911743164e-01 7.838097959756851196e-02 3.513506671879440546e-04 1.451493299100548029e-04 3.383757939445786178e-05
9.182762503623962402e-01 9.182762503623962402e-01 8.012858033180236816e-02 3.576368035282939672e-04 1.533515896880999207e-04 3.513630872475914657e-05
9.189643263816833496e-01 9.189643263816833496e-01 7.949753850698471069e-02 3.394706873223185539e-04 1.465631066821515560e-04 3.413205558899790049e-05
9.188585281372070312e-01 9.188585281372070312e-01 7.953578233718872070e-02 3.557331510819494724e-04 1.564475969644263387e-04 3.570179615053348243e-05
9.170409440994262695e-01 9.170409440994262695e-01 8.124575018882751465e-02 3.784975269809365273e-04 1.708671188680455089e-04 3.737778024515137076e-05
9.193558096885681152e-01 9.193558096885681152e-01 7.897257059812545776e-02 3.685487317852675915e-04 1.734211400616914034e-04 3.622497024480253458e-05
9.144359827041625977e-01 9.144359827041625977e-01 8.369864523410797119e-02 4.060523351654410362e-04 1.936355547513812780e-04 4.150646054768003523e-05
9.151446819305419922e-01 9.151446819305419922e-01 8.294340223073959351e-02 4.092286108061671257e-04 2.079389087157323956e-04 4.322614040574990213e-05
9.107902050018310547e-01 9.107902050018310547e-01 8.716331422328948975e-02 4.396200529299676418e-04 2.229798992630094290e-04 4.601594991981983185e-05
9.106301069259643555e-01 9.106301069259643555e-01 8.733986318111419678e-02 4.400284669827669859e-04 2.154344256268814206e-04 4.467484177439473569e-05
9.084057211875915527e-01 9.084057211875915527e-01 8.937990665435791016e-02 4.781242168974131346e-04 2.323598455404862761e-04 4.843037459068000317e-05
9.096200466156005859e-01 9.096200466156005859e-01 8.815822750329971313e-02 4.763673059642314911e-04 2.377609489485621452e-04 4.958382123732008040e-05
9.101150631904602051e-01 9.101150631904602051e-01 8.768033981323242188e-02 4.677359538618475199e-04 2.313423319719731808e-04 4.965827974956482649e-05
9.050476551055908203e-01 9.050476551055908203e-01 9.264514595270156860e-02 5.021795514039695263e-04 2.420063392492011189e-04 5.001875979360193014e-05
9.060781002044677734e-01 9.060781002044677734e-01 9.158677607774734497e-02 5.180631997063755989e-04 2.370471047470346093e-04 4.934479511575773358e-05
9.091722965240478516e-01 9.091722965240478516e-01 8.854942023754119873e-02 4.830039397347718477e-04 2.441645774524658918e-04 5.139915083418600261e-05
9.030675292015075684e-01 9.030675292015075684e-01 9.448631107807159424e-02 5.341083742678165436e-04 2.509312471374869347e-04 5.377697016228921711e-05
9.033985137939453125e-01 9.033985137939453125e-01 9.408924728631973267e-02 5.405260599218308926e-04 2.779952192213386297e-04 5.598329880740493536e-05
8.975571990013122559e-01 8.975571990013122559e-01 9.977985173463821411e-02 5.920544499531388283e-04 2.742158831097185612e-04 5.886367944185622036e-05
8.979799151420593262e-01 8.979799151420593262e-01 9.926899522542953491e-02 6.063228356651961803e-04 2.896274381782859564e-04 6.277201464399695396e-05
8.965299129486083984e-01 8.965299129486083984e-01 1.005734801292419434e-01 6.632569129578769207e-04 2.889047900680452585e-04 6.659686914645135403e-05
8.987810015678405762e-01 8.987810015678405762e-01 9.835492819547653198e-02 6.455645780079066753e-04 2.862004912458360195e-04 6.729407323291525245e-05
8.949078917503356934e-01 8.949078917503356934e-01 1.021155118942260742e-01 6.694076000712811947e-04 2.998404961545020342e-04 6.806878809584304690e-05
8.920701742172241211e-01 8.920701742172241211e-01 1.048719957470893860e-01 7.120533264242112637e-04 2.903496206272393465e-04 6.785268487874418497e-05
8.938376903533935547e-01 8.938376903533935547e-01 1.031136140227317810e-01 6.985251093283295631e-04 2.898974053096026182e-04 7.016774907242506742e-05
8.948776125907897949e-01 8.948776125907897949e-01 1.020247414708137512e-01 6.869399221614003181e-04 2.984925522468984127e-04 7.099467620719224215e-05
8.913745284080505371e-01 8.913745284080505371e-01 1.053697392344474792e-01 7.291755755431950092e-04 3.141662164125591516e-04 7.501602522097527981e-05
8.919845223426818848e-01 8.919845223426818848e-01 1.046577170491218567e-01 7.667736499570310116e-04 3.163565706927329302e-04 7.685632590437307954e-05
8.931080102920532227e-01 8.931080102920532227e-01 1.035349294543266296e-01 7.540619699284434319e-04 3.199669590685516596e-04 7.806305802660062909e-05
8.940629959106445312e-01 8.940629959106445312e-01 1.025701910257339478e-01 7.612453191541135311e-04 3.164858790114521980e-04 7.980471855262294412e-05
8.935027718544006348e-01 8.935027718544006348e-01 1.031003445386886597e-01 7.794543635100126266e-04 3.154853184241801500e-04 7.976117922225967050e-05
8.923635482788085938e-01 8.923635482788085938e-01 1.042998656630516052e-01 7.652106578461825848e-04 3.025383339263498783e-04 7.966388511704280972e-05
8.943384289741516113e-01 8.943384289741516113e-01 1.022810563445091248e-01 7.789402734488248825e-04 3.054426051676273346e-04 8.006360440049320459e-05
8.908767700195312500e-01 8.908767700195312500e-01 1.054751276969909668e-01 8.468248415738344193e-04 3.425171016715466976e-04 8.567689656047150493e-05
8.873791694641113281e-01 8.873791694641113281e-01 1.088471636176109314e-01 8.806695695966482162e-04 3.429368371143937111e-04 9.086998761631548405e-05
8.888980150222778320e-01 8.888980150222778320e-01 1.072801202535629272e-01 8.815108449198305607e-04 3.499536251183599234e-04 9.550717368256300688e-05
8.885332942008972168e-01 8.885332942008972168e-01 1.075030490756034851e-01 9.285592241212725639e-04 3.608078404795378447e-04 9.728939039632678032e-05
8.853031992912292480e-01 8.853031992912292480e-01 1.106253862380981445e-01 9.642478544265031815e-04 3.561251505743712187e-04 9.986171789932996035e-05
8.877723217010498047e-01 8.877723217010498047e-01 1.081613674759864807e-01 9.208785486407577991e-04 3.800515842158347368e-04 1.029772902256809175e-04
8.887149691581726074e-01 8.887149691581726074e-01 1.073483899235725403e-01 9.058124851435422897e-04 3.534596762619912624e-04 1.017636677715927362e-04
8.847204446792602539e-01 8.847204446792602539e-01 1.110803484916687012e-01 9.544806671328842640e-04 3.811241767834872007e-04 1.089577708626165986e-04
8.877214193344116211e-01 8.877214193344116211e-01 1.082019954919815063e-01 8.990343776531517506e-04 3.800102276727557182e-04 1.073818202712573111e-04
8.862618207931518555e-01 8.862618207931518555e-01 1.096401810646057129e-01 9.123315685428678989e-04 3.604370576795190573e-04 1.067263219738379121e-04
