8.064453722909092903e-04 8.064453722909092903e-04 7.736010593362152576e-04 3.110901452600955963e-04 1.573313144035637379e-03 2.266999566927552223e-03
8.880359530448913574e-01 8.880359530448913574e-01 2.045947872102260590e-02 1.919675378303509206e-05 1.051083672791719437e-02 1.601633965037763119e-03
9.970790147781372070e-01 9.970790147781372070e-01 2.382435137405991554e-03 8.367409463971853256e-06 2.155609545297920704e-04 7.503515917051117867e-06
9.981878399848937988e-01 9.981878399848937988e-01 1.627569436095654964e-03 8.110097951430361718e-06 5.104617230244912207e-05 2.194305807279306464e-06
9.973498582839965820e-01 9.973498582839965820e-01 2.372306771576404572e-03 2.397086245764512569e-05 5.471033000503666699e-05 3.496727231322438456e-06
9.970749616622924805e-01 9.970749616622924805e-01 2.566205337643623352e-03 5.433237311081029475e-05 6.279435183387249708e-05 5.179249455977696925e-06
9.974906444549560547e-01 9.974906444549560547e-01 2.043557120487093925e-03 1.081439622794277966e-04 7.946365076350048184e-05 9.489620424574241042e-06
9.981309771537780762e-01 9.981309771537780762e-01 1.457180944271385670e-03 1.079977082554250956e-04 6.780771218473091722e-05 1.116427483793813735e-05
9.983646273612976074e-01 9.983646273612976074e-01 1.245230319909751415e-03 1.093974788091145456e-04 6.671313894912600517e-05 1.319601142313331366e-05
9.987568855285644531e-01 9.987568855285644531e-01 9.121269686147570610e-04 8.986286411527544260e-05 5.723640788346529007e-05 1.310673633270198479e-05
9.989700317382812500e-01 9.989700317382812500e-01 7.375955465249717236e-04 7.153164187911897898e-05 5.543194129131734371e-05 1.308036098635056987e-05
9.990200996398925781e-01 9.990200996398925781e-01 6.921127787791192532e-04 6.832576036686077714e-05 5.890290049137547612e-05 1.438335584680316970e-05
9.990385770797729492e-01 9.990385770797729492e-01 6.819802802056074142e-04 5.944070289842784405e-05 6.217171903699636459e-05 1.563535624882206321e-05
9.990665316581726074e-01 9.990665316581726074e-01 6.608828552998602390e-04 5.457464794744737446e-05 6.432820373447611928e-05 1.618675923964474350e-05
9.990693926811218262e-01 9.990693926811218262e-01 6.414537201635539532e-04 5.021164542995393276e-05 6.867261981824412942e-05 1.900102324725594372e-05
9.990997314453125000e-01 9.990997314453125000e-01 6.086021312512457371e-04 4.698637349065393209e-05 7.091497536748647690e-05 2.079292971757240593e-05
9.991114735603332520e-01 9.991114735603332520e-01 5.799690843559801579e-04 4.715463728643953800e-05 7.391270628431811929e-05 2.402337486273609102e-05
9.990504384040832520e-01 9.990504384040832520e-01 6.119831814430654049e-04 4.815282591152936220e-05 8.173513924703001976e-05 2.681319892872124910e-05
9.990037083625793457e-01 9.990037083625793457e-01 6.302123656496405602e-04 5.017631701775826514e-05 9.134218271356076002e-05 3.005798134836368263e-05
9.989506006240844727e-01 9.989506006240844727e-01 6.474523688666522503e-04 5.261353726382367313e-05 1.003444776870310307e-04 3.311926775495521724e-05
9.988369345664978027e-01 9.988369345664978027e-01 7.136734784580767155e-04 5.732567296945489943e-05 1.170848554465919733e-04 3.469283547019585967e-05
9.987484216690063477e-01 9.987484216690063477e-01 7.635569199919700623e-04 6.060262967366725206e-05 1.342206669505685568e-04 3.818800905719399452e-05
9.986765980720520020e-01 9.986765980720520020e-01 8.060836116783320904e-04 6.230395956663414836e-05 1.487058907514438033e-04 3.905695848516188562e-05
9.986869692802429199e-01 9.986869692802429199e-01 7.904072990640997887e-04 6.072779433452524245e-05 1.513116440037265420e-04 3.896331691066734493e-05
9.986372590065002441e-01 9.986372590065002441e-01 8.188266074284911156e-04 6.013332313159480691e-05 1.634621294215321541e-04 4.029482806799933314e-05
9.984838366508483887e-01 9.984838366508483887e-01 9.012805530801415443e-04 6.553238927153870463e-05 1.948425633599981666e-04 4.330864248913712800e-05
9.983605742454528809e-01 9.983605742454528809e-01 9.745887364260852337e-04 6.656395999016240239e-05 2.194005501223728061e-04 4.596578946802765131e-05
9.982054233551025391e-01 9.982054233551025391e-01 1.053115585818886757e-03 7.044267113087698817e-05 2.586400660220533609e-04 5.006312130717560649e-05
9.981036186218261719e-01 9.981036186218261719e-01 1.099755638279020786e-03 7.348501094384118915e-05 2.846077841240912676e-04 5.293340291245840490e-05
9.980048537254333496e-01 9.980048537254333496e-01 1.136615406721830368e-03 7.565625855932012200e-05 3.140389744658023119e-04 5.555236202781088650e-05
9.979149699211120605e-01 9.979149699211120605e-01 1.182867796160280704e-03 7.758697756798937917e-05 3.368451143614947796e-04 5.724054062739014626e-05
9.978037476539611816e-01 9.978037476539611816e-01 1.222447725012898445e-03 8.315315790241584182e-05 3.595309390220791101e-04 6.266615673666819930e-05
9.977015852928161621e-01 9.977015852928161621e-01 1.267235726118087769e-03 8.746903768042102456e-05 3.758537641260772943e-04 6.574228609679266810e-05
9.974290728569030762e-01 9.974290728569030762e-01 1.421792432665824890e-03 9.617241448722779751e-05 4.327063506934791803e-04 6.843745359219610691e-05
9.973570704460144043e-01 9.973570704460144043e-01 1.468690577894449234e-03 9.525971836410462856e-05 4.421485937200486660e-04 7.133364852052181959e-05
9.972673654556274414e-01 9.972673654556274414e-01 1.531567308120429516e-03 9.582314669387415051e-05 4.597160732373595238e-04 7.105030090315267444e-05
9.972672462463378906e-01 9.972672462463378906e-01 1.518228673376142979e-03 9.485961345490068197e-05 4.699979908764362335e-04 7.214247307274490595e-05
9.971919655799865723e-01 9.971919655799865723e-01 1.566937775351107121e-03 9.334379865322262049e-05 4.842023772653192282e-04 7.343665492953732610e-05
9.969658255577087402e-01 9.969658255577087402e-01 1.693288329988718033e-03 1.036057583405636251e-04 5.152907688170671463e-04 7.815011485945433378e-05
9.970082640647888184e-01 9.970082640647888184e-01 1.671453355811536312e-03 1.023269360302947462e-04 5.132650258019566536e-04 7.688428013352677226e-05
9.968974590301513672e-01 9.968974590301513672e-01 1.724702422507107258e-03 1.053432642947882414e-04 5.272862617857754230e-04 8.204008190659806132e-05
9.968218803405761719e-01 9.968218803405761719e-01 1.784277264960110188e-03 1.040726347127929330e-04 5.396960186772048473e-04 8.256049477495253086e-05
9.967160224914550781e-01 9.967160224914550781e-01 1.843327772803604603e-03 1.066553886630572379e-04 5.605648038908839226e-04 8.395822806051000953e-05
9.966329932212829590e-01 9.966329932212829590e-01 1.890616025775671005e-03 1.090638907044194639e-04 5.730179836973547935e-04 8.666166104376316071e-05
9.966564178466796875e-01 9.966564178466796875e-01 1.876628957688808441e-03 1.072402519639581442e-04 5.669233505614101887e-04 8.588486525695770979e-05
9.966124892234802246e-01 9.966124892234802246e-01 1.910698483698070049e-03 1.113966573029756546e-04 5.735747981816530228e-04 8.551232895115390420e-05
9.965662360191345215e-01 9.965662360191345215e-01 1.925435150042176247e-03 1.131418684963136911e-04 5.812007002532482147e-04 8.948492177296429873e-05
9.965609908103942871e-01 9.965609908103942871e-01 1.914548571221530437e-03 1.118615400628186762e-04 5.851709283888339996e-04 9.146438969764858484e-05
9.965368509292602539e-01 9.965368509292602539e-01 1.934166066348552704e-03 1.122620451496914029e-04 5.896769580431282520e-04 9.185098315356299281e-05
9.964739680290222168e-01 9.964739680290222168e-01 1.971163088455796242e-03 1.170081086456775665e-04 5.959544796496629715e-04 9.389509068569168448e-05
9.964467883110046387e-01 9.964467883110046387e-01 1.969880424439907074e-03 1.181488551083020866e-04 6.025324109941720963e-04 9.769052849151194096e-05
9.963845014572143555e-01 9.963845014572143555e-01 2.014953643083572388e-03 1.236807875102385879e-04 6.107082008384168148e-04 9.823495201999321580e-05
9.964039325714111328e-01 9.964039325714111328e-01 1.988060306757688522e-03 1.261402067029848695e-04 6.017141276970505714e-04 1.001884593279100955e-04
9.963453412055969238e-01 9.963453412055969238e-01 2.021613065153360367e-03 1.270316424779593945e-04 6.146339001134037971e-04 1.012564389384351671e-04
9.962361454963684082e-01 9.962361454963684082e-01 2.079428639262914658e-03 1.338065776508301497e-04 6.269484292715787888e-04 1.054196545737795532e-04
9.962342381477355957e-01 9.962342381477355957e-01 2.053827047348022461e-03 1.354393752990290523e-04 6.258653011173009872e-04 1.096087507903575897e-04
9.961714148521423340e-01 9.961714148521423340e-01 2.082814229652285576e-03 1.403412752551957965e-04 6.371694034896790981e-04 1.107592470361851156e-04
9.962010979652404785e-01 9.962010979652404785e-01 2.070168498903512955e-03 1.372276310576125979e-04 6.259573274292051792e-04 1.113107500714249909e-04
9.962782263755798340e-01 9.962782263755798340e-01 2.008029026910662651e-03 1.392645790474489331e-04 6.043369648978114128e-04 1.128573640016838908e-04
9.961526989936828613e-01 9.961526989936828613e-01 2.065483015030622482e-03 1.481982908444479108e-04 6.326314760372042656e-04 1.170561954495497048e-04
9.961422085762023926e-01 9.961422085762023926e-01 2.047488931566476822e-03 1.542081299703568220e-04 6.238173227757215500e-04 1.219528421643190086e-04
9.960159659385681152e-01 9.960159659385681152e-01 2.129565691575407982e-03 1.562065008329227567e-04 6.524980417452752590e-04 1.215885567944496870e-04
9.960168004035949707e-01 9.960168004035949707e-01 2.113351831212639809e-03 1.584644924150779843e-04 6.479458534158766270e-04 1.259428972844034433e-04
9.960280656814575195e-01 9.960280656814575195e-01 2.109666354954242706e-03 1.534669136162847281e-04 6.606944371014833450e-04 1.245629973709583282e-04
9.960881471633911133e-01 9.960881471633911133e-01 2.067240886390209198e-03 1.529612491140142083e-04 6.455607945099473000e-04 1.232288050232455134e-04
9.959776997566223145e-01 9.959776997566223145e-01 2.123041544109582901e-03 1.574960188008844852e-04 6.575633888132870197e-04 1.289327192353084683e-04
9.959768652915954590e-01 9.959768652915954590e-01 2.116465708240866661e-03 1.615375367691740394e-04 6.586033850908279419e-04 1.287611958105117083e-04
9.959400892257690430e-01 9.959400892257690430e-01 2.149966079741716385e-03 1.612243795534595847e-04 6.628714618273079395e-04 1.280055585084483027e-04
9.958678483963012695e-01 9.958678483963012695e-01 2.180185401812195778e-03 1.630846963962540030e-04 6.786271696910262108e-04 1.322218886343762279e-04
9.958757758140563965e-01 9.958757758140563965e-01 2.166655380278825760e-03 1.654168008826673031e-04 6.777982343919575214e-04 1.357928122160956264e-04
9.959610104560852051e-01 9.959610104560852051e-01 2.135215327143669128e-03 1.594305649632588029e-04 6.555512663908302784e-04 1.316251582466065884e-04
9.959701299667358398e-01 9.959701299667358398e-01 2.113615395501255989e-03 1.583105622557923198e-04 6.647640839219093323e-04 1.314331893809139729e-04
9.959926009178161621e-01 9.959926009178161621e-01 2.101276535540819168e-03 1.582095283083617687e-04 6.545780925080180168e-04 1.316692505497485399e-04
9.959117174148559570e-01 9.959117174148559570e-01 2.135425107553601265e-03 1.693850645096972585e-04 6.643448141403496265e-04 1.360260794172063470e-04
9.958244562149047852e-01 9.958244562149047852e-01 2.179427305236458778e-03 1.693837839411571622e-04 6.798568647354841232e-04 1.375363790430128574e-04
9.958269000053405762e-01 9.958269000053405762e-01 2.185183111578226089e-03 1.674884406384080648e-04 6.829589256085455418e-04 1.349856465822085738e-04
9.958588480949401855e-01 9.958588480949401855e-01 2.163583179935812950e-03 1.657670945860445499e-04 6.706668646074831486e-04 1.367493096040561795e-04
9.958385229110717773e-01 9.958385229110717773e-01 2.182781929150223732e-03 1.703744492260739207e-04 6.722983089275658131e-04 1.342351897619664669e-04
9.958015084266662598e-01 9.958015084266662598e-01 2.200650982558727264e-03 1.671592763159424067e-04 6.887200870551168919e-04 1.366788492305204272e-04
9.957418441772460938e-01 9.957418441772460938e-01 2.216697437688708305e-03 1.765320048434659839e-04 6.986472290009260178e-04 1.377428561681881547e-04
9.957600235939025879e-01 9.957600235939025879e-01 2.202228177338838577e-03 1.742713357089087367e-04 6.932467804290354252e-04 1.389005337841808796e-04
9.957599043846130371e-01 9.957599043846130371e-01 2.206653356552124023e-03 1.730683870846405625e-04 6.908390787430107594e-04 1.384298811899498105e-04
9.957358837127685547e-01 9.957358837127685547e-01 2.224375493824481964e-03 1.743838074617087841e-04 6.919901352375745773e-04 1.407291856594383717e-04
9.957351684570312500e-01 9.957351684570312500e-01 2.226693788543343544e-03 1.739186409395188093e-04 6.969069945625960827e-04 1.389040990034118295e-04
9.957579970359802246e-01 9.957579970359802246e-01 2.214229898527264595e-03 1.711674412945285439e-04 6.974010611884295940e-04 1.366812357446178794e-04
9.958076477050781250e-01 9.958076477050781250e-01 2.183845033869147301e-03 1.676595566095784307e-04 6.889411597512662411e-04 1.366735814372077584e-04
9.957832098007202148e-01 9.957832098007202148e-01 2.205730881541967392e-03 1.699557178653776646e-04 6.907834322191774845e-04 1.354046689812093973e-04
9.958249330520629883e-01 9.958249330520629883e-01 2.168274950236082077e-03 1.701259898254647851e-04 6.871099467389285564e-04 1.366649958072230220e-04
9.957990050315856934e-01 9.957990050315856934e-01 2.181451069191098213e-03 1.743812317727133632e-04 6.838503177277743816e-04 1.373532868456095457e-04
9.957188963890075684e-01 9.957188963890075684e-01 2.221977803856134415e-03 1.782174513209611177e-04 7.029257249087095261e-04 1.390935067320242524e-04
9.957830905914306641e-01 9.957830905914306641e-01 2.188663696870207787e-03 1.745062036206945777e-04 6.892007659189403057e-04 1.380062894895672798e-04
9.957461953163146973e-01 9.957461953163146973e-01 2.228033263236284256e-03 1.760140003170818090e-04 6.927368813194334507e-04 1.374340499751269817e-04
9.957022070884704590e-01 9.957022070884704590e-01 2.246014773845672607e-03 1.795012649381533265e-04 6.941180909052491188e-04 1.396435545757412910e-04
9.957087039947509766e-01 9.957087039947509766e-01 2.231734804809093475e-03 1.784365449566394091e-04 6.993965944275259972e-04 1.398707827320322394e-04
9.957799911499023438e-01 9.957799911499023438e-01 2.182158408686518669e-03 1.756803685566410422e-04 6.773563218303024769e-04 1.421454071532934904e-04
9.958996176719665527e-01 9.958996176719665527e-01 2.106320811435580254e-03 1.725745969451963902e-04 6.628318806178867817e-04 1.394750288454815745e-04
9.958315491676330566e-01 9.958315491676330566e-01 2.148166066035628319e-03 1.770285743987187743e-04 6.721019162796437740e-04 1.415715523762628436e-04
9.956924319267272949e-01 9.956924319267272949e-01 2.219299087300896645e-03 1.839992473833262920e-04 6.974362768232822418e-04 1.434239966329187155e-04
9.957160353660583496e-01 9.957160353660583496e-01 2.207956044003367424e-03 1.807098742574453354e-04 6.970000686123967171e-04 1.440060586901381612e-04
9.957398176193237305e-01 9.957398176193237305e-01 2.176961395889520645e-03 1.827181840781122446e-04 6.874785758554935455e-04 1.454298035241663456e-04
9.957497119903564453e-01 9.957497119903564453e-01 2.184434328228235245e-03 1.839656179072335362e-04 6.851657526567578316e-04 1.433217694284394383e-04
