          0  0.06199398 12.07650471     -0.0000001767760835491572
        100  0.02441886 16.12274742     -0.0000000965548139220118
        200  0.01606769 17.94046783      0.0000000128368569107806
        300  0.01305983 18.84062386     -0.0000000035911624785001
        400  0.01151961 19.38562202     -0.0000000230877059692602
        500  0.01049240 19.79125404      0.0000000432901039459921
        600  0.00963554 20.16124153      0.0000000314939043732920
        700  0.00895596 20.47887802      0.0000000711301240130524
        800  0.00856041 20.67505455     -0.0000000532316271062427
        900  0.00795784 20.99205017      0.0000000388726029143527
       1000  0.00745886 21.27327728      0.0000000274336731109770
       1100  0.00711862 21.47603989      0.0000000118263496773352
       1200  0.00671300 21.73083115     -0.0000000419384740268924
       1300  0.00657978 21.81788635     -0.0000000367029784342776
       1400  0.00591187 22.28275490      0.0000000004453473145816
       1500  0.00569133 22.44786453     -0.0000000217404707569813
       1600  0.00541459 22.66434479      0.0000000259199310903568
       1700  0.00516387 22.87024879      0.0000000541589209035465
       1800  0.00480087 23.18680382     -0.0000000049879140817666
       1900  0.00449103 23.47653961     -0.0000000128741941551880
       2000  0.00435066 23.61444664      0.0000000054368949342631
       2100  0.00413081 23.83964539     -0.0000000106509068231730
       2200  0.00399329 23.98668861      0.0000000004685897780909
       2300  0.00368783 24.33229637     -0.0000000111062679053475
       2400  0.00385069 24.14461136      0.0000000422623216422835
       2500  0.00332262 24.78520012     -0.0000000046010284471265
       2600  0.00324492 24.88795662     -0.0000000016822896409252
       2700  0.00307639 25.11958504      0.0000000499512395890633
       2800  0.00297438 25.26603699      0.0000000533532933388869
       2900  0.00286384 25.43051529     -0.0000000134880684399263
       3000  0.00271916 25.65565681      0.0000000308918401970004
       3100  0.00252001 25.98598480      0.0000000058377538358911
       3200  0.00256501 25.90910339     -0.0000000162332316477887
       3300  0.00236481 26.26202774     -0.0000000016187157170222
       3400  0.00221867 26.53907204      0.0000000346066855172467
       3500  0.00224216 26.49333572      0.0000000257018264449016
       3600  0.00221062 26.55484962      0.0000000237847785911072
       3700  0.00205841 26.86467361     -0.0000000019879655699384
       3800  0.00196054 27.07623863     -0.0000000270396149915086
       3900  0.00207950 26.82041168      0.0000000232415455769797
       4000  0.00185594 27.31436348     -0.0000000230159855618695
       4100  0.00175781 27.55027199      0.0000000003725751096528
       4200  0.00163048 27.87683296      0.0000000510686781751701
       4300  0.00159736 27.96597099     -0.0000000256916141694319
       4400  0.00154484 28.11115646      0.0000000064529634968835
       4500  0.00149726 28.24704170     -0.0000000297966717965892
       4600  0.00149113 28.26484680     -0.0000000274899889518565
       4700  0.00141516 28.49193382     -0.0000000206880130804166
       4800  0.00154651 28.10646820     -0.0000000218050839606576
       4900  0.00136515 28.64820290      0.0000000418263432777621
       5000  0.00118750 29.25365257      0.0000000079502902039508
       5100  0.00125635 29.00890160      0.0000000942389348779216
       5200  0.00128184 28.92167854     -0.0000000267083866134499
       5300  0.00119012 29.24410629      0.0000000495571406133877
       5400  0.00123313 29.08991051      0.0000000638355075466279
       5500  0.00120061 29.20597076     -0.0000000655118199688332
       5600  0.00104310 29.81672478     -0.0000000040277852164650
       5700  0.00102209 29.90510368      0.0000000668235031753284
       5800  0.00094516 30.24496841     -0.0000000009748413187793
       5900  0.00093891 30.27377701      0.0000000053610276218308
       6000  0.00091152 30.40235519      0.0000000417181418299606
       6100  0.00102221 29.90459251     -0.0000000408837799170669
       6200  0.00085601 30.67520332      0.0000000379019589047402
       6300  0.00086766 30.61649132      0.0000000147584060528061
       6400  0.00092011 30.36158943      0.0000000583598485093262
       6500  0.00084132 30.75039101     -0.0000000607449379685931
       6600  0.00081024 30.91386986     -0.0000000440040857085933
       6700  0.00076964 31.13713264     -0.0000000744268291441585
       6800  0.00076018 31.19085693      0.0000000280611516245699
       6900  0.00083651 30.77529526      0.0000000430867856948680
       7000  0.00071516 31.45595169      0.0000000390970100738741
       7100  0.00076184 31.18135834     -0.0000000694630983844036
       7200  0.00072859 31.37519455     -0.0000000397779800209719
       7300  0.00084858 30.71306610     -0.0000000078156832117315
       7400  0.00068931 31.61585617      0.0000000129394575054675
       7500  0.00073816 31.31847191      0.0000000134211592950351
       7600  0.00061679 32.09863281      0.0000000211760315949050
       7700  0.00068761 31.62655449      0.0000000063137837180705
       7800  0.00062767 32.02271271     -0.0000000101779740191432
       7900  0.00063814 31.95080948     -0.0000000235240875667841
       8000  0.00057473 32.40538788      0.0000000289983326240417
       8100  0.00061699 32.09723282      0.0000000470278962438897
       8200  0.00062934 32.01116943      0.0000000197738128093761
       8300  0.00059060 32.28707123     -0.0000000367016390612207
       8400  0.00073535 31.33503532      0.0000000327266427291306
       8500  0.00052305 32.81457520      0.0000000026264193042635
       8600  0.00058001 32.36567688     -0.0000000084127007582424
       8700  0.00054706 32.61963272      0.0000000031335931627297
       8800  0.00053802 32.69203186      0.0000000023736816956443
       8900  0.00059388 32.26300049     -0.0000000892926692586116
       9000  0.00081380 30.89480400     -0.0000000801247139747829
       9100  0.00060549 32.17895889      0.0000000036154175209191
       9200  0.00056015 32.51699448      0.0000000012885040812094
       9300  0.00045449 33.42478561     -0.0000000397023569576049
       9400  0.00043511 33.61404037     -0.0000000025703332795501
       9500  0.00057377 32.41259384     -0.0000000132349438075607
       9600  0.00051324 32.89675903     -0.0000000382115423747109
       9700  0.00048071 33.18118668      0.0000000315576365039760
       9800  0.00048887 33.10810471      0.0000000211748645284615
       9900  0.00046294 33.34476852     -0.0000000295102680070158
      10000  0.00049820 33.02600479     -0.0000000035940141973612
