2.821958914864808321e-04 1.607932790648192167e-04 1.184735956485383213e-04 5.916730151511728764e-05 1.628237077966332436e-04 2.184529148507863283e-04
2.081985352560877800e-03 1.218923644046299160e-04 1.520615041954442859e-04 3.783300053328275681e-05 2.106991159962490201e-04 1.933525200001895428e-04
4.461764097213745117e-01 2.180985320592299104e-04 1.118398358812555671e-04 1.203638566948939115e-05 5.098425026517361403e-05 8.514341316185891628e-04
8.579556345939636230e-01 6.760504220437724143e-06 3.901261516148224473e-05 1.556993197482370306e-06 2.490708311597700231e-06 7.466084207408130169e-05
8.910575509071350098e-01 3.983198894275119528e-06 2.432616747682914138e-05 5.303395482769701630e-07 1.197114443129976280e-06 6.008268246660009027e-05
9.888762831687927246e-01 2.529009464069531532e-07 8.061932135206006933e-07 3.679611637608104502e-08 8.490555813978062361e-08 3.694946826726663858e-06
9.997993111610412598e-01 1.951858674686945960e-09 6.118927142750862913e-09 4.675944076382165804e-10 1.369819369045899293e-09 1.313191244634026589e-08
9.999915361404418945e-01 5.243140643873545059e-11 1.183940029347851919e-10 2.577157237615423924e-11 6.464493523816727816e-11 2.724395709030602575e-10
9.999986886978149414e-01 3.593111702268614316e-12 1.082657748174842283e-11 3.685181066553910867e-12 5.678834572725444119e-12 2.117991025618604084e-11
9.999997615814208984e-01 2.000082499793720547e-13 9.718687443358020595e-13 4.511461733705535160e-13 5.343450833715512882e-13 1.629154602021676279e-12
1.000000000000000000e+00 3.172447385086513139e-14 2.569362908197425632e-13 1.200420107283842186e-13 1.201730501134562479e-13 3.812003338855840529e-13
1.000000000000000000e+00 1.267124527862522471e-14 1.552866586403481297e-13 6.800995584841512676e-14 6.486881886681727938e-14 1.924176692546381018e-13
1.000000000000000000e+00 5.779616236691259915e-15 9.041048075128510497e-14 4.130428773530328557e-14 3.722155504821966776e-14 1.031191598039812862e-13
1.000000000000000000e+00 3.703211104736855996e-15 6.813823729421089603e-14 2.918039345312789523e-14 3.151832636029416879e-14 7.533761077005776685e-14
1.000000000000000000e+00 3.151169663341600938e-15 6.907726479580059142e-14 2.857225429018540874e-14 3.251795737519401486e-14 7.436580648154111906e-14
1.000000000000000000e+00 2.732754445639289792e-15 6.060247654182324140e-14 2.636309241385841745e-14 3.053806529483213406e-14 6.894392825737560848e-14
1.000000000000000000e+00 1.446143374253766427e-15 3.767999638432800724e-14 1.502310001931256994e-14 1.785443131232036795e-14 4.549585399171371392e-14
1.000000000000000000e+00 1.360564247460875446e-15 3.661730884870276204e-14 1.471503074826439189e-14 1.822363772743546689e-14 4.746185134360883517e-14
1.000000000000000000e+00 1.270814965710414732e-15 3.449082247022547398e-14 1.470594039067445874e-14 1.825846433409477471e-14 4.514533481748093935e-14
1.000000000000000000e+00 1.096974582297152029e-15 3.063964148586686975e-14 1.274558681930689288e-14 1.521825979849174976e-14 4.582488224600875237e-14
1.000000000000000000e+00 8.766887354079758686e-16 2.571170544269502090e-14 1.091481912447386793e-14 1.379894089888634295e-14 4.008300175063414517e-14
1.000000000000000000e+00 2.839110708293177522e-16 9.440513387031553710e-15 4.412610938941225955e-15 5.687017324347998920e-15 1.370072573458631232e-14
1.000000000000000000e+00 1.474069203491793455e-16 4.565552054930409678e-15 2.420172183048140829e-15 3.095730721669096540e-15 6.681978223093158406e-15
1.000000000000000000e+00 8.121351898274231651e-17 2.568517298265522719e-15 1.543186350833915515e-15 1.889129323690030317e-15 3.475701019719666315e-15
1.000000000000000000e+00 7.649383154830665375e-17 2.387227048322921631e-15 1.599819185445574849e-15 1.836407028437607274e-15 2.747933064295850041e-15
1.000000000000000000e+00 5.869551203945626533e-17 1.780524665017215249e-15 1.286898956708471421e-15 1.398733881404759169e-15 1.971364999681871760e-15
1.000000000000000000e+00 4.054150486720807501e-17 1.276285316242019817e-15 9.886060340583840977e-16 1.062490388706771767e-15 1.364504009456792011e-15
1.000000000000000000e+00 3.138414564765812853e-17 1.006360162270189453e-15 8.316993745079517570e-16 8.966609252712850163e-16 1.077815120546733382e-15
1.000000000000000000e+00 2.339756959530961189e-17 7.707793885128831884e-16 6.900819243532555543e-16 7.103868393461580319e-16 8.072615740071587345e-16
1.000000000000000000e+00 1.908656232303434819e-17 6.734613379831132663e-16 6.009067721223556452e-16 6.013378589529488807e-16 6.872394406009477326e-16
1.000000000000000000e+00 1.421501941738497550e-17 5.158566703445841787e-16 4.669363354154712660e-16 5.194327905083326313e-16 5.223019557984789635e-16
1.000000000000000000e+00 1.089101232381410996e-17 4.093578414577617088e-16 3.921258296485998244e-16 4.191182285787526133e-16 4.163868120216535117e-16
1.000000000000000000e+00 1.161024090334529220e-17 4.366144087883394326e-16 4.566612434301253656e-16 4.706147348076006754e-16 4.377517887480447461e-16
1.000000000000000000e+00 1.145813645076720381e-17 4.182206648222386736e-16 4.666086924835614620e-16 4.754343522774776443e-16 3.985836353082462119e-16
1.000000000000000000e+00 8.910475585204919629e-18 3.508014214926674602e-16 4.146685527485889601e-16 4.235720336945341313e-16 3.170968158511163750e-16
1.000000000000000000e+00 9.699941724909204560e-18 3.607585055458785743e-16 4.369993323233073088e-16 4.589892605460946066e-16 3.147924362483314493e-16
1.000000000000000000e+00 1.048829778823144333e-17 4.029559929121933086e-16 5.039434166392484614e-16 5.130738494754985817e-16 3.336407192697525472e-16
1.000000000000000000e+00 1.032722835217450523e-17 4.052435906747107585e-16 5.516986577494130840e-16 5.096348427700869189e-16 2.995337200386964660e-16
1.000000000000000000e+00 1.125620760117259636e-17 4.507576884855589092e-16 6.229900857275777297e-16 5.768424072721833624e-16 3.119449761774585085e-16
1.000000000000000000e+00 1.134868970237847506e-17 4.742171659322732147e-16 6.181183757314446213e-16 5.965285117575573701e-16 2.991500670531494713e-16
1.000000000000000000e+00 1.078739471720204239e-17 4.754833213697407836e-16 6.781584533129935820e-16 5.985321152547282142e-16 2.919973767393993372e-16
1.000000000000000000e+00 1.289369268742134484e-17 5.652085685603231574e-16 7.615845282330825378e-16 7.197017136066727761e-16 3.224936333349879463e-16
1.000000000000000000e+00 1.409106143951022899e-17 6.030561711655726357e-16 9.144855689759492923e-16 8.268624987417744817e-16 3.414225168352962112e-16
1.000000000000000000e+00 1.312054200733033736e-17 5.719714384298791015e-16 8.766118671680125408e-16 7.359318707276900351e-16 3.014595023838383212e-16
1.000000000000000000e+00 1.685514501336027478e-17 7.171392801225509074e-16 1.114062413216823470e-15 9.641406520472461071e-16 3.806911230886831851e-16
1.000000000000000000e+00 1.607973267226326579e-17 6.507248031568805061e-16 1.095431500025491507e-15 8.935673491896754979e-16 3.547362336397985073e-16
1.000000000000000000e+00 2.136680479554497661e-17 8.569521795226810266e-16 1.453465868203661446e-15 1.151489199265965171e-15 4.550474868469283132e-16
1.000000000000000000e+00 1.885671364622423839e-17 7.854061652043072602e-16 1.382949845949148909e-15 1.161530245460072868e-15 3.989456624838586202e-16
1.000000000000000000e+00 1.975345022212562506e-17 8.019700003669835101e-16 1.440879170365699357e-15 1.246957965113642142e-15 3.905717359486249969e-16
1.000000000000000000e+00 2.272775843993357262e-17 9.637802395281894023e-16 1.622671181450430211e-15 1.485903206677001692e-15 4.557215133147059227e-16
1.000000000000000000e+00 2.184807005645690386e-17 9.201052090645079479e-16 1.620673030727857317e-15 1.367406367850558871e-15 4.326171809009075843e-16
1.000000000000000000e+00 2.235125560360148633e-17 9.447678438732377837e-16 1.764553647038498603e-15 1.513840788497171873e-15 4.465713340228729365e-16
1.000000000000000000e+00 2.575176366894370609e-17 1.129096824514113674e-15 2.092743338715755304e-15 1.774605069386210165e-15 5.229239426795596370e-16
1.000000000000000000e+00 2.761138314560989483e-17 1.171256618914275592e-15 2.273801501630808714e-15 1.915916528888710751e-15 5.170525749869888440e-16
1.000000000000000000e+00 2.376421409310129119e-17 1.078547168771397911e-15 2.050004809054381885e-15 1.812016714721419695e-15 4.661319188133756976e-16
1.000000000000000000e+00 2.179811992798727673e-17 1.022804777545539660e-15 1.948353232087340556e-15 1.658011619471366164e-15 4.266450692271727329e-16
1.000000000000000000e+00 2.464629137418701310e-17 1.134437367246552038e-15 2.315289598903797971e-15 1.876209318387323660e-15 4.600322228019606673e-16
1.000000000000000000e+00 2.697331091033751524e-17 1.166298723315759359e-15 2.473079554999538937e-15 2.019023308459134969e-15 4.683259988445603525e-16
1.000000000000000000e+00 2.654267075727505839e-17 1.176253583907483930e-15 2.603189744928430249e-15 2.157766034669968483e-15 4.765092370875433515e-16
1.000000000000000000e+00 2.864926154943120461e-17 1.284436949568158390e-15 2.873872040475987551e-15 2.384069097737320786e-15 5.086520727930351170e-16
1.000000000000000000e+00 2.880388476697451697e-17 1.279751586820421227e-15 2.935141109924443298e-15 2.413966819676555825e-15 5.192584605398758556e-16
1.000000000000000000e+00 3.400938530132992352e-17 1.478146608341638843e-15 3.389583179972321600e-15 2.700906642097238540e-15 5.927743029166487009e-16
1.000000000000000000e+00 3.500313031074907906e-17 1.518143292352750091e-15 3.378468413638450671e-15 2.947168554258980736e-15 6.116469381353033599e-16
1.000000000000000000e+00 3.522804071930224728e-17 1.560894527508332325e-15 3.597239236222344108e-15 3.107621793699126035e-15 6.355319966984537480e-16
1.000000000000000000e+00 3.771107148206392576e-17 1.619640815202509545e-15 3.983208856880079279e-15 3.369278953193688766e-15 6.232800886328939208e-16
1.000000000000000000e+00 4.056424240788593263e-17 1.751970972607035971e-15 4.376668366373910601e-15 3.606733628528117561e-15 6.857494037676090115e-16
1.000000000000000000e+00 4.288493070362795390e-17 1.802936098010379969e-15 4.653025147393361274e-15 3.726422772106939216e-15 7.223366742869032943e-16
1.000000000000000000e+00 4.401577924521654867e-17 1.885889210908545804e-15 4.830984652029121640e-15 3.822731688759174046e-15 7.288745510298448149e-16
1.000000000000000000e+00 4.138829296900105965e-17 1.827873383252257011e-15 4.580572066667596559e-15 3.757827789175813282e-15 7.207484875108014812e-16
1.000000000000000000e+00 4.555648254543536780e-17 1.939587923390916242e-15 5.236727833324034825e-15 4.140033618932423970e-15 7.837212049139816433e-16
1.000000000000000000e+00 5.024631868592521690e-17 2.098851293298406064e-15 5.821814147574048276e-15 4.619333988399847851e-15 8.239310765300049584e-16
1.000000000000000000e+00 5.424473109599424123e-17 2.216397655278911152e-15 6.001602396342930676e-15 4.870862539669380473e-15 8.908411736489375322e-16
1.000000000000000000e+00 5.503069164426252643e-17 2.199971780607518947e-15 6.422025505646708141e-15 4.967784284658953789e-15 8.854812550378307265e-16
1.000000000000000000e+00 5.640774884081630478e-17 2.231941133377501191e-15 6.562042169410212122e-15 5.087512815269822769e-15 9.013146301626185491e-16
1.000000000000000000e+00 5.327921279779784520e-17 2.232843858741037461e-15 6.378225855460661897e-15 5.098859668631241376e-15 8.744109049941314448e-16
1.000000000000000000e+00 5.923896970190360451e-17 2.428291629122283739e-15 7.242794925821968016e-15 5.661043482536919427e-15 1.011849465163989353e-15
1.000000000000000000e+00 5.745296764539341012e-17 2.412613472785080267e-15 7.088874639745758321e-15 5.389435168219776362e-15 9.983191726227859733e-16
1.000000000000000000e+00 5.925863013070276487e-17 2.481073640197488210e-15 7.187363395687752093e-15 5.689859966918984352e-15 9.828679152363282469e-16
1.000000000000000000e+00 5.837041020638822418e-17 2.467868184791556854e-15 7.232579708478081154e-15 5.601390340193588072e-15 9.725851470148978543e-16
1.000000000000000000e+00 7.065811203141444605e-17 2.945190520568905131e-15 8.313508945655394972e-15 6.696778429780532796e-15 1.163556877665497188e-15
1.000000000000000000e+00 7.143049358274706074e-17 2.992232401118804022e-15 8.921338941572133641e-15 6.949244646522675928e-15 1.189193070967977436e-15
1.000000000000000000e+00 7.259051843890162591e-17 2.980657695894574008e-15 9.132902360807840236e-15 7.091417009136942104e-15 1.181830660590443057e-15
1.000000000000000000e+00 7.696361057923266965e-17 3.145429109299821731e-15 9.964857274568066775e-15 7.573666323810231832e-15 1.279404938586757405e-15
1.000000000000000000e+00 7.319195153612158169e-17 3.115324923079693456e-15 9.392988909459956681e-15 7.298932881434194025e-15 1.187588261170285757e-15
1.000000000000000000e+00 7.721061994503080456e-17 3.180564671226640550e-15 1.010923996965819305e-14 7.565350154334089111e-15 1.280894446024504092e-15
1.000000000000000000e+00 8.809122799110022254e-17 3.530327656795753839e-15 1.171368977834728875e-14 8.719131848271798046e-15 1.412535753884675959e-15
1.000000000000000000e+00 8.702210035809788448e-17 3.525334821088163366e-15 1.140651836222320026e-14 8.482751210714487705e-15 1.316176121134724278e-15
1.000000000000000000e+00 8.927048975958032091e-17 3.644588377973859497e-15 1.185416341638583643e-14 8.671963124538047823e-15 1.398424502620774536e-15
1.000000000000000000e+00 9.955196757925513073e-17 3.871364932458726954e-15 1.320993028099170033e-14 9.791224837743355003e-15 1.540328038153405878e-15
1.000000000000000000e+00 1.094996482432627420e-16 4.387768733147678207e-15 1.450439737120477052e-14 1.068979296357450148e-14 1.611997719282078773e-15
1.000000000000000000e+00 1.098523382041206517e-16 4.269187932180338804e-15 1.478203783065578508e-14 1.078753463645701696e-14 1.677171822375613658e-15
1.000000000000000000e+00 1.271478510145470069e-16 4.813931337702050811e-15 1.611771053265393522e-14 1.186090325754713889e-14 1.815566206286888841e-15
1.000000000000000000e+00 1.347135890040918201e-16 5.082934602189913276e-15 1.692423836437053491e-14 1.243533643841953501e-14 1.967195691757249280e-15
1.000000000000000000e+00 1.409789593660338712e-16 5.292578644767141627e-15 1.761292866653101086e-14 1.313510931966188622e-14 2.000836452290401073e-15
1.000000000000000000e+00 1.458986855423644578e-16 5.479362538647397293e-15 1.904989295649361924e-14 1.367289731413721954e-14 2.108778731198463277e-15
1.000000000000000000e+00 1.629493661263649177e-16 5.958624368115721104e-15 2.017392092409312637e-14 1.487812524819231291e-14 2.352297315402285607e-15
1.000000000000000000e+00 1.625482960258400065e-16 6.047243496156307768e-15 2.061785258581499969e-14 1.486901964400932918e-14 2.321002200858317786e-15
1.000000000000000000e+00 1.582730825130311374e-16 5.745412199248184013e-15 1.941735956593505785e-14 1.453072993146901221e-14 2.223655245329222811e-15
1.000000000000000000e+00 1.808162820690531036e-16 6.407685661366166463e-15 2.217273910862845726e-14 1.628721537792667678e-14 2.555606822083472673e-15
1.000000000000000000e+00 1.933507285620814434e-16 6.810831839644797964e-15 2.342654099407679574e-14 1.727032078002559146e-14 2.846399373864741573e-15
1.000000000000000000e+00 1.835537602056809938e-16 6.577982058928117173e-15 2.294413540182473760e-14 1.642595090435745864e-14 2.677711280111389966e-15
