 Iterations  Total_Loss        PSNR
        100  0.01128809 19.47379684
        200  0.00776640 21.09780121
        300  0.00610747 22.14138794
        400  0.00503010 22.98423767
        500  0.00426652 23.69926643
        600  0.00411618 23.85506058
        700  0.00356111 24.48414803
        800  0.00348690 24.57560730
        900  0.00323010 24.90784073
       1000  0.00293439 25.32482719
       1100  0.00265916 25.75255966
       1200  0.00249358 26.03176308
       1300  0.00236586 26.26010704
       1400  0.00218954 26.59646606
       1500  0.00205853 26.86442947
       1600  0.00203733 26.90938377
       1700  0.00192321 27.15972710
       1800  0.00186763 27.28708076
       1900  0.00176147 27.54125786
       2000  0.00179276 27.46476746
       2100  0.00160133 27.95518303
       2200  0.00156690 28.04958344
       2300  0.00149610 28.25039101
       2400  0.00146108 28.35326576
       2500  0.00136074 28.66226006
       2600  0.00138002 28.60116196
       2700  0.00136186 28.65868568
       2800  0.00119280 29.23431206
       2900  0.00122760 29.10943222
       3000  0.00121570 29.15172577
       3100  0.00118878 29.24898720
       3200  0.00115102 29.38918495
       3300  0.00118291 29.27048302
       3400  0.00110717 29.55786514
       3500  0.00112630 29.48346519
       3600  0.00110112 29.58164406
       3700  0.00101985 29.91465187
       3800  0.00098005 30.08749771
       3900  0.00104411 29.81255722
       4000  0.00093010 30.31470680
       4100  0.00100608 29.97368813
       4200  0.00089923 30.46129227
       4300  0.00089356 30.48875237
       4400  0.00095052 30.22038651
       4500  0.00087182 30.59575653
       4600  0.00087674 30.57128143
       4700  0.00088536 30.52878761
       4800  0.00082327 30.84457588
       4900  0.00083473 30.78455925
       5000  0.00083299 30.79362869
       5100  0.00078992 31.02416611
       5200  0.00081764 30.87438583
       5300  0.00076938 31.13861084
       5400  0.00081841 30.87028122
       5500  0.00077043 31.13267708
       5600  0.00082535 30.83360481
       5700  0.00076121 31.18497467
       5800  0.00075806 31.20298386
       5900  0.00074989 31.25002861
       6000  0.00074967 31.25131607
       6100  0.00072717 31.38364983
       6200  0.00073702 31.32523537
       6300  0.00070218 31.53552628
       6400  0.00070853 31.49642372
       6500  0.00066887 31.74659157
       6600  0.00066099 31.79804993
       6700  0.00064399 31.91117859
       6800  0.00064582 31.89885139
       6900  0.00069463 31.58248329
       7000  0.00067751 31.69085312
       7100  0.00063497 31.97248650
       7200  0.00062887 32.01437378
       7300  0.00065092 31.86469841
       7400  0.00064603 31.89746284
       7500  0.00062689 32.02808380
       7600  0.00062103 32.06887817
       7700  0.00061974 32.07790375
       7800  0.00061261 32.12816238
       7900  0.00062857 32.01646805
       8000  0.00059359 32.26512909
       8100  0.00059716 32.23908615
       8200  0.00059013 32.29051590
       8300  0.00057279 32.42004776
       8400  0.00061392 32.11886215
       8500  0.00057337 32.41564560
       8600  0.00065282 31.85206604
       8700  0.00056525 32.47758484
       8800  0.00059034 32.28897476
       8900  0.00056691 32.46489716
       9000  0.00055328 32.57052994
       9100  0.00055562 32.55220032
       9200  0.00054665 32.62293243
       9300  0.00054577 32.62989044
       9400  0.00051597 32.87371445
       9500  0.00055658 32.54471970
       9600  0.00053969 32.67853928
       9700  0.00050770 32.94390106
       9800  0.00053459 32.71975327
       9900  0.00052092 32.83224869
      10000  0.00050535 32.96403503
