9.710000000000000000e+02 7.350000000000000000e+02 5.910000000000000000e+02 9.400000000000000000e+01 9.110000000000000000e+02
7.140000000000000000e+02 3.560000000000000000e+02 3.770000000000000000e+02 3.580000000000000000e+02 3.240000000000000000e+02
3.880000000000000000e+02 7.140000000000000000e+02 5.280000000000000000e+02 7.610000000000000000e+02 8.650000000000000000e+02
3.880000000000000000e+02 8.650000000000000000e+02 5.280000000000000000e+02 7.140000000000000000e+02 8.040000000000000000e+02
3.880000000000000000e+02 8.650000000000000000e+02 5.280000000000000000e+02 7.610000000000000000e+02 6.430000000000000000e+02
3.880000000000000000e+02 8.650000000000000000e+02 7.610000000000000000e+02 6.430000000000000000e+02 5.280000000000000000e+02
3.880000000000000000e+02 7.610000000000000000e+02 8.650000000000000000e+02 5.280000000000000000e+02 6.430000000000000000e+02
3.880000000000000000e+02 7.610000000000000000e+02 8.650000000000000000e+02 6.430000000000000000e+02 5.280000000000000000e+02
3.880000000000000000e+02 7.610000000000000000e+02 8.650000000000000000e+02 6.430000000000000000e+02 5.280000000000000000e+02
3.880000000000000000e+02 7.610000000000000000e+02 8.650000000000000000e+02 6.430000000000000000e+02 5.280000000000000000e+02
3.880000000000000000e+02 7.610000000000000000e+02 8.650000000000000000e+02 6.430000000000000000e+02 5.280000000000000000e+02
3.880000000000000000e+02 7.610000000000000000e+02 8.650000000000000000e+02 6.430000000000000000e+02 5.280000000000000000e+02
3.880000000000000000e+02 7.610000000000000000e+02 8.650000000000000000e+02 6.430000000000000000e+02 5.280000000000000000e+02
3.880000000000000000e+02 7.610000000000000000e+02 8.650000000000000000e+02 6.430000000000000000e+02 5.280000000000000000e+02
3.880000000000000000e+02 7.610000000000000000e+02 8.650000000000000000e+02 6.430000000000000000e+02 5.280000000000000000e+02
3.880000000000000000e+02 7.610000000000000000e+02 8.650000000000000000e+02 6.430000000000000000e+02 7.100000000000000000e+02
3.880000000000000000e+02 7.610000000000000000e+02 8.650000000000000000e+02 6.430000000000000000e+02 7.100000000000000000e+02
3.880000000000000000e+02 7.610000000000000000e+02 8.650000000000000000e+02 6.430000000000000000e+02 7.100000000000000000e+02
3.880000000000000000e+02 7.610000000000000000e+02 8.650000000000000000e+02 6.430000000000000000e+02 6.260000000000000000e+02
3.880000000000000000e+02 7.610000000000000000e+02 8.650000000000000000e+02 6.430000000000000000e+02 7.100000000000000000e+02
3.880000000000000000e+02 7.610000000000000000e+02 8.650000000000000000e+02 6.430000000000000000e+02 7.100000000000000000e+02
3.880000000000000000e+02 7.610000000000000000e+02 8.650000000000000000e+02 6.430000000000000000e+02 8.500000000000000000e+02
3.880000000000000000e+02 7.610000000000000000e+02 8.650000000000000000e+02 8.500000000000000000e+02 7.100000000000000000e+02
3.880000000000000000e+02 7.610000000000000000e+02 8.650000000000000000e+02 8.500000000000000000e+02 7.100000000000000000e+02
3.880000000000000000e+02 7.610000000000000000e+02 8.650000000000000000e+02 8.500000000000000000e+02 7.100000000000000000e+02
3.880000000000000000e+02 8.650000000000000000e+02 7.610000000000000000e+02 8.500000000000000000e+02 7.100000000000000000e+02
3.880000000000000000e+02 8.650000000000000000e+02 7.610000000000000000e+02 8.500000000000000000e+02 7.100000000000000000e+02
3.880000000000000000e+02 8.650000000000000000e+02 7.610000000000000000e+02 8.500000000000000000e+02 7.100000000000000000e+02
3.880000000000000000e+02 8.650000000000000000e+02 7.610000000000000000e+02 8.500000000000000000e+02 7.100000000000000000e+02
3.880000000000000000e+02 8.650000000000000000e+02 7.610000000000000000e+02 8.500000000000000000e+02 7.100000000000000000e+02
3.880000000000000000e+02 8.650000000000000000e+02 7.610000000000000000e+02 8.500000000000000000e+02 7.100000000000000000e+02
3.880000000000000000e+02 8.650000000000000000e+02 7.610000000000000000e+02 8.500000000000000000e+02 7.100000000000000000e+02
3.880000000000000000e+02 8.650000000000000000e+02 8.500000000000000000e+02 7.610000000000000000e+02 7.100000000000000000e+02
3.880000000000000000e+02 8.650000000000000000e+02 8.500000000000000000e+02 7.610000000000000000e+02 7.100000000000000000e+02
3.880000000000000000e+02 8.650000000000000000e+02 8.500000000000000000e+02 7.610000000000000000e+02 7.100000000000000000e+02
3.880000000000000000e+02 8.650000000000000000e+02 8.500000000000000000e+02 7.610000000000000000e+02 7.100000000000000000e+02
3.880000000000000000e+02 8.650000000000000000e+02 8.500000000000000000e+02 7.610000000000000000e+02 7.100000000000000000e+02
3.880000000000000000e+02 8.650000000000000000e+02 8.500000000000000000e+02 7.610000000000000000e+02 7.100000000000000000e+02
3.880000000000000000e+02 8.650000000000000000e+02 8.500000000000000000e+02 7.610000000000000000e+02 7.100000000000000000e+02
3.880000000000000000e+02 8.650000000000000000e+02 8.500000000000000000e+02 7.610000000000000000e+02 7.100000000000000000e+02
3.880000000000000000e+02 8.650000000000000000e+02 8.500000000000000000e+02 7.610000000000000000e+02 7.100000000000000000e+02
3.880000000000000000e+02 8.650000000000000000e+02 8.500000000000000000e+02 7.610000000000000000e+02 7.100000000000000000e+02
3.880000000000000000e+02 8.650000000000000000e+02 8.500000000000000000e+02 7.610000000000000000e+02 7.100000000000000000e+02
3.880000000000000000e+02 8.650000000000000000e+02 8.500000000000000000e+02 7.610000000000000000e+02 7.100000000000000000e+02
3.880000000000000000e+02 8.650000000000000000e+02 8.500000000000000000e+02 7.610000000000000000e+02 7.100000000000000000e+02
3.880000000000000000e+02 8.650000000000000000e+02 8.500000000000000000e+02 7.610000000000000000e+02 8.050000000000000000e+02
3.880000000000000000e+02 8.650000000000000000e+02 8.500000000000000000e+02 7.610000000000000000e+02 7.100000000000000000e+02
3.880000000000000000e+02 8.650000000000000000e+02 8.500000000000000000e+02 8.050000000000000000e+02 7.610000000000000000e+02
3.880000000000000000e+02 8.650000000000000000e+02 8.500000000000000000e+02 8.050000000000000000e+02 7.610000000000000000e+02
3.880000000000000000e+02 8.650000000000000000e+02 8.500000000000000000e+02 8.050000000000000000e+02 7.610000000000000000e+02
3.880000000000000000e+02 8.650000000000000000e+02 8.500000000000000000e+02 8.050000000000000000e+02 7.610000000000000000e+02
3.880000000000000000e+02 8.650000000000000000e+02 8.500000000000000000e+02 8.050000000000000000e+02 7.610000000000000000e+02
3.880000000000000000e+02 8.650000000000000000e+02 8.500000000000000000e+02 8.050000000000000000e+02 7.610000000000000000e+02
3.880000000000000000e+02 8.650000000000000000e+02 8.500000000000000000e+02 8.050000000000000000e+02 7.610000000000000000e+02
3.880000000000000000e+02 8.650000000000000000e+02 8.500000000000000000e+02 8.050000000000000000e+02 7.610000000000000000e+02
3.880000000000000000e+02 8.650000000000000000e+02 8.500000000000000000e+02 8.050000000000000000e+02 7.610000000000000000e+02
3.880000000000000000e+02 8.650000000000000000e+02 8.500000000000000000e+02 8.050000000000000000e+02 7.610000000000000000e+02
3.880000000000000000e+02 8.650000000000000000e+02 8.500000000000000000e+02 8.050000000000000000e+02 3.840000000000000000e+02
3.880000000000000000e+02 8.650000000000000000e+02 8.500000000000000000e+02 8.050000000000000000e+02 7.610000000000000000e+02
3.880000000000000000e+02 8.650000000000000000e+02 8.500000000000000000e+02 8.050000000000000000e+02 7.610000000000000000e+02
3.880000000000000000e+02 8.650000000000000000e+02 8.500000000000000000e+02 8.050000000000000000e+02 7.610000000000000000e+02
3.880000000000000000e+02 8.650000000000000000e+02 8.500000000000000000e+02 8.050000000000000000e+02 3.840000000000000000e+02
3.880000000000000000e+02 8.650000000000000000e+02 8.500000000000000000e+02 8.050000000000000000e+02 7.610000000000000000e+02
3.880000000000000000e+02 8.650000000000000000e+02 8.500000000000000000e+02 8.050000000000000000e+02 7.610000000000000000e+02
3.880000000000000000e+02 8.650000000000000000e+02 8.500000000000000000e+02 8.050000000000000000e+02 7.610000000000000000e+02
3.880000000000000000e+02 8.650000000000000000e+02 8.500000000000000000e+02 8.050000000000000000e+02 7.610000000000000000e+02
3.880000000000000000e+02 8.650000000000000000e+02 8.500000000000000000e+02 8.050000000000000000e+02 7.610000000000000000e+02
3.880000000000000000e+02 8.650000000000000000e+02 8.500000000000000000e+02 8.050000000000000000e+02 2.480000000000000000e+02
3.880000000000000000e+02 8.650000000000000000e+02 8.500000000000000000e+02 8.050000000000000000e+02 7.610000000000000000e+02
3.880000000000000000e+02 8.650000000000000000e+02 8.500000000000000000e+02 8.050000000000000000e+02 2.480000000000000000e+02
3.880000000000000000e+02 8.650000000000000000e+02 8.500000000000000000e+02 8.050000000000000000e+02 2.480000000000000000e+02
3.880000000000000000e+02 8.650000000000000000e+02 8.500000000000000000e+02 8.050000000000000000e+02 2.480000000000000000e+02
3.880000000000000000e+02 8.650000000000000000e+02 8.500000000000000000e+02 8.050000000000000000e+02 2.480000000000000000e+02
3.880000000000000000e+02 8.650000000000000000e+02 8.500000000000000000e+02 8.050000000000000000e+02 2.480000000000000000e+02
3.880000000000000000e+02 8.650000000000000000e+02 8.500000000000000000e+02 8.050000000000000000e+02 2.220000000000000000e+02
3.880000000000000000e+02 8.650000000000000000e+02 8.500000000000000000e+02 8.050000000000000000e+02 2.220000000000000000e+02
3.880000000000000000e+02 8.650000000000000000e+02 8.500000000000000000e+02 8.050000000000000000e+02 2.220000000000000000e+02
3.880000000000000000e+02 8.650000000000000000e+02 8.500000000000000000e+02 8.050000000000000000e+02 2.220000000000000000e+02
3.880000000000000000e+02 8.650000000000000000e+02 8.500000000000000000e+02 2.220000000000000000e+02 8.050000000000000000e+02
3.880000000000000000e+02 8.650000000000000000e+02 8.500000000000000000e+02 8.050000000000000000e+02 2.220000000000000000e+02
3.880000000000000000e+02 8.650000000000000000e+02 8.500000000000000000e+02 2.220000000000000000e+02 8.050000000000000000e+02
3.880000000000000000e+02 8.500000000000000000e+02 8.650000000000000000e+02 2.220000000000000000e+02 8.050000000000000000e+02
3.880000000000000000e+02 8.500000000000000000e+02 8.650000000000000000e+02 2.220000000000000000e+02 8.050000000000000000e+02
3.880000000000000000e+02 8.500000000000000000e+02 8.650000000000000000e+02 2.220000000000000000e+02 8.050000000000000000e+02
3.880000000000000000e+02 8.500000000000000000e+02 8.650000000000000000e+02 2.220000000000000000e+02 8.050000000000000000e+02
3.880000000000000000e+02 8.500000000000000000e+02 8.650000000000000000e+02 2.220000000000000000e+02 8.050000000000000000e+02
3.880000000000000000e+02 8.500000000000000000e+02 8.650000000000000000e+02 2.220000000000000000e+02 8.050000000000000000e+02
3.880000000000000000e+02 8.500000000000000000e+02 8.650000000000000000e+02 2.220000000000000000e+02 8.050000000000000000e+02
3.880000000000000000e+02 8.500000000000000000e+02 8.650000000000000000e+02 2.220000000000000000e+02 8.050000000000000000e+02
3.880000000000000000e+02 8.500000000000000000e+02 8.650000000000000000e+02 2.220000000000000000e+02 8.050000000000000000e+02
3.880000000000000000e+02 8.500000000000000000e+02 8.650000000000000000e+02 2.220000000000000000e+02 8.050000000000000000e+02
3.880000000000000000e+02 8.500000000000000000e+02 8.650000000000000000e+02 2.220000000000000000e+02 8.050000000000000000e+02
3.880000000000000000e+02 8.500000000000000000e+02 8.650000000000000000e+02 2.220000000000000000e+02 8.050000000000000000e+02
3.880000000000000000e+02 8.500000000000000000e+02 8.650000000000000000e+02 2.220000000000000000e+02 8.050000000000000000e+02
3.880000000000000000e+02 8.500000000000000000e+02 8.650000000000000000e+02 2.220000000000000000e+02 8.050000000000000000e+02
3.880000000000000000e+02 8.500000000000000000e+02 8.650000000000000000e+02 2.220000000000000000e+02 8.050000000000000000e+02
3.880000000000000000e+02 8.500000000000000000e+02 8.650000000000000000e+02 2.220000000000000000e+02 2.480000000000000000e+02
3.880000000000000000e+02 8.500000000000000000e+02 8.650000000000000000e+02 2.220000000000000000e+02 8.050000000000000000e+02
3.880000000000000000e+02 8.500000000000000000e+02 8.650000000000000000e+02 2.220000000000000000e+02 2.480000000000000000e+02
3.880000000000000000e+02 8.500000000000000000e+02 8.650000000000000000e+02 2.220000000000000000e+02 2.480000000000000000e+02
3.880000000000000000e+02 8.500000000000000000e+02 8.650000000000000000e+02 2.220000000000000000e+02 3.840000000000000000e+02
