9.971847385168075562e-02 6.563932448625564575e-02 1.588952243328094482e-01 1.794732809066772461e-01 1.044043079018592834e-01 7.415736466646194458e-02 6.801826506853103638e-02 1.075212508440017700e-01 4.328130930662155151e-02 9.889113903045654297e-02
1.184288188815116882e-01 6.245837360620498657e-02 1.531990617513656616e-01 1.654600799083709717e-01 1.349173337221145630e-01 6.648730486631393433e-02 6.665143370628356934e-02 1.185359805822372437e-01 3.584503009915351868e-02 7.801648229360580444e-02
1.097145229578018188e-01 5.523763597011566162e-02 1.513277143239974976e-01 1.804345101118087769e-01 1.257711797952651978e-01 7.534227520227432251e-02 6.931010633707046509e-02 1.294465959072113037e-01 3.442659229040145874e-02 6.898888945579528809e-02
1.091833263635635376e-01 5.910399183630943298e-02 1.538524031639099121e-01 1.814343333244323730e-01 1.258528530597686768e-01 7.268760353326797485e-02 6.330424547195434570e-02 1.323846429586410522e-01 3.230563923716545105e-02 6.989090144634246826e-02
1.105796098709106445e-01 6.040225178003311157e-02 1.538061052560806274e-01 1.812272518873214722e-01 1.263217628002166748e-01 7.152513414621353149e-02 6.037900596857070923e-02 1.324762403964996338e-01 3.188743442296981812e-02 7.139509171247482300e-02
1.103788390755653381e-01 6.123265624046325684e-02 1.514945626258850098e-01 1.822636723518371582e-01 1.273178309202194214e-01 7.156938314437866211e-02 5.983399599790573120e-02 1.332906335592269897e-01 3.159083425998687744e-02 7.102762162685394287e-02
1.096919775009155273e-01 6.200172007083892822e-02 1.484434753656387329e-01 1.828186959028244019e-01 1.278894990682601929e-01 7.217486947774887085e-02 5.951573699712753296e-02 1.345727890729904175e-01 3.148585557937622070e-02 7.140536606311798096e-02
1.093767508864402771e-01 6.238133087754249573e-02 1.463321745395660400e-01 1.832473576068878174e-01 1.282736063003540039e-01 7.234243303537368774e-02 5.939362943172454834e-02 1.355868130922317505e-01 3.134430572390556335e-02 7.172159850597381592e-02
1.088364571332931519e-01 6.259337812662124634e-02 1.448918133974075317e-01 1.834792196750640869e-01 1.288910210132598877e-01 7.259143888950347900e-02 5.934453383088111877e-02 1.361026018857955933e-01 3.128413483500480652e-02 7.198553532361984253e-02
1.085514053702354431e-01 6.259899586439132690e-02 1.444142460823059082e-01 1.835655868053436279e-01 1.293774247169494629e-01 7.249635457992553711e-02 5.927149951457977295e-02 1.363754123449325562e-01 3.126601129770278931e-02 7.208312302827835083e-02
1.084105893969535828e-01 6.261028349399566650e-02 1.440902799367904663e-01 1.837857216596603394e-01 1.294301450252532959e-01 7.259761542081832886e-02 5.934688076376914978e-02 1.362724900245666504e-01 3.127668425440788269e-02 7.217938452959060669e-02
