7.410000000000000000e+02 8.850000000000000000e+02 9.060000000000000000e+02 9.210000000000000000e+02 9.460000000000000000e+02
8.000000000000000000e+01 1.000000000000000000e+01 8.300000000000000000e+01 2.720000000000000000e+02 2.750000000000000000e+02
8.000000000000000000e+01 3.350000000000000000e+02 2.720000000000000000e+02 3.510000000000000000e+02 1.280000000000000000e+02
3.510000000000000000e+02 3.530000000000000000e+02 8.000000000000000000e+01 5.900000000000000000e+01 2.100000000000000000e+02
3.530000000000000000e+02 3.510000000000000000e+02 5.900000000000000000e+01 1.130000000000000000e+02 7.300000000000000000e+01
3.530000000000000000e+02 5.900000000000000000e+01 3.510000000000000000e+02 6.040000000000000000e+02 1.130000000000000000e+02
3.530000000000000000e+02 6.040000000000000000e+02 5.900000000000000000e+01 1.130000000000000000e+02 3.510000000000000000e+02
3.530000000000000000e+02 6.040000000000000000e+02 5.900000000000000000e+01 1.130000000000000000e+02 3.310000000000000000e+02
3.530000000000000000e+02 6.040000000000000000e+02 1.130000000000000000e+02 5.900000000000000000e+01 3.310000000000000000e+02
3.530000000000000000e+02 6.040000000000000000e+02 5.900000000000000000e+01 1.130000000000000000e+02 3.310000000000000000e+02
3.530000000000000000e+02 6.040000000000000000e+02 1.130000000000000000e+02 5.900000000000000000e+01 3.510000000000000000e+02
3.530000000000000000e+02 6.040000000000000000e+02 3.510000000000000000e+02 3.310000000000000000e+02 1.130000000000000000e+02
3.530000000000000000e+02 6.040000000000000000e+02 3.510000000000000000e+02 3.310000000000000000e+02 1.130000000000000000e+02
3.530000000000000000e+02 3.510000000000000000e+02 6.040000000000000000e+02 3.310000000000000000e+02 1.130000000000000000e+02
3.530000000000000000e+02 3.510000000000000000e+02 3.310000000000000000e+02 6.040000000000000000e+02 1.130000000000000000e+02
3.530000000000000000e+02 3.510000000000000000e+02 3.310000000000000000e+02 6.040000000000000000e+02 3.520000000000000000e+02
3.530000000000000000e+02 3.310000000000000000e+02 3.510000000000000000e+02 6.040000000000000000e+02 3.520000000000000000e+02
3.530000000000000000e+02 3.510000000000000000e+02 3.310000000000000000e+02 6.040000000000000000e+02 3.520000000000000000e+02
3.530000000000000000e+02 3.510000000000000000e+02 3.310000000000000000e+02 3.520000000000000000e+02 6.040000000000000000e+02
3.530000000000000000e+02 3.510000000000000000e+02 3.310000000000000000e+02 3.520000000000000000e+02 1.130000000000000000e+02
3.530000000000000000e+02 3.510000000000000000e+02 3.310000000000000000e+02 3.520000000000000000e+02 6.040000000000000000e+02
