          0  0.03477540 14.58727837
         10  0.02808017 15.51600266
         20  0.02312702 16.35880470
         30  0.01892201 17.23032761
         40  0.01515785 18.19362259
         50  0.01305103 18.84355164
         60  0.01053411 19.77402115
         70  0.00903766 20.43944168
         80  0.00792479 21.01012039
         90  0.00724549 21.39932060
        100  0.00648853 21.87853813
        110  0.00604992 22.18250656
        120  0.00609953 22.14703751
        130  0.00564666 22.48208046
        140  0.00522633 22.81803322
        150  0.00507115 22.94893456
        160  0.00477091 23.21398354
        170  0.00456664 23.40403366
        180  0.00429102 23.67439842
        190  0.00425654 23.70943069
        200  0.00377388 24.23211479
        210  0.00362429 24.40777016
        220  0.00337233 24.72070122
        230  0.00327712 24.84507751
        240  0.00313346 25.03975487
        250  0.00299770 25.23212433
        260  0.00289470 25.38395882
        270  0.00269340 25.69698524
        280  0.00270454 25.67906189
        290  0.00255088 25.93310356
        300  0.00251681 25.99149132
        310  0.00241787 26.16567039
        320  0.00234082 26.30632401
        330  0.00226920 26.44127655
        340  0.00214564 26.68442345
        350  0.00221232 26.55151558
        360  0.00213934 26.69721031
        370  0.00198568 27.02090836
        380  0.00200297 26.98325539
        390  0.00200824 26.97184372
        400  0.00193667 27.12945366
        410  0.00183825 27.35594749
        420  0.00180855 27.42669868
        430  0.00181520 27.41076660
        440  0.00173154 27.61567116
        450  0.00173457 27.60808754
        460  0.00168132 27.74348450
        470  0.00164076 27.84954643
        480  0.00164486 27.83870697
        490  0.00170192 27.69062042
        500  0.00168266 27.74004364
        510  0.00166599 27.78328323
        520  0.00155648 28.07856750
        530  0.00150334 28.22941971
        540  0.00150205 28.23314476
        550  0.00147042 28.32559967
        560  0.00146394 28.34477997
        570  0.00146309 28.34727478
        580  0.00137975 28.60198784
        590  0.00140365 28.52740669
        600  0.00140449 28.52482796
        610  0.00135805 28.67082596
        620  0.00132295 28.78457260
        630  0.00134484 28.71329117
        640  0.00144982 28.38685799
        650  0.00128933 28.89635468
        660  0.00130631 28.83955002
        670  0.00126878 28.96615219
        680  0.00122066 29.13404846
        690  0.00123640 29.07839394
        700  0.00123996 29.06591606
        710  0.00129254 28.88555527
        720  0.00116744 29.32763863
        730  0.00117395 29.30350304
        740  0.00116893 29.32211494
        750  0.00118468 29.26397705
        760  0.00116023 29.35456085
        770  0.00116866 29.32310295
        780  0.00113393 29.45413971
        790  0.00112987 29.46972656
        800  0.00108779 29.63453102
        810  0.00111346 29.53325272
        820  0.00106669 29.71960449
        830  0.00103848 29.83601570
        840  0.00106832 29.71299934
        850  0.00104256 29.81898689
        860  0.00101348 29.94183159
        870  0.00097865 30.09372711
        880  0.00100394 29.98293686
        890  0.00103747 29.84023857
        900  0.00102915 29.87519836
        910  0.00097770 30.09792328
        920  0.00096127 30.17156219
        930  0.00097309 30.11848450
        940  0.00100553 29.97604370
        950  0.00096822 30.14024353
        960  0.00098485 30.06630516
        970  0.00097970 30.08908653
        980  0.00092187 30.35328484
        990  0.00092453 30.34077263
       1000  0.00091191 30.40046883
