          0  0.06328041 11.98730755
         10  0.02120351 16.73592186
         20  0.01584550 18.00094032
         30  0.01216519 19.14881134
         40  0.01008736 19.96222687
         50  0.00876505 20.57245445
         60  0.00814999 20.88842773
         70  0.00724591 21.39906883
         80  0.00621914 22.06269646
         90  0.00607598 22.16383553
        100  0.00545783 22.62979698
        110  0.00524244 22.80466843
        120  0.00434468 23.62042618
        130  0.00381499 24.18507004
        140  0.00352020 24.53432465
        150  0.00337167 24.72154808
        160  0.00282765 25.48574829
        170  0.00263991 25.78411484
        180  0.00222983 26.51728821
        190  0.00201104 26.96580315
        200  0.00194150 27.11862755
        210  0.00194490 27.11101723
        220  0.00164125 27.84825134
        230  0.00205443 26.87307739
        240  0.00153270 28.14542961
        250  0.00137406 28.61992836
        260  0.00126496 28.97921944
        270  0.00113682 29.44308281
        280  0.00120638 29.18517303
        290  0.00138499 28.58552933
        300  0.00117002 29.31805801
        310  0.00108876 29.63068390
        320  0.00098105 30.08308411
        330  0.00090881 30.41527939
        340  0.00101971 29.91522026
        350  0.00094993 30.22308159
        360  0.00096207 30.16794205
        370  0.00081512 30.88780022
        380  0.00084726 30.71982002
        390  0.00074917 31.25419998
        400  0.00069513 31.57937050
        410  0.00065215 31.85653496
        420  0.00057764 32.38341522
        430  0.00054846 32.60853577
        440  0.00060998 32.14685440
        450  0.00059190 32.27749634
        460  0.00056038 32.51518250
        470  0.00055240 32.57744980
        480  0.00045005 33.46743011
        490  0.00050877 32.93480301
        500  0.00050575 32.96060181
        510  0.00042304 33.73621750
        520  0.00037148 34.30068207
        530  0.00034800 34.58425140
        540  0.00041642 33.80469513
        550  0.00043952 33.57022095
        560  0.00034367 34.63861847
        570  0.00038303 34.16768646
        580  0.00032411 34.89312363
        590  0.00036640 34.36050034
        600  0.00053650 32.70428848
        610  0.00031198 35.05874252
        620  0.00033742 34.71829605
        630  0.00031175 35.06190109
        640  0.00029926 35.23955536
        650  0.00029531 35.29726791
        660  0.00032229 34.91749191
        670  0.00031968 34.95284271
        680  0.00028197 35.49799728
        690  0.00027640 35.58460999
        700  0.00026739 35.72859955
        710  0.00022647 36.44990921
        720  0.00025700 35.90071106
        730  0.00024265 36.15022278
        740  0.00025127 35.99856186
        750  0.00025047 36.01237488
        760  0.00023398 36.30825424
        770  0.00021150 36.74698639
        780  0.00020569 36.86795044
        790  0.00029999 35.22895813
        800  0.00025193 35.98724747
        810  0.00020861 36.80659485
        820  0.00024266 36.15010452
        830  0.00030404 35.17075729
        840  0.00021870 36.60143661
        850  0.00020835 36.81213379
        860  0.00022250 36.52669144
        870  0.00017645 37.53380966
        880  0.00014139 38.49578094
        890  0.00017129 37.66270447
        900  0.00017459 37.57981110
        910  0.00017887 37.47473526
        920  0.00017354 37.60594177
        930  0.00015408 38.12267303
        940  0.00014909 38.26559448
        950  0.00019701 37.05513763
        960  0.00019016 37.20877075
        970  0.00015090 38.21307373
        980  0.00013556 38.67855835
        990  0.00012525 39.02238846
       1000  0.00013431 38.71877670
