6.530000000000000000e+02 9.210000000000000000e+02 7.410000000000000000e+02 9.740000000000000000e+02 8.000000000000000000e+01
3.770000000000000000e+02 1.670000000000000000e+02 1.750000000000000000e+02 2.940000000000000000e+02 6.840000000000000000e+02
1.670000000000000000e+02 1.520000000000000000e+02 1.940000000000000000e+02 1.640000000000000000e+02 3.770000000000000000e+02
1.520000000000000000e+02 2.410000000000000000e+02 1.540000000000000000e+02 1.670000000000000000e+02 1.940000000000000000e+02
1.520000000000000000e+02 1.540000000000000000e+02 1.940000000000000000e+02 3.770000000000000000e+02 2.410000000000000000e+02
1.520000000000000000e+02 1.540000000000000000e+02 1.940000000000000000e+02 3.680000000000000000e+02 2.410000000000000000e+02
1.520000000000000000e+02 1.940000000000000000e+02 3.680000000000000000e+02 1.540000000000000000e+02 1.670000000000000000e+02
1.520000000000000000e+02 1.940000000000000000e+02 1.670000000000000000e+02 1.510000000000000000e+02 3.680000000000000000e+02
1.520000000000000000e+02 1.940000000000000000e+02 1.670000000000000000e+02 3.680000000000000000e+02 1.510000000000000000e+02
1.520000000000000000e+02 1.940000000000000000e+02 3.680000000000000000e+02 1.670000000000000000e+02 3.820000000000000000e+02
1.520000000000000000e+02 3.680000000000000000e+02 1.940000000000000000e+02 3.820000000000000000e+02 1.510000000000000000e+02
1.520000000000000000e+02 3.680000000000000000e+02 1.940000000000000000e+02 3.820000000000000000e+02 1.670000000000000000e+02
3.680000000000000000e+02 1.520000000000000000e+02 1.940000000000000000e+02 3.820000000000000000e+02 1.510000000000000000e+02
3.680000000000000000e+02 1.520000000000000000e+02 3.820000000000000000e+02 1.940000000000000000e+02 1.510000000000000000e+02
3.680000000000000000e+02 3.820000000000000000e+02 1.940000000000000000e+02 1.520000000000000000e+02 1.510000000000000000e+02
3.680000000000000000e+02 3.820000000000000000e+02 1.940000000000000000e+02 1.520000000000000000e+02 1.510000000000000000e+02
3.680000000000000000e+02 3.820000000000000000e+02 1.940000000000000000e+02 1.520000000000000000e+02 1.510000000000000000e+02
3.680000000000000000e+02 3.820000000000000000e+02 1.940000000000000000e+02 1.520000000000000000e+02 1.510000000000000000e+02
3.680000000000000000e+02 3.820000000000000000e+02 1.940000000000000000e+02 1.520000000000000000e+02 1.670000000000000000e+02
3.680000000000000000e+02 3.820000000000000000e+02 1.940000000000000000e+02 1.520000000000000000e+02 1.510000000000000000e+02
3.680000000000000000e+02 3.820000000000000000e+02 1.940000000000000000e+02 1.520000000000000000e+02 1.670000000000000000e+02
