          0  0.03599808 14.43720722
         10  0.00775521 21.10406303
         20  0.00496889 23.03740883
         30  0.00400303 23.97611618
         40  0.00353819 24.51218605
         50  0.00308549 25.10675812
         60  0.00278821 25.54674149
         70  0.00251523 25.99422264
         80  0.00241271 26.17494965
         90  0.00208665 26.80549431
        100  0.00199176 27.00763893
        110  0.00173858 27.59804916
        120  0.00178515 27.48324776
        130  0.00163294 27.87028503
        140  0.00134271 28.72018814
        150  0.00129122 28.88998604
        160  0.00117777 29.28938675
        170  0.00110271 29.57539177
        180  0.00103055 29.86931229
        190  0.00102826 29.87897491
        200  0.00087614 30.57428932
        210  0.00084176 30.74810219
        220  0.00078914 31.02846146
        230  0.00075923 31.19627762
        240  0.00065261 31.85343552
        250  0.00061460 32.11405182
        260  0.00060179 32.20555496
        270  0.00055384 32.56613541
        280  0.00055863 32.52873230
        290  0.00048436 33.14831543
        300  0.00043608 33.60429001
        310  0.00047071 33.27246094
        320  0.00041522 33.81722641
        330  0.00039103 34.07794571
        340  0.00037400 34.27124405
        350  0.00034608 34.60820389
        360  0.00033755 34.71660995
        370  0.00031198 35.05869293
        380  0.00032888 34.82968140
        390  0.00034130 34.66867065
        400  0.00026607 35.74997330
        410  0.00029055 35.36775970
        420  0.00023378 36.31192017
        430  0.00024735 36.06684494
        440  0.00025024 36.01636887
        450  0.00021206 36.73534393
        460  0.00021243 36.72790146
        470  0.00024539 36.10144043
        480  0.00023104 36.36313629
        490  0.00019680 37.05968857
        500  0.00018186 37.40270233
        510  0.00020340 36.91659546
        520  0.00020726 36.83490372
        530  0.00016434 37.84263229
        540  0.00018610 37.30263138
        550  0.00016660 37.78322601
        560  0.00014899 38.26837540
        570  0.00014807 38.29526138
        580  0.00015275 38.16025543
        590  0.00013526 38.68841171
        600  0.00013447 38.71365356
        610  0.00014994 38.24096680
        620  0.00013475 38.70456314
        630  0.00012232 39.12491989
        640  0.00012894 38.89599228
        650  0.00012150 39.15434265
        660  0.00011796 39.28248596
        670  0.00012388 39.07009888
        680  0.00012652 38.97826385
        690  0.00011168 39.52037430
        700  0.00010899 39.62630844
        710  0.00008598 40.65595627
        720  0.00008834 40.53829193
        730  0.00013980 38.54505539
        740  0.00013427 38.72006607
        750  0.00011894 39.24660492
        760  0.00009916 40.03681946
        770  0.00010609 39.74338531
        780  0.00008243 40.83934402
        790  0.00012685 38.96696091
        800  0.00010091 39.96074677
        810  0.00008429 40.74247742
        820  0.00007901 41.02292633
        830  0.00009548 40.20080185
        840  0.00008621 40.64437103
        850  0.00007484 41.25894165
        860  0.00006977 41.56333542
        870  0.00006294 42.01090622
        880  0.00007347 41.33863831
        890  0.00007424 41.29356003
        900  0.00006941 41.58549500
        910  0.00005895 42.29499817
        920  0.00007536 41.22865295
        930  0.00005928 42.27108002
        940  0.00007543 41.22463226
        950  0.00006320 41.99277878
        960  0.00005594 42.52284241
        970  0.00005861 42.31995010
        980  0.00005514 42.58520889
        990  0.00006176 42.09270477
       1000  0.00006677 41.75424576
