2.567042247392237186e-04 3.243812592700123787e-03 6.755097769200801849e-03 2.486707270145416260e-02 2.617652714252471924e-02 3.653014078736305237e-03
3.537352022249251604e-04 5.008944310247898102e-03 8.852965198457241058e-03 2.894792472943663597e-03 6.470987573266029358e-03 2.737351460382342339e-03
1.401536719640716910e-04 4.017341416329145432e-04 2.620593877509236336e-04 7.966650446178391576e-05 1.247594482265412807e-04 5.379886715672910213e-05
9.053456597030162811e-04 1.510692673036828637e-04 8.429744048044085503e-05 3.397715045139193535e-05 4.579637970891781151e-05 6.767174636479467154e-05
8.023208938539028168e-03 6.302756082732230425e-05 6.423191371141001582e-05 3.583053330658003688e-05 2.019990643020719290e-05 7.479658961528912187e-05
1.950198970735073090e-02 1.651165985094849020e-05 3.367259341757744551e-05 2.526735806895885617e-05 8.376501682505477220e-06 3.202160587534308434e-05
4.338193684816360474e-02 6.859300356154562905e-06 1.459266059100627899e-05 1.754829099809285253e-05 5.442732344818068668e-06 2.388871689618099481e-05
1.772548109292984009e-01 2.991876499436330050e-06 1.014674762700451538e-05 1.258457450603600591e-05 3.439384954617707990e-06 1.975062332348898053e-05
2.539687752723693848e-01 1.369483129565196577e-06 5.604881152976304293e-06 8.067434464464895427e-06 2.398443712081643753e-06 1.585524660185910761e-05
2.787448465824127197e-01 1.051903723237046506e-06 4.798235750058665872e-06 1.076918124454095960e-05 2.224108129667001776e-06 1.448976308893179521e-05
2.632179856300354004e-01 8.112455134323681705e-07 4.041624379169661552e-06 1.092491220333613455e-05 2.302272605447797105e-06 1.073920975613873452e-05
2.215693593025207520e-01 8.845598244988650549e-07 5.140174835105426610e-06 1.456547306588618085e-05 3.124424210909637623e-06 1.158598206529859453e-05
2.011784464120864868e-01 1.024211542244302109e-06 7.526390618295408785e-06 1.734818761178757995e-05 4.181384156254353002e-06 1.278103354707127437e-05
2.119995206594467163e-01 9.632839237383450381e-07 8.501619959133677185e-06 1.806690670491661876e-05 4.277631433069473132e-06 1.175000579678453505e-05
2.361853718757629395e-01 6.944316055523813702e-07 7.303630354726919904e-06 1.150956904893973842e-05 3.189943754478008486e-06 6.937600574019597843e-06
2.792130112648010254e-01 5.166287451174866874e-07 5.527407211047830060e-06 6.916768597875488922e-06 2.258615040773293003e-06 4.510606686380924657e-06
3.150920271873474121e-01 3.614783850025560241e-07 4.353329131845384836e-06 4.672556769946822897e-06 1.601824124008999206e-06 3.479363158476189710e-06
3.370992839336395264e-01 2.757725496849161573e-07 3.786782826864509843e-06 3.394968189240898937e-06 1.250648210771032609e-06 2.666617319846409373e-06
3.549468517303466797e-01 2.273139330100093503e-07 3.243917717554722913e-06 2.881708041968522593e-06 1.102552346310403664e-06 2.218150939370389096e-06
3.804957568645477295e-01 1.742185702369170031e-07 2.450025931466370821e-06 2.154935373255284503e-06 8.238663440351956524e-07 1.642522988731798250e-06
3.616551756858825684e-01 1.663293716092084651e-07 2.544769131418433972e-06 2.081860429825610481e-06 7.330458515752980020e-07 1.482944185227097478e-06
3.435103595256805420e-01 1.510748575128673110e-07 2.741176103882025927e-06 1.911570052470779046e-06 6.693994123452284839e-07 1.474846726523537654e-06
3.714306950569152832e-01 1.137762382086293655e-07 2.247564907520427369e-06 1.440506139260833152e-06 5.425026756711304188e-07 1.178994352812878788e-06
3.666659891605377197e-01 1.129837627900087682e-07 2.589772066130535677e-06 1.418778992956504226e-06 5.504979299075785093e-07 1.266116896658786573e-06
3.974841237068176270e-01 9.065072958946984727e-08 2.023335582634899765e-06 1.198376367028686218e-06 4.992756430510780774e-07 1.077843194252636749e-06
4.050781130790710449e-01 8.388693828464965918e-08 2.017769020312698558e-06 1.124771529248391744e-06 4.823135668630129658e-07 1.068591018338338472e-06
4.310574531555175781e-01 8.670726003856543684e-08 2.219404223069432192e-06 1.223774688696721569e-06 5.752726224272919353e-07 1.328130110778147355e-06
4.680278301239013672e-01 5.872558617170398065e-08 1.782970002750516869e-06 9.364729294247808866e-07 4.398764588131598430e-07 1.042718395183328539e-06
4.848300516605377197e-01 5.817990000878126011e-08 1.813214794310624711e-06 9.402789373780251481e-07 4.841147074330365285e-07 1.058367274708871264e-06
4.795825779438018799e-01 4.886090110289842414e-08 1.708368358777079266e-06 9.489368721915525384e-07 4.538997870895400411e-07 8.907121014090080280e-07
4.834272861480712891e-01 4.628513750049023656e-08 1.738839046083739959e-06 9.473704949414241128e-07 4.733680327717593173e-07 9.897312338580377400e-07
4.835911989212036133e-01 4.579520052061525348e-08 1.714881591396988370e-06 9.574364412401337177e-07 4.799796897714259103e-07 9.313544637734594289e-07
5.009603500366210938e-01 4.356406790861910849e-08 1.810777121136197820e-06 9.459852776672050823e-07 5.312319899530848488e-07 1.078552713806857355e-06
5.180255770683288574e-01 4.145727316995362344e-08 1.711842401164176408e-06 9.147569812739675399e-07 4.938142978971882258e-07 1.003284296530182473e-06
5.480511784553527832e-01 3.659460645621948061e-08 1.413646600667561870e-06 8.482061275572050363e-07 4.268628970294230385e-07 9.234415188075217884e-07
5.609615445137023926e-01 3.586403707345198200e-08 1.385156679134524893e-06 9.108568406190897804e-07 4.538192399650142761e-07 9.930784017342375591e-07
5.712580680847167969e-01 3.014795524336477683e-08 1.299854147873702459e-06 8.124750934257463086e-07 4.187990896298288135e-07 9.097363431465055328e-07
5.759032368659973145e-01 2.773902529895622138e-08 1.137922254201839678e-06 7.768788918838254176e-07 3.922137921108515002e-07 7.749180781502218451e-07
5.925223827362060547e-01 2.510238417130494781e-08 1.074571969184034970e-06 7.152371495067200158e-07 3.792688403336796910e-07 7.468478315786342137e-07
5.819994211196899414e-01 2.093466910935148917e-08 1.130280338657030370e-06 6.205550562299322337e-07 3.307774534277996281e-07 6.466008244387921877e-07
5.888103246688842773e-01 1.930608561906410614e-08 9.911505003401543945e-07 5.910651452722959220e-07 3.013322498190973420e-07 6.354134143293777015e-07
5.568175911903381348e-01 2.043165814313852024e-08 1.124595200963085517e-06 5.958496558378101327e-07 3.512269586281036027e-07 7.036416036498849280e-07
5.502792596817016602e-01 2.234506446541217883e-08 1.181957600238092709e-06 6.625926403103221674e-07 3.725520514308300335e-07 6.964750127735896967e-07
5.371905565261840820e-01 2.105234386817755876e-08 1.041445329974521883e-06 6.925966431481356267e-07 3.568958106825448340e-07 6.808218699916324113e-07
5.551007390022277832e-01 1.953659811704255844e-08 1.036093749462452251e-06 6.772471579097327776e-07 3.349736914515233366e-07 6.425398169085383415e-07
5.766049623489379883e-01 1.658675863325242972e-08 7.954157581480103545e-07 5.791769126517465338e-07 2.833195367202279158e-07 5.608320634564734064e-07
5.490584373474121094e-01 1.565691576388417161e-08 8.168985345946566667e-07 6.158446126391936559e-07 2.626406114814017201e-07 5.124452968630066607e-07
5.501728057861328125e-01 1.524599113622571167e-08 7.837157340873091016e-07 6.063262958377890754e-07 2.573634958480397472e-07 4.737193251003191108e-07
5.552869439125061035e-01 1.588728615331547189e-08 8.110735052468953654e-07 6.102920906414510682e-07 2.664661451490246691e-07 5.471342774399090558e-07
5.734732151031494141e-01 1.313178721318308817e-08 6.972790060899569653e-07 5.669936058438906912e-07 2.320094552032969659e-07 4.779731170856393874e-07
5.794937014579772949e-01 1.342412137006476769e-08 6.957929485906788614e-07 5.410186645349313039e-07 2.344411171861793264e-07 4.832292006540228613e-07
5.781603455543518066e-01 1.303426078180791592e-08 7.383429760920989793e-07 5.687479074367729481e-07 2.442443189920595614e-07 4.745676847051072400e-07
5.899873971939086914e-01 1.169299501668774610e-08 6.682575985905714333e-07 5.577370529863401316e-07 2.198245425688583055e-07 4.749428228478791425e-07
5.884662270545959473e-01 1.124052850798307190e-08 6.600477604479237925e-07 5.161826379662670661e-07 2.280476678606646601e-07 4.857432145399798173e-07
6.022996306419372559e-01 1.273228278364513244e-08 7.313816468013101257e-07 6.389500981640594546e-07 2.352938963667838834e-07 5.729320378122793045e-07
6.103649139404296875e-01 9.893073027456011914e-09 6.055877292965305969e-07 5.113234351483697537e-07 1.762727350751447375e-07 4.764681875712994952e-07
6.375937461853027344e-01 8.295669040592201782e-09 5.070590987088507973e-07 4.931886792292061727e-07 1.518259864496940281e-07 4.107782274331839290e-07
6.269990205764770508e-01 8.596153122653049650e-09 5.816121984025812708e-07 5.054657208347634878e-07 1.468205681476320024e-07 4.535573907560319640e-07
6.242622733116149902e-01 7.244288280361388388e-09 5.126150313117250334e-07 4.700889348896453157e-07 1.237924749375451938e-07 4.221536755721899681e-07
5.975527763366699219e-01 7.388056388890618109e-09 5.041763984081626404e-07 4.894653784504043870e-07 1.129864983795414446e-07 3.912523709459492238e-07
6.193739771842956543e-01 6.241268390994036963e-09 4.498312193845777074e-07 4.578463119742082199e-07 1.005859431302269513e-07 3.610795147324097343e-07
6.187149286270141602e-01 6.219009307528722275e-09 4.211545672205829760e-07 4.537575364338408690e-07 9.493611941024937551e-08 3.329904245674697449e-07
6.392943859100341797e-01 4.855745139309419756e-09 3.218401900539902272e-07 3.901816398865776137e-07 7.494495690707481117e-08 2.850155169653589837e-07
6.362919807434082031e-01 4.250007457073934347e-09 2.929660922745824791e-07 3.258320475651999004e-07 6.589364431874855654e-08 2.736419730808847817e-07
6.080051660537719727e-01 4.905476913563688868e-09 3.351634632053901441e-07 3.702971866914595012e-07 7.380349842378564063e-08 3.048074006528622704e-07
6.146392822265625000e-01 4.348562843148329193e-09 2.886575032334803836e-07 3.667228440917824628e-07 6.236913918655773159e-08 2.925599176251125755e-07
6.118978261947631836e-01 4.769010075733604026e-09 3.332908136144396849e-07 4.119978598282614257e-07 6.756551584885528428e-08 3.416028846459084889e-07
6.105222702026367188e-01 4.735003944489335481e-09 3.243058586122060660e-07 4.584161672482878203e-07 6.059308077510650037e-08 3.158804418035288109e-07
6.198092699050903320e-01 5.065444508289829173e-09 3.466286102593585383e-07 4.656726275698019890e-07 6.579728051292477176e-08 3.478595260730799055e-07
6.050364375114440918e-01 4.875820192040691836e-09 2.991841085986379767e-07 4.414719114720355719e-07 5.883194020839255245e-08 3.310119041088910308e-07
5.763404369354248047e-01 5.621588528015308839e-09 2.971403603169164853e-07 4.588701756347290939e-07 5.915913448006904218e-08 3.385268314559652936e-07
5.771457552909851074e-01 5.793182822344533633e-09 3.136178179374837782e-07 5.006888272873766255e-07 6.325880974600295303e-08 3.638703560682188254e-07
5.754369497299194336e-01 6.087313764169266506e-09 3.285827006038744003e-07 5.116094143886584789e-07 6.295108789799996885e-08 3.825515477728913538e-07
5.943208336830139160e-01 6.222026893709653450e-09 3.235444125948561123e-07 4.963297328686167020e-07 6.297079124806259642e-08 3.914226738288562046e-07
5.701467394828796387e-01 6.355036497041055554e-09 3.264613894771173364e-07 5.221053811510500964e-07 6.024352217082196148e-08 3.822293308530788636e-07
5.721326470375061035e-01 6.238005667569268553e-09 2.877675058243767126e-07 4.815657348444801755e-07 5.739307695762363437e-08 3.469378384579613339e-07
6.041020154953002930e-01 5.864823737766755585e-09 2.514508423701045103e-07 4.171140233211190207e-07 5.406632652693588170e-08 3.442380887008766877e-07
5.864211320877075195e-01 6.930873208688126397e-09 2.874607503144943621e-07 5.166975824977271259e-07 5.890051113510708092e-08 3.800037120527122170e-07
6.142334342002868652e-01 6.037481625753571279e-09 2.598207231585547561e-07 4.677379195072717266e-07 5.722099061244989571e-08 3.566774751107004704e-07
6.171644926071166992e-01 6.375633798683111308e-09 2.689612017547915457e-07 4.913753173241275363e-07 5.633567567997488368e-08 3.827119314792071236e-07
6.217767000198364258e-01 6.135675967300358025e-09 2.576815063548565377e-07 4.785894134329282679e-07 5.449540552149301220e-08 3.714883405336877331e-07
6.294127106666564941e-01 6.438533706187854477e-09 2.517051314043783350e-07 4.718953903193323640e-07 5.653535950500554463e-08 3.698993111811432755e-07
6.555989980697631836e-01 5.322320806300240292e-09 1.905868458607073990e-07 3.700108663906576112e-07 4.612945048165784101e-08 2.885357446302805329e-07
6.595600843429565430e-01 5.713407080776278235e-09 2.042597913032295764e-07 4.016002321804990061e-07 4.776756767910228518e-08 3.083242745560710318e-07
6.652436852455139160e-01 5.424570126422167959e-09 1.811249177308127400e-07 3.787065452343085781e-07 4.421146115873852978e-08 3.106770520844293060e-07
6.656437516212463379e-01 6.197502067095683742e-09 2.095481619335259893e-07 4.070205079642619239e-07 4.917586693409248255e-08 3.196983584530244116e-07
6.790883541107177734e-01 5.699516414381378127e-09 1.985436597351508681e-07 3.708954636749695055e-07 4.247561236070396262e-08 2.965392980058823014e-07
6.741664409637451172e-01 6.797000740021985621e-09 2.217297350171065773e-07 4.340723478435393190e-07 4.899678174297150690e-08 3.328373452404775890e-07
6.645754575729370117e-01 6.151125386821831853e-09 2.079979282143540331e-07 3.735050597697409103e-07 4.562567923471760878e-08 2.914508172580099199e-07
6.915783882141113281e-01 5.090952104325197070e-09 1.612841487030891585e-07 3.030807818049652269e-07 3.841117646175007394e-08 2.530924803068046458e-07
7.227349877357482910e-01 4.610572812424607037e-09 1.547475392271735473e-07 2.896562136811553501e-07 3.708816009861948260e-08 2.375167156287716352e-07
7.127490043640136719e-01 4.902497074965594948e-09 1.546091539239569101e-07 3.207991028375545284e-07 3.731681630370076164e-08 2.510562069346633507e-07
7.122086882591247559e-01 4.351368598776161889e-09 1.318615971968029044e-07 2.906725171669677366e-07 3.195411579781648470e-08 2.103721072899134015e-07
7.245519757270812988e-01 4.352850968558641398e-09 1.395830651063079131e-07 3.067059139993943973e-07 3.340849374922072457e-08 2.320655028142937226e-07
7.394787073135375977e-01 5.124495050523591999e-09 1.474812023616323131e-07 3.421765484290517634e-07 3.842348661464711768e-08 2.273909558425657451e-07
7.473365068435668945e-01 4.515186446951702237e-09 1.299746372751542367e-07 3.103239407664659666e-07 3.586047725434582389e-08 2.157908767230765079e-07
7.486229538917541504e-01 3.991481811738140095e-09 1.192335048472159542e-07 2.811544845826574601e-07 3.232340617387308157e-08 1.901791364389282535e-07
7.482890486717224121e-01 3.489829980551917288e-09 1.014029606949407025e-07 2.163599504001467722e-07 2.798836540307547693e-08 1.663415361008446780e-07
7.613093256950378418e-01 4.051040392027971393e-09 1.181720605814007286e-07 2.420322857688006479e-07 3.162347184115787968e-08 1.855768374525723630e-07
7.407883405685424805e-01 4.496004901710648483e-09 1.359793913024986978e-07 2.961854477234737715e-07 3.409510895835410338e-08 1.931282440637005493e-07
7.580316066741943359e-01 4.668777808802815343e-09 1.359340018325383426e-07 3.048677967854018789e-07 3.486126587404214661e-08 1.967563463267651969e-07
