7.427222444675862789e-04 2.627747562655713409e-05 1.095301195164211094e-04 2.179136936319991946e-04 5.256299846223555505e-05 7.702827861066907644e-05
1.265559438616037369e-02 3.374655761945177801e-06 2.560560278652701527e-05 1.023360018734820187e-04 9.094780580198857933e-06 5.255389169178670272e-06
8.064080029726028442e-02 2.091707756335381418e-06 2.610681985970586538e-05 3.740142710739746690e-05 8.315991181007120758e-06 1.317413807555567473e-05
8.715857565402984619e-02 1.631407712920918129e-06 7.170312164817005396e-05 6.041783854016102850e-05 8.883739610610064119e-06 3.165069210808724165e-05
2.917562425136566162e-01 9.897715926854289137e-07 5.925886216573417187e-05 5.146986950421705842e-05 4.375802291178843006e-06 3.066520366701297462e-05
7.483377456665039062e-01 4.577166805574961472e-07 2.065616718027740717e-05 2.692646376090124249e-05 1.188354872283525765e-06 9.512530596111901104e-06
8.526635766029357910e-01 3.625208648827538127e-07 1.579461968503892422e-05 1.620980037841945887e-05 6.323417665043962188e-07 6.530933205795008689e-06
8.827403187751770020e-01 2.046655396270580241e-07 1.015660109260352328e-05 1.059543319570366293e-05 3.479078429791115923e-07 4.310006261221133173e-06
9.367914795875549316e-01 5.754270304691999627e-08 3.211239345546346158e-06 3.821508471446577460e-06 9.410611312432592968e-08 1.358153667752048932e-06
9.524931311607360840e-01 2.169997337375662028e-08 1.206568640554905869e-06 1.649490513955242932e-06 3.634533030094644346e-08 5.204403805691981688e-07
9.565064907073974609e-01 1.120579362634543941e-08 6.869223625471931882e-07 1.074839474313193932e-06 2.262044240808336326e-08 3.252571048051322578e-07
9.584081172943115234e-01 6.894665283141421241e-09 4.854715029978251550e-07 7.968078534759115428e-07 1.766996327035030845e-08 2.022272269641689491e-07
9.618048667907714844e-01 5.384635848315610929e-09 3.734573112978978315e-07 6.177131695039861370e-07 1.329982879383351246e-08 1.498571435831763665e-07
9.697521328926086426e-01 3.220771649381504176e-09 2.390910083249764284e-07 3.973709965521265985e-07 8.387334382575772906e-09 9.373381715249706758e-08
9.740990400314331055e-01 2.613249172611631366e-09 1.760951562346235733e-07 3.225729301448154729e-07 6.776895045135233886e-09 7.540936053374025505e-08
9.788630604743957520e-01 1.920273717814779957e-09 1.226487142957921606e-07 2.492319310931634391e-07 3.993470443219848676e-09 4.672958198170817923e-08
9.811355471611022949e-01 1.444565800312602732e-09 7.929128997830048320e-08 1.717050537308750791e-07 2.594696679736330225e-09 3.310684704160848923e-08
9.798440933227539062e-01 1.769798863016092128e-09 9.485517438179158489e-08 2.232665821111368132e-07 2.809029675532315196e-09 4.193890390524757095e-08
9.773193001747131348e-01 2.267662058130781588e-09 1.040781967276416253e-07 2.314013727300334722e-07 3.292752071004656500e-09 5.012449122432371951e-08
9.757148623466491699e-01 2.060703163664356907e-09 9.074599915948056150e-08 2.121911961694422644e-07 2.779646290917980878e-09 4.578408407951428671e-08
9.736267328262329102e-01 2.742606808325831480e-09 1.139172525199683150e-07 2.651609918302710867e-07 3.423517913603291163e-09 5.833041427649732213e-08
9.753223657608032227e-01 2.265607035312200424e-09 8.645132965057200636e-08 1.983222688295427361e-07 2.470468274395898334e-09 4.534417286095049349e-08
9.743273854255676270e-01 2.364627382789308285e-09 8.280201058141756221e-08 1.934899103162024403e-07 2.370267315754404081e-09 4.341683634834225813e-08
9.769212603569030762e-01 1.945029692862476622e-09 6.552376419222127879e-08 1.661145034859146108e-07 1.779061231665934883e-09 3.371613743752277514e-08
9.779701232910156250e-01 1.337199906359387569e-09 4.816216048197929922e-08 1.275429895031265914e-07 1.200791022171188160e-09 2.335691640098502830e-08
9.833223819732666016e-01 7.224124076721238907e-10 2.549517397198997060e-08 6.867382751352124615e-08 5.850419038111454029e-10 1.224938817045995165e-08
9.846322536468505859e-01 6.043168743197213644e-10 2.219414696469357295e-08 5.599512320486610406e-08 4.761122052165944751e-10 1.025283768996132494e-08
9.846063852310180664e-01 5.856416462890479124e-10 1.998332344044229103e-08 4.786267737699745339e-08 4.491015059837621948e-10 9.682620927264906641e-09
9.882053136825561523e-01 4.044798940228133688e-10 1.320051179476422476e-08 3.185593300258915406e-08 2.908412399804660708e-10 6.455294521146015541e-09
9.872437119483947754e-01 3.832546224824540104e-10 1.303191243806622879e-08 2.837931312171804166e-08 2.774679375150412852e-10 6.203705993357289117e-09
9.894496798515319824e-01 3.652664837261454522e-10 1.096119284227370372e-08 2.379744579172893282e-08 2.579123858925669310e-10 5.650448109406625008e-09
9.903675317764282227e-01 2.752027772334741940e-10 8.653572969308243046e-09 1.648583491942190449e-08 1.901988289088052397e-10 4.143437593029375421e-09
9.922728538513183594e-01 2.252307368388883901e-10 6.720484169164819832e-09 1.347442069032922518e-08 1.568652430172789991e-10 3.329375664051781314e-09
9.933364391326904297e-01 1.863011689362537027e-10 5.632977639891123545e-09 1.140482819295129957e-08 1.305380803451328120e-10 2.847921676263354129e-09
9.938831329345703125e-01 1.531745286165175912e-10 4.758915927993712103e-09 8.387774919071944169e-09 1.031858487543502179e-10 2.298730317207287044e-09
9.950972199440002441e-01 1.001682833901007541e-10 3.283741722981403655e-09 4.760995597763439946e-09 6.803732577331800258e-11 1.602139310108441350e-09
9.954653382301330566e-01 8.549008029268279074e-11 2.767033935313634174e-09 3.331714015786246819e-09 5.586764037501801283e-11 1.368963720160820685e-09
9.960993528366088867e-01 5.275334336030113036e-11 1.878936561894306578e-09 2.273660593132831309e-09 3.756695649004271331e-11 9.171853276868091598e-10
9.965761303901672363e-01 4.207338991091269520e-11 1.488204670607728985e-09 1.507152291857494220e-09 2.832312856471119744e-11 7.184172146068590337e-10
9.970350265502929688e-01 3.003085627395485346e-11 1.131103100071584322e-09 1.087393730614394372e-09 2.014807938544027621e-11 5.419168447318156723e-10
9.971845746040344238e-01 2.352234032554356702e-11 9.450461524451725381e-10 7.760818099278310456e-10 1.681187827839991655e-11 4.393288510762261012e-10
9.969719648361206055e-01 2.620226605132280895e-11 1.155558648768817420e-09 8.278955854201797138e-10 1.873834941379382002e-11 5.043921391667538501e-10
9.971639513969421387e-01 2.148972839954854663e-11 8.494429604155584457e-10 6.070231539645476460e-10 1.505062741102847212e-11 4.048477109108716832e-10
9.974970221519470215e-01 2.119853424742412784e-11 8.079095725754825708e-10 5.451772366882323695e-10 1.395464646614108517e-11 3.820321836656148662e-10
9.974517226219177246e-01 2.001723439781777358e-11 8.098615666973785210e-10 4.731211533659518409e-10 1.382022447871111837e-11 3.776305101954591237e-10
9.975798726081848145e-01 1.684740541518792156e-11 7.301521609548444758e-10 3.844242424388966128e-10 1.258457053843198281e-11 3.357673583614939616e-10
9.977185726165771484e-01 1.974264501880540479e-11 7.193162732122004854e-10 3.923301683528279682e-10 1.322564453787311578e-11 3.381916691136410691e-10
9.978658556938171387e-01 1.685516136384901387e-11 6.441644440080551703e-10 3.503337064891809405e-10 1.161002977784209023e-11 2.862030334949139387e-10
9.980600476264953613e-01 1.623237655401510438e-11 6.051527057238104135e-10 3.212409505071178728e-10 1.079360038847010372e-11 2.760278949853756103e-10
9.980948567390441895e-01 1.503290374127441709e-11 5.726359941782277474e-10 2.711242619302112189e-10 1.044664701965736242e-11 2.590131997770583894e-10
9.980269074440002441e-01 1.887161434066531029e-11 6.623353532297926449e-10 3.110022239738441385e-10 1.246623984596517687e-11 2.914805063980452360e-10
9.980458021163940430e-01 2.046865454907731419e-11 6.987053713380930731e-10 3.338469778402242127e-10 1.322405292908390706e-11 3.037885498713421839e-10
9.980459213256835938e-01 2.134986111512748863e-11 7.515556510462317874e-10 3.305421214516712780e-10 1.429495931348778726e-11 3.334117704145711514e-10
9.981502294540405273e-01 1.790654603761598906e-11 6.545075592612192850e-10 2.785009445283037621e-10 1.197492539156685964e-11 2.795397802124455211e-10
9.980018734931945801e-01 1.993128925792397865e-11 7.198087126347729736e-10 3.110205426537504536e-10 1.338284170981918209e-11 3.024068218060449453e-10
9.979851245880126953e-01 2.056398454297614364e-11 6.731764590206523735e-10 2.957089295652082228e-10 1.370732260336238184e-11 2.954124167509064591e-10
9.980971217155456543e-01 2.017862266168179985e-11 6.544115804807404402e-10 2.874309124045737462e-10 1.316644276244671730e-11 2.919149644231566754e-10
9.980688691139221191e-01 2.330617990264904904e-11 7.379265531959333657e-10 3.150736338497495126e-10 1.478873100368982563e-11 3.130537218343221184e-10
9.980180263519287109e-01 2.432569944088580627e-11 8.094562797822391076e-10 3.087052280470459209e-10 1.507636723796501599e-11 3.155994909853632180e-10
9.980798959732055664e-01 2.523860460901250491e-11 7.824694781000118837e-10 3.095463052549263239e-10 1.533288426780465841e-11 3.372356560671363468e-10
9.980601668357849121e-01 2.875764036625039211e-11 8.725891675886998655e-10 3.229660983095072879e-10 1.666098682628902594e-11 3.587874441990379637e-10
9.980808496475219727e-01 3.083019950445020640e-11 9.185804339395531315e-10 3.488433986120753616e-10 1.849313584212364248e-11 3.984296781389673470e-10
9.981222748756408691e-01 3.085607117037092451e-11 9.043698567801072841e-10 3.519683988706390210e-10 1.822010597951617683e-11 3.987328245358412460e-10
9.979971051216125488e-01 3.494599054576497110e-11 9.788390098464105904e-10 3.706908391354346577e-10 1.976552949090049083e-11 4.241318407594008022e-10
9.979529380798339844e-01 3.419653796243871113e-11 9.795650957045154428e-10 3.280324900600817273e-10 1.945619186594083061e-11 4.161289646198440551e-10
9.981044530868530273e-01 3.443107951528467936e-11 9.714928861370708546e-10 3.330124509481890982e-10 1.869248679453594519e-11 3.983045837596677075e-10
9.982682466506958008e-01 2.827931985804887915e-11 7.856786887749933612e-10 2.617771555080139478e-10 1.591812098800104991e-11 3.500474354822813439e-10
9.983577132225036621e-01 2.933508644331617177e-11 7.921565625679249933e-10 2.615850036580269489e-10 1.621369705162578612e-11 3.526367808870389808e-10
9.983261227607727051e-01 3.180975274852393397e-11 7.830820436538488138e-10 2.866973602966282897e-10 1.729766503644203368e-11 3.601516307405461248e-10
9.982200264930725098e-01 3.329892611647622402e-11 8.414896002228999805e-10 2.696831091775209188e-10 1.743793130726256635e-11 3.725785235886291957e-10
9.983547329902648926e-01 3.128954734199496102e-11 7.690674763694005378e-10 2.455674275037011967e-10 1.589619755271165502e-11 3.322387365223278266e-10
9.984285235404968262e-01 2.836159779251445912e-11 6.655708761904577386e-10 2.188849934636749595e-10 1.448571471107662489e-11 3.103284573757747467e-10
9.984205961227416992e-01 2.624569485354388831e-11 6.220448600657846328e-10 1.891633794048885875e-10 1.319998450821646685e-11 2.830091716532479040e-10
9.984759688377380371e-01 2.525603857994607182e-11 5.991351303968883713e-10 1.952447925557265762e-10 1.277116693648716605e-11 2.616518945952606146e-10
9.984164237976074219e-01 2.592660808264923844e-11 5.913927680900599171e-10 1.940270444311664733e-10 1.334060639734957476e-11 2.740957461000448347e-10
9.984328150749206543e-01 3.029957881817146870e-11 6.807923114138247911e-10 2.212900140907692048e-10 1.543326924591248428e-11 3.140298021619969404e-10
9.983341097831726074e-01 3.680269630712551532e-11 7.926516665257565819e-10 2.630607953690855538e-10 1.853738690327233485e-11 3.690337480044547647e-10
9.983206391334533691e-01 3.326875927522898735e-11 7.094462239898291500e-10 2.436741086686566859e-10 1.636261785786796707e-11 3.291324712773047168e-10
9.983945488929748535e-01 3.211701390948284995e-11 6.819618203479649310e-10 2.234850499105434096e-10 1.617617671756388376e-11 3.222508648814681465e-10
9.984171390533447266e-01 3.385522417964637043e-11 6.937442287302530985e-10 2.439403956611130297e-10 1.632563528808361752e-11 3.326806052861286389e-10
9.982669353485107422e-01 3.194021783170519768e-11 6.662302376447826191e-10 2.117201552964687039e-10 1.556680652436970291e-11 3.101977841257763657e-10
9.983720183372497559e-01 3.522564531732719217e-11 7.196211959659137847e-10 2.217463712650413754e-10 1.593879542238774150e-11 3.416676941370155873e-10
9.983009696006774902e-01 3.663004274900849566e-11 7.449094674427669815e-10 2.233217916147722804e-10 1.719742230565923791e-11 3.502779732933447576e-10
9.983313679695129395e-01 3.699437631232704859e-11 7.230162024640662821e-10 2.308801483330569226e-10 1.780675780438389921e-11 3.564039341430458308e-10
9.984306693077087402e-01 3.320560840180952766e-11 6.930315210595949793e-10 2.031360496479450717e-10 1.522166767631283335e-11 3.266756587461117078e-10
9.984001517295837402e-01 3.637973949865980217e-11 7.023598924682517008e-10 2.127609199931157491e-10 1.617583497703911632e-11 3.395334846612030333e-10
9.985059499740600586e-01 3.432543138615073985e-11 6.776719185808133261e-10 1.947630390297661052e-10 1.529061773031248350e-11 3.153637628816596816e-10
9.983602166175842285e-01 3.521898397917944123e-11 7.079050678981957390e-10 2.009698102378720819e-10 1.641287279696701518e-11 3.412455318319018716e-10
9.982781410217285156e-01 2.942357815727270065e-11 6.356399850915295247e-10 1.677996769311462799e-10 1.396647901497072297e-11 2.850190361503024405e-10
9.983781576156616211e-01 3.144295934731644593e-11 6.612743685963096141e-10 1.860707976586439827e-10 1.543960966021717951e-11 3.051163488532182555e-10
9.984151124954223633e-01 2.982064942202988789e-11 6.208324410117427306e-10 1.771114505055848554e-10 1.499324969733706325e-11 2.879681215706142439e-10
9.985460042953491211e-01 2.744833006718128132e-11 5.385144552505494175e-10 1.613641859021797131e-10 1.277194062315745171e-11 2.395457443515880414e-10
9.984065890312194824e-01 2.910256410859624054e-11 5.948838643909937218e-10 1.771589264176753886e-10 1.411251237398714053e-11 2.672493060185132663e-10
9.985001087188720703e-01 2.761784377580678296e-11 5.834168148588503300e-10 1.592179443843377840e-10 1.280315783946939234e-11 2.436207624523234472e-10
9.985435009002685547e-01 3.221347147364106434e-11 6.206813396580912467e-10 1.741091715246056992e-10 1.372231755308872536e-11 2.604998439181827052e-10
9.985275268554687500e-01 3.056109185162192432e-11 5.897350940919920959e-10 1.691589507357704747e-10 1.321348933047694629e-11 2.517266117774141776e-10
9.985700845718383789e-01 2.979736249408837523e-11 5.802304747781761307e-10 1.644845648574033703e-10 1.248378310447773032e-11 2.288084860468941883e-10
9.986508488655090332e-01 2.697185877420515965e-11 5.329792163166757746e-10 1.470715355056384510e-10 1.159058786448508016e-11 2.126824688586381740e-10
9.985981583595275879e-01 2.770006099495070373e-11 5.652302514924656407e-10 1.531775539742596948e-10 1.175736678155070436e-11 2.172968333047364808e-10
9.985131621360778809e-01 2.960108894112245537e-11 5.773658218188870705e-10 1.583517345027374290e-10 1.246398990961683495e-11 2.394953679818456749e-10
9.985435009002685547e-01 2.758003547764786845e-11 5.553658088963686623e-10 1.402308408282593177e-10 1.240732429991231456e-11 2.297728257660835993e-10
