2.131132245645491841e-04
1.351901800698260866e-04
1.931961937591055464e-04
9.277801686268553557e-05
6.334559527164647461e-04
8.729091769109799739e-03
1.350522787507909273e-01
3.749313462259347696e-01
4.602908775477222436e-01
5.674236681268043370e-01
7.047439766230099156e-01
8.175179511956763845e-01
8.981187011978642998e-01
9.243232813941908432e-01
9.216560309129547823e-01
9.134782398685535876e-01
9.301795543799687982e-01
9.171255666086749470e-01
9.121867706006250298e-01
9.076937188870047857e-01
9.301556370452257472e-01
9.488681455373827456e-01
9.625218704985889495e-01
9.604319764610669274e-01
9.665032382267421118e-01
9.857935708199965230e-01
9.908721963856363946e-01
9.972559200915165345e-01
1.008909808465574098e+00
1.006970500105456745e+00
1.006570319001794722e+00
1.015458214378553770e+00
1.018756668710774749e+00
1.010375580321057454e+00
1.009008150132450599e+00
1.011677204435022182e+00
1.006783236727566200e+00
1.002297867956670530e+00
9.971768191855505670e-01
1.001555428456671226e+00
1.001536855777736656e+00
9.937086052232119160e-01
9.918834052646062771e-01
9.939516534461038111e-01
9.942539605402725966e-01
9.917453127201538710e-01
9.916144354610429978e-01
9.874429316025021830e-01
9.873005633334029918e-01
9.853265815187280952e-01
9.919134689535290539e-01
9.901226084084930879e-01
9.888860554789971058e-01
9.930893600395985787e-01
9.916820453570206473e-01
9.872761115330791482e-01
9.864877748013241021e-01
9.877210541291374657e-01
9.860015447391450305e-01
9.941433261650364228e-01
9.940992327546162022e-01
9.955946674498369342e-01
9.950026800108470182e-01
9.913019735208381533e-01
9.953878960782451824e-01
9.890346369104736635e-01
9.884708425308735835e-01
9.899712210327170636e-01
9.870557780973733264e-01
9.881713413810042645e-01
9.850362999001284203e-01
9.886235660706017558e-01
9.920346590239870199e-01
9.899281965534586503e-01
9.888520501064154145e-01
9.915829019917727916e-01
9.941869519180733805e-01
9.912725779138913396e-01
9.935280894732795298e-01
9.930748626607179830e-01
9.951103748253884440e-01
9.988243093385233973e-01
9.972136305024317249e-01
9.985218018197618006e-01
9.998564291833439421e-01
9.989158365692440977e-01
9.977544428620551686e-01
9.992979126513548138e-01
9.989753626733113290e-01
9.995640097024208748e-01
1.004614575825066192e+00
1.002687493365110871e+00
1.000644498682308425e+00
1.004832504165658058e+00
9.975444646969784390e-01
9.946592190669526490e-01
1.004950754675421498e+00
1.004688866540804471e+00
9.957870082507456200e-01
1.000995108103346576e+00
1.003091081686850794e+00
