3.353892534505575895e-04 1.095866100513376296e-04 1.934563915710896254e-04 4.803268893738277256e-05 4.895700258202850819e-04 1.775473356246948242e-04
2.859984757378697395e-03 8.940460247686132789e-05 3.582428907975554466e-04 2.432556357234716415e-04 5.220110178925096989e-04 1.814011193346232176e-04
4.190377146005630493e-02 3.913914406439289451e-05 2.617055433802306652e-04 4.324787296354770660e-04 8.016453357413411140e-04 1.684710732661187649e-04
4.028441011905670166e-01 3.725458554981742054e-06 7.350113446591421962e-05 1.094133403967134655e-04 2.592376040411181748e-05 1.485838220105506480e-05
1.123392060399055481e-01 6.275889177231874783e-07 1.293705736316042021e-05 1.025966685119783506e-05 4.584536327456589788e-06 2.693591113711590879e-06
2.927025556564331055e-01 5.680498702531622257e-07 1.418487136106705293e-05 8.137564691423904151e-06 3.733697667485103011e-06 2.696734554774593562e-06
2.616185247898101807e-01 3.104956647348444676e-07 1.197767505800584331e-05 3.393415227037621662e-06 1.657677785260602832e-06 2.009307308981078677e-06
4.474518597126007080e-01 1.273628242870472604e-07 8.139569217746611685e-06 1.523518903923104517e-06 7.055541573208756745e-07 9.130340572482964490e-07
5.628676414489746094e-01 7.050368822092423216e-08 6.138584467407781631e-06 8.274832339338900056e-07 5.369894893192395102e-07 5.175256205802725162e-07
7.022864222526550293e-01 2.639111151836459612e-08 2.913909156632144004e-06 3.616742674239503685e-07 2.807914256663934793e-07 1.979478696512160241e-07
8.277109265327453613e-01 7.663107481903352891e-09 1.080123297469981480e-06 1.330150780631811358e-07 1.187862039842002559e-07 7.553463632348211831e-08
8.922692537307739258e-01 2.135783772061472519e-09 3.737042106877197511e-07 4.184552082620029978e-08 4.476466486380559218e-08 2.722103786823026894e-08
9.206638336181640625e-01 7.846198135652571182e-10 1.652780809990872513e-07 1.711001651472088270e-08 1.952289352402658551e-08 1.203952582073952726e-08
9.399493336677551270e-01 3.445908003385511620e-10 7.899603815531008877e-08 7.651240530037739518e-09 1.055032772256936369e-08 5.384521717388679463e-09
9.516751170158386230e-01 2.057492509699443417e-10 5.080502418763899186e-08 4.485441351675945043e-09 7.896090004066991241e-09 3.046333851841609430e-09
9.610059857368469238e-01 1.103052718609554006e-10 2.735787063556927023e-08 2.295100554050577557e-09 5.548185466608401839e-09 1.840275376530087215e-09
9.646502137184143066e-01 7.308727928423408571e-11 1.822456141553630005e-08 1.460938592323657303e-09 3.982317142714464353e-09 1.296274088069537811e-09
9.713426232337951660e-01 4.489944527286127141e-11 1.087864287541151498e-08 8.459599132315531733e-10 2.604781057513605447e-09 8.040075827331349956e-10
9.745261669158935547e-01 3.812300128358536710e-11 9.584753435376569541e-09 6.872498126142545516e-10 2.465186055289336764e-09 7.137536117696186011e-10
9.768087863922119141e-01 2.907731520840339812e-11 7.327185524985679876e-09 5.578661421701269774e-10 2.127855225353414426e-09 5.222984822417231499e-10
9.775853157043457031e-01 2.580969639398578153e-11 6.750526804211176568e-09 5.078795717317063918e-10 1.982413344592259818e-09 4.771150696747383790e-10
9.771470427513122559e-01 2.757743859660433117e-11 7.266429236096882960e-09 5.416350146170145763e-10 2.138929477979445437e-09 5.107529399417387594e-10
9.779773950576782227e-01 2.850875611970504764e-11 7.341536711891194500e-09 5.556115567628694407e-10 2.214962213642479583e-09 4.892231619813003363e-10
9.812009930610656738e-01 2.413502384057686356e-11 6.195619128845919477e-09 5.341076469989047837e-10 1.946803163122012847e-09 3.994936881301924814e-10
9.816401600837707520e-01 2.227092468776170620e-11 5.390672352945102830e-09 5.007950720781195741e-10 1.632709079046890110e-09 3.554387617565879509e-10
9.816074371337890625e-01 1.829723178525810567e-11 4.505523065745364875e-09 4.281620336055169673e-10 1.264682358836921594e-09 2.816752109335851628e-10
9.836714863777160645e-01 1.145925281748061408e-11 2.921179076409430309e-09 2.939314069916321159e-10 8.187818201221830350e-10 1.591971277026260623e-10
9.837410449981689453e-01 1.308311098346948143e-11 3.145850246966119812e-09 3.313229690604657662e-10 7.533784707192126007e-10 1.689133277693599666e-10
9.850762486457824707e-01 1.060172002270709513e-11 2.461344461579528797e-09 2.808744903326498843e-10 5.757523346971993305e-10 1.258344956012180660e-10
9.850257039070129395e-01 1.106322585625596489e-11 2.426950640455061148e-09 2.968239543044148832e-10 5.166231331621418121e-10 1.199348120817234076e-10
9.843819737434387207e-01 1.280142398335515352e-11 2.638635310248105270e-09 3.360078604242033862e-10 5.250653800636939650e-10 1.303520624773568670e-10
9.833727478981018066e-01 1.315180690047990097e-11 2.706490587200960363e-09 3.443772766953401288e-10 5.262617563950300337e-10 1.295450829941202642e-10
9.839619398117065430e-01 1.253564266279205697e-11 2.574760848972346139e-09 3.325504316364913393e-10 4.280836796155540469e-10 1.191567122749148666e-10
9.848351478576660156e-01 1.094649197674879559e-11 2.236018703527520302e-09 2.962931289207659802e-10 3.876172716132941787e-10 9.843662690522947400e-11
9.832714200019836426e-01 1.187344320086047844e-11 2.411375099597989902e-09 3.096046752304459915e-10 4.130430997228984324e-10 1.118760986629219190e-10
9.832296967506408691e-01 1.238382660306847072e-11 2.407141819205094180e-09 3.282623617373303659e-10 3.886741761771617121e-10 1.071433011756717235e-10
9.824696779251098633e-01 1.306777342585663249e-11 2.438382384895021460e-09 3.440570883750382336e-10 3.627049494081546754e-10 1.105710800697323748e-10
9.816725850105285645e-01 1.269824089628057706e-11 2.436464363597679039e-09 3.445952967418008939e-10 3.475033594213527977e-10 1.102658034324299763e-10
9.819881319999694824e-01 1.123570420730191088e-11 2.224907369452466810e-09 3.044585972222790815e-10 3.031039030876314655e-10 9.859806721079777958e-11
9.808539152145385742e-01 1.081420022974732831e-11 2.147015010223185527e-09 2.947392885310762267e-10 2.825589762167624031e-10 9.667682626668394619e-11
9.808753728866577148e-01 1.311215285654254714e-11 2.487241079762725349e-09 3.432027717575891756e-10 3.091637779117917262e-10 1.215374190177698210e-10
9.783333539962768555e-01 1.366766595733981404e-11 2.707158275327969932e-09 3.551567651083331612e-10 3.183543706430924658e-10 1.292956020026991837e-10
9.776960611343383789e-01 1.602558537261433713e-11 3.196538145289196109e-09 4.043375911866320394e-10 3.791378877515683143e-10 1.570388541427547580e-10
9.794229865074157715e-01 1.387915737199874044e-11 2.708111734861518016e-09 3.577727558656818019e-10 3.265701598031967023e-10 1.350546618983372582e-10
9.769819974899291992e-01 1.653369108289837186e-11 3.204076559626400922e-09 4.252229401924267904e-10 3.358117117713277366e-10 1.648508135554394016e-10
9.786291122436523438e-01 1.653376047183741093e-11 3.104100754214300650e-09 4.068573256077456790e-10 3.414242222277152905e-10 1.609580801975596387e-10
9.774777889251708984e-01 1.799850372907751961e-11 3.405488779861798321e-09 4.360605487807589498e-10 3.765046885373379837e-10 1.744249467083847094e-10
9.777165055274963379e-01 1.572953572948065926e-11 2.926998421415305529e-09 3.733795217453206305e-10 3.050528718517853122e-10 1.570744923018452255e-10
9.783675074577331543e-01 1.626283829825325711e-11 2.970830026427506709e-09 3.999860442860381227e-10 2.948626065535364660e-10 1.639618163462586153e-10
9.777461290359497070e-01 1.838134158771431714e-11 3.287831562559517806e-09 4.644886142379789362e-10 3.376072754690540023e-10 1.794835807755745805e-10
9.765288233757019043e-01 2.129199941358628223e-11 3.763424238911738939e-09 5.224735644127065370e-10 3.787647417929917992e-10 2.031907003763322450e-10
9.770348072052001953e-01 1.859763905376343729e-11 3.276165783105966511e-09 4.990411417438167518e-10 3.034814899383064812e-10 1.720729947418675465e-10
9.768990874290466309e-01 1.912175973117768990e-11 3.301717343973109564e-09 5.040087236451995523e-10 2.975504009850027387e-10 1.698420570850345257e-10
9.770402908325195312e-01 1.915972068500249037e-11 3.366457557163471392e-09 4.879580073335887391e-10 2.981684066316603321e-10 1.739625526964161395e-10
9.776096343994140625e-01 2.079035901769721306e-11 3.362969014375494226e-09 5.414895198896374495e-10 2.720527136901296217e-10 1.740433491770332353e-10
9.782563447952270508e-01 2.237360123558129743e-11 3.439324380849484442e-09 5.644532619086817249e-10 2.950259758716100578e-10 1.900907486973579807e-10
9.791237115859985352e-01 2.657055825361354096e-11 3.926728275871482765e-09 6.656527551385238439e-10 3.225690270447501007e-10 2.151619160617457283e-10
9.783852696418762207e-01 2.711200708382932589e-11 3.847008489543668475e-09 6.676458275123309249e-10 3.038099771757174494e-10 2.092993695024247813e-10
9.784592390060424805e-01 2.989061428926298447e-11 4.255689134424756048e-09 7.591315909216689306e-10 3.317089658505523175e-10 2.369916485278622531e-10
9.787057042121887207e-01 2.967186912838926105e-11 4.204617543024369297e-09 7.910797017451898228e-10 3.180021246329545193e-10 2.358584161310517402e-10
9.782313704490661621e-01 2.936820925336647292e-11 4.220670035692819511e-09 7.539180391091804267e-10 3.053544361808491203e-10 2.262407761133289341e-10
9.793881177902221680e-01 3.608932944154652489e-11 4.901365979748106838e-09 8.951915320132286524e-10 3.619619881600755207e-10 2.692721878805315328e-10
9.794071912765502930e-01 3.441023507799734205e-11 4.544408405138256057e-09 8.442029297839326318e-10 3.360191846990545628e-10 2.491554185191091619e-10
9.801155328750610352e-01 3.539469065061418007e-11 4.473502013269126110e-09 8.482186064640018230e-10 3.303500528684111259e-10 2.631400097818925587e-10
9.799003005027770996e-01 3.841132967252747221e-11 4.690773103277479095e-09 9.061310590752214011e-10 3.451370300666667390e-10 2.630320683483233779e-10
9.779890179634094238e-01 4.134195069616097840e-11 5.053910179242393497e-09 9.352307817067639917e-10 3.691077443690460314e-10 2.838215218403661311e-10
9.779645204544067383e-01 4.065552408616390778e-11 4.858210722602507303e-09 9.547208579263610773e-10 3.613476184938235747e-10 2.814854460631011079e-10
9.780874252319335938e-01 4.695549851718716639e-11 5.666978442064873889e-09 1.052980813653903169e-09 4.316045298935478058e-10 3.273881166165892864e-10
9.785989522933959961e-01 5.280044804156780458e-11 6.179294853581041025e-09 1.193935061927220431e-09 4.237946382712465265e-10 3.484869615100194551e-10
9.791164994239807129e-01 5.195084987197340354e-11 5.946041436999394136e-09 1.183573683505301233e-09 4.099358075215775443e-10 3.554180005860274605e-10
9.789860248565673828e-01 5.193877619658060496e-11 5.954827742016277625e-09 1.166440721789285817e-09 4.086360971822244892e-10 3.454607988562230503e-10
9.801656007766723633e-01 6.104032557185945507e-11 6.727467471989712067e-09 1.290399342934733795e-09 4.486862548169767706e-10 3.906434065115149679e-10
9.806710481643676758e-01 5.827167914862485532e-11 6.462962609532496572e-09 1.282623895981771511e-09 4.354246962989805070e-10 3.686383420742345152e-10
9.800959825515747070e-01 6.091190746237984399e-11 6.483439118909473109e-09 1.278597339116060994e-09 4.258978170135208074e-10 3.765689149393125490e-10
9.787132740020751953e-01 6.400065893918949200e-11 7.112178845858352361e-09 1.394556137235269944e-09 4.732780833904826068e-10 3.975523521493329326e-10
9.795724749565124512e-01 6.653062128991749091e-11 6.946405672891842187e-09 1.518197678684884977e-09 4.582219603754822401e-10 4.044673762582107202e-10
9.790834784507751465e-01 8.120500105679440139e-11 8.023575581717068417e-09 1.712519681618118739e-09 5.558803972682824224e-10 4.825337351910263806e-10
9.798691868782043457e-01 6.653186335192629031e-11 6.595904711304001466e-09 1.456197828986205423e-09 4.658533558909994099e-10 3.840346374239800298e-10
9.801430106163024902e-01 6.862280188535407888e-11 6.521765349987163063e-09 1.407066574365956058e-09 4.615360593707151793e-10 3.938994685981356270e-10
9.795350432395935059e-01 7.115265321377961527e-11 6.811140540463611615e-09 1.404649729863649554e-09 4.773076933695108437e-10 4.031364686518656981e-10
9.798011779785156250e-01 8.153887981476870550e-11 7.506937294010640471e-09 1.550844008768592630e-09 5.433766769868952906e-10 4.610830051099412685e-10
9.803960919380187988e-01 7.802625906494498054e-11 7.163855730851764747e-09 1.500958579647715396e-09 5.211570064389547952e-10 4.399720310299670700e-10
9.793074131011962891e-01 7.913694005656779495e-11 7.432930715367547236e-09 1.522356241068223426e-09 5.282841941678384501e-10 4.443189149938575611e-10
9.807770848274230957e-01 8.422206682068278383e-11 7.352618069944583112e-09 1.607046273832679617e-09 5.309249706542118474e-10 4.617491666802919781e-10
9.798081517219543457e-01 7.092761794558199995e-11 6.429218935011249414e-09 1.384108050395127520e-09 4.528369623724159965e-10 3.789661084940831870e-10
9.786967039108276367e-01 7.968219140064292105e-11 7.102569199446406856e-09 1.541750171973887973e-09 4.959213040223175994e-10 4.172397427559815242e-10
9.785778522491455078e-01 9.055603489294128394e-11 8.183452138155189459e-09 1.725438236732657060e-09 5.736486841101395839e-10 4.821759658213409239e-10
9.776473045349121094e-01 1.007724112489505330e-10 9.151723823208612885e-09 1.858732390225270592e-09 6.380782568982112934e-10 5.467524766267217728e-10
9.789188504219055176e-01 8.722796790427977953e-11 7.765670773096644552e-09 1.617510236862074180e-09 5.550358506134500658e-10 4.483267090904519137e-10
9.794925451278686523e-01 8.728658074108608389e-11 7.728451656419110805e-09 1.632708190868470410e-09 5.272233760678091130e-10 4.540522124951706928e-10
9.779348969459533691e-01 9.895140956617254346e-11 8.865878697861262481e-09 1.812371364096065918e-09 5.853807993894122319e-10 5.098853006479941996e-10
9.796174168586730957e-01 8.267498491365543600e-11 7.627214415606431430e-09 1.603735366728642475e-09 5.183874440817248797e-10 4.225535754631692953e-10
9.791702032089233398e-01 8.677487894903634924e-11 7.566915982692989928e-09 1.642335600848809918e-09 4.985565293935678710e-10 4.261777597491800407e-10
9.787752628326416016e-01 8.335251933111464950e-11 7.509067145861081372e-09 1.594496978896131623e-09 4.923915719601268393e-10 4.230181482878236920e-10
9.775028824806213379e-01 1.005544120191714796e-10 8.510851579046629922e-09 1.849832287348363025e-09 5.777783251836865475e-10 4.902549477492357255e-10
9.768633842468261719e-01 1.079392061842376904e-10 8.841482213028939441e-09 1.936094617960293363e-09 6.302144361924888472e-10 5.148008686006733114e-10
9.758695960044860840e-01 1.266425436741158705e-10 1.041156139081067522e-08 2.161214318618931429e-09 7.024751336182077921e-10 6.124596940715321125e-10
9.768494963645935059e-01 1.124212528624823904e-10 9.437441050863526470e-09 1.990533737838973138e-09 6.560291199164680620e-10 5.250601065043269955e-10
9.760698676109313965e-01 1.214234407465042409e-10 1.043614616946797469e-08 2.108254903987472062e-09 6.874266156309261078e-10 5.912789147188846073e-10
9.766924381256103516e-01 1.220022555203925663e-10 1.013227013402229204e-08 2.136878674008357848e-09 6.586667322672212777e-10 5.732460062191080397e-10
9.771187901496887207e-01 1.334871102542933841e-10 1.099966784323669344e-08 2.289851863679359667e-09 7.032053273015037576e-10 6.402232632929383271e-10
