3.591765707824379206e-04 3.591765707824379206e-04 7.271279901033267379e-05 6.366869783960282803e-04 1.078046698239631951e-04 4.562127869576215744e-04
1.032729749567806721e-03 1.032729749567806721e-03 2.790019498206675053e-04 2.452441956847906113e-03 9.283480176236480474e-05 6.322478875517845154e-04
4.987902045249938965e-01 4.987902045249938965e-01 4.222504794597625732e-03 1.637362316250801086e-02 2.586422197055071592e-04 1.145839691162109375e-03
7.431305050849914551e-01 7.431305050849914551e-01 5.082900635898113251e-03 1.141850091516971588e-02 3.079164889641106129e-04 9.826797759160399437e-04
6.168519258499145508e-01 6.168519258499145508e-01 6.004690192639827728e-03 1.126292906701564789e-02 3.978071326855570078e-04 1.091297948732972145e-03
6.469383835792541504e-01 6.469383835792541504e-01 6.223753094673156738e-03 1.029986329376697540e-02 3.427879128139466047e-04 8.294594008475542068e-04
6.842810511589050293e-01 6.842810511589050293e-01 5.451519973576068878e-03 8.130316622555255890e-03 4.194536304567009211e-04 6.626693066209554672e-04
7.361131310462951660e-01 7.361131310462951660e-01 4.624553490430116653e-03 6.833913736045360565e-03 4.166848084423691034e-04 5.523480940610170364e-04
7.834897637367248535e-01 7.834897637367248535e-01 4.095625132322311401e-03 6.078354083001613617e-03 3.990190161857753992e-04 4.990858724340796471e-04
8.408182263374328613e-01 8.408182263374328613e-01 3.551751375198364258e-03 4.884270951151847839e-03 3.425129107199609280e-04 4.030142154078930616e-04
8.851038217544555664e-01 8.851038217544555664e-01 2.724564867094159126e-03 3.936156630516052246e-03 2.801769878715276718e-04 3.049558144994080067e-04
9.014913439750671387e-01 9.014913439750671387e-01 2.658468671143054962e-03 3.539422992616891861e-03 2.562328591011464596e-04 2.636336721479892731e-04
9.073053598403930664e-01 9.073053598403930664e-01 2.657582517713308334e-03 3.126441035419702530e-03 2.541539724916219711e-04 2.468083112034946680e-04
8.983515501022338867e-01 8.983515501022338867e-01 3.005124395713210106e-03 3.025759244337677956e-03 2.651246613822877407e-04 2.670542744453996420e-04
9.068261384963989258e-01 9.068261384963989258e-01 3.027922241017222404e-03 3.229814581573009491e-03 2.298618346685543656e-04 2.819795627146959305e-04
9.028869271278381348e-01 9.028869271278381348e-01 3.417883766815066338e-03 3.416179213672876358e-03 2.266966912429779768e-04 2.960183483082801104e-04
9.120240807533264160e-01 9.120240807533264160e-01 3.304085228592157364e-03 3.345711855217814445e-03 2.134189271600916982e-04 2.929538604803383350e-04
9.213047623634338379e-01 9.213047623634338379e-01 3.235231153666973114e-03 3.427244955673813820e-03 1.918840280268341303e-04 2.857433573808521032e-04
9.252452850341796875e-01 9.252452850341796875e-01 3.327050711959600449e-03 3.410002449527382851e-03 1.756979327183216810e-04 2.829913864843547344e-04
9.330889582633972168e-01 9.330889582633972168e-01 3.184809582307934761e-03 3.130093216896057129e-03 1.579887466505169868e-04 2.568693889770656824e-04
9.357120394706726074e-01 9.357120394706726074e-01 3.260167548432946205e-03 2.976912539452314377e-03 1.464842644054442644e-04 2.246607182314619422e-04
9.458405971527099609e-01 9.458405971527099609e-01 2.710710745304822922e-03 2.934607677161693573e-03 1.315499685006216168e-04 2.041260740952566266e-04
9.516974687576293945e-01 9.516974687576293945e-01 2.485115779563784599e-03 2.674457384273409843e-03 1.225764281116425991e-04 1.711120421532541513e-04
9.575123786926269531e-01 9.575123786926269531e-01 2.285212976858019829e-03 2.513751154765486717e-03 1.091452504624612629e-04 1.554437476443126798e-04
9.591594338417053223e-01 9.591594338417053223e-01 2.177854534238576889e-03 2.460582647472620010e-03 1.066163094947114587e-04 1.504974061390385032e-04
9.654099345207214355e-01 9.654099345207214355e-01 1.926904311403632164e-03 2.196243498474359512e-03 9.978788148146122694e-05 1.244577579200267792e-04
9.666166901588439941e-01 9.666166901588439941e-01 1.894723158329725266e-03 2.067467430606484413e-03 9.127041266765445471e-05 1.198097597807645798e-04
9.682198166847229004e-01 9.682198166847229004e-01 1.860157586634159088e-03 2.127964748069643974e-03 8.977928519016131759e-05 1.195966979139484465e-04
9.730653762817382812e-01 9.730653762817382812e-01 1.613441272638738155e-03 1.854607253335416317e-03 7.116572669474408031e-05 9.986519580706954002e-05
9.740027189254760742e-01 9.740027189254760742e-01 1.641066395677626133e-03 1.820985460653901100e-03 7.163949339883401990e-05 9.289832814829424024e-05
9.743991494178771973e-01 9.743991494178771973e-01 1.579660456627607346e-03 1.753692515194416046e-03 7.031369750620797276e-05 9.073878027265891433e-05
9.765455126762390137e-01 9.765455126762390137e-01 1.421755063347518444e-03 1.664519309997558594e-03 6.643640517722815275e-05 8.335925667779520154e-05
9.784647226333618164e-01 9.784647226333618164e-01 1.326142810285091400e-03 1.588518498465418816e-03 6.325628783088177443e-05 7.594694034196436405e-05
9.806475043296813965e-01 9.806475043296813965e-01 1.209856825880706310e-03 1.517548225820064545e-03 5.390483056544326246e-05 7.252235081978142262e-05
9.812080860137939453e-01 9.812080860137939453e-01 1.144350622780621052e-03 1.473518321290612221e-03 5.670678001479245722e-05 6.885880429763346910e-05
9.834555983543395996e-01 9.834555983543395996e-01 1.027351245284080505e-03 1.339223119430243969e-03 4.791132960235700011e-05 6.341835251078009605e-05
9.822647571563720703e-01 9.822647571563720703e-01 1.126134418882429600e-03 1.393426558934152126e-03 4.701980651589110494e-05 6.435260002035647631e-05
9.839881062507629395e-01 9.839881062507629395e-01 1.042448100633919239e-03 1.206610351800918579e-03 4.580282620736397803e-05 5.635563502437435091e-05
9.843116402626037598e-01 9.843116402626037598e-01 1.001478405669331551e-03 1.185770262964069843e-03 4.446246384759433568e-05 5.705631338059902191e-05
9.854136705398559570e-01 9.854136705398559570e-01 9.413523366674780846e-04 1.095591229386627674e-03 4.063730375492013991e-05 5.548102490138262510e-05
9.852586984634399414e-01 9.852586984634399414e-01 9.705641423352062702e-04 1.154629164375364780e-03 4.164370329817757010e-05 5.762823275290429592e-05
9.866829514503479004e-01 9.866829514503479004e-01 9.023554157465696335e-04 1.111891935579478741e-03 3.782794738071970642e-05 5.460643296828493476e-05
9.861719012260437012e-01 9.861719012260437012e-01 9.592229034751653671e-04 1.148151699453592300e-03 3.969372846768237650e-05 5.824332038173452020e-05
9.870727062225341797e-01 9.870727062225341797e-01 8.554846281185746193e-04 1.119524356909096241e-03 3.786628076341003180e-05 5.874410635442472994e-05
9.886083602905273438e-01 9.886083602905273438e-01 7.606999133713543415e-04 1.041533425450325012e-03 3.438645580899901688e-05 5.283686186885461211e-05
9.887901544570922852e-01 9.887901544570922852e-01 7.599333766847848892e-04 1.056016189977526665e-03 3.053803447983227670e-05 5.668069570674560964e-05
9.891750216484069824e-01 9.891750216484069824e-01 7.784077897667884827e-04 1.008082646876573563e-03 3.040259434783365577e-05 5.278019671095535159e-05
9.898666143417358398e-01 9.898666143417358398e-01 7.189533207565546036e-04 9.865782922133803368e-04 2.984083585033658892e-05 5.080552728031761944e-05
9.894477128982543945e-01 9.894477128982543945e-01 7.669607875868678093e-04 1.066516852006316185e-03 2.903795757447369397e-05 5.725555092794820666e-05
9.899195432662963867e-01 9.899195432662963867e-01 7.266581524163484573e-04 1.024410827085375786e-03 3.018300594703759998e-05 5.374543252401053905e-05
9.892927408218383789e-01 9.892927408218383789e-01 7.839876925572752953e-04 1.098736072890460491e-03 3.073674452025443316e-05 5.906243313802406192e-05
9.899289011955261230e-01 9.899289011955261230e-01 7.747036288492381573e-04 1.169348717667162418e-03 2.794835927488747984e-05 6.051399759599007666e-05
9.902623891830444336e-01 9.902623891830444336e-01 7.710133213549852371e-04 1.085912343114614487e-03 2.786479490168858320e-05 5.591429362539201975e-05
9.901453256607055664e-01 9.901453256607055664e-01 8.398406207561492920e-04 1.123469904996454716e-03 2.673653398233000189e-05 6.110518006607890129e-05
9.899943470954895020e-01 9.899943470954895020e-01 8.579436107538640499e-04 1.095719751901924610e-03 2.774354288703761995e-05 6.108211528044193983e-05
9.902527332305908203e-01 9.902527332305908203e-01 8.803319651633501053e-04 1.103381509892642498e-03 2.956468051706906408e-05 6.042091990821063519e-05
9.908620119094848633e-01 9.908620119094848633e-01 8.411156595684587955e-04 1.079452689737081528e-03 2.728169965848792344e-05 5.988563498249277472e-05
9.914132356643676758e-01 9.914132356643676758e-01 7.895423332229256630e-04 1.081818481907248497e-03 2.555247556301765144e-05 5.873065674677491188e-05
9.920147657394409180e-01 9.920147657394409180e-01 7.798525621183216572e-04 9.834573138505220413e-04 2.600223706394899637e-05 5.257056545815430582e-05
9.920112490653991699e-01 9.920112490653991699e-01 8.198646246455609798e-04 9.553880663588643074e-04 2.587366361694876105e-05 5.186415000935085118e-05
9.926081895828247070e-01 9.926081895828247070e-01 7.347664795815944672e-04 9.940357413142919540e-04 2.305800626345444471e-05 5.617967690341174603e-05
9.924069046974182129e-01 9.924069046974182129e-01 7.603225531056523323e-04 1.005302183330059052e-03 2.532569851609878242e-05 5.345633326214738190e-05
9.923000335693359375e-01 9.923000335693359375e-01 7.648582104593515396e-04 1.021525124087929726e-03 2.636278077261522412e-05 5.355022221920080483e-05
9.925451874732971191e-01 9.925451874732971191e-01 7.736022234894335270e-04 9.891032241284847260e-04 2.516254608053714037e-05 5.209129085415042937e-05
9.924975037574768066e-01 9.924975037574768066e-01 7.866196683607995510e-04 1.042586402036249638e-03 2.429569576634094119e-05 5.526793756871484220e-05
9.922234416007995605e-01 9.922234416007995605e-01 7.930828724056482315e-04 9.742762194946408272e-04 2.693645183171611279e-05 5.519516344065777957e-05
9.926149845123291016e-01 9.926149845123291016e-01 7.896302849985659122e-04 9.117767331190407276e-04 2.620940540509764105e-05 5.206118294154293835e-05
9.933235049247741699e-01 9.933235049247741699e-01 7.061689393594861031e-04 9.532667463645339012e-04 2.281188608321826905e-05 5.003983460483141243e-05
9.929071664810180664e-01 9.929071664810180664e-01 7.930191932246088982e-04 8.695739670656621456e-04 2.519518784538377076e-05 4.878390973317436874e-05
9.930517673492431641e-01 9.930517673492431641e-01 8.020298555493354797e-04 9.289957815781235695e-04 2.324832712474744767e-05 5.004365812055766582e-05
9.934266805648803711e-01 9.934266805648803711e-01 7.334379479289054871e-04 8.384943357668817043e-04 2.447259794280398637e-05 4.583543341141194105e-05
9.933853745460510254e-01 9.933853745460510254e-01 7.468049298040568829e-04 8.356961188837885857e-04 2.490649785613641143e-05 4.448773324838839471e-05
9.933769106864929199e-01 9.933769106864929199e-01 7.920623174868524075e-04 8.521447307430207729e-04 2.441137439745943993e-05 4.489403727347962558e-05
9.937404990196228027e-01 9.937404990196228027e-01 6.939047016203403473e-04 8.558224071748554707e-04 2.460925861669238657e-05 4.523594907368533313e-05
9.940979480743408203e-01 9.940979480743408203e-01 7.063114899210631847e-04 8.008524891920387745e-04 2.356316872464958578e-05 4.125538180232979357e-05
9.939398765563964844e-01 9.939398765563964844e-01 7.199914543889462948e-04 8.514201617799699306e-04 2.341474828426726162e-05 4.304475442040711641e-05
9.942933320999145508e-01 9.942933320999145508e-01 6.756272050552070141e-04 8.012031903490424156e-04 2.299166226293891668e-05 3.963520794059149921e-05
9.948022365570068359e-01 9.948022365570068359e-01 6.113841664046049118e-04 7.934499881230294704e-04 2.098324694088660181e-05 3.780465704039670527e-05
9.947854876518249512e-01 9.947854876518249512e-01 5.773152806796133518e-04 7.932932930998504162e-04 2.285583468619734049e-05 3.649761129054240882e-05
9.952419996261596680e-01 9.952419996261596680e-01 5.618734867312014103e-04 7.165502756834030151e-04 1.964893817785196006e-05 3.327112790429964662e-05
9.953043460845947266e-01 9.953043460845947266e-01 5.417091306298971176e-04 7.148116128519177437e-04 1.871291533461771905e-05 3.430437936913222075e-05
9.952237010002136230e-01 9.952237010002136230e-01 5.873040645383298397e-04 7.560654776170849800e-04 1.988197072932962328e-05 3.528392335283569992e-05
9.952846169471740723e-01 9.952846169471740723e-01 5.643569165840744972e-04 7.084956159815192223e-04 2.094322917400859296e-05 3.270539309596642852e-05
9.952824711799621582e-01 9.952824711799621582e-01 5.742004723288118839e-04 7.116066408343613148e-04 2.037400372500997037e-05 3.285731872892938554e-05
9.957370758056640625e-01 9.957370758056640625e-01 5.137842381373047829e-04 6.879859720356762409e-04 1.912628067657351494e-05 3.121962799923494458e-05
9.956401586532592773e-01 9.956401586532592773e-01 5.212991381995379925e-04 6.999256438575685024e-04 1.860986776591744274e-05 3.129390825051814318e-05
9.957143664360046387e-01 9.957143664360046387e-01 5.217483267188072205e-04 7.171644829213619232e-04 1.855242044257465750e-05 3.271894820500165224e-05
9.958551526069641113e-01 9.958551526069641113e-01 4.924025270156562328e-04 6.804149015806615353e-04 1.750388037180528045e-05 3.133082645945250988e-05
9.960318207740783691e-01 9.960318207740783691e-01 4.515345499385148287e-04 6.723201368004083633e-04 1.737150705594103783e-05 3.032653694390319288e-05
9.959443211555480957e-01 9.959443211555480957e-01 4.653402429539710283e-04 6.197416223585605621e-04 1.803648228815291077e-05 2.932270581368356943e-05
9.962421655654907227e-01 9.962421655654907227e-01 4.284540773369371891e-04 6.152953719720244408e-04 1.681724461377598345e-05 2.655894240888301283e-05
9.963045120239257812e-01 9.963045120239257812e-01 4.303731257095932961e-04 5.989721394143998623e-04 1.645904740144032985e-05 2.689861503313295543e-05
9.964249730110168457e-01 9.964249730110168457e-01 4.348479269538074732e-04 5.544625455513596535e-04 1.742930180625990033e-05 2.540118839533533901e-05
9.964330196380615234e-01 9.964330196380615234e-01 4.406246298458427191e-04 5.570200155489146709e-04 1.623606840439606458e-05 2.637938632688019425e-05
9.964420199394226074e-01 9.964420199394226074e-01 4.180041141808032990e-04 5.923826247453689575e-04 1.618800706637557596e-05 2.910436160163953900e-05
9.966172575950622559e-01 9.966172575950622559e-01 4.108606372028589249e-04 5.468609742820262909e-04 1.611083644093014300e-05 2.551796023908536881e-05
9.968670010566711426e-01 9.968670010566711426e-01 4.029767878819257021e-04 5.398813518695533276e-04 1.381888523610541597e-05 2.375565054535400122e-05
9.966815114021301270e-01 9.966815114021301270e-01 4.064980603288859129e-04 5.400115624070167542e-04 1.522588536317925900e-05 2.537518230383284390e-05
9.966804385185241699e-01 9.966804385185241699e-01 4.240749694872647524e-04 5.375246400944888592e-04 1.513636834715725854e-05 2.607363057904876769e-05
9.966166615486145020e-01 9.966166615486145020e-01 4.208445607218891382e-04 5.665195058099925518e-04 1.589093881193548441e-05 2.629514892760198563e-05
9.967329502105712891e-01 9.967329502105712891e-01 4.222600546199828386e-04 5.263622733764350414e-04 1.619100294192321599e-05 2.414288974250666797e-05
