          0  0.07527602 11.23343372
        100  0.01852881 17.32152557
        200  0.01627152 17.88571739
        300  0.01532143 18.14700699
        400  0.01450024 18.38624954
        500  0.01396998 18.54804230
        600  0.01341154 18.72521400
        700  0.01303521 18.84881973
        800  0.01264637 18.98033905
        900  0.01199122 19.21136475
       1000  0.01155585 19.37198067
       1100  0.01109212 19.54985428
       1200  0.01071017 19.70203781
       1300  0.01027444 19.88241959
       1400  0.00989120 20.04750824
       1500  0.00961408 20.17092133
       1600  0.00916713 20.37766457
       1700  0.00888103 20.51536560
       1800  0.00866416 20.62273598
       1900  0.00841912 20.74732971
       2000  0.00821535 20.85373688
       2100  0.00785423 21.04896545
       2200  0.00763336 21.17284393
       2300  0.00745040 21.27820396
       2400  0.00742857 21.29094505
       2500  0.00718667 21.43472099
       2600  0.00706067 21.51153946
       2700  0.00681092 21.66794395
       2800  0.00667304 21.75676537
       2900  0.00647699 21.88626671
       3000  0.00651057 21.86380768
       3100  0.00650623 21.86670685
       3200  0.00634440 21.97609329
       3300  0.00615001 22.11124039
       3400  0.00592856 22.27051163
       3500  0.00591486 22.28055573
       3600  0.00578918 22.37382889
       3700  0.00573666 22.41340828
       3800  0.00559861 22.51919746
       3900  0.00556540 22.54503822
       4000  0.00539535 22.67980003
       4100  0.00534003 22.72456360
       4200  0.00541932 22.66055489
       4300  0.00527196 22.78028107
       4400  0.00517956 22.85707474
       4500  0.00519158 22.84700584
       4600  0.00508020 22.94119263
       4700  0.00510603 22.91916275
       4800  0.00495620 23.04851532
       4900  0.00499170 23.01751328
       5000  0.00484655 23.14567375
