          0  0.15894590  7.98750639
        100  0.02358153 16.27428055
        200  0.01463669 18.34557152
        300  0.01089149 19.62912560
        400  0.00918844 20.36758423
        500  0.00785027 21.05115128
        600  0.00702734 21.53209114
        700  0.00660206 21.80320358
        800  0.00627660 22.02275658
        900  0.00606589 22.17105484
       1000  0.00578091 22.38003922
       1100  0.00561622 22.50556183
       1200  0.00543079 22.65136719
       1300  0.00537523 22.69602966
       1400  0.00524959 22.79874611
       1500  0.00507819 22.94290924
       1600  0.00489250 23.10469246
       1700  0.00487692 23.11854172
       1800  0.00473448 23.24727440
       1900  0.00467573 23.30150986
       2000  0.00462055 23.35305977
       2100  0.00448281 23.48449516
       2200  0.00447775 23.48939896
       2300  0.00442277 23.54306030
       2400  0.00432321 23.64193916
       2500  0.00420371 23.76367378
       2600  0.00422831 23.73833656
       2700  0.00409256 23.88005447
       2800  0.00412552 23.84521294
       2900  0.00397706 24.00437927
       3000  0.00397117 24.01081657
       3100  0.00393745 24.04784966
       3200  0.00386617 24.12718964
       3300  0.00380260 24.19919968
       3400  0.00379685 24.20576668
       3500  0.00376684 24.24022675
       3600  0.00364962 24.37752533
       3700  0.00364523 24.38274956
       3800  0.00359465 24.44343758
       3900  0.00356728 24.47662544
       4000  0.00353163 24.52024460
       4100  0.00345370 24.61715698
       4200  0.00342292 24.65603638
       4300  0.00340922 24.67345238
       4400  0.00334815 24.75195312
       4500  0.00329339 24.82357407
       4600  0.00331993 24.78870583
       4700  0.00331642 24.79330063
       4800  0.00318033 24.97527313
       4900  0.00314130 25.02890968
       5000  0.00327020 24.85425568
