1.223382759094238281e+01
1.910924148559570312e+01
2.516299247741699219e+01
2.870406150817871094e+01
3.028955268859863281e+01
3.112959098815917969e+01
3.169190025329589844e+01
3.209115219116210938e+01
3.238148498535156250e+01
3.260768127441406250e+01
3.278201675415039062e+01
3.290821838378906250e+01
3.297871017456054688e+01
3.301172637939453125e+01
3.300002670288085938e+01
3.294572830200195312e+01
3.284771347045898438e+01
3.270443725585937500e+01
3.255146026611328125e+01
3.236558532714843750e+01
3.217292022705078125e+01
3.196952247619628906e+01
3.175425910949707031e+01
3.155492019653320312e+01
3.134535598754882812e+01
3.113783454895019531e+01
3.092680358886718750e+01
3.072120475769042969e+01
3.052925872802734375e+01
3.033157348632812500e+01
3.013556671142578125e+01
2.994473266601562500e+01
2.977575111389160156e+01
2.959144210815429688e+01
2.942124176025390625e+01
2.925670814514160156e+01
2.909440612792968750e+01
2.894439125061035156e+01
2.878386497497558594e+01
2.863465309143066406e+01
2.853063392639160156e+01
2.838040351867675781e+01
2.823602676391601562e+01
2.810042190551757812e+01
2.800122833251953125e+01
2.788230133056640625e+01
2.776877593994140625e+01
2.766440010070800781e+01
2.756345176696777344e+01
2.746981811523437500e+01
2.736740684509277344e+01
