6.509688899750045322e-05
3.533353417143037081e-05
1.946437232010438502e-03
4.337065630149524592e-02
4.400725425521392897e-01
9.306927768716244387e-01
1.004979369220292407e+00
1.020128791610256380e+00
1.019217862957557674e+00
1.016019592642917635e+00
1.020599332228190770e+00
1.018412745823713106e+00
1.019700119303104113e+00
1.020307980580996476e+00
1.020423842960907157e+00
1.020463676434788081e+00
1.021120127151408319e+00
1.020794738232414955e+00
1.022148706374021776e+00
1.022608949484002272e+00
1.021591222724861137e+00
1.019828005719248143e+00
1.018510664641860020e+00
1.012940452779574896e+00
1.010437171759226205e+00
1.006839518456464022e+00
1.010685113552531655e+00
1.005411802892625550e+00
1.002785568394074733e+00
9.987208275299374050e-01
9.927429700084772213e-01
9.916797368968219839e-01
9.846228608622923373e-01
9.875703529443103923e-01
9.810169448884773491e-01
9.771206638550564705e-01
9.741161346780851105e-01
9.790653513152075549e-01
9.785022564491381303e-01
9.750693632736356919e-01
9.780817234895898826e-01
9.759390402327952074e-01
9.837341920920564808e-01
9.861846290147023852e-01
9.896424335268113603e-01
9.903555513680393219e-01
9.944343511053110873e-01
9.912843002590532304e-01
9.931984651656887708e-01
9.886712613694970120e-01
9.892958946363918926e-01
