4.566040006466209888e-04 4.566040006466209888e-04 3.214122843928635120e-04 4.339811566751450300e-04 3.392615471966564655e-04 1.028836122713983059e-03
1.257801341125741601e-04 1.257801341125741601e-04 2.663187682628631592e-03 2.686925232410430908e-02 9.788892930373549461e-04 1.057434943504631519e-03
3.582312783692032099e-04 3.582312783692032099e-04 1.855430752038955688e-02 7.957682758569717407e-02 1.572292530909180641e-03 2.837661420926451683e-03
7.455380633473396301e-03 7.455380633473396301e-03 1.473631560802459717e-01 2.767756283283233643e-01 1.042992342263460159e-03 7.492319680750370026e-03
1.566671133041381836e-01 1.566671133041381836e-01 3.286686241626739502e-01 1.366337984800338745e-01 2.869768999516963959e-03 2.870150608941912651e-03
5.804793238639831543e-01 5.804793238639831543e-01 1.419525295495986938e-01 1.945706084370613098e-02 2.345235319808125496e-03 4.550076846498996019e-04
8.258653283119201660e-01 8.258653283119201660e-01 6.787370145320892334e-02 4.277184139937162399e-03 1.057668705470860004e-03 1.624405995244160295e-04
9.023796916007995605e-01 9.023796916007995605e-01 5.518916994333267212e-02 9.424368618056178093e-04 3.057080903090536594e-04 8.477605297230184078e-05
9.232494831085205078e-01 9.232494831085205078e-01 5.166536197066307068e-02 2.441210817778483033e-04 1.376084983348846436e-04 4.019208790850825608e-05
9.238907098770141602e-01 9.238907098770141602e-01 6.137274205684661865e-02 6.918855069670826197e-05 5.168829738977365196e-05 1.682383663137443364e-05
9.223572015762329102e-01 9.223572015762329102e-01 6.875184923410415649e-02 3.307927909190766513e-05 2.323217995581217110e-05 7.009795808698982000e-06
9.281923770904541016e-01 9.281923770904541016e-01 6.388118118047714233e-02 2.314925950486212969e-05 1.796070500859059393e-05 4.505145625444129109e-06
9.132669568061828613e-01 9.132669568061828613e-01 7.935868203639984131e-02 1.741106279951054603e-05 1.348277965007582679e-05 3.423279622438712977e-06
8.969901800155639648e-01 8.969901800155639648e-01 9.583876281976699829e-02 1.841816447267774493e-05 1.496609547757543623e-05 3.743351271623396315e-06
8.384033441543579102e-01 8.384033441543579102e-01 1.545713394880294800e-01 2.017809492826927453e-05 1.952872844412922859e-05 5.638790298689855263e-06
8.271501660346984863e-01 8.271501660346984863e-01 1.651629954576492310e-01 2.350954309804365039e-05 2.748006409092340618e-05 8.125850399665068835e-06
8.031984567642211914e-01 8.031984567642211914e-01 1.890465617179870605e-01 2.729952393565326929e-05 3.830651985481381416e-05 1.078491914086043835e-05
8.182619810104370117e-01 8.182619810104370117e-01 1.732869446277618408e-01 2.901149309764150530e-05 4.941784209222532809e-05 1.350771526631433517e-05
7.898009419441223145e-01 7.898009419441223145e-01 2.007867842912673950e-01 3.427482806728221476e-05 8.066473674261942506e-05 1.785177119018044323e-05
7.496637701988220215e-01 7.496637701988220215e-01 2.400517910718917847e-01 4.329317380324937403e-05 1.084253526641987264e-04 2.352099181734956801e-05
7.055814862251281738e-01 7.055814862251281738e-01 2.811264991760253906e-01 7.330101652769371867e-05 1.664048177190124989e-04 3.138131069135852158e-05
6.421037912368774414e-01 6.421037912368774414e-01 3.406982421875000000e-01 1.192676572827622294e-04 2.189720689784735441e-04 4.788289152202196419e-05
6.332933306694030762e-01 6.332933306694030762e-01 3.477509021759033203e-01 1.558983931317925453e-04 2.604337641969323158e-04 5.195911944610998034e-05
6.379275918006896973e-01 6.379275918006896973e-01 3.376688957214355469e-01 2.205256751039996743e-04 3.595464222598820925e-04 6.543828203575685620e-05
6.106907129287719727e-01 6.106907129287719727e-01 3.643896281719207764e-01 2.522405702620744705e-04 3.378147084731608629e-04 7.277182885445654392e-05
6.322662830352783203e-01 6.322662830352783203e-01 3.435432016849517822e-01 2.803516399580985308e-04 3.435017424635589123e-04 6.755247159162536263e-05
6.514471769332885742e-01 6.514471769332885742e-01 3.254747092723846436e-01 3.112442209385335445e-04 3.671284648589789867e-04 6.087113433750346303e-05
6.682125329971313477e-01 6.682125329971313477e-01 3.083852827548980713e-01 3.539640456438064575e-04 3.722588589880615473e-04 5.035972571931779385e-05
6.603805422782897949e-01 6.603805422782897949e-01 3.169338107109069824e-01 3.473364049568772316e-04 3.877035633195191622e-04 5.251893162494525313e-05
6.826959848403930664e-01 6.826959848403930664e-01 2.892906367778778076e-01 4.073646850883960724e-04 4.786690697073936462e-04 5.743516157963313162e-05
6.951318383216857910e-01 6.951318383216857910e-01 2.768732309341430664e-01 4.038605839014053345e-04 4.441271885298192501e-04 6.222711817827075720e-05
6.863288879394531250e-01 6.863288879394531250e-01 2.810773849487304688e-01 5.196248530410230160e-04 4.690494388341903687e-04 7.251662464113906026e-05
6.901904344558715820e-01 6.901904344558715820e-01 2.697568833827972412e-01 6.270108860917389393e-04 5.785187240689992905e-04 9.259861690225079656e-05
6.385964751243591309e-01 6.385964751243591309e-01 3.191759884357452393e-01 6.990547990426421165e-04 5.180157022550702095e-04 8.989280468085780740e-05
6.531397104263305664e-01 6.531397104263305664e-01 3.044579625129699707e-01 6.862809532321989536e-04 5.441493703983724117e-04 9.441751171834766865e-05
6.631091833114624023e-01 6.631091833114624023e-01 2.915692925453186035e-01 8.927300805225968361e-04 5.607488565146923065e-04 1.198735481011681259e-04
6.314474940299987793e-01 6.314474940299987793e-01 3.151138424873352051e-01 1.083494280464947224e-03 6.490161758847534657e-04 1.380739849992096424e-04
6.218547224998474121e-01 6.218547224998474121e-01 3.230443894863128662e-01 1.068696612492203712e-03 6.426139734685420990e-04 1.441598142264410853e-04
6.228001713752746582e-01 6.228001713752746582e-01 3.187614977359771729e-01 1.205983688123524189e-03 6.602859357371926308e-04 1.807508961064741015e-04
5.884755849838256836e-01 5.884755849838256836e-01 3.411563336849212646e-01 1.475422293879091740e-03 7.635291549377143383e-04 2.094224764732643962e-04
5.776987075805664062e-01 5.776987075805664062e-01 3.447005450725555420e-01 1.663861796259880066e-03 8.525042212568223476e-04 2.387521381024271250e-04
5.786610841751098633e-01 5.786610841751098633e-01 3.508137166500091553e-01 1.647318829782307148e-03 7.661696872673928738e-04 2.548230404499918222e-04
5.951572656631469727e-01 5.951572656631469727e-01 3.405623137950897217e-01 1.699509099125862122e-03 8.075975347310304642e-04 2.434158232063055038e-04
5.710625648498535156e-01 5.710625648498535156e-01 3.649969100952148438e-01 1.855702023021876812e-03 7.891936111263930798e-04 2.600947336759418249e-04
5.622226595878601074e-01 5.622226595878601074e-01 3.716670870780944824e-01 1.922597642987966537e-03 7.287120679393410683e-04 2.657638979144394398e-04
5.840950012207031250e-01 5.840950012207031250e-01 3.565778136253356934e-01 1.625168952159583569e-03 6.559240864589810371e-04 2.640115271788090467e-04
5.848352909088134766e-01 5.848352909088134766e-01 3.632755279541015625e-01 1.729820156469941139e-03 6.003390881232917309e-04 2.882434346247464418e-04
5.873406529426574707e-01 5.873406529426574707e-01 3.641376197338104248e-01 1.543350168503820896e-03 5.441589164547622204e-04 2.882175613194704056e-04
5.882505774497985840e-01 5.882505774497985840e-01 3.683165609836578369e-01 1.479872502386569977e-03 4.840609908569604158e-04 2.688399399630725384e-04
6.031492948532104492e-01 6.031492948532104492e-01 3.577715456485748291e-01 1.392435049638152122e-03 4.577531362883746624e-04 2.580333675723522902e-04
5.958165526390075684e-01 5.958165526390075684e-01 3.661834895610809326e-01 1.423306530341506004e-03 4.088595160283148289e-04 2.299400512129068375e-04
