          0  0.10724055  9.69641018
        100  0.01293129 18.88358307
        200  0.00979349 20.09062386
        300  0.00890369 20.50429916
        400  0.00833552 20.79067230
        500  0.00772659 21.12012291
        600  0.00748666 21.25711632
        700  0.00718079 21.43827629
        800  0.00695771 21.57533455
        900  0.00682034 21.66194344
       1000  0.00666727 21.76051903
       1100  0.00663673 21.78046036
       1200  0.00658684 21.81322670
       1300  0.00645270 21.90258598
       1400  0.00636705 21.96061707
       1500  0.00633432 21.98299980
       1600  0.00630304 22.00449944
       1700  0.00619153 22.08202171
       1800  0.00622834 22.05627823
       1900  0.00614254 22.11652374
       2000  0.00607332 22.16573906
       2100  0.00602399 22.20115852
       2200  0.00600073 22.21795845
       2300  0.00594419 22.25907135
       2400  0.00593659 22.26463318
       2500  0.00588598 22.30181503
       2600  0.00586925 22.31417274
       2700  0.00580083 22.36510086
       2800  0.00587837 22.30743408
       2900  0.00582523 22.34687042
       3000  0.00573713 22.41305161
       3100  0.00571761 22.42785645
       3200  0.00570739 22.43562508
       3300  0.00565877 22.47278214
       3400  0.00565073 22.47895622
       3500  0.00564856 22.48062134
       3600  0.00557638 22.53647995
       3700  0.00560940 22.51083755
       3800  0.00560122 22.51717377
       3900  0.00552524 22.57649040
       4000  0.00550773 22.59027100
       4100  0.00550595 22.59167480
       4200  0.00556471 22.54557610
       4300  0.00550726 22.59064102
       4400  0.00545697 22.63048744
       4500  0.00540053 22.67563820
       4600  0.00545608 22.63119507
       4700  0.00537620 22.69524384
       4800  0.00535910 22.70908356
       4900  0.00534041 22.72425270
       5000  0.00535228 22.71460915
