2.205417258664965630e-03 1.949590863659977913e-03 1.513425144366919994e-03 6.030182121321558952e-04 7.424278010148555040e-05 9.917723946273326874e-04
1.393813192844390869e-01 5.229651555418968201e-02 2.441941201686859131e-02 1.695365644991397858e-03 9.650780702941119671e-04 2.041699178516864777e-02
3.882712870836257935e-02 3.930139541625976562e-01 1.762919872999191284e-01 8.003569208085536957e-03 5.581319564953446388e-04 2.214880846440792084e-02
2.530691772699356079e-02 4.851963818073272705e-01 1.217775642871856689e-01 8.718512952327728271e-03 5.691046244464814663e-04 5.977589264512062073e-02
2.402275055646896362e-02 4.474397599697113037e-01 6.861900538206100464e-02 9.141194634139537811e-03 1.248433487489819527e-03 9.275893867015838623e-02
1.733636483550071716e-02 4.764605462551116943e-01 5.765648186206817627e-02 9.569211862981319427e-03 2.130632521584630013e-03 7.581888884305953979e-02
1.291438378393650055e-02 4.795345962047576904e-01 5.974826216697692871e-02 8.989245630800724030e-03 2.817912027239799500e-03 6.274679303169250488e-02
1.223082747310400009e-02 4.797551929950714111e-01 6.450799107551574707e-02 9.747073054313659668e-03 3.168075578287243843e-03 5.864216759800910950e-02
1.078165601938962936e-02 5.313254594802856445e-01 6.240392848849296570e-02 8.456345647573471069e-03 3.884776728227734566e-03 5.489718168973922729e-02
1.146997883915901184e-02 5.419744849205017090e-01 6.989635527133941650e-02 8.993368595838546753e-03 4.012881778180599213e-03 5.867268145084381104e-02
1.388576719909906387e-02 5.229014158248901367e-01 7.691018283367156982e-02 1.072701998054981232e-02 4.399168305099010468e-03 5.909839645028114319e-02
1.473540905863046646e-02 5.433897972106933594e-01 7.855577021837234497e-02 1.276876498013734818e-02 5.004907492548227310e-03 6.053935363888740540e-02
1.611431874334812164e-02 5.258509516716003418e-01 8.348441869020462036e-02 1.531401835381984711e-02 6.440633442252874374e-03 6.451956927776336670e-02
1.757496967911720276e-02 5.175682306289672852e-01 8.950007706880569458e-02 1.988487504422664642e-02 7.022981531918048859e-03 6.503020972013473511e-02
1.920315064489841461e-02 4.869246780872344971e-01 1.030062362551689148e-01 2.340869978070259094e-02 7.438339293003082275e-03 6.268245726823806763e-02
2.032477967441082001e-02 4.295013546943664551e-01 1.188338324427604675e-01 2.620854787528514862e-02 8.997589349746704102e-03 6.615026295185089111e-02
2.361807413399219513e-02 3.886032700538635254e-01 1.214992329478263855e-01 2.687060832977294922e-02 9.550153277814388275e-03 6.038591638207435608e-02
2.511723525822162628e-02 3.684289753437042236e-01 1.270490884780883789e-01 2.802307717502117157e-02 1.052428968250751495e-02 5.461964011192321777e-02
2.537987753748893738e-02 3.479317426681518555e-01 1.286722868680953979e-01 2.887297049164772034e-02 9.398726746439933777e-03 5.435730889439582825e-02
2.422425709664821625e-02 3.364470601081848145e-01 1.468698978424072266e-01 3.084781952202320099e-02 9.982914663851261139e-03 5.197189375758171082e-02
2.541751787066459656e-02 3.107871711254119873e-01 1.622676253318786621e-01 3.022832423448562622e-02 8.491470478475093842e-03 4.603637009859085083e-02
2.990017086267471313e-02 2.895735204219818115e-01 1.718235313892364502e-01 2.982737496495246887e-02 8.305258117616176605e-03 5.121986940503120422e-02
3.549003228545188904e-02 2.540726959705352783e-01 1.779862493276596069e-01 3.887809067964553833e-02 8.543128147721290588e-03 5.054137855768203735e-02
3.887449204921722412e-02 2.493643611669540405e-01 1.867236047983169556e-01 4.111568257212638855e-02 8.706077933311462402e-03 4.758199304342269897e-02
4.146577790379524231e-02 2.459428012371063232e-01 1.858980506658554077e-01 4.501381143927574158e-02 8.296691812574863434e-03 5.046416074037551880e-02
4.388727247714996338e-02 2.598344683647155762e-01 1.821658313274383545e-01 4.066561162471771240e-02 8.377853780984878540e-03 4.637174680829048157e-02
4.639746993780136108e-02 2.323941290378570557e-01 1.976255327463150024e-01 4.558905959129333496e-02 9.308760985732078552e-03 4.846043512225151062e-02
4.215196892619132996e-02 2.363567650318145752e-01 1.972231715917587280e-01 4.314828291535377502e-02 8.901739493012428284e-03 4.721372574567794800e-02
4.957921802997589111e-02 2.142182886600494385e-01 1.867258697748184204e-01 4.915226623415946960e-02 6.500994320958852768e-03 5.036459118127822876e-02
5.124490335583686829e-02 2.237864881753921509e-01 1.724742203950881958e-01 5.431817844510078430e-02 6.373168434947729111e-03 4.862163960933685303e-02
5.443364009261131287e-02 2.306183576583862305e-01 1.626418679952621460e-01 6.032413244247436523e-02 5.938217975199222565e-03 4.869633167982101440e-02
5.180162563920021057e-02 2.114541530609130859e-01 1.721984893083572388e-01 7.676877081394195557e-02 6.084274500608444214e-03 4.070286080241203308e-02
5.315934494137763977e-02 1.995580196380615234e-01 1.810665279626846313e-01 8.885491639375686646e-02 7.092973683029413223e-03 3.652853146195411682e-02
5.435026437044143677e-02 1.810254156589508057e-01 1.750084906816482544e-01 1.118333712220191956e-01 8.027570322155952454e-03 3.484134003520011902e-02
5.106679722666740417e-02 1.717129051685333252e-01 1.828939765691757202e-01 1.141445189714431763e-01 8.563704788684844971e-03 3.286139667034149170e-02
5.299847945570945740e-02 1.537348479032516479e-01 1.921033412218093872e-01 1.304811686277389526e-01 1.017914712429046631e-02 3.335073590278625488e-02
5.086494609713554382e-02 1.497211158275604248e-01 1.888213604688644409e-01 1.232206672430038452e-01 1.140896789729595184e-02 3.238730505108833313e-02
4.366851225495338440e-02 1.482042223215103149e-01 2.008872181177139282e-01 1.210332214832305908e-01 1.286579575389623642e-02 2.789046615362167358e-02
4.216436296701431274e-02 1.332746893167495728e-01 2.122074067592620850e-01 1.323235780000686646e-01 1.111136190593242645e-02 2.854036912322044373e-02
4.174911975860595703e-02 1.399520337581634521e-01 2.248746007680892944e-01 1.248633861541748047e-01 1.209409814327955246e-02 2.786698006093502045e-02
4.084412008523941040e-02 1.322855055332183838e-01 2.146517634391784668e-01 1.339834034442901611e-01 1.295666862279176712e-02 2.610772475600242615e-02
3.468201681971549988e-02 1.361252963542938232e-01 2.327864319086074829e-01 1.417985409498214722e-01 1.433168444782495499e-02 2.402117103338241577e-02
3.922234475612640381e-02 1.301811486482620239e-01 2.124365717172622681e-01 1.650376170873641968e-01 1.559089869260787964e-02 2.597712539136409760e-02
3.878349065780639648e-02 1.231957376003265381e-01 2.201506942510604858e-01 1.857062876224517822e-01 1.501079648733139038e-02 2.606177888810634613e-02
3.850389271974563599e-02 1.226120591163635254e-01 2.292145788669586182e-01 1.806108951568603516e-01 1.612963527441024780e-02 2.328847907483577728e-02
3.552254289388656616e-02 1.183690652251243591e-01 2.045444846153259277e-01 2.124673724174499512e-01 1.782217621803283691e-02 2.370220981538295746e-02
3.616316244006156921e-02 1.155747696757316589e-01 2.103902995586395264e-01 1.981308609247207642e-01 1.695762015879154205e-02 2.393269352614879608e-02
3.582832589745521545e-02 1.052394434809684753e-01 2.122552543878555298e-01 2.000402808189392090e-01 1.693812385201454163e-02 2.410502545535564423e-02
3.339278697967529297e-02 1.036885604262351990e-01 2.092749476432800293e-01 2.091318964958190918e-01 1.818967424333095551e-02 2.284235320985317230e-02
3.296438977122306824e-02 1.063459292054176331e-01 2.050190120935440063e-01 2.026582956314086914e-01 1.948053762316703796e-02 2.291033603250980377e-02
3.293744102120399475e-02 1.073694154620170593e-01 2.045337855815887451e-01 1.931006014347076416e-01 1.801928132772445679e-02 2.366824261844158173e-02
