          0  0.03621151 14.41153336
        100  0.00976183 20.10468674
        200  0.00856729 20.67156792
        300  0.00803394 20.95071411
        400  0.00771887 21.12446404
        500  0.00749734 21.25092697
        600  0.00726408 21.38819313
        700  0.00710224 21.48604393
        800  0.00706295 21.51013756
        900  0.00689162 21.61678886
       1000  0.00674983 21.70707130
       1100  0.00665254 21.77012825
       1200  0.00653936 21.84464836
       1300  0.00647401 21.88826752
       1400  0.00633974 21.97928810
       1500  0.00628364 22.01788521
       1600  0.00617069 22.09666252
       1700  0.00609758 22.14842796
       1800  0.00598906 22.22640991
       1900  0.00591007 22.28407478
       2000  0.00585189 22.32703590
       2100  0.00570006 22.44120598
       2200  0.00564603 22.48256874
       2300  0.00554738 22.55912399
       2400  0.00543757 22.64595032
       2500  0.00542372 22.65702629
       2600  0.00529393 22.76221657
       2700  0.00520782 22.83343887
       2800  0.00508933 22.93339539
       2900  0.00500827 23.00312233
       3000  0.00506093 22.95769882
       3100  0.00481701 23.17222404
       3200  0.00479267 23.19422150
       3300  0.00471749 23.26288795
       3400  0.00464736 23.32793999
       3500  0.00454588 23.42381668
       3600  0.00445250 23.51396179
       3700  0.00438670 23.57862282
       3800  0.00435587 23.60925484
       3900  0.00423472 23.73175621
       4000  0.00417869 23.78959846
       4100  0.00412579 23.84492493
       4200  0.00413100 23.83945274
       4300  0.00407736 23.89620781
       4400  0.00397975 24.00144005
       4500  0.00387940 24.11235428
       4600  0.00389553 24.09433556
       4700  0.00373986 24.27145004
       4800  0.00374485 24.26565552
       4900  0.00380339 24.19829559
       5000  0.00367483 24.34762192
