1.280000000000000000e+02 1.320000000000000000e+02 3.950000000000000000e+02 5.800000000000000000e+01 1.310000000000000000e+02
1.490000000000000000e+02 1.070000000000000000e+02 2.960000000000000000e+02 1.500000000000000000e+02 4.000000000000000000e+00
2.960000000000000000e+02 1.810000000000000000e+02 2.220000000000000000e+02 2.080000000000000000e+02 1.900000000000000000e+02
2.960000000000000000e+02 2.080000000000000000e+02 2.220000000000000000e+02 1.490000000000000000e+02 2.570000000000000000e+02
2.080000000000000000e+02 2.960000000000000000e+02 2.220000000000000000e+02 2.570000000000000000e+02 2.070000000000000000e+02
2.080000000000000000e+02 2.220000000000000000e+02 2.960000000000000000e+02 2.070000000000000000e+02 2.570000000000000000e+02
2.080000000000000000e+02 2.220000000000000000e+02 2.070000000000000000e+02 1.800000000000000000e+02 2.960000000000000000e+02
2.080000000000000000e+02 1.800000000000000000e+02 2.220000000000000000e+02 2.070000000000000000e+02 8.520000000000000000e+02
2.080000000000000000e+02 1.800000000000000000e+02 1.790000000000000000e+02 2.220000000000000000e+02 2.420000000000000000e+02
2.080000000000000000e+02 1.800000000000000000e+02 1.790000000000000000e+02 1.590000000000000000e+02 2.070000000000000000e+02
2.080000000000000000e+02 1.800000000000000000e+02 1.590000000000000000e+02 2.070000000000000000e+02 1.790000000000000000e+02
2.080000000000000000e+02 1.800000000000000000e+02 2.070000000000000000e+02 1.590000000000000000e+02 2.510000000000000000e+02
2.080000000000000000e+02 1.800000000000000000e+02 2.070000000000000000e+02 1.590000000000000000e+02 2.510000000000000000e+02
2.080000000000000000e+02 1.800000000000000000e+02 2.070000000000000000e+02 1.590000000000000000e+02 1.780000000000000000e+02
2.080000000000000000e+02 1.800000000000000000e+02 2.070000000000000000e+02 1.590000000000000000e+02 1.780000000000000000e+02
2.080000000000000000e+02 1.800000000000000000e+02 2.070000000000000000e+02 1.590000000000000000e+02 1.780000000000000000e+02
2.080000000000000000e+02 1.800000000000000000e+02 2.070000000000000000e+02 1.780000000000000000e+02 1.590000000000000000e+02
2.080000000000000000e+02 1.800000000000000000e+02 1.780000000000000000e+02 2.070000000000000000e+02 1.590000000000000000e+02
2.080000000000000000e+02 1.800000000000000000e+02 1.780000000000000000e+02 2.070000000000000000e+02 1.590000000000000000e+02
2.080000000000000000e+02 1.800000000000000000e+02 1.780000000000000000e+02 1.590000000000000000e+02 2.070000000000000000e+02
2.080000000000000000e+02 1.800000000000000000e+02 1.780000000000000000e+02 1.590000000000000000e+02 2.070000000000000000e+02
2.080000000000000000e+02 1.800000000000000000e+02 1.780000000000000000e+02 1.590000000000000000e+02 2.070000000000000000e+02
2.080000000000000000e+02 1.800000000000000000e+02 1.780000000000000000e+02 1.590000000000000000e+02 2.070000000000000000e+02
2.080000000000000000e+02 1.800000000000000000e+02 1.780000000000000000e+02 1.590000000000000000e+02 2.070000000000000000e+02
2.080000000000000000e+02 1.800000000000000000e+02 1.780000000000000000e+02 1.590000000000000000e+02 2.070000000000000000e+02
2.080000000000000000e+02 1.800000000000000000e+02 1.780000000000000000e+02 1.590000000000000000e+02 2.460000000000000000e+02
2.080000000000000000e+02 1.800000000000000000e+02 1.780000000000000000e+02 1.590000000000000000e+02 2.460000000000000000e+02
2.080000000000000000e+02 1.800000000000000000e+02 1.780000000000000000e+02 1.590000000000000000e+02 2.460000000000000000e+02
2.080000000000000000e+02 1.800000000000000000e+02 1.780000000000000000e+02 1.590000000000000000e+02 1.790000000000000000e+02
2.080000000000000000e+02 1.800000000000000000e+02 1.780000000000000000e+02 1.590000000000000000e+02 1.790000000000000000e+02
2.080000000000000000e+02 1.800000000000000000e+02 1.780000000000000000e+02 1.590000000000000000e+02 1.790000000000000000e+02
2.080000000000000000e+02 1.800000000000000000e+02 1.780000000000000000e+02 1.790000000000000000e+02 1.590000000000000000e+02
2.080000000000000000e+02 1.800000000000000000e+02 1.780000000000000000e+02 1.790000000000000000e+02 1.590000000000000000e+02
2.080000000000000000e+02 1.800000000000000000e+02 1.780000000000000000e+02 1.790000000000000000e+02 1.590000000000000000e+02
2.080000000000000000e+02 1.800000000000000000e+02 1.780000000000000000e+02 1.790000000000000000e+02 2.430000000000000000e+02
2.080000000000000000e+02 1.800000000000000000e+02 1.780000000000000000e+02 1.790000000000000000e+02 2.430000000000000000e+02
2.080000000000000000e+02 1.800000000000000000e+02 1.780000000000000000e+02 1.790000000000000000e+02 2.430000000000000000e+02
2.080000000000000000e+02 1.800000000000000000e+02 1.780000000000000000e+02 1.790000000000000000e+02 2.430000000000000000e+02
2.080000000000000000e+02 1.800000000000000000e+02 1.780000000000000000e+02 1.790000000000000000e+02 2.430000000000000000e+02
2.080000000000000000e+02 1.800000000000000000e+02 1.780000000000000000e+02 1.790000000000000000e+02 2.430000000000000000e+02
2.080000000000000000e+02 1.800000000000000000e+02 1.780000000000000000e+02 1.790000000000000000e+02 2.430000000000000000e+02
2.080000000000000000e+02 1.800000000000000000e+02 1.780000000000000000e+02 1.790000000000000000e+02 2.430000000000000000e+02
2.080000000000000000e+02 1.800000000000000000e+02 1.780000000000000000e+02 1.790000000000000000e+02 2.430000000000000000e+02
2.080000000000000000e+02 1.800000000000000000e+02 1.780000000000000000e+02 1.790000000000000000e+02 2.430000000000000000e+02
2.080000000000000000e+02 1.800000000000000000e+02 1.780000000000000000e+02 1.790000000000000000e+02 2.430000000000000000e+02
2.080000000000000000e+02 1.800000000000000000e+02 1.780000000000000000e+02 1.790000000000000000e+02 2.430000000000000000e+02
2.080000000000000000e+02 1.800000000000000000e+02 1.780000000000000000e+02 1.790000000000000000e+02 2.430000000000000000e+02
2.080000000000000000e+02 1.800000000000000000e+02 1.780000000000000000e+02 1.790000000000000000e+02 2.430000000000000000e+02
2.080000000000000000e+02 1.800000000000000000e+02 1.780000000000000000e+02 1.790000000000000000e+02 2.430000000000000000e+02
2.080000000000000000e+02 1.800000000000000000e+02 1.780000000000000000e+02 1.790000000000000000e+02 2.430000000000000000e+02
2.080000000000000000e+02 1.800000000000000000e+02 1.780000000000000000e+02 1.790000000000000000e+02 2.430000000000000000e+02
