1.463362277718260884e-04 1.463362277718260884e-04 1.358531008008867502e-04 7.784364424878731370e-05 4.055727622471749783e-04 1.173163618659600616e-04
1.615596411284059286e-04 1.615596411284059286e-04 1.044461605488322675e-04 5.001377212465740740e-05 1.898181799333542585e-04 8.315985178342089057e-05
2.064476162195205688e-02 2.064476162195205688e-02 1.818980649113655090e-02 4.468160623218864202e-04 4.711810615845024586e-04 2.176749112550169230e-04
4.476289153099060059e-01 4.476289153099060059e-01 9.354506433010101318e-02 4.743901081383228302e-03 1.319077331572771072e-03 5.935092340223491192e-04
7.686030268669128418e-01 7.686030268669128418e-01 7.639046758413314819e-02 3.206236055120825768e-03 1.060247304849326611e-03 4.124962724745273590e-04
8.979409933090209961e-01 8.979409933090209961e-01 4.052649810910224915e-02 3.535914933308959007e-03 6.644972600042819977e-04 2.650191599968820810e-04
9.207071661949157715e-01 9.207071661949157715e-01 2.584022283554077148e-02 5.300276912748813629e-03 4.714282695204019547e-04 3.287135041318833828e-04
9.136855006217956543e-01 9.136855006217956543e-01 2.568069659173488617e-02 6.867848802357912064e-03 4.229770856909453869e-04 3.674872859846800566e-04
9.092859029769897461e-01 9.092859029769897461e-01 2.985377050936222076e-02 8.126282133162021637e-03 3.652557497844099998e-04 3.054242697544395924e-04
9.072681665420532227e-01 9.072681665420532227e-01 3.463380411267280579e-02 8.312184363603591919e-03 2.661078469827771187e-04 2.606074558570981026e-04
8.930465579032897949e-01 8.930465579032897949e-01 4.023880884051322937e-02 9.880308061838150024e-03 2.423758269287645817e-04 3.083289484493434429e-04
8.903759121894836426e-01 8.903759121894836426e-01 4.605847597122192383e-02 1.088366378098726273e-02 2.022980334004387259e-04 3.548181557562202215e-04
8.916853070259094238e-01 8.916853070259094238e-01 4.612396657466888428e-02 1.151996757835149765e-02 1.688661577645689249e-04 3.690586017910391092e-04
8.780124187469482422e-01 8.780124187469482422e-01 5.089380964636802673e-02 1.362384483218193054e-02 1.854693546192720532e-04 4.846715601161122322e-04
8.791794180870056152e-01 8.791794180870056152e-01 4.406074807047843933e-02 1.535196229815483093e-02 1.682671136222779751e-04 5.221441388130187988e-04
8.718976378440856934e-01 8.718976378440856934e-01 3.969616815447807312e-02 1.641878113150596619e-02 1.635224180063232780e-04 5.290230037644505501e-04
8.618690967559814453e-01 8.618690967559814453e-01 3.613968193531036377e-02 1.852968707680702209e-02 1.676399551797658205e-04 6.017647683620452881e-04
8.614447116851806641e-01 8.614447116851806641e-01 3.389116749167442322e-02 1.940919645130634308e-02 1.691920333541929722e-04 6.359940744005143642e-04
8.723630309104919434e-01 8.723630309104919434e-01 3.326814249157905579e-02 1.887373998761177063e-02 1.656475651543587446e-04 6.305253482423722744e-04
8.777589797973632812e-01 8.777589797973632812e-01 3.203392773866653442e-02 1.805605180561542511e-02 1.526449050288647413e-04 5.774865276180207729e-04
8.740888237953186035e-01 8.740888237953186035e-01 3.127072378993034363e-02 1.792542450129985809e-02 1.418385509168729186e-04 5.266618099994957447e-04
8.737131953239440918e-01 8.737131953239440918e-01 2.842793986201286316e-02 1.825014874339103699e-02 1.334549888269975781e-04 5.050692125223577023e-04
8.833136558532714844e-01 8.833136558532714844e-01 2.651018835604190826e-02 1.670379750430583954e-02 1.220977283082902431e-04 4.389050882309675217e-04
8.742207288742065430e-01 8.742207288742065430e-01 2.590689808130264282e-02 1.767956092953681946e-02 1.175297948066145182e-04 4.591141478158533573e-04
8.683155179023742676e-01 8.683155179023742676e-01 2.293134480714797974e-02 1.892412640154361725e-02 1.119344451581127942e-04 4.586693248711526394e-04
8.498420119285583496e-01 8.498420119285583496e-01 1.962815411388874054e-02 2.103527635335922241e-02 1.126563220168463886e-04 4.758187860716134310e-04
8.515020012855529785e-01 8.515020012855529785e-01 1.887148059904575348e-02 2.014829590916633606e-02 1.097268177545629442e-04 4.101306549273431301e-04
8.491256237030029297e-01 8.491256237030029297e-01 1.819437183439731598e-02 1.977538131177425385e-02 1.190930852317251265e-04 4.206626035738736391e-04
8.433633446693420410e-01 8.433633446693420410e-01 1.873120293021202087e-02 2.205360308289527893e-02 1.395029248669743538e-04 4.803416959475725889e-04
8.424800038337707520e-01 8.424800038337707520e-01 1.822420768439769745e-02 2.273665741086006165e-02 1.512219314463436604e-04 4.756805719807744026e-04
8.381480574607849121e-01 8.381480574607849121e-01 1.984519697725772858e-02 2.530126273632049561e-02 1.862554490799084306e-04 5.470772157423198223e-04
8.318055868148803711e-01 8.318055868148803711e-01 1.859134994447231293e-02 2.717682532966136932e-02 1.943057141033932567e-04 5.924503202550113201e-04
8.390522003173828125e-01 8.390522003173828125e-01 1.995014399290084839e-02 2.564702183008193970e-02 2.006632857955992222e-04 5.749598494730889797e-04
8.474172353744506836e-01 8.474172353744506836e-01 2.183439396321773529e-02 2.486373484134674072e-02 2.266357187181711197e-04 6.314988713711500168e-04
8.401718139648437500e-01 8.401718139648437500e-01 2.247382886707782745e-02 2.639615163207054138e-02 2.403658145340159535e-04 7.108256686478853226e-04
8.535133004188537598e-01 8.535133004188537598e-01 2.465966343879699707e-02 2.570773474872112274e-02 2.497867099009454250e-04 7.279385463334619999e-04
8.541262745857238770e-01 8.541262745857238770e-01 2.677283436059951782e-02 2.460729330778121948e-02 2.980548015329986811e-04 7.129399455152451992e-04
8.556632995605468750e-01 8.556632995605468750e-01 2.850731462240219116e-02 2.328406274318695068e-02 3.206417022738605738e-04 7.326211198233067989e-04
8.596517443656921387e-01 8.596517443656921387e-01 2.784910239279270172e-02 2.278994210064411163e-02 3.159495827276259661e-04 6.950871320441365242e-04
8.542311787605285645e-01 8.542311787605285645e-01 2.809441834688186646e-02 2.428261935710906982e-02 3.191291762050241232e-04 7.607690640725195408e-04
8.531641960144042969e-01 8.531641960144042969e-01 2.842692844569683075e-02 2.437580935657024384e-02 3.421732399147003889e-04 7.894621812738478184e-04
8.628271818161010742e-01 8.628271818161010742e-01 2.721148170530796051e-02 2.433573082089424133e-02 3.473573888186365366e-04 7.936305482871830463e-04
8.589123487472534180e-01 8.589123487472534180e-01 2.673123031854629517e-02 2.702967077493667603e-02 3.747390874195843935e-04 8.749811677262187004e-04
8.600555062294006348e-01 8.600555062294006348e-01 2.679078839719295502e-02 2.701126597821712494e-02 3.921981260646134615e-04 9.065695921890437603e-04
8.591160774230957031e-01 8.591160774230957031e-01 2.416621148586273193e-02 3.024235554039478302e-02 3.554186841938644648e-04 9.708029683679342270e-04
8.424087166786193848e-01 8.424087166786193848e-01 2.450498379766941071e-02 3.438340127468109131e-02 4.008464748039841652e-04 1.112891244702041149e-03
8.372039794921875000e-01 8.372039794921875000e-01 2.534415759146213531e-02 3.570845350623130798e-02 4.508920246735215187e-04 1.163876033388078213e-03
8.406634926795959473e-01 8.406634926795959473e-01 2.511605806648731232e-02 3.602715209126472473e-02 4.423154168762266636e-04 1.213493524119257927e-03
8.307451605796813965e-01 8.307451605796813965e-01 2.504146471619606018e-02 3.783106803894042969e-02 4.333431425038725138e-04 1.219282275997102261e-03
8.382899165153503418e-01 8.382899165153503418e-01 2.581627108156681061e-02 3.666618838906288147e-02 4.643519350793212652e-04 1.220361329615116119e-03
8.252795934677124023e-01 8.252795934677124023e-01 2.466159313917160034e-02 4.046385362744331360e-02 4.710955254267901182e-04 1.290043001063168049e-03
