1.206530359922908247e-04 1.206530359922908247e-04 2.349363407120108604e-03 3.022166674782056361e-05 7.183887646533548832e-05 4.304047615732997656e-04
3.166795475408434868e-03 3.166795475408434868e-03 3.131308127194643021e-03 8.985786698758602142e-04 1.180420746095478535e-03 3.685865318402647972e-03
8.222121745347976685e-02 8.222121745347976685e-02 2.463883347809314728e-02 3.133894130587577820e-02 2.584061399102210999e-02 2.596280165016651154e-02
5.857139229774475098e-01 5.857139229774475098e-01 4.321636632084846497e-02 1.301117837429046631e-01 1.796475145965814590e-03 3.866873215883970261e-03
7.155871391296386719e-01 7.155871391296386719e-01 4.676942154765129089e-02 1.461585611104965210e-01 5.192499957047402859e-04 2.771349158138036728e-03
7.829650640487670898e-01 7.829650640487670898e-01 4.082791507244110107e-02 1.197459027171134949e-01 3.154408768750727177e-04 2.651833929121494293e-03
8.425342440605163574e-01 8.425342440605163574e-01 2.662902697920799255e-02 1.037910878658294678e-01 1.841109915403649211e-04 1.947679556906223297e-03
8.748968243598937988e-01 8.748968243598937988e-01 1.343859918415546417e-02 9.778854995965957642e-02 9.198037878377363086e-05 1.502217492088675499e-03
8.748202919960021973e-01 8.748202919960021973e-01 8.145383559167385101e-03 1.084072664380073547e-01 5.903347482671961188e-05 1.412917277775704861e-03
8.731480836868286133e-01 8.731480836868286133e-01 7.237595040351152420e-03 1.126564815640449524e-01 4.703412196249701083e-05 1.301692216657102108e-03
8.842139244079589844e-01 8.842139244079589844e-01 5.311305169016122818e-03 1.053319200873374939e-01 3.518565063131973147e-05 1.142429653555154800e-03
8.815088272094726562e-01 8.815088272094726562e-01 5.335888359695672989e-03 1.087131574749946594e-01 3.448299685260280967e-05 9.559907484799623489e-04
8.795655965805053711e-01 8.795655965805053711e-01 5.611980799585580826e-03 1.098434627056121826e-01 3.939858652302064002e-05 9.818773251026868820e-04
8.773437142372131348e-01 8.773437142372131348e-01 6.182581186294555664e-03 1.114415749907493591e-01 4.606253060046583414e-05 1.118681393563747406e-03
8.862561583518981934e-01 8.862561583518981934e-01 5.851313006132841110e-03 1.027706041932106018e-01 5.198233338887803257e-05 1.276909373700618744e-03
8.992142677307128906e-01 8.992142677307128906e-01 5.220726598054170609e-03 9.095948189496994019e-02 5.319179035723209381e-05 1.371249672956764698e-03
9.104781746864318848e-01 9.104781746864318848e-01 5.374326836317777634e-03 7.987736910581588745e-02 5.494564902619458735e-05 1.528287655673921108e-03
9.327907562255859375e-01 9.327907562255859375e-01 4.745957907289266586e-03 5.846634507179260254e-02 5.844769111718051136e-05 1.530695823021233082e-03
9.403504729270935059e-01 9.403504729270935059e-01 4.700409248471260071e-03 5.064677074551582336e-02 7.422795897582545877e-05 1.626575947739183903e-03
9.424750208854675293e-01 9.424750208854675293e-01 4.964699037373065948e-03 4.816977307200431824e-02 8.977237303042784333e-05 1.496961223892867565e-03
9.478963613510131836e-01 9.478963613510131836e-01 4.863199312239885330e-03 4.238880798220634460e-02 9.618460171623155475e-05 1.605409896001219749e-03
9.442705512046813965e-01 9.442705512046813965e-01 4.992939997464418411e-03 4.529283568263053894e-02 1.146661888924427330e-04 1.827895059250295162e-03
9.519431591033935547e-01 9.519431591033935547e-01 4.756341688334941864e-03 3.765399381518363953e-02 1.115270570153370500e-04 1.861528726294636726e-03
9.575222134590148926e-01 9.575222134590148926e-01 4.255613312125205994e-03 3.257492929697036743e-02 1.311466185143217444e-04 1.902763382531702518e-03
9.609832167625427246e-01 9.609832167625427246e-01 4.201436880975961685e-03 2.913597971200942993e-02 1.330075465375557542e-04 1.932398299686610699e-03
9.576265811920166016e-01 9.576265811920166016e-01 4.330383148044347763e-03 3.115290403366088867e-02 1.743555912980809808e-04 2.314011100679636002e-03
9.647932052612304688e-01 9.647932052612304688e-01 3.920698538422584534e-03 2.476384676992893219e-02 1.807857333915308118e-04 2.052015392109751701e-03
9.636806845664978027e-01 9.636806845664978027e-01 4.365563858300447464e-03 2.454148977994918823e-02 2.193658438045531511e-04 2.476832596585154533e-03
9.609100222587585449e-01 9.609100222587585449e-01 4.942931234836578369e-03 2.577418461441993713e-02 2.768416889011859894e-04 2.594749908894300461e-03
9.622866511344909668e-01 9.622866511344909668e-01 4.866837058216333389e-03 2.458731085062026978e-02 3.055761044379323721e-04 2.527303062379360199e-03
9.676610231399536133e-01 9.676610231399536133e-01 4.300145432353019714e-03 2.038062363862991333e-02 3.085795906372368336e-04 2.193105174228549004e-03
9.681556820869445801e-01 9.681556820869445801e-01 4.250861238688230515e-03 2.033443376421928406e-02 3.027972998097538948e-04 2.045396016910672188e-03
9.693741202354431152e-01 9.693741202354431152e-01 5.174409598112106323e-03 1.843377202749252319e-02 3.327172889839857817e-04 1.843240926973521709e-03
9.664146900177001953e-01 9.664146900177001953e-01 5.568732973188161850e-03 1.985283382236957550e-02 3.792679635807871819e-04 2.184558426961302757e-03
9.690418839454650879e-01 9.690418839454650879e-01 5.507927853614091873e-03 1.814484223723411560e-02 3.721879620570689440e-04 1.961406087502837181e-03
9.680482745170593262e-01 9.680482745170593262e-01 5.760107655078172684e-03 1.906764693558216095e-02 4.707613552454859018e-04 1.897803507745265961e-03
9.679883122444152832e-01 9.679883122444152832e-01 6.286973133683204651e-03 1.856810972094535828e-02 4.240144917275756598e-04 1.967073185369372368e-03
9.688991904258728027e-01 9.688991904258728027e-01 6.103414110839366913e-03 1.800703071057796478e-02 4.373011470306664705e-04 1.870765117928385735e-03
9.689047932624816895e-01 9.689047932624816895e-01 6.042585242539644241e-03 1.796970143914222717e-02 3.940132737625390291e-04 1.875137793831527233e-03
9.681044816970825195e-01 9.681044816970825195e-01 6.276703439652919769e-03 1.838932558894157410e-02 4.587899311445653439e-04 1.876110094599425793e-03
9.661879539489746094e-01 9.661879539489746094e-01 6.986008491367101669e-03 1.891747303307056427e-02 5.094300722703337669e-04 1.910757273435592651e-03
9.681773185729980469e-01 9.681773185729980469e-01 6.599681917577981949e-03 1.795434392988681793e-02 5.064992001280188560e-04 1.777795376256108284e-03
9.648149013519287109e-01 9.648149013519287109e-01 8.129904046654701233e-03 1.942083053290843964e-02 5.399647052399814129e-04 1.819522585719823837e-03
9.613584280014038086e-01 9.613584280014038086e-01 9.210513904690742493e-03 2.062613517045974731e-02 6.358164246194064617e-04 2.150926738977432251e-03
9.611201882362365723e-01 9.611201882362365723e-01 9.272959083318710327e-03 2.063272893428802490e-02 6.607644027099013329e-04 2.213117899373173714e-03
9.635893702507019043e-01 9.635893702507019043e-01 8.833155035972595215e-03 1.777152530848979950e-02 8.519900729879736900e-04 2.114806091412901878e-03
9.607214927673339844e-01 9.607214927673339844e-01 9.104900993406772614e-03 1.888694614171981812e-02 1.158155733719468117e-03 2.316811820492148399e-03
9.618509411811828613e-01 9.618509411811828613e-01 9.135969914495944977e-03 1.844281703233718872e-02 9.888079948723316193e-04 2.139970427379012108e-03
9.554733633995056152e-01 9.554733633995056152e-01 1.094838324934244156e-02 2.031221240758895874e-02 1.240590005181729794e-03 2.657477511093020439e-03
9.580969214439392090e-01 9.580969214439392090e-01 1.001860667020082474e-02 1.889367587864398956e-02 1.045375480316579342e-03 2.704939804971218109e-03
9.542887806892395020e-01 9.542887806892395020e-01 1.074848789721727371e-02 1.951479725539684296e-02 1.335478969849646091e-03 3.139218781143426895e-03
