1.982013166398595774e-04
1.483122563336664208e-02
1.964075017376917115e-02
6.393062314102466726e-01
8.694662039403721066e-01
8.936372872079667573e-01
9.133016327360445885e-01
9.251231192746027787e-01
9.595995395772588532e-01
9.868797412451343343e-01
9.947235257695128396e-01
9.995815965414613924e-01
9.966030402586067982e-01
1.003330136124581884e+00
1.007199365453300688e+00
1.014052580869379661e+00
1.016078453270824689e+00
1.017089445848343709e+00
1.016005829635564517e+00
1.016165330142911882e+00
1.017557211166022713e+00
1.018281349639612143e+00
1.021859343999402814e+00
1.022044204161883352e+00
1.021479751302613259e+00
1.022524741860615149e+00
1.023161324736554301e+00
1.022374373297208594e+00
1.022213083422467417e+00
1.022179393953604132e+00
1.019649043351744222e+00
1.019139505560767711e+00
1.019127473607602141e+00
1.017513340813711809e+00
1.018548520702209359e+00
1.017365995664177625e+00
1.017730347886957709e+00
1.018745906436447024e+00
1.021405708513902555e+00
1.021789928884986542e+00
1.021766728811190683e+00
1.020906783522641303e+00
1.021258363364368593e+00
1.020769742661202795e+00
1.019949101752993803e+00
1.019345159406411350e+00
1.020035361601841606e+00
1.020702425425799920e+00
1.020089968158515825e+00
1.019978657166154212e+00
1.018995307229753955e+00
