9.730000000000000000e+02 3.950000000000000000e+02 6.500000000000000000e+01 9.130000000000000000e+02 4.000000000000000000e+00
7.730000000000000000e+02 5.300000000000000000e+02 8.980000000000000000e+02 6.260000000000000000e+02 4.410000000000000000e+02
7.730000000000000000e+02 7.200000000000000000e+02 6.260000000000000000e+02 6.310000000000000000e+02 4.410000000000000000e+02
6.260000000000000000e+02 7.200000000000000000e+02 6.310000000000000000e+02 7.110000000000000000e+02 4.380000000000000000e+02
6.260000000000000000e+02 7.100000000000000000e+02 5.030000000000000000e+02 4.730000000000000000e+02 6.290000000000000000e+02
7.600000000000000000e+02 6.260000000000000000e+02 7.110000000000000000e+02 8.040000000000000000e+02 5.030000000000000000e+02
7.600000000000000000e+02 6.260000000000000000e+02 8.040000000000000000e+02 5.500000000000000000e+02 7.110000000000000000e+02
7.600000000000000000e+02 6.260000000000000000e+02 5.500000000000000000e+02 8.040000000000000000e+02 7.110000000000000000e+02
7.600000000000000000e+02 6.260000000000000000e+02 5.500000000000000000e+02 6.510000000000000000e+02 8.270000000000000000e+02
7.600000000000000000e+02 6.260000000000000000e+02 5.500000000000000000e+02 6.510000000000000000e+02 8.270000000000000000e+02
7.600000000000000000e+02 6.260000000000000000e+02 5.500000000000000000e+02 4.800000000000000000e+02 6.510000000000000000e+02
7.600000000000000000e+02 4.800000000000000000e+02 5.500000000000000000e+02 6.260000000000000000e+02 6.510000000000000000e+02
7.600000000000000000e+02 4.800000000000000000e+02 5.500000000000000000e+02 6.260000000000000000e+02 6.510000000000000000e+02
7.600000000000000000e+02 4.800000000000000000e+02 5.500000000000000000e+02 6.510000000000000000e+02 6.260000000000000000e+02
7.600000000000000000e+02 4.800000000000000000e+02 5.500000000000000000e+02 6.510000000000000000e+02 8.270000000000000000e+02
7.600000000000000000e+02 4.800000000000000000e+02 5.500000000000000000e+02 6.510000000000000000e+02 8.770000000000000000e+02
7.600000000000000000e+02 5.500000000000000000e+02 4.800000000000000000e+02 8.770000000000000000e+02 6.510000000000000000e+02
7.600000000000000000e+02 5.500000000000000000e+02 4.800000000000000000e+02 8.770000000000000000e+02 6.260000000000000000e+02
7.600000000000000000e+02 5.500000000000000000e+02 6.260000000000000000e+02 8.770000000000000000e+02 4.800000000000000000e+02
7.600000000000000000e+02 6.260000000000000000e+02 5.500000000000000000e+02 8.770000000000000000e+02 8.270000000000000000e+02
7.600000000000000000e+02 6.260000000000000000e+02 5.500000000000000000e+02 8.770000000000000000e+02 8.270000000000000000e+02
7.600000000000000000e+02 6.260000000000000000e+02 8.770000000000000000e+02 5.500000000000000000e+02 8.270000000000000000e+02
7.600000000000000000e+02 6.260000000000000000e+02 8.770000000000000000e+02 5.500000000000000000e+02 8.270000000000000000e+02
7.600000000000000000e+02 8.770000000000000000e+02 6.260000000000000000e+02 5.500000000000000000e+02 8.270000000000000000e+02
7.600000000000000000e+02 6.260000000000000000e+02 8.770000000000000000e+02 5.500000000000000000e+02 8.270000000000000000e+02
7.600000000000000000e+02 6.260000000000000000e+02 8.770000000000000000e+02 5.500000000000000000e+02 8.270000000000000000e+02
7.600000000000000000e+02 6.260000000000000000e+02 8.770000000000000000e+02 5.500000000000000000e+02 8.270000000000000000e+02
7.600000000000000000e+02 6.260000000000000000e+02 8.770000000000000000e+02 5.500000000000000000e+02 8.270000000000000000e+02
7.600000000000000000e+02 6.260000000000000000e+02 8.770000000000000000e+02 5.500000000000000000e+02 8.270000000000000000e+02
7.600000000000000000e+02 6.260000000000000000e+02 5.500000000000000000e+02 8.770000000000000000e+02 8.270000000000000000e+02
7.600000000000000000e+02 6.260000000000000000e+02 8.770000000000000000e+02 5.500000000000000000e+02 8.270000000000000000e+02
7.600000000000000000e+02 6.260000000000000000e+02 8.270000000000000000e+02 8.770000000000000000e+02 5.500000000000000000e+02
7.600000000000000000e+02 6.260000000000000000e+02 8.270000000000000000e+02 8.770000000000000000e+02 4.800000000000000000e+02
7.600000000000000000e+02 6.260000000000000000e+02 8.270000000000000000e+02 8.770000000000000000e+02 4.800000000000000000e+02
7.600000000000000000e+02 6.260000000000000000e+02 8.770000000000000000e+02 8.270000000000000000e+02 4.800000000000000000e+02
7.600000000000000000e+02 8.770000000000000000e+02 8.270000000000000000e+02 6.260000000000000000e+02 4.800000000000000000e+02
7.600000000000000000e+02 8.770000000000000000e+02 8.270000000000000000e+02 4.800000000000000000e+02 6.260000000000000000e+02
7.600000000000000000e+02 8.770000000000000000e+02 8.270000000000000000e+02 4.800000000000000000e+02 7.710000000000000000e+02
7.600000000000000000e+02 8.770000000000000000e+02 4.800000000000000000e+02 8.270000000000000000e+02 7.710000000000000000e+02
7.600000000000000000e+02 8.770000000000000000e+02 4.800000000000000000e+02 8.270000000000000000e+02 7.710000000000000000e+02
7.600000000000000000e+02 8.770000000000000000e+02 4.800000000000000000e+02 8.270000000000000000e+02 7.710000000000000000e+02
7.600000000000000000e+02 8.770000000000000000e+02 4.800000000000000000e+02 8.270000000000000000e+02 7.710000000000000000e+02
7.600000000000000000e+02 8.770000000000000000e+02 4.800000000000000000e+02 8.270000000000000000e+02 7.710000000000000000e+02
7.600000000000000000e+02 8.770000000000000000e+02 4.800000000000000000e+02 8.270000000000000000e+02 7.710000000000000000e+02
7.600000000000000000e+02 8.770000000000000000e+02 4.800000000000000000e+02 7.710000000000000000e+02 8.270000000000000000e+02
7.600000000000000000e+02 8.770000000000000000e+02 4.800000000000000000e+02 7.710000000000000000e+02 8.270000000000000000e+02
7.600000000000000000e+02 8.770000000000000000e+02 4.800000000000000000e+02 7.710000000000000000e+02 8.270000000000000000e+02
7.600000000000000000e+02 8.770000000000000000e+02 4.800000000000000000e+02 7.710000000000000000e+02 8.270000000000000000e+02
7.600000000000000000e+02 8.770000000000000000e+02 4.800000000000000000e+02 7.710000000000000000e+02 8.270000000000000000e+02
7.600000000000000000e+02 8.770000000000000000e+02 4.800000000000000000e+02 7.710000000000000000e+02 8.270000000000000000e+02
7.600000000000000000e+02 8.770000000000000000e+02 4.800000000000000000e+02 7.710000000000000000e+02 8.270000000000000000e+02
