5.800000000000000000e+01 9.730000000000000000e+02 6.500000000000000000e+01 1.240000000000000000e+02 7.350000000000000000e+02
5.060000000000000000e+02 1.110000000000000000e+02 5.070000000000000000e+02 4.210000000000000000e+02 5.700000000000000000e+01
5.060000000000000000e+02 1.110000000000000000e+02 3.900000000000000000e+02 5.200000000000000000e+01 5.400000000000000000e+01
5.060000000000000000e+02 1.110000000000000000e+02 6.160000000000000000e+02 3.900000000000000000e+02 5.200000000000000000e+01
5.060000000000000000e+02 1.110000000000000000e+02 6.160000000000000000e+02 3.900000000000000000e+02 5.200000000000000000e+01
5.060000000000000000e+02 1.110000000000000000e+02 6.160000000000000000e+02 3.900000000000000000e+02 5.200000000000000000e+01
5.060000000000000000e+02 1.110000000000000000e+02 6.160000000000000000e+02 3.900000000000000000e+02 5.200000000000000000e+01
5.060000000000000000e+02 1.110000000000000000e+02 6.160000000000000000e+02 3.900000000000000000e+02 5.200000000000000000e+01
5.060000000000000000e+02 1.110000000000000000e+02 6.160000000000000000e+02 3.900000000000000000e+02 5.200000000000000000e+01
5.060000000000000000e+02 1.110000000000000000e+02 6.160000000000000000e+02 3.900000000000000000e+02 5.200000000000000000e+01
5.060000000000000000e+02 1.110000000000000000e+02 6.160000000000000000e+02 3.900000000000000000e+02 5.200000000000000000e+01
5.060000000000000000e+02 6.160000000000000000e+02 1.110000000000000000e+02 3.900000000000000000e+02 5.200000000000000000e+01
5.060000000000000000e+02 6.160000000000000000e+02 1.110000000000000000e+02 3.900000000000000000e+02 5.200000000000000000e+01
5.060000000000000000e+02 6.160000000000000000e+02 1.110000000000000000e+02 3.900000000000000000e+02 5.200000000000000000e+01
5.060000000000000000e+02 6.160000000000000000e+02 1.110000000000000000e+02 3.900000000000000000e+02 5.200000000000000000e+01
5.060000000000000000e+02 6.160000000000000000e+02 1.110000000000000000e+02 3.900000000000000000e+02 5.200000000000000000e+01
5.060000000000000000e+02 6.160000000000000000e+02 1.110000000000000000e+02 3.900000000000000000e+02 5.200000000000000000e+01
5.060000000000000000e+02 6.160000000000000000e+02 1.110000000000000000e+02 3.900000000000000000e+02 5.200000000000000000e+01
5.060000000000000000e+02 6.160000000000000000e+02 1.110000000000000000e+02 3.900000000000000000e+02 5.200000000000000000e+01
5.060000000000000000e+02 6.160000000000000000e+02 1.110000000000000000e+02 3.900000000000000000e+02 5.200000000000000000e+01
5.060000000000000000e+02 6.160000000000000000e+02 1.110000000000000000e+02 3.900000000000000000e+02 5.200000000000000000e+01
5.060000000000000000e+02 6.160000000000000000e+02 1.110000000000000000e+02 3.900000000000000000e+02 5.200000000000000000e+01
5.060000000000000000e+02 6.160000000000000000e+02 1.110000000000000000e+02 3.900000000000000000e+02 9.110000000000000000e+02
5.060000000000000000e+02 6.160000000000000000e+02 1.110000000000000000e+02 3.900000000000000000e+02 9.110000000000000000e+02
5.060000000000000000e+02 6.160000000000000000e+02 1.110000000000000000e+02 3.900000000000000000e+02 9.110000000000000000e+02
5.060000000000000000e+02 6.160000000000000000e+02 1.110000000000000000e+02 3.900000000000000000e+02 9.110000000000000000e+02
5.060000000000000000e+02 6.160000000000000000e+02 1.110000000000000000e+02 3.900000000000000000e+02 9.110000000000000000e+02
5.060000000000000000e+02 6.160000000000000000e+02 1.110000000000000000e+02 3.900000000000000000e+02 9.110000000000000000e+02
5.060000000000000000e+02 6.160000000000000000e+02 1.110000000000000000e+02 3.900000000000000000e+02 9.110000000000000000e+02
5.060000000000000000e+02 6.160000000000000000e+02 1.110000000000000000e+02 3.900000000000000000e+02 9.110000000000000000e+02
5.060000000000000000e+02 6.160000000000000000e+02 1.110000000000000000e+02 3.900000000000000000e+02 9.110000000000000000e+02
5.060000000000000000e+02 6.160000000000000000e+02 1.110000000000000000e+02 3.900000000000000000e+02 9.110000000000000000e+02
5.060000000000000000e+02 6.160000000000000000e+02 3.900000000000000000e+02 1.110000000000000000e+02 9.110000000000000000e+02
5.060000000000000000e+02 6.160000000000000000e+02 3.900000000000000000e+02 1.110000000000000000e+02 9.110000000000000000e+02
5.060000000000000000e+02 6.160000000000000000e+02 3.900000000000000000e+02 1.110000000000000000e+02 9.110000000000000000e+02
5.060000000000000000e+02 6.160000000000000000e+02 3.900000000000000000e+02 1.110000000000000000e+02 9.110000000000000000e+02
5.060000000000000000e+02 6.160000000000000000e+02 1.110000000000000000e+02 3.900000000000000000e+02 9.110000000000000000e+02
5.060000000000000000e+02 6.160000000000000000e+02 3.900000000000000000e+02 1.110000000000000000e+02 9.110000000000000000e+02
5.060000000000000000e+02 6.160000000000000000e+02 1.110000000000000000e+02 3.900000000000000000e+02 9.110000000000000000e+02
5.060000000000000000e+02 6.160000000000000000e+02 3.900000000000000000e+02 1.110000000000000000e+02 9.110000000000000000e+02
5.060000000000000000e+02 6.160000000000000000e+02 3.900000000000000000e+02 1.110000000000000000e+02 9.110000000000000000e+02
5.060000000000000000e+02 6.160000000000000000e+02 3.900000000000000000e+02 1.110000000000000000e+02 9.110000000000000000e+02
5.060000000000000000e+02 6.160000000000000000e+02 1.110000000000000000e+02 3.900000000000000000e+02 9.110000000000000000e+02
5.060000000000000000e+02 6.160000000000000000e+02 3.900000000000000000e+02 1.110000000000000000e+02 9.110000000000000000e+02
5.060000000000000000e+02 6.160000000000000000e+02 1.110000000000000000e+02 3.900000000000000000e+02 9.110000000000000000e+02
5.060000000000000000e+02 6.160000000000000000e+02 1.110000000000000000e+02 3.900000000000000000e+02 9.110000000000000000e+02
5.060000000000000000e+02 6.160000000000000000e+02 1.110000000000000000e+02 3.900000000000000000e+02 9.110000000000000000e+02
5.060000000000000000e+02 6.160000000000000000e+02 1.110000000000000000e+02 3.900000000000000000e+02 9.110000000000000000e+02
5.060000000000000000e+02 6.160000000000000000e+02 1.110000000000000000e+02 3.900000000000000000e+02 9.110000000000000000e+02
5.060000000000000000e+02 6.160000000000000000e+02 1.110000000000000000e+02 9.110000000000000000e+02 3.900000000000000000e+02
5.060000000000000000e+02 6.160000000000000000e+02 1.110000000000000000e+02 9.110000000000000000e+02 3.900000000000000000e+02
