1.225250889547169209e-03 1.225250889547169209e-03 1.250383327715098858e-03 1.251767762005329132e-02 3.148053656332194805e-04 1.061090966686606407e-03
1.109057338908314705e-03 1.109057338908314705e-03 3.410858800634741783e-03 1.933987368829548359e-03 3.100969828665256500e-02 3.943096453440375626e-05
1.386258937418460846e-02 1.386258937418460846e-02 5.448954179883003235e-03 2.267269883304834366e-03 1.107813268899917603e-01 2.820633817464113235e-04
8.772327564656734467e-03 8.772327564656734467e-03 1.102258218452334404e-03 2.727507671806961298e-04 1.829970628023147583e-02 7.815159915480762720e-05
1.337475702166557312e-02 1.337475702166557312e-02 1.952387043274939060e-03 5.998704582452774048e-04 1.267168764024972916e-02 1.043140000547282398e-04
1.567761600017547607e-01 1.567761600017547607e-01 1.545418426394462585e-02 4.437119700014591217e-03 3.071380406618118286e-02 1.049966784194111824e-03
2.758367359638214111e-01 2.758367359638214111e-01 3.073205612599849701e-02 1.161921862512826920e-02 6.511488556861877441e-02 1.852560089901089668e-03
3.621698319911956787e-01 3.621698319911956787e-01 3.479783982038497925e-02 1.668225973844528198e-02 9.128810465335845947e-02 2.586181508377194405e-03
4.644251167774200439e-01 4.644251167774200439e-01 3.947398811578750610e-02 1.828311569988727570e-02 7.927431166172027588e-02 3.322424832731485367e-03
5.492928028106689453e-01 5.492928028106689453e-01 4.162985831499099731e-02 2.349930070340633392e-02 5.746142566204071045e-02 3.518357872962951660e-03
6.133434176445007324e-01 6.133434176445007324e-01 5.494847893714904785e-02 2.524232119321823120e-02 3.108502924442291260e-02 3.384762676432728767e-03
6.687366366386413574e-01 6.687366366386413574e-01 7.099196314811706543e-02 3.152145817875862122e-02 2.026646398007869720e-02 3.238039091229438782e-03
7.311447262763977051e-01 7.311447262763977051e-01 7.512949407100677490e-02 3.432243689894676208e-02 1.157469581812620163e-02 3.077249275520443916e-03
7.123039364814758301e-01 7.123039364814758301e-01 9.225324541330337524e-02 4.000621661543846130e-02 1.206633914262056351e-02 3.358536399900913239e-03
7.436984777450561523e-01 7.436984777450561523e-01 8.912690728902816772e-02 3.776300698518753052e-02 9.824049659073352814e-03 3.175441175699234009e-03
7.559512853622436523e-01 7.559512853622436523e-01 9.014664590358734131e-02 3.926529362797737122e-02 9.168565273284912109e-03 3.252850146964192390e-03
7.373154759407043457e-01 7.373154759407043457e-01 1.020041331648826599e-01 4.242872446775436401e-02 1.018234994262456894e-02 3.605516161769628525e-03
6.924138665199279785e-01 6.924138665199279785e-01 1.199308857321739197e-01 4.856161028146743774e-02 1.172013487666845322e-02 4.331263247877359390e-03
6.776751279830932617e-01 6.776751279830932617e-01 1.275943219661712646e-01 5.003188177943229675e-02 1.448667235672473907e-02 4.563400987535715103e-03
6.553421020507812500e-01 6.553421020507812500e-01 1.396990865468978882e-01 4.972542822360992432e-02 2.017987333238124847e-02 4.495542962104082108e-03
6.679667830467224121e-01 6.679667830467224121e-01 1.393468677997589111e-01 4.327415674924850464e-02 2.189817279577255249e-02 3.851473331451416016e-03
6.820210814476013184e-01 6.820210814476013184e-01 1.290481388568878174e-01 3.875311836600303650e-02 2.306558936834335327e-02 3.904330078512430191e-03
6.525750160217285156e-01 6.525750160217285156e-01 1.401401162147521973e-01 3.895653784275054932e-02 2.582434378564357758e-02 3.971376456320285797e-03
6.141419410705566406e-01 6.141419410705566406e-01 1.508521437644958496e-01 4.058415442705154419e-02 2.842445857822895050e-02 4.666156135499477386e-03
5.823266506195068359e-01 5.823266506195068359e-01 1.648233234882354736e-01 4.737323895096778870e-02 2.835359238088130951e-02 5.298009607940912247e-03
5.713268518447875977e-01 5.713268518447875977e-01 1.659888178110122681e-01 4.931943863630294800e-02 3.023494780063629150e-02 5.235924385488033295e-03
5.624731779098510742e-01 5.624731779098510742e-01 1.760718524456024170e-01 5.553322285413742065e-02 2.626029774546623230e-02 5.343055818229913712e-03
5.165659785270690918e-01 5.165659785270690918e-01 1.975764036178588867e-01 6.365833431482315063e-02 2.690699324011802673e-02 6.369303911924362183e-03
5.289139747619628906e-01 5.289139747619628906e-01 1.853644549846649170e-01 6.049982830882072449e-02 3.117782995104789734e-02 6.900022737681865692e-03
5.495728850364685059e-01 5.495728850364685059e-01 1.682765483856201172e-01 6.028706207871437073e-02 3.186204656958580017e-02 7.558400277048349380e-03
5.296267867088317871e-01 5.296267867088317871e-01 1.756551265716552734e-01 6.685090065002441406e-02 3.364203497767448425e-02 8.451087400317192078e-03
5.303313136100769043e-01 5.303313136100769043e-01 1.839845627546310425e-01 6.894423067569732666e-02 3.026646748185157776e-02 8.448903448879718781e-03
4.923118054866790771e-01 4.923118054866790771e-01 2.023828029632568359e-01 7.814370095729827881e-02 3.164401650428771973e-02 9.182520210742950439e-03
4.670348465442657471e-01 4.670348465442657471e-01 2.129417657852172852e-01 8.454719185829162598e-02 3.282991796731948853e-02 9.430719539523124695e-03
4.645477533340454102e-01 4.645477533340454102e-01 2.191287875175476074e-01 8.913466334342956543e-02 2.940566092729568481e-02 9.987183846533298492e-03
4.518676400184631348e-01 4.518676400184631348e-01 2.310816794633865356e-01 9.210414439439773560e-02 2.888197451829910278e-02 9.830065071582794189e-03
4.567623734474182129e-01 4.567623734474182129e-01 2.359875738620758057e-01 8.767328411340713501e-02 2.532577328383922577e-02 1.013695355504751205e-02
4.387696087360382080e-01 4.387696087360382080e-01 2.409173250198364258e-01 9.152198582887649536e-02 2.941216342151165009e-02 9.821502491831779480e-03
4.227970540523529053e-01 4.227970540523529053e-01 2.560080885887145996e-01 8.939553052186965942e-02 2.665236778557300568e-02 1.060162018984556198e-02
4.003781974315643311e-01 4.003781974315643311e-01 2.654249370098114014e-01 8.614522963762283325e-02 3.138311207294464111e-02 1.067015528678894043e-02
4.093680083751678467e-01 4.093680083751678467e-01 2.566936910152435303e-01 8.917774260044097900e-02 3.081342205405235291e-02 1.072774734348058701e-02
4.335358440876007080e-01 4.335358440876007080e-01 2.396279722452163696e-01 8.854235708713531494e-02 3.282134607434272766e-02 1.080317981541156769e-02
4.136458039283752441e-01 4.136458039283752441e-01 2.615722119808197021e-01 8.871235698461532593e-02 3.524048998951911926e-02 9.848969057202339172e-03
4.240517020225524902e-01 4.240517020225524902e-01 2.594389617443084717e-01 8.879913389682769775e-02 3.570735454559326172e-02 1.016620546579360962e-02
4.196776747703552246e-01 4.196776747703552246e-01 2.652873396873474121e-01 8.236539363861083984e-02 3.652325272560119629e-02 9.975174441933631897e-03
4.115585982799530029e-01 4.115585982799530029e-01 2.556361556053161621e-01 8.171416819095611572e-02 4.315435886383056641e-02 1.014123670756816864e-02
4.108939170837402344e-01 4.108939170837402344e-01 2.498763650655746460e-01 8.539750427007675171e-02 4.192680865526199341e-02 1.035071723163127899e-02
3.898567259311676025e-01 3.898567259311676025e-01 2.655231952667236328e-01 8.094880729913711548e-02 4.138030484318733215e-02 1.026950497180223465e-02
3.912318944931030273e-01 3.912318944931030273e-01 2.647977471351623535e-01 8.190489560365676880e-02 4.081359133124351501e-02 1.092759054154157639e-02
3.867639303207397461e-01 3.867639303207397461e-01 2.580546736717224121e-01 8.349915593862533569e-02 4.337004572153091431e-02 1.137850154191255569e-02
3.742654621601104736e-01 3.742654621601104736e-01 2.671295106410980225e-01 8.640667051076889038e-02 4.552134871482849121e-02 1.121055055409669876e-02
