1.071426773071289062e+01
1.651421737670898438e+01
2.048530769348144531e+01
2.224152565002441406e+01
2.311672592163085938e+01
2.373237800598144531e+01
2.420235061645507812e+01
2.457497787475585938e+01
2.489704513549804688e+01
2.518380737304687500e+01
2.544527244567871094e+01
2.567068672180175781e+01
2.590296363830566406e+01
2.612174797058105469e+01
2.631664466857910156e+01
2.649912261962890625e+01
2.666372680664062500e+01
2.681903648376464844e+01
2.695260047912597656e+01
2.706752395629882812e+01
2.717015266418457031e+01
2.725438117980957031e+01
2.732118606567382812e+01
2.737741851806640625e+01
2.741658973693847656e+01
2.744479370117187500e+01
2.745229911804199219e+01
2.745637512207031250e+01
2.744495582580566406e+01
2.743130302429199219e+01
2.740712356567382812e+01
2.738260459899902344e+01
2.734325218200683594e+01
2.731854057312011719e+01
2.726132774353027344e+01
2.722003173828125000e+01
2.716657638549804688e+01
2.712090301513671875e+01
2.708556747436523438e+01
2.701101493835449219e+01
2.694516944885253906e+01
2.689098358154296875e+01
2.683216094970703125e+01
2.677486228942871094e+01
2.671916770935058594e+01
2.666353225708007812e+01
2.660013961791992188e+01
2.655287742614746094e+01
2.649811744689941406e+01
2.644465637207031250e+01
2.640030097961425781e+01
