1.481837268427953864e-03
2.896477603104043232e-05
9.495374706433851522e-03
1.678334482666035410e-01
7.386583876355363731e-01
8.759052878619507654e-01
1.003981156971175404e+00
1.028776605887651963e+00
1.033781682677871183e+00
1.047068598860694921e+00
1.057227110881701293e+00
1.070729509822616388e+00
1.062006088312587915e+00
1.057367592489090180e+00
1.049404319627917470e+00
1.045483506048312083e+00
1.033656064312219680e+00
1.013150749710132636e+00
9.857416990507251731e-01
9.829736428832880346e-01
9.456964956174670478e-01
9.622844898442277639e-01
9.887693482420552016e-01
9.996456110011551210e-01
1.009976317444870375e+00
1.002466818668998672e+00
1.024342359773191102e+00
1.015409209018001357e+00
1.044921031665143385e+00
1.052880263368424218e+00
1.064169409174496872e+00
1.077155293341486963e+00
1.082282632281481582e+00
1.090020148254329468e+00
1.090825708558816221e+00
1.094617890027901774e+00
1.097360534846562041e+00
1.092867726189771682e+00
1.092748888750074032e+00
1.099938519604684251e+00
1.103388024583390914e+00
1.099771393752890347e+00
1.103321311231076463e+00
1.103780153887292448e+00
1.103363914624443609e+00
1.108175495295270263e+00
1.111886442641311756e+00
1.115702597080941549e+00
1.114850734696203549e+00
1.116538226339911066e+00
1.113627222773828862e+00
