7.350000000000000000e+02 1.280000000000000000e+02 1.270000000000000000e+02 1.800000000000000000e+01 1.380000000000000000e+02
1.170000000000000000e+02 3.400000000000000000e+02 3.960000000000000000e+02 1.210000000000000000e+02 3.530000000000000000e+02
3.400000000000000000e+02 3.530000000000000000e+02 1.170000000000000000e+02 3.520000000000000000e+02 3.510000000000000000e+02
3.400000000000000000e+02 3.530000000000000000e+02 1.170000000000000000e+02 3.520000000000000000e+02 3.610000000000000000e+02
3.400000000000000000e+02 1.170000000000000000e+02 3.530000000000000000e+02 2.680000000000000000e+02 3.520000000000000000e+02
3.400000000000000000e+02 1.170000000000000000e+02 3.530000000000000000e+02 2.680000000000000000e+02 3.520000000000000000e+02
3.400000000000000000e+02 3.530000000000000000e+02 1.170000000000000000e+02 3.520000000000000000e+02 2.680000000000000000e+02
3.400000000000000000e+02 1.170000000000000000e+02 3.530000000000000000e+02 2.680000000000000000e+02 3.520000000000000000e+02
3.400000000000000000e+02 3.530000000000000000e+02 1.170000000000000000e+02 2.680000000000000000e+02 3.520000000000000000e+02
3.400000000000000000e+02 1.170000000000000000e+02 3.530000000000000000e+02 2.680000000000000000e+02 3.520000000000000000e+02
3.400000000000000000e+02 1.170000000000000000e+02 3.530000000000000000e+02 2.680000000000000000e+02 2.850000000000000000e+02
3.400000000000000000e+02 1.170000000000000000e+02 3.530000000000000000e+02 2.680000000000000000e+02 2.850000000000000000e+02
3.400000000000000000e+02 1.170000000000000000e+02 3.530000000000000000e+02 2.850000000000000000e+02 2.680000000000000000e+02
3.400000000000000000e+02 1.170000000000000000e+02 3.530000000000000000e+02 2.850000000000000000e+02 2.820000000000000000e+02
3.400000000000000000e+02 1.170000000000000000e+02 3.530000000000000000e+02 2.850000000000000000e+02 2.820000000000000000e+02
3.400000000000000000e+02 1.170000000000000000e+02 3.530000000000000000e+02 2.850000000000000000e+02 2.820000000000000000e+02
3.400000000000000000e+02 1.170000000000000000e+02 3.530000000000000000e+02 2.850000000000000000e+02 2.820000000000000000e+02
3.400000000000000000e+02 1.170000000000000000e+02 3.530000000000000000e+02 2.850000000000000000e+02 2.820000000000000000e+02
3.400000000000000000e+02 1.170000000000000000e+02 3.530000000000000000e+02 2.850000000000000000e+02 2.820000000000000000e+02
3.400000000000000000e+02 3.530000000000000000e+02 1.170000000000000000e+02 2.850000000000000000e+02 2.820000000000000000e+02
3.400000000000000000e+02 3.530000000000000000e+02 1.170000000000000000e+02 2.850000000000000000e+02 2.820000000000000000e+02
3.400000000000000000e+02 3.530000000000000000e+02 1.170000000000000000e+02 2.850000000000000000e+02 2.820000000000000000e+02
3.400000000000000000e+02 3.530000000000000000e+02 1.170000000000000000e+02 3.520000000000000000e+02 2.850000000000000000e+02
3.400000000000000000e+02 3.530000000000000000e+02 1.170000000000000000e+02 3.520000000000000000e+02 2.850000000000000000e+02
3.400000000000000000e+02 3.530000000000000000e+02 1.170000000000000000e+02 3.520000000000000000e+02 2.850000000000000000e+02
3.400000000000000000e+02 3.530000000000000000e+02 1.170000000000000000e+02 3.520000000000000000e+02 2.850000000000000000e+02
3.400000000000000000e+02 3.530000000000000000e+02 1.170000000000000000e+02 3.520000000000000000e+02 2.760000000000000000e+02
3.400000000000000000e+02 3.530000000000000000e+02 1.170000000000000000e+02 3.520000000000000000e+02 2.760000000000000000e+02
3.400000000000000000e+02 3.530000000000000000e+02 1.170000000000000000e+02 3.520000000000000000e+02 2.760000000000000000e+02
3.400000000000000000e+02 3.530000000000000000e+02 1.170000000000000000e+02 3.520000000000000000e+02 2.760000000000000000e+02
3.400000000000000000e+02 3.530000000000000000e+02 1.170000000000000000e+02 3.520000000000000000e+02 2.760000000000000000e+02
3.400000000000000000e+02 3.530000000000000000e+02 1.170000000000000000e+02 3.520000000000000000e+02 2.760000000000000000e+02
3.400000000000000000e+02 3.530000000000000000e+02 1.170000000000000000e+02 3.520000000000000000e+02 2.760000000000000000e+02
3.400000000000000000e+02 3.530000000000000000e+02 1.170000000000000000e+02 3.520000000000000000e+02 2.760000000000000000e+02
3.400000000000000000e+02 3.530000000000000000e+02 1.170000000000000000e+02 3.520000000000000000e+02 2.760000000000000000e+02
3.400000000000000000e+02 3.530000000000000000e+02 1.170000000000000000e+02 3.520000000000000000e+02 2.760000000000000000e+02
3.400000000000000000e+02 3.530000000000000000e+02 1.170000000000000000e+02 3.520000000000000000e+02 2.760000000000000000e+02
3.400000000000000000e+02 3.530000000000000000e+02 1.170000000000000000e+02 3.520000000000000000e+02 2.760000000000000000e+02
3.400000000000000000e+02 3.530000000000000000e+02 1.170000000000000000e+02 3.520000000000000000e+02 2.760000000000000000e+02
3.400000000000000000e+02 3.530000000000000000e+02 1.170000000000000000e+02 3.520000000000000000e+02 2.760000000000000000e+02
3.400000000000000000e+02 3.530000000000000000e+02 1.170000000000000000e+02 3.520000000000000000e+02 2.760000000000000000e+02
3.400000000000000000e+02 3.530000000000000000e+02 1.170000000000000000e+02 3.520000000000000000e+02 2.760000000000000000e+02
3.400000000000000000e+02 3.530000000000000000e+02 1.170000000000000000e+02 3.520000000000000000e+02 2.760000000000000000e+02
3.400000000000000000e+02 3.530000000000000000e+02 1.170000000000000000e+02 3.520000000000000000e+02 2.760000000000000000e+02
3.400000000000000000e+02 3.530000000000000000e+02 1.170000000000000000e+02 3.520000000000000000e+02 2.760000000000000000e+02
3.400000000000000000e+02 3.530000000000000000e+02 1.170000000000000000e+02 3.520000000000000000e+02 2.760000000000000000e+02
3.400000000000000000e+02 3.530000000000000000e+02 3.520000000000000000e+02 1.170000000000000000e+02 2.760000000000000000e+02
3.400000000000000000e+02 3.530000000000000000e+02 3.520000000000000000e+02 1.170000000000000000e+02 2.760000000000000000e+02
3.400000000000000000e+02 3.530000000000000000e+02 1.170000000000000000e+02 3.520000000000000000e+02 2.760000000000000000e+02
3.400000000000000000e+02 3.530000000000000000e+02 1.170000000000000000e+02 3.520000000000000000e+02 2.820000000000000000e+02
3.400000000000000000e+02 3.530000000000000000e+02 3.520000000000000000e+02 1.170000000000000000e+02 2.820000000000000000e+02
