6.110000000000000000e+02 9.710000000000000000e+02 6.960000000000000000e+02 1.000000000000000000e+00 7.940000000000000000e+02
3.170000000000000000e+02 3.900000000000000000e+02 3.000000000000000000e+00 2.900000000000000000e+01 3.970000000000000000e+02
4.720000000000000000e+02 3.170000000000000000e+02 9.080000000000000000e+02 6.930000000000000000e+02 3.000000000000000000e+00
4.720000000000000000e+02 6.930000000000000000e+02 9.080000000000000000e+02 3.170000000000000000e+02 8.140000000000000000e+02
4.720000000000000000e+02 6.930000000000000000e+02 9.080000000000000000e+02 8.140000000000000000e+02 6.840000000000000000e+02
4.720000000000000000e+02 6.930000000000000000e+02 9.080000000000000000e+02 8.140000000000000000e+02 6.840000000000000000e+02
4.720000000000000000e+02 6.930000000000000000e+02 8.140000000000000000e+02 9.080000000000000000e+02 6.840000000000000000e+02
4.720000000000000000e+02 8.140000000000000000e+02 6.930000000000000000e+02 9.080000000000000000e+02 6.840000000000000000e+02
4.720000000000000000e+02 8.140000000000000000e+02 6.930000000000000000e+02 9.080000000000000000e+02 6.840000000000000000e+02
4.720000000000000000e+02 8.140000000000000000e+02 6.930000000000000000e+02 9.080000000000000000e+02 6.840000000000000000e+02
4.720000000000000000e+02 8.140000000000000000e+02 6.930000000000000000e+02 9.080000000000000000e+02 4.050000000000000000e+02
4.720000000000000000e+02 8.140000000000000000e+02 6.930000000000000000e+02 9.080000000000000000e+02 4.050000000000000000e+02
4.720000000000000000e+02 8.140000000000000000e+02 6.930000000000000000e+02 9.080000000000000000e+02 4.050000000000000000e+02
4.720000000000000000e+02 8.140000000000000000e+02 6.930000000000000000e+02 9.080000000000000000e+02 6.250000000000000000e+02
4.720000000000000000e+02 8.140000000000000000e+02 6.930000000000000000e+02 9.080000000000000000e+02 6.250000000000000000e+02
4.720000000000000000e+02 8.140000000000000000e+02 6.930000000000000000e+02 9.080000000000000000e+02 6.250000000000000000e+02
4.720000000000000000e+02 8.140000000000000000e+02 6.930000000000000000e+02 9.080000000000000000e+02 6.250000000000000000e+02
4.720000000000000000e+02 8.140000000000000000e+02 6.930000000000000000e+02 9.080000000000000000e+02 6.250000000000000000e+02
4.720000000000000000e+02 8.140000000000000000e+02 6.930000000000000000e+02 9.080000000000000000e+02 6.250000000000000000e+02
4.720000000000000000e+02 8.140000000000000000e+02 6.930000000000000000e+02 6.250000000000000000e+02 9.080000000000000000e+02
4.720000000000000000e+02 8.140000000000000000e+02 6.930000000000000000e+02 6.250000000000000000e+02 9.080000000000000000e+02
4.720000000000000000e+02 8.140000000000000000e+02 6.930000000000000000e+02 6.250000000000000000e+02 9.080000000000000000e+02
4.720000000000000000e+02 8.140000000000000000e+02 6.930000000000000000e+02 6.250000000000000000e+02 9.080000000000000000e+02
4.720000000000000000e+02 8.140000000000000000e+02 6.930000000000000000e+02 6.250000000000000000e+02 9.080000000000000000e+02
4.720000000000000000e+02 8.140000000000000000e+02 6.930000000000000000e+02 6.250000000000000000e+02 9.080000000000000000e+02
4.720000000000000000e+02 8.140000000000000000e+02 6.930000000000000000e+02 6.250000000000000000e+02 9.080000000000000000e+02
4.720000000000000000e+02 8.140000000000000000e+02 6.930000000000000000e+02 6.250000000000000000e+02 9.080000000000000000e+02
4.720000000000000000e+02 8.140000000000000000e+02 6.930000000000000000e+02 6.250000000000000000e+02 9.080000000000000000e+02
4.720000000000000000e+02 8.140000000000000000e+02 6.930000000000000000e+02 6.250000000000000000e+02 9.080000000000000000e+02
4.720000000000000000e+02 8.140000000000000000e+02 6.930000000000000000e+02 6.250000000000000000e+02 9.080000000000000000e+02
4.720000000000000000e+02 8.140000000000000000e+02 6.930000000000000000e+02 6.250000000000000000e+02 9.080000000000000000e+02
4.720000000000000000e+02 8.140000000000000000e+02 6.930000000000000000e+02 6.250000000000000000e+02 9.080000000000000000e+02
4.720000000000000000e+02 8.140000000000000000e+02 6.930000000000000000e+02 6.250000000000000000e+02 9.080000000000000000e+02
4.720000000000000000e+02 8.140000000000000000e+02 6.930000000000000000e+02 6.250000000000000000e+02 9.080000000000000000e+02
4.720000000000000000e+02 8.140000000000000000e+02 6.930000000000000000e+02 6.250000000000000000e+02 9.080000000000000000e+02
4.720000000000000000e+02 8.140000000000000000e+02 6.930000000000000000e+02 6.250000000000000000e+02 9.080000000000000000e+02
4.720000000000000000e+02 8.140000000000000000e+02 6.930000000000000000e+02 9.080000000000000000e+02 6.250000000000000000e+02
4.720000000000000000e+02 8.140000000000000000e+02 6.930000000000000000e+02 9.080000000000000000e+02 6.250000000000000000e+02
4.720000000000000000e+02 8.140000000000000000e+02 6.930000000000000000e+02 9.080000000000000000e+02 6.250000000000000000e+02
4.720000000000000000e+02 8.140000000000000000e+02 6.930000000000000000e+02 9.080000000000000000e+02 6.250000000000000000e+02
4.720000000000000000e+02 8.140000000000000000e+02 6.930000000000000000e+02 9.080000000000000000e+02 6.250000000000000000e+02
4.720000000000000000e+02 8.140000000000000000e+02 6.930000000000000000e+02 9.080000000000000000e+02 6.250000000000000000e+02
4.720000000000000000e+02 8.140000000000000000e+02 6.930000000000000000e+02 9.080000000000000000e+02 6.250000000000000000e+02
4.720000000000000000e+02 8.140000000000000000e+02 6.930000000000000000e+02 9.080000000000000000e+02 9.750000000000000000e+02
4.720000000000000000e+02 8.140000000000000000e+02 6.930000000000000000e+02 9.080000000000000000e+02 9.750000000000000000e+02
4.720000000000000000e+02 8.140000000000000000e+02 6.930000000000000000e+02 9.080000000000000000e+02 9.750000000000000000e+02
4.720000000000000000e+02 8.140000000000000000e+02 6.930000000000000000e+02 9.080000000000000000e+02 9.750000000000000000e+02
4.720000000000000000e+02 8.140000000000000000e+02 6.930000000000000000e+02 9.080000000000000000e+02 9.750000000000000000e+02
4.720000000000000000e+02 8.140000000000000000e+02 6.930000000000000000e+02 9.080000000000000000e+02 9.750000000000000000e+02
4.720000000000000000e+02 8.140000000000000000e+02 6.930000000000000000e+02 9.080000000000000000e+02 9.750000000000000000e+02
4.720000000000000000e+02 8.140000000000000000e+02 6.930000000000000000e+02 9.080000000000000000e+02 9.750000000000000000e+02
