6.887630297569558024e-05 5.624960758723318577e-04 3.879279393004253507e-05 7.690649363212287426e-04 5.255900905467569828e-04 2.513357321731746197e-04
1.555932499468326569e-02 6.982041611536260461e-08 5.453019912238232791e-05 2.115468532792874612e-06 1.029844270306057297e-06 6.934029102012573276e-07
4.396039247512817383e-01 1.082110290262505714e-09 7.684167826482735109e-07 2.663050047146953148e-08 3.257942893242216087e-08 8.455970146314939484e-09
7.127515673637390137e-01 7.652053296558491979e-11 2.852723071100626839e-07 3.203688425656991967e-09 8.265979012378465995e-09 1.952545680694584007e-09
7.840657234191894531e-01 1.849858981273211356e-11 1.263619680003102985e-07 7.802906654141850140e-10 3.987541852268350340e-09 6.866184842913014563e-10
7.962162494659423828e-01 1.168376159710327045e-11 1.111285499177938618e-07 5.760491528228328661e-10 2.572628554631251063e-09 5.202324682151981960e-10
8.337742686271667480e-01 1.280126005198667372e-11 1.322446934182153200e-07 6.588475320867814844e-10 3.296160899779465581e-09 5.418374082744037423e-10
8.479515314102172852e-01 1.602458617189217449e-11 1.885155143099837005e-07 8.038135157484305182e-10 5.198025565533725967e-09 6.217553694121136232e-10
8.640905022621154785e-01 1.632406883278481047e-11 1.946727508084222791e-07 7.187877515413276797e-10 5.633058464127316256e-09 6.974480437627050833e-10
8.837888240814208984e-01 1.744891210686549954e-11 1.942098180052198586e-07 6.247685702120975293e-10 5.828097560112155406e-09 7.107142097062535413e-10
8.926136493682861328e-01 1.824116205306758332e-11 2.080893040101727820e-07 5.767904487363750832e-10 6.322723233864735448e-09 6.608786295991819770e-10
8.944408297538757324e-01 2.228403572779313890e-11 2.520906434710923349e-07 6.550120446036089561e-10 7.568523585632647155e-09 7.755482922533474266e-10
8.996571898460388184e-01 2.816980849973393930e-11 2.905304370415251469e-07 7.929966683306588493e-10 8.604077450513614167e-09 8.745804080945163150e-10
9.066609740257263184e-01 3.277696863923651449e-11 2.999151149651879678e-07 8.977037446733504567e-10 9.135556311434811505e-09 9.786800259092842680e-10
9.094070792198181152e-01 4.000464542963655390e-11 3.281169540514383698e-07 9.817604507134092273e-10 1.086132161987052314e-08 1.140846972447207008e-09
9.095002412796020508e-01 5.096857311204239238e-11 3.715848606589133851e-07 1.151721162884200567e-09 1.269005256432365059e-08 1.406035177176079287e-09
9.099512696266174316e-01 6.809910274574448863e-11 4.394704262722370913e-07 1.420683681807588528e-09 1.542776750795837870e-08 1.890079204258654499e-09
9.124281406402587891e-01 8.921716837528848032e-11 4.954383143740415107e-07 1.677036620684191348e-09 1.804274241123948741e-08 2.186404612913861456e-09
9.145954251289367676e-01 1.203030453034159564e-10 5.620237857328902464e-07 2.044700186942804976e-09 2.115162978100215696e-08 2.495042839001371249e-09
9.123129248619079590e-01 1.600821003533425824e-10 6.343395284602593165e-07 2.471667315262493503e-09 2.477705685066666774e-08 2.952032174263763409e-09
9.127483963966369629e-01 2.397075316018515423e-10 8.090195819931977894e-07 3.336477094606493665e-09 3.157017403054851457e-08 4.157733268783658787e-09
9.134069681167602539e-01 3.403969883741808644e-10 9.272574743590666912e-07 4.381512042073154589e-09 3.834189854501346417e-08 5.484275700240459628e-09
9.155078530311584473e-01 5.043735984422426100e-10 1.151151423073315527e-06 5.733691299525389695e-09 4.875590420283515414e-08 7.446034455682593034e-09
9.154438376426696777e-01 6.561672316607314315e-10 1.339730033578234725e-06 6.777032712790287405e-09 5.889304688366792107e-08 9.130372013999021874e-09
9.152258634567260742e-01 8.883264124293077657e-10 1.491781858931062743e-06 8.540625984210237220e-09 6.716427947139891330e-08 1.179779207660658358e-08
9.152030944824218750e-01 1.248683045851350926e-09 1.851739284575160127e-06 1.058394705211185283e-08 8.562240338960691588e-08 1.474809696588863517e-08
9.169343709945678711e-01 1.717136877132929840e-09 2.159505584131693467e-06 1.295619789232205221e-08 1.022834510422399035e-07 1.818223971383758908e-08
9.155398011207580566e-01 2.264257226158861158e-09 2.327745050934026949e-06 1.531308413404985913e-08 1.180944479983736528e-07 2.269624310713425075e-08
9.176442027091979980e-01 2.834304124732511809e-09 2.532541657274123281e-06 1.748798261758111039e-08 1.322543852211310877e-07 2.600637216687573527e-08
9.161249399185180664e-01 4.029897748836219762e-09 3.136140321657876484e-06 2.128798648470819899e-08 1.627337979925869149e-07 3.292635852858438739e-08
9.175229668617248535e-01 4.949512799612421077e-09 3.797897761614876799e-06 2.409561794536330126e-08 1.871500927563829464e-07 3.668085923891339917e-08
9.176602959632873535e-01 6.231313243176828109e-09 4.536709639069158584e-06 2.735449733393124916e-08 2.135102334932525991e-07 4.180644452844717307e-08
9.175060987472534180e-01 7.837985371850209049e-09 5.192144271859433502e-06 3.181236252203234471e-08 2.350268033524116618e-07 4.751352022935861896e-08
9.171820878982543945e-01 9.763219566139014205e-09 5.811342361994320527e-06 3.642917079105245648e-08 2.664405940322467359e-07 5.568438155023613945e-08
9.168801307678222656e-01 1.326703813475660354e-08 7.425860076182289049e-06 4.539440823236873257e-08 3.266181920480448753e-07 6.881408864956028992e-08
9.182212948799133301e-01 1.560820805934781674e-08 8.219135452236514539e-06 4.990351243350232835e-08 3.479900385627843207e-07 7.161489889995209523e-08
9.179591536521911621e-01 1.901465651599210105e-08 9.956651410902850330e-06 5.576504946702698362e-08 3.940659212275932077e-07 8.045590504934807541e-08
9.172455072402954102e-01 2.350506989046152739e-08 1.117351530410815030e-05 6.573088739969534799e-08 4.383871043955878122e-07 9.279110457782735466e-08
9.164924621582031250e-01 2.688228484259980178e-08 1.283065739698940888e-05 7.073074925756372977e-08 5.017329272050119471e-07 9.731871841722750105e-08
9.168722033500671387e-01 3.401210335596260848e-08 1.516996235295664519e-05 8.231295112182124285e-08 5.839687560182937887e-07 1.134686513637461758e-07
9.149875044822692871e-01 4.494174632441172434e-08 1.838910793594550341e-05 1.022449467313890636e-07 6.853572358522797003e-07 1.346154903103524703e-07
9.138398170471191406e-01 5.416977799654887349e-08 2.106729880324564874e-05 1.183573914431690355e-07 7.499911589547991753e-07 1.521422632322355639e-07
9.130354523658752441e-01 7.022044457016818342e-08 2.321297142771072686e-05 1.391510977555299178e-07 8.415736374445259571e-07 1.751364919755360461e-07
9.105811715126037598e-01 8.914715721175525687e-08 2.687048254301771522e-05 1.638221505118053756e-07 9.856221367954276502e-07 2.135176941919780802e-07
9.094886779785156250e-01 1.002328673394003999e-07 2.972292713820934296e-05 1.744553372873269836e-07 1.075430418495670892e-06 2.213248251337063266e-07
9.076277613639831543e-01 1.427869307235596352e-07 3.658853893284685910e-05 2.269497372253681533e-07 1.374838575429748744e-06 2.689146185730351135e-07
9.051086902618408203e-01 1.691425666194845689e-07 4.009544500149786472e-05 2.508608645257481840e-07 1.464082856728055049e-06 2.920482131685275817e-07
9.050114154815673828e-01 2.095052309414313640e-07 4.583339614327996969e-05 2.833897667642304441e-07 1.632474322832422331e-06 3.156316950025939150e-07
9.006980657577514648e-01 2.703222605759947328e-07 5.269410030450671911e-05 3.288298842107906239e-07 1.928137407958274707e-06 3.657421530078863725e-07
8.980295658111572266e-01 3.184499632880033460e-07 6.050626689102500677e-05 3.730748687758023152e-07 2.150235559383872896e-06 4.125917030251002871e-07
8.957698941230773926e-01 3.954555154450645205e-07 6.951185059733688831e-05 4.216287550207198365e-07 2.464782710376312025e-06 4.785993041878100485e-07
