1.826129882829263806e-04 3.145692244288511574e-05 6.480501906480640173e-05 3.648764322861097753e-05 4.645147782866843045e-05 1.581225660629570484e-04
1.688823476433753967e-02 3.494479187793331221e-06 3.677664790302515030e-05 4.396851363708265126e-05 1.016089590848423541e-04 1.046375473379157484e-05
8.859826922416687012e-01 8.747072399728494929e-09 3.173504978803975973e-07 1.544534882214065874e-07 5.441887651613797061e-07 1.511652847341338202e-08
9.556524157524108887e-01 1.755262601932372490e-10 1.344773714606617432e-08 3.895217481897361722e-09 1.429654261642099300e-08 4.618409821244284785e-10
9.667324423789978027e-01 7.782195027283833610e-12 1.184832676415226160e-09 3.202673404256728418e-10 3.953393723499232237e-10 2.735928324171243986e-11
9.686653614044189453e-01 4.780147198207851389e-12 7.427561343753552592e-10 2.211524713358059557e-10 1.852692860238036587e-10 1.989495547471964443e-11
9.735838770866394043e-01 4.140640955108132459e-12 6.028028631810400384e-10 2.169488061420921099e-10 1.067592125814087467e-10 1.612871641798463429e-11
9.759352803230285645e-01 5.764221999021712506e-12 7.254217782026728401e-10 2.831839207573239037e-10 9.126736866260642955e-11 2.092882811499663376e-11
9.791085124015808105e-01 1.098907249919012230e-11 1.032419372215542808e-09 4.510753714992432606e-10 1.086801343364030004e-10 3.902196621385911612e-11
9.788004755973815918e-01 1.854955425373283617e-11 1.466960886098434003e-09 7.110150801459269587e-10 1.451042619393660971e-10 6.616497627565109951e-11
9.777767658233642578e-01 2.566373849544056895e-11 1.948899042147900218e-09 8.799250217350618186e-10 1.817785644231406650e-10 9.546918811054183607e-11
9.773557186126708984e-01 2.683916110191031379e-11 2.131391063642240624e-09 8.422257891105289218e-10 1.966583285106793255e-10 1.153565923339705535e-10
9.777372479438781738e-01 2.982472255275148143e-11 2.263699894200499330e-09 9.239506937319674762e-10 1.879702921092629708e-10 1.189665727041600007e-10
9.787566661834716797e-01 3.330549377955627222e-11 2.434431323194985453e-09 1.038115371443382173e-09 1.994997361753902965e-10 1.300588386987655554e-10
9.806875586509704590e-01 3.995297495618110872e-11 2.585865743753856805e-09 1.125240456367748720e-09 2.268512183656312686e-10 1.335386523582116070e-10
9.803619384765625000e-01 6.523340201347593847e-11 3.812756776966352845e-09 1.476228361774190034e-09 3.495385370033687877e-10 2.075902644227411997e-10
9.799160957336425781e-01 9.406724704730251574e-11 4.884591398024440423e-09 1.783181380332621302e-09 4.725293489826754012e-10 2.597730919262630778e-10
9.766077995300292969e-01 1.407837874056738769e-10 7.172540339439592572e-09 2.192317216653805190e-09 6.386008943870535859e-10 3.864292774657940299e-10
9.751027226448059082e-01 2.305738655561384576e-10 1.080957279242511504e-08 3.104860812896959033e-09 1.064407118001042818e-09 6.264790908261375080e-10
9.700812697410583496e-01 3.755856181619776635e-10 1.583581266118017083e-08 4.190426228234400696e-09 1.661500603766796758e-09 9.441970538759392184e-10
9.662087559700012207e-01 6.583338318932874245e-10 2.594600623240239656e-08 6.041202649242904954e-09 2.702597035053599939e-09 1.548227768211063449e-09
9.624225497245788574e-01 9.739838935374223183e-10 3.645997992407501442e-08 7.894700004840160545e-09 3.965338279954266909e-09 2.281445032892293057e-09
9.541108012199401855e-01 1.633059798500369197e-09 5.768770350300655991e-08 1.092329426910509937e-08 6.842862720901621287e-09 3.592527830775793518e-09
9.470030665397644043e-01 2.650645258839290364e-09 8.454675537450384581e-08 1.444254760230023749e-08 1.032957985813709456e-08 5.413569592604972058e-09
9.405781030654907227e-01 4.008889664675052700e-09 1.210484725788774085e-07 1.838179208846213442e-08 1.578958475079161872e-08 8.091448400193712587e-09
9.358386993408203125e-01 6.529567553315018813e-09 1.801019919867030694e-07 2.569743529079460131e-08 2.451668912328841543e-08 1.218239997768932881e-08
9.284300804138183594e-01 1.112234571110093384e-08 2.863773431727167917e-07 3.745127941101600300e-08 3.923086921986396192e-08 1.882339084602335788e-08
9.267948269844055176e-01 1.556966289228967071e-08 3.926133445020241197e-07 4.943576215055145440e-08 5.419895998670654080e-08 2.484653194301245094e-08
9.249777197837829590e-01 2.345411154180965241e-08 5.170998633730050642e-07 6.673634800336003536e-08 7.508451460580545245e-08 3.362755762736924225e-08
9.282384514808654785e-01 3.127493641841283534e-08 6.507769398922391701e-07 8.543803176053188508e-08 8.990571132017066702e-08 3.962430383808168699e-08
9.200227260589599609e-01 4.677368892203048745e-08 9.022612061926338356e-07 1.096256312393961707e-07 1.279097858741806704e-07 5.597949126467938186e-08
9.208368062973022461e-01 7.096173249010462314e-08 1.174424482996982988e-06 1.423312596671166830e-07 1.710823056555454968e-07 7.294124770851340145e-08
9.197100400924682617e-01 1.027536598030565074e-07 1.644321855565067381e-06 1.958040769522995106e-07 2.280842181789921597e-07 1.026596265774060157e-07
9.193806052207946777e-01 1.561736127086987835e-07 2.130219854734605178e-06 2.520474424727581209e-07 2.997819592565065250e-07 1.366722131024289411e-07
9.187030792236328125e-01 2.054786705230071675e-07 2.642348135850625113e-06 2.983200317885348340e-07 3.511520958454639185e-07 1.664026427761200466e-07
9.194591045379638672e-01 3.154777061808999861e-07 3.506876055325847119e-06 3.723952488599024946e-07 4.757074805183947319e-07 2.322068581861458370e-07
9.218593239784240723e-01 3.731388460437301546e-07 4.031114258395973593e-06 4.131893831527122529e-07 5.473775672726333141e-07 2.536994259116909234e-07
9.246826171875000000e-01 4.584115629313600948e-07 4.624991106538800523e-06 4.550241783363162540e-07 5.980604100841446780e-07 2.805454357712733326e-07
9.235902428627014160e-01 6.370836445057648234e-07 5.892686658626189455e-06 5.453813400890794583e-07 7.385846174656762742e-07 3.565837403129989980e-07
9.245539903640747070e-01 9.665438938100123778e-07 7.478848147002281621e-06 6.699250434394343756e-07 9.377057494930340908e-07 4.660276715640065959e-07
9.181994795799255371e-01 1.583425614626321476e-06 1.121762124967062846e-05 9.163630920738796704e-07 1.338044057774823159e-06 6.812521746724087279e-07
9.144706726074218750e-01 2.218268491560593247e-06 1.440889172954484820e-05 1.102204919334326405e-06 1.744682663229468744e-06 8.806814548734109849e-07
9.152497649192810059e-01 2.843628408299991861e-06 1.657096618146169931e-05 1.248295006917032879e-06 1.955586640178808011e-06 1.031605279422365129e-06
9.162714481353759766e-01 3.956780346925370395e-06 2.000676431634929031e-05 1.523006403658655472e-06 2.363990688536432572e-06 1.306916146859293804e-06
9.127930998802185059e-01 5.595236416411353275e-06 2.565126851550303400e-05 1.806966452022606973e-06 2.941219918284332380e-06 1.646776581765152514e-06
9.093148708343505859e-01 8.047001756494864821e-06 3.141003617201931775e-05 2.241771426270133816e-06 3.520729023875901476e-06 2.110839432134525850e-06
9.032937288284301758e-01 1.053791038430063054e-05 3.849134009215049446e-05 2.637121951920562424e-06 4.354676548246061429e-06 2.593398903627530672e-06
8.963623642921447754e-01 1.359561701974598691e-05 4.591654942487366498e-05 3.010294676641933620e-06 5.343123120837844908e-06 3.109375484200427309e-06
8.856690526008605957e-01 2.017544284171890467e-05 6.030804433976300061e-05 3.712274292411166243e-06 7.243756044772453606e-06 4.294465270504588261e-06
8.753108382225036621e-01 2.811660669976845384e-05 7.381744944723322988e-05 4.636893663700902835e-06 8.481031727569643408e-06 5.436480023490730673e-06
8.700907826423645020e-01 3.687397838803008199e-05 8.790097490418702364e-05 5.391889317252207547e-06 9.778265848581213504e-06 6.661518000328214839e-06
