1.359987496876319008e-04
9.733854763722181724e-01
9.998859858264452782e-01
9.996498434408200850e-01
9.985876203398421636e-01
9.977708469039633377e-01
9.971510178882331266e-01
9.975022483642754789e-01
9.978341483367951792e-01
9.980603271604194804e-01
9.980881296747451392e-01
9.984238480183310616e-01
9.985622043074328102e-01
9.987021118097801908e-01
9.986256250643604782e-01
9.988470309241519463e-01
9.985994930873761666e-01
9.984822571632342436e-01
9.982412821517284707e-01
9.978870685732906809e-01
9.975118539539888918e-01
9.972745779894534035e-01
9.971102090474631696e-01
9.964241551585536483e-01
9.960754304885235388e-01
9.958224037433400788e-01
9.951544871169950568e-01
9.946827393041758336e-01
9.943655161954418897e-01
9.942598547085944594e-01
9.938021274770340030e-01
9.928564840176709039e-01
9.923281169213857833e-01
9.919742016531876150e-01
9.916761897238804968e-01
9.914368255876682134e-01
9.909499832767280081e-01
9.903348675627826614e-01
9.895481041370022268e-01
9.890714640362544552e-01
9.884189998803178945e-01
9.879143186170528113e-01
9.876815769681585033e-01
9.870539918862001327e-01
9.861212950912333630e-01
9.857694679947119898e-01
9.856889242300344023e-01
9.848863503615580273e-01
9.843734357356813680e-01
9.840806144045423087e-01
9.834601887683330768e-01
