          0  0.08214983 10.85393333
        100  0.02024823 16.93613052
        200  0.01839564 17.35285187
        300  0.01729312 17.62126732
        400  0.01693241 17.71281433
        500  0.01651680 17.82073975
        600  0.01642107 17.84598541
        700  0.01642561 17.84478569
        800  0.01615180 17.91779137
        900  0.01578910 18.01642609
       1000  0.01571034 18.03814316
       1100  0.01566143 18.05168724
       1200  0.01537141 18.13286209
       1300  0.01549357 18.09848595
       1400  0.01539544 18.12607765
       1500  0.01514095 18.19846916
       1600  0.01485730 18.28059959
       1700  0.01479892 18.29769897
       1800  0.01471250 18.32313538
       1900  0.01486826 18.27739906
       2000  0.01448716 18.39016533
       2100  0.01422423 18.46971321
       2200  0.01418803 18.48077965
       2300  0.01410327 18.50680351
       2400  0.01401429 18.53429031
       2500  0.01389637 18.57098770
       2600  0.01397881 18.54529953
       2700  0.01372197 18.62583542
       2800  0.01373317 18.62229347
       2900  0.01351537 18.69172096
       3000  0.01367809 18.63974571
       3100  0.01337739 18.73628616
       3200  0.01330885 18.75859451
       3300  0.01339753 18.72975349
       3400  0.01314360 18.81285477
       3500  0.01291027 18.89064598
       3600  0.01298769 18.86468315
       3700  0.01275065 18.94467735
       3800  0.01281659 18.92227554
       3900  0.01268451 18.96726227
       4000  0.01263020 18.98589897
       4100  0.01265137 18.97862244
       4200  0.01261634 18.99066353
       4300  0.01230920 19.09770012
       4400  0.01246058 19.04461670
       4500  0.01213190 19.16070938
       4600  0.01216880 19.14752197
       4700  0.01194274 19.22895813
       4800  0.01197660 19.21666527
       4900  0.01183601 19.26794624
       5000  0.01185073 19.26254845
