1.800000000000000000e+01 1.400000000000000000e+01 7.350000000000000000e+02 9.710000000000000000e+02 7.410000000000000000e+02
9.710000000000000000e+02 1.070000000000000000e+02 2.900000000000000000e+01 4.000000000000000000e+00 5.800000000000000000e+01
1.460000000000000000e+02 2.100000000000000000e+01 2.300000000000000000e+01 9.900000000000000000e+01 1.320000000000000000e+02
1.460000000000000000e+02 9.900000000000000000e+01 1.480000000000000000e+02 2.840000000000000000e+02 2.100000000000000000e+01
1.460000000000000000e+02 1.480000000000000000e+02 9.900000000000000000e+01 4.000000000000000000e+00 1.450000000000000000e+02
1.460000000000000000e+02 1.480000000000000000e+02 9.900000000000000000e+01 1.450000000000000000e+02 4.000000000000000000e+00
1.460000000000000000e+02 1.480000000000000000e+02 4.000000000000000000e+00 1.450000000000000000e+02 1.500000000000000000e+02
1.480000000000000000e+02 1.460000000000000000e+02 4.000000000000000000e+00 1.500000000000000000e+02 1.450000000000000000e+02
1.480000000000000000e+02 1.460000000000000000e+02 4.000000000000000000e+00 1.500000000000000000e+02 1.450000000000000000e+02
1.480000000000000000e+02 1.460000000000000000e+02 1.500000000000000000e+02 4.000000000000000000e+00 1.450000000000000000e+02
1.480000000000000000e+02 1.460000000000000000e+02 1.500000000000000000e+02 4.000000000000000000e+00 1.450000000000000000e+02
1.480000000000000000e+02 1.500000000000000000e+02 1.460000000000000000e+02 4.000000000000000000e+00 1.450000000000000000e+02
1.480000000000000000e+02 1.500000000000000000e+02 1.460000000000000000e+02 4.000000000000000000e+00 1.450000000000000000e+02
1.480000000000000000e+02 1.500000000000000000e+02 1.460000000000000000e+02 4.000000000000000000e+00 1.450000000000000000e+02
1.480000000000000000e+02 1.500000000000000000e+02 1.460000000000000000e+02 4.000000000000000000e+00 1.450000000000000000e+02
1.480000000000000000e+02 1.500000000000000000e+02 1.460000000000000000e+02 4.000000000000000000e+00 1.450000000000000000e+02
1.480000000000000000e+02 1.500000000000000000e+02 1.460000000000000000e+02 4.000000000000000000e+00 1.450000000000000000e+02
1.480000000000000000e+02 1.500000000000000000e+02 1.460000000000000000e+02 4.000000000000000000e+00 1.450000000000000000e+02
1.480000000000000000e+02 1.500000000000000000e+02 4.000000000000000000e+00 1.460000000000000000e+02 1.450000000000000000e+02
1.480000000000000000e+02 1.500000000000000000e+02 4.000000000000000000e+00 1.460000000000000000e+02 1.450000000000000000e+02
1.480000000000000000e+02 1.500000000000000000e+02 4.000000000000000000e+00 1.460000000000000000e+02 1.450000000000000000e+02
1.480000000000000000e+02 1.500000000000000000e+02 4.000000000000000000e+00 1.460000000000000000e+02 1.450000000000000000e+02
1.480000000000000000e+02 1.500000000000000000e+02 4.000000000000000000e+00 1.460000000000000000e+02 1.450000000000000000e+02
1.480000000000000000e+02 1.500000000000000000e+02 4.000000000000000000e+00 1.460000000000000000e+02 1.450000000000000000e+02
1.480000000000000000e+02 1.500000000000000000e+02 4.000000000000000000e+00 1.460000000000000000e+02 1.450000000000000000e+02
1.480000000000000000e+02 1.500000000000000000e+02 4.000000000000000000e+00 1.460000000000000000e+02 1.450000000000000000e+02
1.480000000000000000e+02 1.500000000000000000e+02 4.000000000000000000e+00 1.460000000000000000e+02 1.450000000000000000e+02
1.480000000000000000e+02 1.500000000000000000e+02 4.000000000000000000e+00 1.460000000000000000e+02 1.450000000000000000e+02
1.480000000000000000e+02 1.500000000000000000e+02 4.000000000000000000e+00 1.460000000000000000e+02 1.450000000000000000e+02
1.480000000000000000e+02 1.500000000000000000e+02 4.000000000000000000e+00 1.460000000000000000e+02 1.450000000000000000e+02
1.480000000000000000e+02 1.500000000000000000e+02 4.000000000000000000e+00 1.460000000000000000e+02 1.450000000000000000e+02
1.480000000000000000e+02 1.500000000000000000e+02 4.000000000000000000e+00 1.460000000000000000e+02 1.450000000000000000e+02
1.480000000000000000e+02 1.500000000000000000e+02 4.000000000000000000e+00 1.460000000000000000e+02 1.450000000000000000e+02
1.480000000000000000e+02 1.500000000000000000e+02 4.000000000000000000e+00 1.460000000000000000e+02 1.450000000000000000e+02
1.480000000000000000e+02 1.500000000000000000e+02 4.000000000000000000e+00 1.460000000000000000e+02 1.450000000000000000e+02
1.480000000000000000e+02 1.500000000000000000e+02 4.000000000000000000e+00 1.460000000000000000e+02 1.450000000000000000e+02
1.480000000000000000e+02 1.500000000000000000e+02 4.000000000000000000e+00 1.460000000000000000e+02 1.450000000000000000e+02
1.480000000000000000e+02 1.500000000000000000e+02 4.000000000000000000e+00 1.460000000000000000e+02 1.450000000000000000e+02
1.480000000000000000e+02 1.500000000000000000e+02 4.000000000000000000e+00 1.460000000000000000e+02 1.450000000000000000e+02
1.500000000000000000e+02 1.480000000000000000e+02 4.000000000000000000e+00 1.460000000000000000e+02 1.450000000000000000e+02
1.480000000000000000e+02 1.500000000000000000e+02 4.000000000000000000e+00 1.460000000000000000e+02 1.450000000000000000e+02
1.480000000000000000e+02 1.500000000000000000e+02 4.000000000000000000e+00 1.460000000000000000e+02 1.490000000000000000e+02
1.500000000000000000e+02 1.480000000000000000e+02 4.000000000000000000e+00 1.460000000000000000e+02 1.450000000000000000e+02
1.500000000000000000e+02 1.480000000000000000e+02 4.000000000000000000e+00 1.460000000000000000e+02 1.450000000000000000e+02
1.500000000000000000e+02 1.480000000000000000e+02 4.000000000000000000e+00 1.460000000000000000e+02 1.450000000000000000e+02
1.480000000000000000e+02 1.500000000000000000e+02 4.000000000000000000e+00 1.460000000000000000e+02 1.450000000000000000e+02
1.500000000000000000e+02 1.480000000000000000e+02 4.000000000000000000e+00 1.460000000000000000e+02 1.450000000000000000e+02
1.500000000000000000e+02 1.480000000000000000e+02 4.000000000000000000e+00 1.460000000000000000e+02 1.450000000000000000e+02
1.500000000000000000e+02 1.480000000000000000e+02 4.000000000000000000e+00 1.460000000000000000e+02 1.450000000000000000e+02
1.500000000000000000e+02 1.480000000000000000e+02 4.000000000000000000e+00 1.460000000000000000e+02 1.450000000000000000e+02
1.500000000000000000e+02 1.480000000000000000e+02 4.000000000000000000e+00 1.460000000000000000e+02 1.450000000000000000e+02
