          0  0.08268268 10.82585430
        100  0.01529881 18.15342331
        200  0.01258087 19.00289154
        300  0.01151506 19.38733673
        400  0.01093871 19.61033821
        500  0.01064870 19.72703362
        600  0.01001580 19.99314499
        700  0.00969383 20.13504601
        800  0.00924723 20.33988380
        900  0.00899803 20.45852661
       1000  0.00907797 20.42011261
       1100  0.00864282 20.63344574
       1200  0.00850617 20.70266151
       1300  0.00844875 20.73207474
       1400  0.00838824 20.76329041
       1500  0.00816209 20.88198662
       1600  0.00809320 20.91879654
       1700  0.00803263 20.95142365
       1800  0.00788868 21.02995682
       1900  0.00786566 21.04264641
       2000  0.00789491 21.02652740
       2100  0.00771393 21.12724113
       2200  0.00776677 21.09759521
       2300  0.00757501 21.20616722
       2400  0.00753843 21.22719002
       2500  0.00757549 21.20589447
       2600  0.00741523 21.29875183
       2700  0.00748207 21.25977898
       2800  0.00739255 21.31205940
       2900  0.00726210 21.38937759
       3000  0.00721337 21.41861725
       3100  0.00722639 21.41078568
       3200  0.00720630 21.42287636
       3300  0.00721589 21.41709900
       3400  0.00714753 21.45844269
       3500  0.00715156 21.45599174
       3600  0.00717262 21.44322014
       3700  0.00702297 21.53479004
       3800  0.00706473 21.50904655
       3900  0.00709733 21.48905373
       4000  0.00700027 21.54885101
       4100  0.00693885 21.58712387
       4200  0.00702085 21.53610229
       4300  0.00690692 21.60715675
       4400  0.00687373 21.62807465
       4500  0.00689697 21.61341286
       4600  0.00681670 21.66426086
       4700  0.00682496 21.65900040
       4800  0.00679127 21.68048859
       4900  0.00674313 21.71138573
       5000  0.00679013 21.68121719
