          0  0.17095792  7.67110777
        100  0.00795984 20.99095726
        200  0.00667943 21.75260735
        300  0.00648116 21.88347435
        400  0.00604986 22.18254662
        500  0.00593655 22.26465988
        600  0.00563846 22.48839569
        700  0.00556735 22.54351616
        800  0.00542952 22.65238762
        900  0.00540608 22.67117882
       1000  0.00540770 22.66987610
       1100  0.00520378 22.83680725
       1200  0.00514669 22.88471985
       1300  0.00508869 22.93394470
       1400  0.00501732 22.99528122
       1500  0.00502950 22.98475266
       1600  0.00492911 23.07231140
       1700  0.00493057 23.07103348
       1800  0.00492338 23.07736778
       1900  0.00491326 23.08630371
       2000  0.00489564 23.10190582
       2100  0.00483903 23.15241623
       2200  0.00479141 23.19536781
       2300  0.00483397 23.15696526
       2400  0.00482063 23.16895866
       2500  0.00472594 23.25511932
       2600  0.00479914 23.18836594
       2700  0.00479232 23.19454575
       2800  0.00471425 23.26587105
       2900  0.00473874 23.24337196
       3000  0.00468307 23.29469490
       3100  0.00465822 23.31780243
       3200  0.00466693 23.30968475
       3300  0.00467673 23.30057526
       3400  0.00463283 23.34153175
       3500  0.00460259 23.36997986
       3600  0.00459206 23.37992859
       3700  0.00459601 23.37618828
       3800  0.00459070 23.38121033
       3900  0.00463267 23.34168816
       4000  0.00459544 23.37672615
       4100  0.00463083 23.34340858
       4200  0.00453837 23.43099976
       4300  0.00454393 23.42568207
       4400  0.00452807 23.44086456
       4500  0.00448420 23.48314667
       4600  0.00450537 23.46269989
       4700  0.00455160 23.41836166
       4800  0.00452944 23.43955231
       4900  0.00450463 23.46340752
       5000  0.00451117 23.45710564
