7.361720054177567363e-05 7.361720054177567363e-05 5.011869143345393240e-05 1.052467196132056415e-04 7.246026070788502693e-04 2.278197207488119602e-04
1.286239275941625237e-04 1.286239275941625237e-04 6.396337266778573394e-05 2.266703959321603179e-04 6.034081452526152134e-04 3.863458405248820782e-04
8.022376336157321930e-03 8.022376336157321930e-03 1.034212647937238216e-03 6.378672085702419281e-03 6.988976150751113892e-02 2.317378297448158264e-03
5.532613396644592285e-02 5.532613396644592285e-02 1.258430071175098419e-02 4.995535686612129211e-02 1.629770100116729736e-01 1.606002263724803925e-02
1.713106632232666016e-01 1.713106632232666016e-01 2.315546385943889618e-02 5.668254196643829346e-02 1.241263151168823242e-01 2.937300689518451691e-02
2.630885541439056396e-01 2.630885541439056396e-01 3.196963295340538025e-02 4.669830948114395142e-02 1.013025492429733276e-01 2.813056856393814087e-02
2.550916075706481934e-01 2.550916075706481934e-01 4.784685373306274414e-02 3.991205990314483643e-02 6.942448765039443970e-02 2.570833638310432434e-02
2.527402043342590332e-01 2.527402043342590332e-01 5.913859233260154724e-02 4.666965082287788391e-02 6.945565342903137207e-02 2.210486494004726410e-02
2.293228954076766968e-01 2.293228954076766968e-01 6.177388876676559448e-02 5.444844812154769897e-02 6.718166172504425049e-02 1.944827102124691010e-02
2.189697027206420898e-01 2.189697027206420898e-01 7.091334462165832520e-02 6.266107410192489624e-02 6.173226982355117798e-02 2.004311978816986084e-02
2.237085849046707153e-01 2.237085849046707153e-01 6.865026801824569702e-02 5.130455642938613892e-02 4.622505605220794678e-02 1.704720407724380493e-02
2.376738935708999634e-01 2.376738935708999634e-01 6.696978956460952759e-02 4.433382302522659302e-02 3.938475623726844788e-02 1.564136333763599396e-02
2.499994933605194092e-01 2.499994933605194092e-01 6.923563778400421143e-02 4.320207238197326660e-02 3.588497638702392578e-02 1.460538245737552643e-02
2.465128600597381592e-01 2.465128600597381592e-01 7.578729838132858276e-02 3.903581574559211731e-02 2.933587320148944855e-02 1.237897016108036041e-02
2.381544411182403564e-01 2.381544411182403564e-01 7.232885062694549561e-02 3.898222744464874268e-02 2.628802135586738586e-02 1.283717341721057892e-02
2.313398718833923340e-01 2.313398718833923340e-01 7.960503548383712769e-02 3.313358873128890991e-02 2.028797008097171783e-02 1.097126118838787079e-02
2.169871628284454346e-01 2.169871628284454346e-01 8.084190636873245239e-02 2.922181040048599243e-02 1.651501655578613281e-02 9.914232417941093445e-03
2.202869355678558350e-01 2.202869355678558350e-01 8.124440908432006836e-02 2.391416765749454498e-02 1.416595932096242905e-02 9.139943867921829224e-03
2.142745554447174072e-01 2.142745554447174072e-01 7.891890406608581543e-02 2.125380188226699829e-02 1.132132764905691147e-02 8.845888078212738037e-03
2.166940122842788696e-01 2.166940122842788696e-01 8.220715820789337158e-02 1.999936439096927643e-02 1.105196867138147354e-02 7.910313084721565247e-03
2.166888564825057983e-01 2.166888564825057983e-01 7.601896673440933228e-02 1.937242411077022552e-02 1.131758745759725571e-02 8.386080153286457062e-03
2.346581071615219116e-01 2.346581071615219116e-01 7.407677918672561646e-02 1.782528311014175415e-02 1.114016026258468628e-02 8.108588866889476776e-03
2.303344607353210449e-01 2.303344607353210449e-01 7.350047677755355835e-02 1.808987930417060852e-02 1.082167401909828186e-02 7.924844510853290558e-03
2.372914105653762817e-01 2.372914105653762817e-01 7.441852986812591553e-02 1.544624380767345428e-02 1.016551721841096878e-02 7.882107980549335480e-03
2.408155649900436401e-01 2.408155649900436401e-01 6.938537210226058960e-02 1.234433799982070923e-02 8.819854818284511566e-03 7.758267689496278763e-03
2.377320677042007446e-01 2.377320677042007446e-01 6.394737958908081055e-02 1.264678034931421280e-02 9.051522240042686462e-03 7.448014337569475174e-03
2.387480139732360840e-01 2.387480139732360840e-01 5.654060095548629761e-02 1.064899191260337830e-02 8.505060337483882904e-03 7.898406125605106354e-03
2.516402602195739746e-01 2.516402602195739746e-01 5.231771990656852722e-02 1.068764925003051758e-02 9.015132673084735870e-03 8.745044469833374023e-03
2.491255253553390503e-01 2.491255253553390503e-01 4.601394012570381165e-02 9.809414856135845184e-03 8.688513189554214478e-03 8.768741972744464874e-03
2.500089704990386963e-01 2.500089704990386963e-01 4.426999017596244812e-02 1.009969040751457214e-02 8.918769657611846924e-03 9.762842208147048950e-03
2.482323944568634033e-01 2.482323944568634033e-01 4.326874017715454102e-02 8.545941673219203949e-03 7.736675441265106201e-03 1.011866517364978790e-02
2.468252778053283691e-01 2.468252778053283691e-01 3.694406151771545410e-02 7.328061852604150772e-03 6.874976679682731628e-03 1.047469396144151688e-02
2.394600957632064819e-01 2.394600957632064819e-01 3.363331407308578491e-02 7.190426811575889587e-03 6.955947261303663254e-03 1.109282393008470535e-02
2.530657052993774414e-01 2.530657052993774414e-01 3.211152926087379456e-02 6.437052972614765167e-03 6.981220096349716187e-03 1.156569737941026688e-02
2.745274305343627930e-01 2.745274305343627930e-01 3.475109115242958069e-02 6.448765285313129425e-03 7.267481181770563126e-03 1.305482164025306702e-02
2.631603479385375977e-01 2.631603479385375977e-01 3.363418579101562500e-02 6.474894937127828598e-03 7.107673678547143936e-03 1.360566262155771255e-02
2.619529068470001221e-01 2.619529068470001221e-01 3.235564380884170532e-02 6.662976928055286407e-03 7.573304697871208191e-03 1.291717030107975006e-02
2.637341916561126709e-01 2.637341916561126709e-01 3.350993245840072632e-02 6.154131144285202026e-03 7.300639525055885315e-03 1.305725239217281342e-02
2.665329277515411377e-01 2.665329277515411377e-01 3.267752379179000854e-02 6.693891715258359909e-03 7.961430586874485016e-03 1.317507959902286530e-02
2.569853961467742920e-01 2.569853961467742920e-01 3.162055462598800659e-02 6.195087917149066925e-03 7.891903631389141083e-03 1.281089987605810165e-02
2.743183076381683350e-01 2.743183076381683350e-01 3.207232803106307983e-02 6.602499168366193771e-03 8.432741276919841766e-03 1.377558708190917969e-02
2.842099070549011230e-01 2.842099070549011230e-01 3.459797427058219910e-02 6.879031192511320114e-03 8.564832620322704315e-03 1.401543430984020233e-02
2.862008213996887207e-01 2.862008213996887207e-01 3.489477187395095825e-02 6.753257010132074356e-03 8.741580881178379059e-03 1.405726186931133270e-02
2.907468676567077637e-01 2.907468676567077637e-01 3.528145700693130493e-02 6.657020188868045807e-03 8.341966196894645691e-03 1.462674885988235474e-02
2.993769645690917969e-01 2.993769645690917969e-01 3.399155288934707642e-02 6.847658660262823105e-03 8.493845351040363312e-03 1.427758671343326569e-02
3.101139366626739502e-01 3.101139366626739502e-01 3.819232806563377380e-02 7.148285396397113800e-03 8.581910282373428345e-03 1.481005176901817322e-02
3.034403026103973389e-01 3.034403026103973389e-01 3.577881678938865662e-02 7.500220090150833130e-03 8.807290345430374146e-03 1.471491437405347824e-02
2.948330044746398926e-01 2.948330044746398926e-01 3.682417422533035278e-02 7.542262785136699677e-03 9.123659692704677582e-03 1.465658843517303467e-02
2.902395129203796387e-01 2.902395129203796387e-01 3.642521798610687256e-02 7.365358993411064148e-03 8.961005136370658875e-03 1.440154202282428741e-02
2.952114641666412354e-01 2.952114641666412354e-01 3.575182333588600159e-02 7.350781001150608063e-03 8.846066892147064209e-03 1.407518424093723297e-02
2.965848445892333984e-01 2.965848445892333984e-01 3.699866682291030884e-02 7.733355741947889328e-03 9.821779094636440277e-03 1.400117482990026474e-02
