          0  0.08446425 10.73327065
        100  0.01550042 18.09656525
        200  0.01316358 18.80625916
        300  0.01208967 19.17585564
        400  0.01132404 19.45998573
        500  0.01138438 19.43690681
        600  0.01048701 19.79348373
        700  0.01036579 19.84397507
        800  0.01006684 19.97107124
        900  0.00990225 20.04265976
       1000  0.00966566 20.14768600
       1100  0.00943976 20.25038910
       1200  0.00929349 20.31821251
       1300  0.00912743 20.39651299
       1400  0.00909736 20.41084862
       1500  0.00893489 20.48910904
       1600  0.00879282 20.55871964
       1700  0.00881762 20.54648399
       1800  0.00859708 20.65648842
       1900  0.00864236 20.63367844
       2000  0.00852172 20.69472885
       2100  0.00846106 20.72575188
       2200  0.00841377 20.75009346
       2300  0.00841185 20.75108719
       2400  0.00832015 20.79868698
       2500  0.00827543 20.82209587
       2600  0.00827895 20.82024574
       2700  0.00823369 20.84405518
       2800  0.00815035 20.88823891
       2900  0.00798422 20.97767639
       3000  0.00809406 20.91833878
       3100  0.00794477 20.99918747
       3200  0.00795738 20.99229813
       3300  0.00779846 21.07991028
       3400  0.00782134 21.06718636
       3500  0.00778167 21.08926964
       3600  0.00781608 21.07010841
       3700  0.00772526 21.12087059
       3800  0.00774120 21.11191368
       3900  0.00779060 21.08428955
       4000  0.00763342 21.17280769
       4100  0.00777781 21.09142494
       4200  0.00768169 21.14543152
       4300  0.00751301 21.24185944
       4400  0.00755096 21.21997643
       4500  0.00757572 21.20576096
       4600  0.00750669 21.24551582
       4700  0.00751006 21.24356651
       4800  0.00734585 21.33958054
       4900  0.00739602 21.31001663
       5000  0.00733226 21.34762001
