          0  0.06314415 11.99666882
        100  0.00855166 20.67949677
        200  0.00780811 21.07454300
        300  0.00747411 21.26440620
        400  0.00735223 21.33580780
        500  0.00732476 21.35206413
        600  0.00722492 21.41167259
        700  0.00715352 21.45480347
        800  0.00710151 21.48649406
        900  0.00702063 21.53623772
       1000  0.00701038 21.54258156
       1100  0.00695868 21.57473373
       1200  0.00694072 21.58595276
       1300  0.00689586 21.61411667
       1400  0.00691255 21.60361481
       1500  0.00683692 21.65139580
       1600  0.00684005 21.64940453
       1700  0.00686398 21.63423729
       1800  0.00677993 21.68774796
       1900  0.00675741 21.70219612
       2000  0.00675545 21.70345688
       2100  0.00676124 21.69973373
       2200  0.00673920 21.71391678
       2300  0.00671897 21.72697067
       2400  0.00667010 21.75868034
       2500  0.00665087 21.77121353
       2600  0.00667274 21.75696182
       2700  0.00667875 21.75304604
       2800  0.00664968 21.77199173
       2900  0.00662683 21.78693962
       3000  0.00659836 21.80564117
       3100  0.00655228 21.83607864
       3200  0.00659943 21.80493927
       3300  0.00656943 21.82472038
       3400  0.00658497 21.81445885
       3500  0.00652779 21.85233879
       3600  0.00656530 21.82745552
       3700  0.00653038 21.85061455
       3800  0.00653507 21.84749603
       3900  0.00646119 21.89687729
       4000  0.00645080 21.90386772
       4100  0.00647695 21.88629723
       4200  0.00645434 21.90147972
       4300  0.00646103 21.89698029
       4400  0.00640614 21.93403816
       4500  0.00645314 21.90228844
       4600  0.00640446 21.93517685
       4700  0.00641549 21.92770195
       4800  0.00635412 21.96944427
       4900  0.00637501 21.95518875
       5000  0.00635552 21.96849060
