9.525322768712849797e-04
3.285044259076951717e-03
1.120450957604641681e-02
1.608143812074465939e-01
4.462385183544360645e-01
5.928234027042277310e-01
6.309730240524914491e-01
6.813862907925632983e-01
6.849794022217156053e-01
7.018274685788628009e-01
7.211938535847044474e-01
7.060177968012898431e-01
6.896245999761212442e-01
6.718788882105061200e-01
6.335425556300440242e-01
6.267180934969144301e-01
6.471351456745590980e-01
6.136491093732309166e-01
6.014733897930164552e-01
6.331019393348921165e-01
6.268244066010379978e-01
6.757014705823373157e-01
6.911806091808738728e-01
6.986117285628387075e-01
7.058329983411330000e-01
7.269691294018052474e-01
7.312626856121595686e-01
7.539815429838441219e-01
7.326093388318331012e-01
7.600160302637558596e-01
7.941595665288339045e-01
8.196687263930765299e-01
8.197001328759545569e-01
8.250399753931132452e-01
8.325827142790592772e-01
8.453662017499395942e-01
8.518437734179601373e-01
8.701539380428454651e-01
8.844486388313086422e-01
8.858969157784873927e-01
8.876794959166944832e-01
9.033991501738926067e-01
9.089975871306228417e-01
9.189752848256400597e-01
9.121529205715239730e-01
9.172061557940487386e-01
9.146656243087410987e-01
9.287126519689674620e-01
9.386204409309769625e-01
9.394811883497373728e-01
9.399420430071367960e-01
