4.430328845046460629e-04 4.430328845046460629e-04 3.477944061160087585e-03 1.593424007296562195e-02 9.920014999806880951e-04 7.474494050256907940e-04
9.018381237983703613e-01 9.018381237983703613e-01 6.189331877976655960e-03 5.646169302053749561e-04 2.867270959541201591e-04 1.639917318243533373e-04
9.204359054565429688e-01 9.204359054565429688e-01 3.444920852780342102e-02 1.861691125668585300e-04 2.654066192917525768e-04 6.204699166119098663e-04
9.447503089904785156e-01 9.447503089904785156e-01 2.595053426921367645e-02 1.140738895628601313e-04 2.450013998895883560e-04 3.962359041906893253e-04
8.746278285980224609e-01 8.746278285980224609e-01 6.796511262655258179e-02 2.715025038924068213e-04 8.815018227323889732e-04 9.067379287444055080e-04
8.812202811241149902e-01 8.812202811241149902e-01 7.236118614673614502e-02 2.459217212162911892e-04 1.697228057309985161e-03 5.610189400613307953e-04
9.211293458938598633e-01 9.211293458938598633e-01 5.158349871635437012e-02 2.149051142623648047e-04 3.010401735082268715e-03 2.847692521754652262e-04
9.401831030845642090e-01 9.401831030845642090e-01 3.964438661932945251e-02 1.884102239273488522e-04 4.665446933358907700e-03 1.802319020498543978e-04
9.406291842460632324e-01 9.406291842460632324e-01 3.717054426670074463e-02 2.203699841629713774e-04 6.521328818053007126e-03 2.127705956809222698e-04
9.385136961936950684e-01 9.385136961936950684e-01 3.486455976963043213e-02 2.562624576967209578e-04 9.737735614180564880e-03 2.443480771034955978e-04
9.307715892791748047e-01 9.307715892791748047e-01 3.580750524997711182e-02 3.105289069935679436e-04 1.482693757861852646e-02 3.065776254516094923e-04
9.284373521804809570e-01 9.284373521804809570e-01 3.337295725941658020e-02 3.866860351990908384e-04 1.906945556402206421e-02 3.670937730930745602e-04
9.164001941680908203e-01 9.164001941680908203e-01 3.882005438208580017e-02 4.307920753490179777e-04 2.209820970892906189e-02 5.337892798706889153e-04
9.137061238288879395e-01 9.137061238288879395e-01 3.818213194608688354e-02 4.597507941070944071e-04 2.557898312807083130e-02 6.454193498939275742e-04
9.139903783798217773e-01 9.139903783798217773e-01 3.599912300705909729e-02 4.671735223382711411e-04 2.754119597375392914e-02 7.680263370275497437e-04
9.164366126060485840e-01 9.164366126060485840e-01 3.271102160215377808e-02 4.650417249649763107e-04 2.910086140036582947e-02 8.073506178334355354e-04
9.163784384727478027e-01 9.163784384727478027e-01 3.008571453392505646e-02 4.974365001544356346e-04 3.140588477253913879e-02 8.890139870345592499e-04
9.167637228965759277e-01 9.167637228965759277e-01 2.828250825405120850e-02 5.192703101783990860e-04 3.265028446912765503e-02 1.021138043142855167e-03
9.237656593322753906e-01 9.237656593322753906e-01 2.326045744121074677e-02 5.368460551835596561e-04 3.257744759321212769e-02 1.031928462907671928e-03
9.233902692794799805e-01 9.233902692794799805e-01 2.169119939208030701e-02 5.905665457248687744e-04 3.478911146521568298e-02 1.097503001801669598e-03
9.221916198730468750e-01 9.221916198730468750e-01 2.154145203530788422e-02 6.244479445740580559e-04 3.452463448047637939e-02 1.260454417206346989e-03
9.250821471214294434e-01 9.250821471214294434e-01 2.040825970470905304e-02 6.257332279346883297e-04 3.400878608226776123e-02 1.263517537154257298e-03
9.286987781524658203e-01 9.286987781524658203e-01 1.860044896602630615e-02 6.452720263041555882e-04 3.206867352128028870e-02 1.434166915714740753e-03
9.304909110069274902e-01 9.304909110069274902e-01 1.729245297610759735e-02 6.714164628647267818e-04 3.187601640820503235e-02 1.402754685841500759e-03
9.292816519737243652e-01 9.292816519737243652e-01 1.749320887029170990e-02 7.132578175514936447e-04 3.225180134177207947e-02 1.520294463261961937e-03
9.309816360473632812e-01 9.309816360473632812e-01 1.646294072270393372e-02 7.395518478006124496e-04 3.148319944739341736e-02 1.629998325370252132e-03
9.328529238700866699e-01 9.328529238700866699e-01 1.529336720705032349e-02 6.956961005926132202e-04 3.177110850811004639e-02 1.608446124009788036e-03
9.345214962959289551e-01 9.345214962959289551e-01 1.375677809119224548e-02 7.483393419533967972e-04 3.167329728603363037e-02 1.625957665964961052e-03
9.393512606620788574e-01 9.393512606620788574e-01 1.216356456279754639e-02 7.379649905487895012e-04 3.032731264829635620e-02 1.422939007170498371e-03
9.361086487770080566e-01 9.361086487770080566e-01 1.314542908221483231e-02 7.680632988922297955e-04 3.186630830168724060e-02 1.532481634058058262e-03
9.373731017112731934e-01 9.373731017112731934e-01 1.182630471885204315e-02 7.931197178550064564e-04 3.245809674263000488e-02 1.469920738600194454e-03
9.391111135482788086e-01 9.391111135482788086e-01 1.176485605537891388e-02 7.543961401097476482e-04 3.118856064975261688e-02 1.477217767387628555e-03
9.423821568489074707e-01 9.423821568489074707e-01 9.869517758488655090e-03 7.469626143574714661e-04 3.111227042973041534e-02 1.320678507909178734e-03
9.408200979232788086e-01 9.408200979232788086e-01 1.007194817066192627e-02 7.820284226909279823e-04 3.229952603578567505e-02 1.341005321592092514e-03
9.453346729278564453e-01 9.453346729278564453e-01 8.975309319794178009e-03 7.284686435014009476e-04 3.008424304425716400e-02 1.261605881154537201e-03
9.488977193832397461e-01 9.488977193832397461e-01 8.001691661775112152e-03 7.364164339378476143e-04 2.859564498066902161e-02 1.163747976534068584e-03
9.458788633346557617e-01 9.458788633346557617e-01 7.822549901902675629e-03 7.391923572868108749e-04 3.114749677479267120e-02 1.209180220030248165e-03
9.498215317726135254e-01 9.498215317726135254e-01 6.917806342244148254e-03 7.482204237021505833e-04 2.876668795943260193e-02 1.100646448321640491e-03
9.484964609146118164e-01 9.484964609146118164e-01 7.057754322886466980e-03 7.328224019147455692e-04 2.984489500522613525e-02 1.165023772045969963e-03
9.506248235702514648e-01 9.506248235702514648e-01 6.632747594267129898e-03 6.653613527305424213e-04 2.920962497591972351e-02 1.099336193874478340e-03
9.527969360351562500e-01 9.527969360351562500e-01 5.869406741112470627e-03 6.637412589043378830e-04 2.841066569089889526e-02 1.066290424205362797e-03
9.542665481567382812e-01 9.542665481567382812e-01 5.745960865169763565e-03 6.387692992575466633e-04 2.748527191579341888e-02 1.038074493408203125e-03
9.562420845031738281e-01 9.562420845031738281e-01 5.284219980239868164e-03 6.328968447633087635e-04 2.670112997293472290e-02 9.707533172331750393e-04
9.562424421310424805e-01 9.562424421310424805e-01 5.172555800527334213e-03 6.426811451092362404e-04 2.689085528254508972e-02 9.333434863947331905e-04
9.586102962493896484e-01 9.586102962493896484e-01 4.397455602884292603e-03 6.292519392445683479e-04 2.566883899271488190e-02 8.848552242852747440e-04
9.594423770904541016e-01 9.594423770904541016e-01 4.121417179703712463e-03 6.121238111518323421e-04 2.575649879872798920e-02 8.525387383997440338e-04
9.608095288276672363e-01 9.608095288276672363e-01 3.938553854823112488e-03 6.334146601147949696e-04 2.446437999606132507e-02 8.576490217819809914e-04
9.616236090660095215e-01 9.616236090660095215e-01 3.659897483885288239e-03 6.293839542195200920e-04 2.428293600678443909e-02 8.003009133972227573e-04
9.615844488143920898e-01 9.615844488143920898e-01 3.555037314072251320e-03 6.259360234253108501e-04 2.447605691850185394e-02 8.231454412452876568e-04
9.642432928085327148e-01 9.642432928085327148e-01 3.285359358415007591e-03 6.250813603401184082e-04 2.249943464994430542e-02 8.020278182812035084e-04
9.661788344383239746e-01 9.661788344383239746e-01 3.044257871806621552e-03 6.087818765081465244e-04 2.128466777503490448e-02 7.587302825413644314e-04
