5.684332572855055332e-04 5.684332572855055332e-04 4.524796968325972557e-04 4.026266979053616524e-04 1.218601129949092865e-03 5.781014915555715561e-04
3.750312840566039085e-03 3.750312840566039085e-03 2.972088288515806198e-03 3.897910704836249352e-03 4.434955772012472153e-03 2.222436713054776192e-03
5.923566818237304688e-01 5.923566818237304688e-01 1.820450276136398315e-02 8.325119502842426300e-03 1.675397972576320171e-03 1.265112906694412231e-01
6.430925130844116211e-01 6.430925130844116211e-01 1.391906943172216415e-02 2.539140637964010239e-03 3.726869123056530952e-03 8.479171991348266602e-02
5.946688652038574219e-01 5.946688652038574219e-01 2.023641765117645264e-02 2.358284546062350273e-03 5.245377309620380402e-03 9.077182412147521973e-02
4.690265953540802002e-01 4.690265953540802002e-01 2.724082954227924347e-02 1.974979881197214127e-03 7.997211068868637085e-03 8.347849547863006592e-02
5.637999176979064941e-01 5.637999176979064941e-01 3.373852372169494629e-02 1.476694364100694656e-03 5.324047524482011795e-03 5.953202024102210999e-02
6.968604326248168945e-01 6.968604326248168945e-01 3.584765270352363586e-02 1.158409053459763527e-03 3.178801387548446655e-03 5.044690519571304321e-02
7.952312231063842773e-01 7.952312231063842773e-01 3.315884619951248169e-02 1.129619777202606201e-03 1.639946131035685539e-03 4.410253837704658508e-02
8.648381233215332031e-01 8.648381233215332031e-01 2.775373868644237518e-02 9.100338793359696865e-04 1.111758290790021420e-03 3.673835843801498413e-02
8.841657042503356934e-01 8.841657042503356934e-01 2.616445533931255341e-02 7.050070562399923801e-04 8.652532123960554600e-04 3.633174300193786621e-02
9.192700982093811035e-01 9.192700982093811035e-01 2.494258992373943329e-02 5.458860541693866253e-04 6.549607496708631516e-04 2.542209811508655548e-02
9.259703755378723145e-01 9.259703755378723145e-01 2.642000652849674225e-02 4.868429678026586771e-04 7.760392618365585804e-04 2.263601683080196381e-02
9.327991008758544922e-01 9.327991008758544922e-01 2.862679585814476013e-02 3.951816470362246037e-04 7.745733601041138172e-04 1.771693676710128784e-02
9.416894316673278809e-01 9.416894316673278809e-01 2.752522379159927368e-02 3.282826219219714403e-04 6.704744882881641388e-04 1.441440917551517487e-02
9.414352774620056152e-01 9.414352774620056152e-01 3.045407682657241821e-02 3.496173303574323654e-04 5.337425391189754009e-04 1.435380335897207260e-02
9.451508522033691406e-01 9.451508522033691406e-01 3.061903268098831177e-02 3.474143159110099077e-04 4.506615805439651012e-04 1.273128204047679901e-02
9.533962011337280273e-01 9.533962011337280273e-01 2.884693257510662079e-02 2.818756329361349344e-04 3.908025100827217102e-04 9.034082293510437012e-03
9.597896933555603027e-01 9.597896933555603027e-01 2.668824791908264160e-02 2.358904457651078701e-04 3.275389317423105240e-04 6.357498001307249069e-03
9.661969542503356934e-01 9.661969542503356934e-01 2.270310558378696442e-02 1.862540520960465074e-04 2.596396079752594233e-04 5.157735198736190796e-03
9.666965603828430176e-01 9.666965603828430176e-01 2.373837120831012726e-02 1.607200683793053031e-04 2.188861253671348095e-04 4.567687865346670151e-03
9.742331504821777344e-01 9.742331504821777344e-01 1.901172101497650146e-02 1.249741471838206053e-04 1.486673136241734028e-04 3.182772779837250710e-03
9.765215516090393066e-01 9.765215516090393066e-01 1.831124536693096161e-02 1.059899877873249352e-04 1.276985713047906756e-04 2.312356606125831604e-03
9.780880212783813477e-01 9.780880212783813477e-01 1.719948835670948029e-02 9.738641529111191630e-05 1.212598144775256515e-04 2.140550641342997551e-03
9.785813689231872559e-01 9.785813689231872559e-01 1.728969067335128784e-02 9.606160892872139812e-05 1.036030298564583063e-04 1.829251530580222607e-03
9.805456399917602539e-01 9.805456399917602539e-01 1.593622379004955292e-02 9.892666275845840573e-05 9.222579683410003781e-05 1.525782281532883644e-03
9.811392426490783691e-01 9.811392426490783691e-01 1.572348177433013916e-02 1.025081073748879135e-04 7.493484008591622114e-05 1.427578274160623550e-03
9.806107282638549805e-01 9.806107282638549805e-01 1.625829748809337616e-02 1.060816794051788747e-04 7.544682739535346627e-05 1.369445468299090862e-03
9.806015491485595703e-01 9.806015491485595703e-01 1.645479537546634674e-02 9.991785191232338548e-05 8.111125498544424772e-05 1.311817555688321590e-03
9.799592494964599609e-01 9.799592494964599609e-01 1.730541698634624481e-02 1.083570314222015440e-04 8.011880709091201425e-05 1.204442465677857399e-03
9.812584519386291504e-01 9.812584519386291504e-01 1.613007299602031708e-02 1.124081973102875054e-04 6.119594036135822535e-05 1.172118121758103371e-03
9.823055863380432129e-01 9.823055863380432129e-01 1.520029362291097641e-02 1.059379865182563663e-04 5.998331471346318722e-05 1.066530123353004456e-03
9.823315143585205078e-01 9.823315143585205078e-01 1.525674015283584595e-02 9.781601693248376250e-05 5.780597712146118283e-05 1.039637136273086071e-03
9.818994998931884766e-01 9.818994998931884766e-01 1.594219543039798737e-02 1.019627234200015664e-04 5.424233677331358194e-05 8.855258347466588020e-04
9.807939529418945312e-01 9.807939529418945312e-01 1.704126223921775818e-02 1.176594596472568810e-04 5.881219840375706553e-05 8.667870424687862396e-04
9.809007048606872559e-01 9.809007048606872559e-01 1.704948954284191132e-02 1.156580547103658319e-04 5.510314440471120179e-05 8.350322605110704899e-04
9.792280197143554688e-01 9.792280197143554688e-01 1.875201240181922913e-02 1.175575598608702421e-04 5.729806071030907333e-05 7.863715291023254395e-04
9.799256920814514160e-01 9.799256920814514160e-01 1.810578443109989166e-02 1.197729725390672684e-04 5.991559009999036789e-05 7.528014248237013817e-04
9.800712466239929199e-01 9.800712466239929199e-01 1.819488778710365295e-02 1.116076527978293598e-04 6.136738375062122941e-05 6.431047222577035427e-04
9.772352576255798340e-01 9.772352576255798340e-01 2.102418243885040283e-02 1.239433477167040110e-04 5.291114212013781071e-05 6.381580606102943420e-04
9.785516858100891113e-01 9.785516858100891113e-01 1.974524185061454773e-02 1.317904388997703791e-04 6.455986294895410538e-05 5.807534907944500446e-04
9.762445688247680664e-01 9.762445688247680664e-01 2.196441218256950378e-02 1.620983530301600695e-04 7.791550160618498921e-05 5.858193035237491131e-04
9.746761918067932129e-01 9.746761918067932129e-01 2.354009635746479034e-02 1.504093961557373405e-04 7.695321255596354604e-05 5.908673629164695740e-04
9.767956733703613281e-01 9.767956733703613281e-01 2.156473696231842041e-02 1.505673571955412626e-04 6.689208385068923235e-05 5.237824516370892525e-04
9.734516739845275879e-01 9.734516739845275879e-01 2.495603263378143311e-02 1.535231422167271376e-04 7.655573426745831966e-05 4.404096398502588272e-04
9.721122980117797852e-01 9.721122980117797852e-01 2.627480588853359222e-02 1.702448062133044004e-04 8.790488936938345432e-05 4.254718369338661432e-04
9.699752926826477051e-01 9.699752926826477051e-01 2.851924672722816467e-02 1.747164642438292503e-04 8.052857447182759643e-05 3.930918173864483833e-04
9.705797433853149414e-01 9.705797433853149414e-01 2.791139297187328339e-02 1.810166140785440803e-04 8.035996870603412390e-05 3.988928510807454586e-04
9.672982692718505859e-01 9.672982692718505859e-01 3.112223185598850250e-02 1.881671632872894406e-04 9.132422565016895533e-05 4.070869763381779194e-04
9.660330414772033691e-01 9.660330414772033691e-01 3.234699368476867676e-02 2.114858943969011307e-04 1.003196084639057517e-04 4.118618380744010210e-04
9.629524350166320801e-01 9.629524350166320801e-01 3.539374843239784241e-02 2.250748657388612628e-04 9.232051525032147765e-05 4.181621770840138197e-04
