1.165054702758789062e+01
1.793330955505371094e+01
2.252420806884765625e+01
2.490611076354980469e+01
2.609283828735351562e+01
2.680123329162597656e+01
2.728781127929687500e+01
2.767084121704101562e+01
2.793624496459960938e+01
2.817722702026367188e+01
2.838058662414550781e+01
2.855231666564941406e+01
2.871676254272460938e+01
2.886107063293457031e+01
2.898633956909179688e+01
2.911611938476562500e+01
2.922930526733398438e+01
2.934960365295410156e+01
2.945774459838867188e+01
2.955452728271484375e+01
2.964785575866699219e+01
2.973773002624511719e+01
2.982783508300781250e+01
2.990970993041992188e+01
2.998046112060546875e+01
3.005464553833007812e+01
3.012702369689941406e+01
3.018693351745605469e+01
3.024702262878417969e+01
3.031119155883789062e+01
3.036294746398925781e+01
3.040980148315429688e+01
3.045459365844726562e+01
3.049296760559082031e+01
3.054034614562988281e+01
3.058709335327148438e+01
3.062297058105468750e+01
3.065796661376953125e+01
3.068760299682617188e+01
3.072496414184570312e+01
3.075429725646972656e+01
3.078162574768066406e+01
3.081374549865722656e+01
3.083967399597167969e+01
3.086483764648437500e+01
3.089212989807128906e+01
3.091202735900878906e+01
3.093038558959960938e+01
3.094971275329589844e+01
3.097123527526855469e+01
3.099117088317871094e+01
