          0  0.15649450  8.05500889
        100  0.01963005 17.07078743
        200  0.01066579 19.72006798
        300  0.00734370 21.34084892
        400  0.00507380 22.94667053
        500  0.00385134 24.14387894
        600  0.00312499 25.05151176
        700  0.00268573 25.70937157
        800  0.00244235 26.12191772
        900  0.00235202 26.28558540
       1000  0.00187945 27.25969696
       1100  0.00160315 27.95026970
       1200  0.00147193 28.32113075
       1300  0.00140298 28.52949142
       1400  0.00135626 28.67656517
       1500  0.00116700 29.32927513
       1600  0.00109210 29.61739349
       1700  0.00100792 29.96573257
       1800  0.00101441 29.93785477
       1900  0.00087209 30.59437752
       2000  0.00081399 30.89383125
       2100  0.00079737 30.98339081
       2200  0.00071425 31.46147346
       2300  0.00069285 31.59362030
       2400  0.00064156 31.92760658
       2500  0.00062154 32.06530762
       2600  0.00071024 31.48596191
       2700  0.00056176 32.50449753
       2800  0.00062263 32.05766678
       2900  0.00055878 32.52757263
       3000  0.00046594 33.31665421
       3100  0.00046740 33.30311584
       3200  0.00059326 32.26757812
       3300  0.00046008 33.37163925
       3400  0.00046065 33.36624908
       3500  0.00041342 33.83611679
       3600  0.00036307 34.40014648
       3700  0.00035502 34.49745941
       3800  0.00038675 34.12567139
       3900  0.00036421 34.38645935
       4000  0.00033547 34.74347687
       4100  0.00039284 34.05789566
       4200  0.00030039 35.22321320
       4300  0.00031175 35.06188583
       4400  0.00034828 34.58069992
       4500  0.00025817 35.88100433
       4600  0.00030959 35.09218979
       4700  0.00027438 35.61653137
       4800  0.00025738 35.89429092
       4900  0.00024816 36.05271149
       5000  0.00024618 36.08751297
