6.383493980613441643e-05
7.956238692831638440e-03
5.948914705902281774e-01
7.538958891558215081e-01
7.770176566978400645e-01
8.292426061373111557e-01
8.565334834278627296e-01
9.017353824762663894e-01
9.176146416371407932e-01
9.279205493659762327e-01
9.199875640472290339e-01
9.264521017477237441e-01
9.375572286376625541e-01
9.421745958035764312e-01
9.412735418197396564e-01
9.346184914276196576e-01
9.281363891937465249e-01
9.206173874276227798e-01
9.126377607075073506e-01
9.058684421712737134e-01
8.980388047249515671e-01
8.897971572690821507e-01
8.846868648274955893e-01
8.784938866542899571e-01
8.729438888153195908e-01
8.687853704146288880e-01
8.644384444349275665e-01
8.575960390201042838e-01
8.545166539734954103e-01
8.485642507012820523e-01
8.406274498659207506e-01
8.275373991346802738e-01
8.231480419788400615e-01
8.169119747818034405e-01
8.091724624692957502e-01
8.076540184264454636e-01
7.967512454865892657e-01
7.883895408269158134e-01
7.863667249585506447e-01
7.808573163221814717e-01
7.799917203289474799e-01
7.750327986413076964e-01
7.667373392442263791e-01
7.616437561340185791e-01
7.596365312559555383e-01
7.493260185932756334e-01
7.477988251761206184e-01
7.410615438224911200e-01
7.317608931519173909e-01
7.322997361964970198e-01
7.274168617020612126e-01
