5.783799133496358991e-05 8.867129508871585131e-06 5.783799133496358991e-05 2.415351991658098996e-05 2.251521254947874695e-05 4.513173553277738392e-05
7.208792958408594131e-03 2.543133450672030449e-05 7.208792958408594131e-03 3.496688441373407841e-05 2.167192287743091583e-03 3.045002813450992107e-04
5.390046238899230957e-01 2.110009640455245972e-01 5.390046238899230957e-01 1.259943749755620956e-02 5.149984359741210938e-02 2.010899223387241364e-02
6.830714344978332520e-01 2.175406664609909058e-01 6.830714344978332520e-01 9.628267958760261536e-03 2.476854063570499420e-02 5.483348853886127472e-03
7.040210366249084473e-01 2.442291080951690674e-01 7.040210366249084473e-01 9.072194807231426239e-03 2.158143371343612671e-02 2.475769026204943657e-03
7.513397336006164551e-01 2.038114219903945923e-01 7.513397336006164551e-01 1.003918517380952835e-02 1.783537492156028748e-02 2.026655245572328568e-03
7.760667800903320312e-01 1.816752403974533081e-01 7.760667800903320312e-01 1.007306296378374100e-02 1.705817691981792450e-02 1.720589934848248959e-03
8.170222043991088867e-01 1.441215574741363525e-01 8.170222043991088867e-01 9.615395218133926392e-03 1.525210961699485779e-02 1.489206799305975437e-03
8.314096927642822266e-01 1.301668882369995117e-01 8.314096927642822266e-01 1.020346395671367645e-02 1.472895964980125427e-02 1.413879683241248131e-03
8.407474160194396973e-01 1.232777610421180725e-01 8.407474160194396973e-01 1.012113690376281738e-02 1.335936598479747772e-02 1.302353222854435444e-03
8.335596919059753418e-01 1.294266730546951294e-01 8.335596919059753418e-01 1.067375019192695618e-02 1.405450049787759781e-02 1.268290681764483452e-03
8.394169211387634277e-01 1.241860389709472656e-01 8.394169211387634277e-01 1.116493809968233109e-02 1.339694298803806305e-02 1.310991705395281315e-03
8.494787812232971191e-01 1.151066422462463379e-01 8.494787812232971191e-01 1.083832792937755585e-02 1.323046535253524780e-02 1.312375534325838089e-03
8.536623716354370117e-01 1.115219295024871826e-01 8.536623716354370117e-01 1.089600753039121628e-02 1.314734295010566711e-02 1.344854477792978287e-03
8.528459668159484863e-01 1.115666702389717102e-01 8.528459668159484863e-01 1.180780027061700821e-02 1.316672563552856445e-02 1.509692636318504810e-03
8.468161225318908691e-01 1.169259995222091675e-01 8.468161225318908691e-01 1.253236457705497742e-02 1.327172853052616119e-02 1.632949220947921276e-03
8.409429788589477539e-01 1.211886107921600342e-01 8.409429788589477539e-01 1.356494333595037460e-02 1.355546340346336365e-02 1.785886939615011215e-03
8.341303467750549316e-01 1.268598735332489014e-01 8.341303467750549316e-01 1.430278923362493515e-02 1.387383602559566498e-02 1.945476746186614037e-03
8.269003629684448242e-01 1.325082182884216309e-01 8.269003629684448242e-01 1.503270771354436874e-02 1.426283270120620728e-02 2.136178081855177879e-03
8.207669854164123535e-01 1.373052746057510376e-01 8.207669854164123535e-01 1.577053405344486237e-02 1.452348101884126663e-02 2.283042296767234802e-03
8.136729001998901367e-01 1.426828205585479736e-01 8.136729001998901367e-01 1.605004072189331055e-02 1.528492569923400879e-02 2.359642880037426949e-03
8.062055110931396484e-01 1.487265378236770630e-01 8.062055110931396484e-01 1.644265465438365936e-02 1.594684831798076630e-02 2.519788686186075211e-03
8.015753030776977539e-01 1.520025432109832764e-01 8.015753030776977539e-01 1.699091680347919464e-02 1.619048975408077240e-02 2.639560960233211517e-03
7.959641218185424805e-01 1.566503494977951050e-01 7.959641218185424805e-01 1.739475689828395844e-02 1.640068925917148590e-02 2.723331796005368233e-03
7.909355163574218750e-01 1.612086296081542969e-01 7.909355163574218750e-01 1.783255673944950104e-02 1.657665520906448364e-02 2.787444274872541428e-03
7.871676683425903320e-01 1.639749556779861450e-01 7.871676683425903320e-01 1.794691570103168488e-02 1.708609238266944885e-02 2.774472348392009735e-03
7.832291126251220703e-01 1.662205308675765991e-01 7.832291126251220703e-01 1.903122477233409882e-02 1.717210561037063599e-02 2.875582315027713776e-03
7.770295143127441406e-01 1.703612506389617920e-01 7.770295143127441406e-01 1.996476203203201294e-02 1.740104146301746368e-02 2.975167706608772278e-03
7.742394208908081055e-01 1.726586669683456421e-01 7.742394208908081055e-01 2.013588137924671173e-02 1.741276308894157410e-02 3.036456182599067688e-03
7.688462138175964355e-01 1.762902438640594482e-01 7.688462138175964355e-01 2.060789056122303009e-02 1.803816109895706177e-02 3.124400274828076363e-03
7.616550326347351074e-01 1.817812472581863403e-01 7.616550326347351074e-01 2.129170671105384827e-02 1.820874027907848358e-02 3.305944148451089859e-03
7.497947216033935547e-01 1.912732422351837158e-01 7.497947216033935547e-01 2.220902964472770691e-02 1.909529045224189758e-02 3.424485446885228157e-03
7.458177208900451660e-01 1.940508037805557251e-01 7.458177208900451660e-01 2.252719923853874207e-02 1.926544867455959320e-02 3.456104779615998268e-03
7.401674985885620117e-01 1.982653588056564331e-01 7.401674985885620117e-01 2.329410426318645477e-02 1.950029470026493073e-02 3.571677021682262421e-03
7.331550717353820801e-01 2.031201124191284180e-01 7.331550717353820801e-01 2.409008517861366272e-02 1.976417563855648041e-02 3.716277889907360077e-03
7.317792773246765137e-01 2.040731459856033325e-01 7.317792773246765137e-01 2.406979538500308990e-02 1.987667009234428406e-02 3.722891444340348244e-03
7.219007611274719238e-01 2.123884707689285278e-01 7.219007611274719238e-01 2.450185827910900116e-02 2.043278701603412628e-02 3.802872728556394577e-03
7.143245935440063477e-01 2.180657982826232910e-01 7.143245935440063477e-01 2.556150965392589569e-02 2.056025899946689606e-02 3.951241727918386459e-03
7.124918103218078613e-01 2.188070267438888550e-01 7.124918103218078613e-01 2.586921304464340210e-02 2.080220356583595276e-02 4.048659931868314743e-03
7.074999809265136719e-01 2.223039716482162476e-01 7.074999809265136719e-01 2.650263346731662750e-02 2.105912938714027405e-02 4.221525508910417557e-03
7.067157030105590820e-01 2.212171405553817749e-01 7.067157030105590820e-01 2.739552222192287445e-02 2.098000980913639069e-02 4.381081089377403259e-03
7.022226452827453613e-01 2.239477932453155518e-01 7.022226452827453613e-01 2.790739014744758606e-02 2.142707072198390961e-02 4.475746769458055496e-03
6.947064995765686035e-01 2.310941666364669800e-01 6.947064995765686035e-01 2.818470448255538940e-02 2.181504108011722565e-02 4.509930964559316635e-03
6.900914311408996582e-01 2.348437309265136719e-01 6.900914311408996582e-01 2.826790511608123779e-02 2.213635295629501343e-02 4.514698870480060577e-03
6.882727742195129395e-01 2.358746379613876343e-01 6.882727742195129395e-01 2.844316326081752777e-02 2.227085456252098083e-02 4.573508631438016891e-03
6.789308786392211914e-01 2.431802898645401001e-01 6.789308786392211914e-01 2.929083257913589478e-02 2.275462262332439423e-02 4.685379564762115479e-03
6.775471568107604980e-01 2.437167912721633911e-01 6.775471568107604980e-01 2.947180531919002533e-02 2.300982549786567688e-02 4.752282518893480301e-03
6.714428067207336426e-01 2.480746805667877197e-01 6.714428067207336426e-01 3.027634881436824799e-02 2.326416783034801483e-02 4.960076417773962021e-03
6.630159020423889160e-01 2.553069591522216797e-01 6.630159020423889160e-01 3.060259483754634857e-02 2.420356869697570801e-02 4.985195118933916092e-03
6.635041236877441406e-01 2.541321516036987305e-01 6.635041236877441406e-01 3.073824942111968994e-02 2.439081296324729919e-02 5.007932893931865692e-03
6.590799689292907715e-01 2.579517662525177002e-01 6.590799689292907715e-01 3.128964081406593323e-02 2.430837415158748627e-02 5.089954938739538193e-03
