1.800000000000000000e+01 1.280000000000000000e+02 1.330000000000000000e+02 1.380000000000000000e+02 6.110000000000000000e+02
2.100000000000000000e+01 3.500000000000000000e+02 1.350000000000000000e+02 1.460000000000000000e+02 2.300000000000000000e+01
1.460000000000000000e+02 1.480000000000000000e+02 1.500000000000000000e+02 2.840000000000000000e+02 4.000000000000000000e+00
1.460000000000000000e+02 1.480000000000000000e+02 1.500000000000000000e+02 4.000000000000000000e+00 2.680000000000000000e+02
1.500000000000000000e+02 1.460000000000000000e+02 1.480000000000000000e+02 2.680000000000000000e+02 4.000000000000000000e+00
1.500000000000000000e+02 1.460000000000000000e+02 1.480000000000000000e+02 4.000000000000000000e+00 2.680000000000000000e+02
1.500000000000000000e+02 1.460000000000000000e+02 1.480000000000000000e+02 4.000000000000000000e+00 2.680000000000000000e+02
1.500000000000000000e+02 1.460000000000000000e+02 1.480000000000000000e+02 4.000000000000000000e+00 2.680000000000000000e+02
1.500000000000000000e+02 1.460000000000000000e+02 1.480000000000000000e+02 4.000000000000000000e+00 1.490000000000000000e+02
1.500000000000000000e+02 1.480000000000000000e+02 1.460000000000000000e+02 4.000000000000000000e+00 1.490000000000000000e+02
1.500000000000000000e+02 1.480000000000000000e+02 1.460000000000000000e+02 4.000000000000000000e+00 1.470000000000000000e+02
1.500000000000000000e+02 1.480000000000000000e+02 1.460000000000000000e+02 4.000000000000000000e+00 1.470000000000000000e+02
1.500000000000000000e+02 1.480000000000000000e+02 1.460000000000000000e+02 4.000000000000000000e+00 1.470000000000000000e+02
1.500000000000000000e+02 1.480000000000000000e+02 4.000000000000000000e+00 1.460000000000000000e+02 1.470000000000000000e+02
1.500000000000000000e+02 1.480000000000000000e+02 4.000000000000000000e+00 1.460000000000000000e+02 1.470000000000000000e+02
1.500000000000000000e+02 1.480000000000000000e+02 4.000000000000000000e+00 1.460000000000000000e+02 1.490000000000000000e+02
1.500000000000000000e+02 1.480000000000000000e+02 4.000000000000000000e+00 1.460000000000000000e+02 1.470000000000000000e+02
1.500000000000000000e+02 1.480000000000000000e+02 4.000000000000000000e+00 1.460000000000000000e+02 1.490000000000000000e+02
1.500000000000000000e+02 1.480000000000000000e+02 4.000000000000000000e+00 1.460000000000000000e+02 1.470000000000000000e+02
1.500000000000000000e+02 1.480000000000000000e+02 4.000000000000000000e+00 1.460000000000000000e+02 1.470000000000000000e+02
1.500000000000000000e+02 1.480000000000000000e+02 4.000000000000000000e+00 1.460000000000000000e+02 1.470000000000000000e+02
1.500000000000000000e+02 1.480000000000000000e+02 4.000000000000000000e+00 1.460000000000000000e+02 3.000000000000000000e+00
1.500000000000000000e+02 1.480000000000000000e+02 4.000000000000000000e+00 1.460000000000000000e+02 3.000000000000000000e+00
1.500000000000000000e+02 1.480000000000000000e+02 4.000000000000000000e+00 1.460000000000000000e+02 3.000000000000000000e+00
1.500000000000000000e+02 4.000000000000000000e+00 1.480000000000000000e+02 1.460000000000000000e+02 3.000000000000000000e+00
1.500000000000000000e+02 4.000000000000000000e+00 1.480000000000000000e+02 1.460000000000000000e+02 3.000000000000000000e+00
1.500000000000000000e+02 4.000000000000000000e+00 1.480000000000000000e+02 3.000000000000000000e+00 1.460000000000000000e+02
1.500000000000000000e+02 4.000000000000000000e+00 1.480000000000000000e+02 3.000000000000000000e+00 1.460000000000000000e+02
1.500000000000000000e+02 4.000000000000000000e+00 1.480000000000000000e+02 3.000000000000000000e+00 1.460000000000000000e+02
1.500000000000000000e+02 4.000000000000000000e+00 1.480000000000000000e+02 3.000000000000000000e+00 1.460000000000000000e+02
1.500000000000000000e+02 4.000000000000000000e+00 1.480000000000000000e+02 3.000000000000000000e+00 1.460000000000000000e+02
1.500000000000000000e+02 4.000000000000000000e+00 1.480000000000000000e+02 3.000000000000000000e+00 1.460000000000000000e+02
4.000000000000000000e+00 1.500000000000000000e+02 1.480000000000000000e+02 3.000000000000000000e+00 1.460000000000000000e+02
1.500000000000000000e+02 4.000000000000000000e+00 1.480000000000000000e+02 3.000000000000000000e+00 1.460000000000000000e+02
1.500000000000000000e+02 4.000000000000000000e+00 1.480000000000000000e+02 3.000000000000000000e+00 1.460000000000000000e+02
4.000000000000000000e+00 1.500000000000000000e+02 1.480000000000000000e+02 3.000000000000000000e+00 1.460000000000000000e+02
4.000000000000000000e+00 1.500000000000000000e+02 3.000000000000000000e+00 1.480000000000000000e+02 1.460000000000000000e+02
4.000000000000000000e+00 1.500000000000000000e+02 3.000000000000000000e+00 1.480000000000000000e+02 1.460000000000000000e+02
4.000000000000000000e+00 1.500000000000000000e+02 3.000000000000000000e+00 1.480000000000000000e+02 1.460000000000000000e+02
4.000000000000000000e+00 1.500000000000000000e+02 3.000000000000000000e+00 1.460000000000000000e+02 1.480000000000000000e+02
4.000000000000000000e+00 1.500000000000000000e+02 3.000000000000000000e+00 1.460000000000000000e+02 1.470000000000000000e+02
4.000000000000000000e+00 1.500000000000000000e+02 3.000000000000000000e+00 1.460000000000000000e+02 1.470000000000000000e+02
4.000000000000000000e+00 1.500000000000000000e+02 3.000000000000000000e+00 1.460000000000000000e+02 1.470000000000000000e+02
4.000000000000000000e+00 1.500000000000000000e+02 3.000000000000000000e+00 1.460000000000000000e+02 1.470000000000000000e+02
4.000000000000000000e+00 1.500000000000000000e+02 3.000000000000000000e+00 1.460000000000000000e+02 1.470000000000000000e+02
4.000000000000000000e+00 1.500000000000000000e+02 3.000000000000000000e+00 1.460000000000000000e+02 1.470000000000000000e+02
4.000000000000000000e+00 1.500000000000000000e+02 3.000000000000000000e+00 1.460000000000000000e+02 1.470000000000000000e+02
4.000000000000000000e+00 1.500000000000000000e+02 3.000000000000000000e+00 1.460000000000000000e+02 1.470000000000000000e+02
4.000000000000000000e+00 1.500000000000000000e+02 1.460000000000000000e+02 3.000000000000000000e+00 1.470000000000000000e+02
4.000000000000000000e+00 1.500000000000000000e+02 1.460000000000000000e+02 3.000000000000000000e+00 1.470000000000000000e+02
4.000000000000000000e+00 1.500000000000000000e+02 1.460000000000000000e+02 3.000000000000000000e+00 1.470000000000000000e+02
4.000000000000000000e+00 1.500000000000000000e+02 1.460000000000000000e+02 3.000000000000000000e+00 1.780000000000000000e+02
4.000000000000000000e+00 1.500000000000000000e+02 3.000000000000000000e+00 1.460000000000000000e+02 1.780000000000000000e+02
4.000000000000000000e+00 1.500000000000000000e+02 1.460000000000000000e+02 3.000000000000000000e+00 1.780000000000000000e+02
1.500000000000000000e+02 4.000000000000000000e+00 1.460000000000000000e+02 3.000000000000000000e+00 1.780000000000000000e+02
4.000000000000000000e+00 1.500000000000000000e+02 1.460000000000000000e+02 3.000000000000000000e+00 1.780000000000000000e+02
4.000000000000000000e+00 1.500000000000000000e+02 1.460000000000000000e+02 3.000000000000000000e+00 1.780000000000000000e+02
4.000000000000000000e+00 1.500000000000000000e+02 1.460000000000000000e+02 3.000000000000000000e+00 1.780000000000000000e+02
4.000000000000000000e+00 1.500000000000000000e+02 3.000000000000000000e+00 1.460000000000000000e+02 1.780000000000000000e+02
4.000000000000000000e+00 1.500000000000000000e+02 3.000000000000000000e+00 1.460000000000000000e+02 1.780000000000000000e+02
4.000000000000000000e+00 1.500000000000000000e+02 3.000000000000000000e+00 1.460000000000000000e+02 1.780000000000000000e+02
4.000000000000000000e+00 1.500000000000000000e+02 3.000000000000000000e+00 1.460000000000000000e+02 1.780000000000000000e+02
4.000000000000000000e+00 1.500000000000000000e+02 3.000000000000000000e+00 1.460000000000000000e+02 1.780000000000000000e+02
4.000000000000000000e+00 1.500000000000000000e+02 3.000000000000000000e+00 1.460000000000000000e+02 1.780000000000000000e+02
4.000000000000000000e+00 1.500000000000000000e+02 3.000000000000000000e+00 1.460000000000000000e+02 1.780000000000000000e+02
4.000000000000000000e+00 1.500000000000000000e+02 3.000000000000000000e+00 1.460000000000000000e+02 1.780000000000000000e+02
4.000000000000000000e+00 1.500000000000000000e+02 3.000000000000000000e+00 1.460000000000000000e+02 1.780000000000000000e+02
4.000000000000000000e+00 1.500000000000000000e+02 3.000000000000000000e+00 1.780000000000000000e+02 1.460000000000000000e+02
4.000000000000000000e+00 1.500000000000000000e+02 3.000000000000000000e+00 1.780000000000000000e+02 1.460000000000000000e+02
4.000000000000000000e+00 1.500000000000000000e+02 3.000000000000000000e+00 1.780000000000000000e+02 1.460000000000000000e+02
4.000000000000000000e+00 1.500000000000000000e+02 3.000000000000000000e+00 1.780000000000000000e+02 1.460000000000000000e+02
4.000000000000000000e+00 1.500000000000000000e+02 3.000000000000000000e+00 1.780000000000000000e+02 1.460000000000000000e+02
4.000000000000000000e+00 1.500000000000000000e+02 3.000000000000000000e+00 1.780000000000000000e+02 1.460000000000000000e+02
1.500000000000000000e+02 4.000000000000000000e+00 3.000000000000000000e+00 1.780000000000000000e+02 1.460000000000000000e+02
1.500000000000000000e+02 4.000000000000000000e+00 3.000000000000000000e+00 1.780000000000000000e+02 1.460000000000000000e+02
1.500000000000000000e+02 4.000000000000000000e+00 3.000000000000000000e+00 1.780000000000000000e+02 1.490000000000000000e+02
1.500000000000000000e+02 4.000000000000000000e+00 3.000000000000000000e+00 1.780000000000000000e+02 3.900000000000000000e+02
1.500000000000000000e+02 4.000000000000000000e+00 3.000000000000000000e+00 1.780000000000000000e+02 1.490000000000000000e+02
1.500000000000000000e+02 4.000000000000000000e+00 3.000000000000000000e+00 1.780000000000000000e+02 3.900000000000000000e+02
1.500000000000000000e+02 4.000000000000000000e+00 3.000000000000000000e+00 1.780000000000000000e+02 3.900000000000000000e+02
1.500000000000000000e+02 4.000000000000000000e+00 3.000000000000000000e+00 1.780000000000000000e+02 1.490000000000000000e+02
1.500000000000000000e+02 1.460000000000000000e+02 1.480000000000000000e+02 4.000000000000000000e+00 1.490000000000000000e+02
1.460000000000000000e+02 1.500000000000000000e+02 4.000000000000000000e+00 1.480000000000000000e+02 2.680000000000000000e+02
1.460000000000000000e+02 1.500000000000000000e+02 1.480000000000000000e+02 4.000000000000000000e+00 2.680000000000000000e+02
1.500000000000000000e+02 1.460000000000000000e+02 1.480000000000000000e+02 4.000000000000000000e+00 2.680000000000000000e+02
1.500000000000000000e+02 1.460000000000000000e+02 1.480000000000000000e+02 2.680000000000000000e+02 4.000000000000000000e+00
1.500000000000000000e+02 1.480000000000000000e+02 1.460000000000000000e+02 2.680000000000000000e+02 4.000000000000000000e+00
1.500000000000000000e+02 1.480000000000000000e+02 1.460000000000000000e+02 4.000000000000000000e+00 2.680000000000000000e+02
1.500000000000000000e+02 1.480000000000000000e+02 1.460000000000000000e+02 4.000000000000000000e+00 1.490000000000000000e+02
1.500000000000000000e+02 1.480000000000000000e+02 1.460000000000000000e+02 4.000000000000000000e+00 1.470000000000000000e+02
1.500000000000000000e+02 1.480000000000000000e+02 1.460000000000000000e+02 1.470000000000000000e+02 1.490000000000000000e+02
1.500000000000000000e+02 1.480000000000000000e+02 1.460000000000000000e+02 4.000000000000000000e+00 1.470000000000000000e+02
1.500000000000000000e+02 1.480000000000000000e+02 1.460000000000000000e+02 4.000000000000000000e+00 1.470000000000000000e+02
1.500000000000000000e+02 1.480000000000000000e+02 1.460000000000000000e+02 4.000000000000000000e+00 1.490000000000000000e+02
1.500000000000000000e+02 1.480000000000000000e+02 1.460000000000000000e+02 4.000000000000000000e+00 1.490000000000000000e+02
1.500000000000000000e+02 1.480000000000000000e+02 1.460000000000000000e+02 4.000000000000000000e+00 1.490000000000000000e+02
1.500000000000000000e+02 1.480000000000000000e+02 1.460000000000000000e+02 4.000000000000000000e+00 1.490000000000000000e+02
1.500000000000000000e+02 1.480000000000000000e+02 1.460000000000000000e+02 4.000000000000000000e+00 1.470000000000000000e+02
1.500000000000000000e+02 1.480000000000000000e+02 1.460000000000000000e+02 4.000000000000000000e+00 1.470000000000000000e+02
1.500000000000000000e+02 1.480000000000000000e+02 4.000000000000000000e+00 1.460000000000000000e+02 1.470000000000000000e+02
1.500000000000000000e+02 1.480000000000000000e+02 4.000000000000000000e+00 1.460000000000000000e+02 1.470000000000000000e+02
