7.745384022466808051e-04
2.048112492443851240e-01
2.896190293555524486e-01
4.579977171748093046e-01
3.940013643259074883e-01
4.651649894085225778e-01
4.455919169456666884e-01
4.855374155856739260e-01
5.184163472021121599e-01
5.122666178746502208e-01
5.067975853946624643e-01
4.551208257266853296e-01
4.048950551363468819e-01
3.775337981476626914e-01
3.324532786143379881e-01
3.135861200266661930e-01
2.999452067219604001e-01
2.781667846393505727e-01
2.901183525683216913e-01
2.685103083234501309e-01
2.425745301634421869e-01
2.295103016119414696e-01
2.170566900285812451e-01
2.065984979382962106e-01
1.836328392946191268e-01
1.719858793767262972e-01
1.604172421133745752e-01
1.471504465466453304e-01
1.334433222541312192e-01
1.241643357206104470e-01
1.149514787245501102e-01
1.012776187541185313e-01
9.860817319706234596e-02
9.141460064601203417e-02
7.965762574320998934e-02
7.084620493181205403e-02
6.537239131640247558e-02
6.022815431622009080e-02
5.392810429919045467e-02
5.345273970625616378e-02
4.878612347364491564e-02
4.601759764088515781e-02
4.474103855579280448e-02
4.301590389719063545e-02
3.778164389999122408e-02
3.453446695275938505e-02
3.226553922769301308e-02
3.067496461633986357e-02
2.692547319231215416e-02
2.687862498845848547e-02
2.500554799044724108e-02
2.336833898240366081e-02
2.128829257785985404e-02
1.765112525610432886e-02
1.714474640694822402e-02
1.672471001721339071e-02
1.471279173804160637e-02
1.439818162424113569e-02
1.329797475990555228e-02
1.284116455622299167e-02
1.244027816140891654e-02
1.175572973060851241e-02
1.064915446719645956e-02
9.982918110862784578e-03
9.625106732535889179e-03
8.861776470858074781e-03
8.348822542367701632e-03
8.041146907561609949e-03
7.601541053614333313e-03
7.014072274347186997e-03
6.961351500409890779e-03
6.559210261173472820e-03
6.017853069176171826e-03
5.902111615744886318e-03
5.840612021497939947e-03
5.465850316708274585e-03
5.412173010247821846e-03
5.140972368425597051e-03
5.053757372152438941e-03
4.788355995100728596e-03
4.518182136726724488e-03
4.375433784190331347e-03
4.146658846863116206e-03
3.993148103513357791e-03
3.789717714597068757e-03
3.763533209473418108e-03
3.583096508301777863e-03
3.353714765882703872e-03
3.186246232758508865e-03
3.076102709019023010e-03
3.263263136409849750e-03
3.181230163989523952e-03
2.948273260362292442e-03
3.105069252588149847e-03
2.755070235286597585e-03
2.642364079976291993e-03
2.552654666798681495e-03
2.498241507351415223e-03
2.417654787670997854e-03
2.279142871354779189e-03
2.240271456416277011e-03
