8.297389373183250427e-03 2.241504145786166191e-03 2.027857583016157150e-03 1.460941159166395664e-03 2.858562394976615906e-03 2.375288866460323334e-03
1.333854068070650101e-02 1.397045096382498741e-03 1.926599303260445595e-03 4.325181711465120316e-03 4.540890455245971680e-03 1.434954442083835602e-02
9.031189084053039551e-01 9.901098110276507214e-07 2.093703983518935274e-07 2.244600094854831696e-03 2.412131289020180702e-03 2.194456383585929871e-02
9.502611756324768066e-01 3.133322024950757623e-06 8.322627991219633259e-07 3.004530211910605431e-03 2.399697114014998078e-04 2.302624471485614777e-02
9.650560617446899414e-01 1.408629850629949942e-05 4.365679615148110315e-06 1.874164328910410404e-03 1.210412083310075104e-04 2.064736001193523407e-02
9.693801999092102051e-01 4.718374475487507880e-05 1.678903754509519786e-05 1.265666563995182514e-03 2.280159242218360305e-04 1.315413136035203934e-02
9.579610228538513184e-01 1.505300024291500449e-04 5.433564729173667729e-05 1.177079393528401852e-03 3.772098280023783445e-04 1.684780977666378021e-02
9.600006937980651855e-01 2.165882324334233999e-04 7.759692380204796791e-05 7.712773513048887253e-04 3.634602762758731842e-04 1.659419015049934387e-02
9.684742093086242676e-01 2.464961726218461990e-04 8.899159001884981990e-05 6.271497113630175591e-04 3.511238901410251856e-04 1.228553801774978638e-02
9.712657928466796875e-01 2.565903996583074331e-04 8.899466047296300530e-05 5.984590970911085606e-04 3.510837559588253498e-04 1.096926070749759674e-02
9.773273468017578125e-01 2.572082157712429762e-04 8.914787031244486570e-05 5.114563973620533943e-04 3.401857102289795876e-04 7.675220724195241928e-03
9.794299602508544922e-01 2.977034891955554485e-04 9.611529821995645761e-05 4.606256261467933655e-04 3.342281852383166552e-04 6.354257930070161819e-03
9.815859198570251465e-01 3.651972510851919651e-04 1.101752568501979113e-04 4.082203959114849567e-04 3.516974393278360367e-04 5.011843517422676086e-03
9.841802120208740234e-01 4.147473082412034273e-04 1.176788719021715224e-04 3.231569426134228706e-04 3.684287366922944784e-04 3.725902643054723740e-03
9.839538335800170898e-01 5.398505600169301033e-04 1.468553818995133042e-04 3.068886580877006054e-04 4.598347586579620838e-04 3.220221260562539101e-03
9.836402535438537598e-01 6.858377601020038128e-04 1.840319309849292040e-04 2.787332632578909397e-04 5.588137428276240826e-04 2.868453273549675941e-03
9.840833544731140137e-01 7.230364135466516018e-04 1.868552062660455704e-04 2.350570139242336154e-04 6.425896426662802696e-04 2.442674245685338974e-03
9.848700761795043945e-01 7.822540937922894955e-04 1.932691084221005440e-04 2.003497793339192867e-04 7.001823396421968937e-04 2.151659689843654633e-03
9.849143624305725098e-01 9.016227559186518192e-04 2.134924579877406359e-04 1.782534382073208690e-04 7.771918317303061485e-04 1.891010091640055180e-03
9.848449826240539551e-01 1.049195532687008381e-03 2.369453868595883250e-04 1.520576188340783119e-04 8.465965511277318001e-04 1.543175429105758667e-03
9.830958247184753418e-01 1.457633799873292446e-03 3.129388787783682346e-04 1.569847227074205875e-04 9.672641172073781490e-04 1.478454680182039738e-03
9.827809333801269531e-01 1.743835746310651302e-03 3.545406216289848089e-04 1.532502355985343456e-04 9.612923604436218739e-04 1.374274608679115772e-03
9.819393754005432129e-01 1.855752547271549702e-03 3.849084896501153708e-04 1.646233868086710572e-04 1.011157175526022911e-03 1.408273703418672085e-03
9.798918366432189941e-01 2.303732093423604965e-03 4.694672243203967810e-04 1.831401605159044266e-04 1.152263255789875984e-03 1.513073802925646305e-03
9.771116375923156738e-01 2.924636006355285645e-03 5.822957027703523636e-04 1.949006982613354921e-04 1.348414574749767780e-03 1.590233412571251392e-03
9.771132469177246094e-01 3.075534943491220474e-03 6.186568061821162701e-04 1.933693565661087632e-04 1.300725620239973068e-03 1.530067878775298595e-03
9.746696352958679199e-01 3.479928011074662209e-03 6.942209438420832157e-04 2.215845743194222450e-04 1.469100941903889179e-03 1.782846520654857159e-03
9.707739353179931641e-01 4.456202499568462372e-03 8.944616420194506645e-04 2.578200073912739754e-04 1.709861098788678646e-03 1.881272415630519390e-03
9.665206670761108398e-01 5.128616001456975937e-03 1.066096709109842777e-03 2.973358787130564451e-04 2.062481595203280449e-03 2.169719198718667030e-03
9.637840986251831055e-01 5.670399405062198639e-03 1.190868322737514973e-03 3.212775627616792917e-04 2.231648657470941544e-03 2.330985385924577713e-03
9.617848992347717285e-01 6.241192109882831573e-03 1.305458135902881622e-03 3.221561782993376255e-04 2.383905928581953049e-03 2.331207040697336197e-03
9.549373388290405273e-01 7.581009063869714737e-03 1.628284342586994171e-03 3.983354836236685514e-04 3.120347158983349800e-03 2.681339858099818230e-03
9.482105374336242676e-01 8.882638998329639435e-03 1.895704772323369980e-03 4.560081870295107365e-04 3.695718944072723389e-03 3.072675084695219994e-03
9.458110332489013672e-01 9.296498261392116547e-03 2.029890194535255432e-03 4.795372078660875559e-04 4.020781256258487701e-03 3.234176663681864738e-03
9.420545697212219238e-01 9.652025066316127777e-03 2.111533191055059433e-03 5.620035808533430099e-04 4.540384281426668167e-03 3.758877282962203026e-03
9.346983432769775391e-01 1.077559310942888260e-02 2.382774604484438896e-03 6.403153529390692711e-04 5.432236474007368088e-03 4.397955257445573807e-03
9.286061525344848633e-01 1.209448929876089096e-02 2.656636992469429970e-03 6.986701628193259239e-04 6.103826221078634262e-03 4.911419469863176346e-03
9.260597825050354004e-01 1.207219902426004410e-02 2.717435359954833984e-03 7.389281527139246464e-04 6.380492355674505234e-03 5.151817109435796738e-03
9.138985276222229004e-01 1.449767779558897018e-02 3.311793319880962372e-03 8.742767386138439178e-04 7.825169712305068970e-03 5.938972812145948410e-03
9.144071936607360840e-01 1.408219709992408752e-02 3.280514385551214218e-03 8.609414799138903618e-04 8.237944915890693665e-03 6.020994391292333603e-03
9.016164541244506836e-01 1.654449850320816040e-02 3.857668023556470871e-03 1.009994070045650005e-03 9.397231973707675934e-03 6.877895910292863846e-03
8.950855135917663574e-01 1.721766963601112366e-02 4.159379284828901291e-03 1.116828061640262604e-03 1.029751822352409363e-02 7.350228261202573776e-03
8.804208636283874512e-01 1.944040507078170776e-02 4.747946746647357941e-03 1.301817363128066063e-03 1.208481658250093460e-02 8.348058909177780151e-03
8.761452436447143555e-01 2.028417587280273438e-02 5.088333971798419952e-03 1.386458636261522770e-03 1.285193767398595810e-02 8.317522704601287842e-03
8.633577823638916016e-01 2.267733030021190643e-02 5.702861119061708450e-03 1.531194313429296017e-03 1.467194501310586929e-02 8.914970792829990387e-03
8.529211282730102539e-01 2.478027716279029846e-02 6.275086198002099991e-03 1.679377746768295765e-03 1.628176867961883545e-02 9.100952185690402985e-03
8.319887518882751465e-01 2.809017151594161987e-02 7.299448829144239426e-03 2.011225093156099319e-03 1.910283602774143219e-02 1.060468424111604691e-02
8.093635439872741699e-01 3.348616510629653931e-02 8.693519048392772675e-03 2.374562900513410568e-03 2.111861295998096466e-02 1.188961323350667953e-02
7.979438304901123047e-01 3.550127148628234863e-02 9.182472713291645050e-03 2.498541027307510376e-03 2.359863743185997009e-02 1.183016318827867508e-02
7.867264151573181152e-01 3.709995001554489136e-02 9.723486378788948059e-03 2.581583335995674133e-03 2.463654242455959320e-02 1.231097150593996048e-02
7.574494481086730957e-01 4.297939687967300415e-02 1.151163224130868912e-02 3.204176202416419983e-03 2.861936390399932861e-02 1.400510594248771667e-02
7.387455105781555176e-01 4.731545224785804749e-02 1.286836713552474976e-02 3.328094724565744400e-03 3.036216460168361664e-02 1.421534921973943710e-02
7.244207262992858887e-01 4.804437234997749329e-02 1.331308484077453613e-02 3.860941156744956970e-03 3.203242272138595581e-02 1.570168882608413696e-02
7.054262161254882812e-01 5.062910914421081543e-02 1.438746787607669830e-02 4.298830870538949966e-03 3.501522168517112732e-02 1.677847094833850861e-02
6.901508569717407227e-01 5.202389881014823914e-02 1.510652992874383926e-02 4.667717032134532928e-03 3.780530020594596863e-02 1.745797693729400635e-02
6.606719493865966797e-01 5.873098596930503845e-02 1.678625494241714478e-02 5.717409774661064148e-03 4.179057106375694275e-02 1.937961764633655548e-02
6.596336364746093750e-01 5.992915853857994080e-02 1.723083108663558960e-02 5.785269662737846375e-03 4.178299009799957275e-02 1.922139152884483337e-02
6.281624436378479004e-01 6.529660522937774658e-02 1.914525963366031647e-02 6.477857474237680435e-03 4.620941355824470520e-02 2.051163837313652039e-02
6.116165518760681152e-01 6.700047850608825684e-02 1.977812312543392181e-02 7.250516209751367569e-03 4.782302677631378174e-02 2.265716344118118286e-02
5.863553285598754883e-01 7.473541796207427979e-02 2.208536490797996521e-02 7.440370507538318634e-03 4.955280199646949768e-02 2.316507138311862946e-02
5.764170885086059570e-01 7.745455205440521240e-02 2.252440154552459717e-02 7.540858816355466843e-03 5.129358917474746704e-02 2.354087121784687042e-02
5.488486886024475098e-01 8.255314081907272339e-02 2.427831105887889862e-02 8.563056588172912598e-03 5.477388203144073486e-02 2.539760805666446686e-02
5.301152467727661133e-01 8.589128404855728149e-02 2.508239820599555969e-02 9.001190774142742157e-03 6.118081510066986084e-02 2.680572494864463806e-02
5.248914361000061035e-01 8.270922303199768066e-02 2.495429851114749908e-02 9.698128327727317810e-03 5.871975049376487732e-02 2.860650420188903809e-02
5.155237317085266113e-01 8.452822268009185791e-02 2.561501413583755493e-02 9.815512225031852722e-03 5.932795628905296326e-02 2.941841259598731995e-02
5.062383413314819336e-01 8.745115995407104492e-02 2.656149305403232574e-02 9.982098825275897980e-03 6.111034378409385681e-02 3.056069277226924896e-02
5.017259716987609863e-01 8.799684047698974609e-02 2.632435970008373260e-02 1.053678989410400391e-02 6.097996979951858521e-02 3.190741315484046936e-02
4.801994562149047852e-01 8.986192941665649414e-02 2.754555828869342804e-02 1.134322769939899445e-02 6.392299383878707886e-02 3.419541567564010620e-02
4.530886709690093994e-01 9.285527467727661133e-02 2.829326130449771881e-02 1.263594720512628555e-02 6.724351644515991211e-02 3.714570403099060059e-02
4.409813284873962402e-01 9.703939408063888550e-02 2.942493930459022522e-02 1.249766908586025238e-02 7.160847634077072144e-02 3.734799474477767944e-02
4.247727096080780029e-01 9.890168160200119019e-02 3.019450791180133820e-02 1.261919643729925156e-02 7.480806112289428711e-02 3.801163658499717712e-02
4.081773161888122559e-01 1.065316200256347656e-01 3.227626159787178040e-02 1.350453402847051620e-02 7.587978988885879517e-02 3.954271972179412842e-02
3.943495452404022217e-01 1.101278588175773621e-01 3.363030776381492615e-02 1.399689260870218277e-02 7.697304338216781616e-02 3.981228545308113098e-02
3.890820443630218506e-01 1.085464283823966980e-01 3.339241445064544678e-02 1.487647742033004761e-02 7.748679071664810181e-02 4.184785485267639160e-02
3.705740869045257568e-01 1.146754026412963867e-01 3.526224568486213684e-02 1.431341469287872314e-02 8.067791163921356201e-02 4.179966077208518982e-02
3.511408567428588867e-01 1.141673848032951355e-01 3.549628332257270813e-02 1.548858359456062317e-02 8.547423779964447021e-02 4.494170099496841431e-02
3.469856083393096924e-01 1.193849891424179077e-01 3.700650110840797424e-02 1.560328435152769089e-02 8.583247661590576172e-02 4.408209398388862610e-02
3.400819599628448486e-01 1.187565922737121582e-01 3.687443211674690247e-02 1.677632890641689301e-02 8.586294203996658325e-02 4.542463272809982300e-02
7.074983716011047363e-01 1.027436519507318735e-04 2.660222889971919358e-05 2.679176814854145050e-02 4.578142252285033464e-04 1.653888523578643799e-01
8.373115062713623047e-01 4.544078819890273735e-06 1.743953703225997742e-06 1.322923414409160614e-02 2.594944962766021490e-04 1.093141064047813416e-01
9.008180499076843262e-01 5.123633286530093756e-07 1.610808908480976243e-07 7.340659853070974350e-03 2.282746718265116215e-04 7.832024246454238892e-02
9.283880591392517090e-01 1.651994807616574690e-06 5.603577619694988243e-07 2.577536273747682571e-03 1.682180591160431504e-04 5.761357024312019348e-02
9.009447097778320312e-01 1.623186471988447011e-05 7.077441296132747084e-06 3.428315278142690659e-03 4.063066153321415186e-04 7.145894318819046021e-02
8.898718953132629395e-01 6.536507862620055676e-05 2.942337778222281486e-05 3.086211858317255974e-03 4.355611163191497326e-04 7.109208405017852783e-02
9.135273098945617676e-01 1.350816601188853383e-04 6.184088124427944422e-05 2.023665467277169228e-03 3.869261418003588915e-04 4.972726479172706604e-02
9.141123294830322266e-01 2.873723278753459454e-04 1.258743286598473787e-04 1.848856220021843910e-03 3.996792365796864033e-04 4.801066219806671143e-02
9.288546442985534668e-01 4.080775252077728510e-04 1.630237093195319176e-04 1.460474100895226002e-03 3.852099471259862185e-04 3.815239667892456055e-02
9.327034354209899902e-01 5.959523259662091732e-04 2.359940845053642988e-04 1.463343272916972637e-03 4.567322903312742710e-04 3.476243838667869568e-02
9.397838115692138672e-01 7.237203535623848438e-04 2.656791184563189745e-04 1.207087188959121704e-03 5.366691621020436287e-04 3.012773767113685608e-02
9.517402648925781250e-01 8.226038771681487560e-04 2.801623486448079348e-04 9.894852992147207260e-04 5.290168919600546360e-04 2.173972502350807190e-02
9.637983441352844238e-01 7.154827471822500229e-04 2.398199285380542278e-04 7.334313122555613518e-04 5.173339741304516792e-04 1.517789438366889954e-02
9.706366658210754395e-01 6.539630121551454067e-04 2.143150049960240722e-04 6.322464905679225922e-04 5.332723376341164112e-04 1.148800924420356750e-02
9.767962694168090820e-01 6.091922405175864697e-04 1.950644364114850760e-04 4.766582278534770012e-04 5.707009695470333099e-04 7.883676327764987946e-03
9.795083999633789062e-01 5.834865733049809933e-04 1.813319540815427899e-04 3.773162316065281630e-04 5.861304816789925098e-04 6.338043604046106339e-03
9.815448522567749023e-01 5.757316830568015575e-04 1.768452784745022655e-04 3.200095961801707745e-04 6.113165873102843761e-04 5.182356107980012894e-03
9.831547737121582031e-01 5.934920627623796463e-04 1.809591922210529447e-04 2.872917975764721632e-04 6.472390377894043922e-04 4.177602473646402359e-03
9.851135015487670898e-01 5.852265749126672745e-04 1.775625569280236959e-04 2.350388822378590703e-04 6.400933489203453064e-04 3.238302422687411308e-03
9.869102835655212402e-01 5.539333214983344078e-04 1.694664242677390575e-04 1.827918313210830092e-04 5.929825128987431526e-04 2.533176448196172714e-03
9.879627823829650879e-01 5.357715999707579613e-04 1.636538945604115725e-04 1.594325876794755459e-04 5.739633343182504177e-04 2.161617390811443329e-03
9.869191050529479980e-01 6.348908063955605030e-04 1.969202421605587006e-04 1.678447151789441705e-04 7.096342742443084717e-04 2.098344033583998680e-03
9.866070747375488281e-01 6.577019230462610722e-04 2.118206612067297101e-04 1.633165084058418870e-04 8.384567918255925179e-04 1.883753808215260506e-03
