2.186147089361125371e-04
8.159454376478575757e-03
9.068702889622803909e-01
1.343481746161293788e+00
1.375853185561500824e+00
1.424513551465606431e+00
1.466361010551830102e+00
1.375603169350276378e+00
1.380507763499477791e+00
1.264639993426069031e+00
1.239296818575156278e+00
1.187007094926222139e+00
1.100473745083526911e+00
1.061130710543556788e+00
1.048494689985488115e+00
1.035079272887453827e+00
9.745232921754568567e-01
9.133407336641168328e-01
8.986218502708951394e-01
8.879582885195462794e-01
8.372068144161387560e-01
8.114476679315147933e-01
7.596786599913689653e-01
7.246475316454280557e-01
6.962098995798498002e-01
6.284643107099174841e-01
5.961025141932064786e-01
5.798266195572211457e-01
5.382077946362089360e-01
5.162698503648084358e-01
4.944221509052571517e-01
4.508577344869762471e-01
4.344003020877821308e-01
4.160391688337533589e-01
3.914355961593932176e-01
3.673269200238807874e-01
3.476432792735582589e-01
3.289528555233318663e-01
3.162867882992972390e-01
3.039643012067859140e-01
2.857065319774786949e-01
2.663000542517010572e-01
2.490781088935895282e-01
2.366036939790394367e-01
2.218622406483595488e-01
2.063296516151969517e-01
1.962963885584532164e-01
1.870286866001373005e-01
1.814422252924169365e-01
1.747013431278942597e-01
1.594595429329123681e-01
