5.434676473250644882e-04
8.793097665431943710e-01
9.718178175087865966e-01
1.000386027403955769e+00
9.960418475650598680e-01
9.724201748694164538e-01
9.366506711340777391e-01
9.168504328344735388e-01
8.929927298172255501e-01
8.815750591385005386e-01
8.680872292259651513e-01
8.615105491713627162e-01
8.473661858946384129e-01
8.458883468102116332e-01
8.358278193092503194e-01
8.237172069969711519e-01
7.992648147991135987e-01
7.919531116352350741e-01
7.674702337460768131e-01
7.520807575313996907e-01
7.237160349499436318e-01
7.036694797457805350e-01
6.772827735520356995e-01
6.430369309524652799e-01
6.067320261600896991e-01
5.827104235877705873e-01
5.674253717758108717e-01
5.463224156737100934e-01
5.344101785551303996e-01
5.158732884996252155e-01
5.063796764052969079e-01
4.844146734801667020e-01
4.751534134747503746e-01
4.510968676918503673e-01
4.245949517690179587e-01
4.014333698746009316e-01
3.882034838225091877e-01
3.624595332060872588e-01
3.394777171416615835e-01
3.277477083986894968e-01
3.027413681230140541e-01
2.852812651025740665e-01
2.786985066125896027e-01
2.671155648343997435e-01
2.537975570549999005e-01
2.416742579570771432e-01
2.358364506874928712e-01
2.237360782009726601e-01
2.137537599019271040e-01
2.070000882775846207e-01
1.994887163042713962e-01
