9.710000000000000000e+02 7.350000000000000000e+02 8.240000000000000000e+02 6.110000000000000000e+02 1.280000000000000000e+02
9.400000000000000000e+01 1.600000000000000000e+01 2.840000000000000000e+02 1.480000000000000000e+02 2.900000000000000000e+01
1.460000000000000000e+02 3.310000000000000000e+02 1.480000000000000000e+02 1.710000000000000000e+02 1.470000000000000000e+02
1.480000000000000000e+02 1.470000000000000000e+02 1.460000000000000000e+02 1.450000000000000000e+02 1.710000000000000000e+02
1.480000000000000000e+02 1.470000000000000000e+02 1.460000000000000000e+02 1.450000000000000000e+02 2.000000000000000000e+00
1.480000000000000000e+02 1.470000000000000000e+02 1.450000000000000000e+02 1.460000000000000000e+02 2.000000000000000000e+00
1.480000000000000000e+02 1.470000000000000000e+02 1.460000000000000000e+02 2.000000000000000000e+00 1.450000000000000000e+02
1.480000000000000000e+02 1.470000000000000000e+02 2.000000000000000000e+00 3.950000000000000000e+02 1.460000000000000000e+02
1.480000000000000000e+02 1.470000000000000000e+02 3.950000000000000000e+02 2.000000000000000000e+00 1.460000000000000000e+02
1.480000000000000000e+02 1.470000000000000000e+02 3.950000000000000000e+02 2.000000000000000000e+00 1.460000000000000000e+02
1.480000000000000000e+02 1.470000000000000000e+02 3.950000000000000000e+02 2.000000000000000000e+00 1.460000000000000000e+02
1.480000000000000000e+02 1.470000000000000000e+02 3.950000000000000000e+02 2.000000000000000000e+00 1.460000000000000000e+02
1.480000000000000000e+02 1.470000000000000000e+02 3.950000000000000000e+02 2.000000000000000000e+00 1.460000000000000000e+02
1.480000000000000000e+02 1.470000000000000000e+02 3.950000000000000000e+02 2.000000000000000000e+00 1.460000000000000000e+02
1.480000000000000000e+02 1.470000000000000000e+02 3.950000000000000000e+02 2.000000000000000000e+00 1.460000000000000000e+02
1.480000000000000000e+02 1.470000000000000000e+02 3.950000000000000000e+02 2.000000000000000000e+00 1.460000000000000000e+02
1.480000000000000000e+02 1.470000000000000000e+02 3.950000000000000000e+02 2.000000000000000000e+00 1.460000000000000000e+02
1.480000000000000000e+02 1.470000000000000000e+02 3.950000000000000000e+02 2.000000000000000000e+00 1.460000000000000000e+02
1.480000000000000000e+02 1.470000000000000000e+02 3.950000000000000000e+02 2.000000000000000000e+00 1.460000000000000000e+02
1.480000000000000000e+02 1.470000000000000000e+02 3.950000000000000000e+02 2.000000000000000000e+00 1.460000000000000000e+02
1.480000000000000000e+02 1.470000000000000000e+02 3.950000000000000000e+02 2.000000000000000000e+00 3.940000000000000000e+02
1.480000000000000000e+02 1.470000000000000000e+02 3.950000000000000000e+02 2.000000000000000000e+00 3.940000000000000000e+02
1.480000000000000000e+02 1.470000000000000000e+02 3.950000000000000000e+02 2.000000000000000000e+00 3.940000000000000000e+02
1.480000000000000000e+02 1.470000000000000000e+02 3.950000000000000000e+02 2.000000000000000000e+00 3.940000000000000000e+02
1.480000000000000000e+02 1.470000000000000000e+02 3.950000000000000000e+02 2.000000000000000000e+00 3.940000000000000000e+02
1.480000000000000000e+02 1.470000000000000000e+02 3.950000000000000000e+02 2.000000000000000000e+00 3.940000000000000000e+02
1.480000000000000000e+02 1.470000000000000000e+02 3.950000000000000000e+02 2.000000000000000000e+00 3.940000000000000000e+02
1.480000000000000000e+02 1.470000000000000000e+02 3.950000000000000000e+02 2.000000000000000000e+00 3.940000000000000000e+02
1.480000000000000000e+02 1.470000000000000000e+02 3.950000000000000000e+02 2.000000000000000000e+00 3.940000000000000000e+02
1.480000000000000000e+02 1.470000000000000000e+02 3.950000000000000000e+02 2.000000000000000000e+00 3.940000000000000000e+02
1.480000000000000000e+02 1.470000000000000000e+02 3.950000000000000000e+02 2.000000000000000000e+00 3.940000000000000000e+02
1.480000000000000000e+02 1.470000000000000000e+02 3.950000000000000000e+02 2.000000000000000000e+00 3.940000000000000000e+02
1.480000000000000000e+02 1.470000000000000000e+02 3.950000000000000000e+02 2.000000000000000000e+00 3.940000000000000000e+02
1.480000000000000000e+02 1.470000000000000000e+02 3.950000000000000000e+02 2.000000000000000000e+00 3.940000000000000000e+02
1.480000000000000000e+02 1.470000000000000000e+02 3.950000000000000000e+02 2.000000000000000000e+00 3.940000000000000000e+02
1.480000000000000000e+02 1.470000000000000000e+02 3.950000000000000000e+02 2.000000000000000000e+00 3.940000000000000000e+02
1.480000000000000000e+02 1.470000000000000000e+02 3.950000000000000000e+02 2.000000000000000000e+00 3.940000000000000000e+02
1.480000000000000000e+02 1.470000000000000000e+02 3.950000000000000000e+02 3.940000000000000000e+02 2.000000000000000000e+00
1.480000000000000000e+02 1.470000000000000000e+02 3.950000000000000000e+02 3.940000000000000000e+02 2.000000000000000000e+00
1.470000000000000000e+02 1.480000000000000000e+02 3.950000000000000000e+02 3.940000000000000000e+02 2.000000000000000000e+00
1.470000000000000000e+02 1.480000000000000000e+02 3.950000000000000000e+02 3.940000000000000000e+02 3.890000000000000000e+02
1.470000000000000000e+02 1.480000000000000000e+02 3.950000000000000000e+02 3.940000000000000000e+02 3.890000000000000000e+02
1.470000000000000000e+02 1.480000000000000000e+02 3.950000000000000000e+02 3.940000000000000000e+02 3.890000000000000000e+02
1.470000000000000000e+02 1.480000000000000000e+02 3.950000000000000000e+02 3.940000000000000000e+02 3.890000000000000000e+02
1.470000000000000000e+02 1.480000000000000000e+02 3.950000000000000000e+02 3.940000000000000000e+02 3.890000000000000000e+02
1.470000000000000000e+02 1.480000000000000000e+02 3.950000000000000000e+02 3.940000000000000000e+02 3.890000000000000000e+02
1.470000000000000000e+02 1.480000000000000000e+02 3.950000000000000000e+02 3.940000000000000000e+02 3.890000000000000000e+02
1.470000000000000000e+02 1.480000000000000000e+02 3.950000000000000000e+02 3.940000000000000000e+02 3.890000000000000000e+02
1.470000000000000000e+02 1.480000000000000000e+02 3.950000000000000000e+02 3.940000000000000000e+02 3.890000000000000000e+02
1.470000000000000000e+02 1.480000000000000000e+02 3.950000000000000000e+02 3.940000000000000000e+02 3.890000000000000000e+02
1.470000000000000000e+02 1.480000000000000000e+02 3.950000000000000000e+02 3.940000000000000000e+02 3.890000000000000000e+02
1.470000000000000000e+02 1.480000000000000000e+02 3.950000000000000000e+02 3.940000000000000000e+02 3.890000000000000000e+02
1.470000000000000000e+02 1.480000000000000000e+02 3.950000000000000000e+02 3.940000000000000000e+02 3.890000000000000000e+02
1.470000000000000000e+02 1.480000000000000000e+02 3.950000000000000000e+02 3.940000000000000000e+02 3.890000000000000000e+02
1.470000000000000000e+02 1.480000000000000000e+02 3.950000000000000000e+02 3.940000000000000000e+02 3.890000000000000000e+02
1.470000000000000000e+02 1.480000000000000000e+02 3.950000000000000000e+02 3.940000000000000000e+02 3.890000000000000000e+02
1.470000000000000000e+02 1.480000000000000000e+02 3.950000000000000000e+02 3.940000000000000000e+02 3.890000000000000000e+02
1.470000000000000000e+02 1.480000000000000000e+02 3.950000000000000000e+02 3.940000000000000000e+02 3.890000000000000000e+02
1.470000000000000000e+02 1.480000000000000000e+02 3.950000000000000000e+02 3.940000000000000000e+02 3.890000000000000000e+02
1.470000000000000000e+02 1.480000000000000000e+02 3.950000000000000000e+02 3.940000000000000000e+02 3.890000000000000000e+02
1.470000000000000000e+02 1.480000000000000000e+02 3.950000000000000000e+02 3.940000000000000000e+02 3.890000000000000000e+02
1.470000000000000000e+02 1.480000000000000000e+02 3.950000000000000000e+02 3.940000000000000000e+02 3.890000000000000000e+02
1.470000000000000000e+02 1.480000000000000000e+02 3.950000000000000000e+02 3.940000000000000000e+02 3.890000000000000000e+02
1.470000000000000000e+02 1.480000000000000000e+02 3.950000000000000000e+02 3.940000000000000000e+02 3.890000000000000000e+02
1.470000000000000000e+02 1.480000000000000000e+02 3.950000000000000000e+02 3.940000000000000000e+02 3.890000000000000000e+02
1.470000000000000000e+02 1.480000000000000000e+02 3.950000000000000000e+02 3.940000000000000000e+02 3.890000000000000000e+02
1.470000000000000000e+02 1.480000000000000000e+02 3.950000000000000000e+02 3.940000000000000000e+02 3.890000000000000000e+02
1.470000000000000000e+02 1.480000000000000000e+02 3.950000000000000000e+02 3.940000000000000000e+02 3.890000000000000000e+02
1.470000000000000000e+02 1.480000000000000000e+02 3.950000000000000000e+02 3.940000000000000000e+02 3.890000000000000000e+02
1.470000000000000000e+02 1.480000000000000000e+02 3.950000000000000000e+02 3.940000000000000000e+02 3.890000000000000000e+02
1.470000000000000000e+02 1.480000000000000000e+02 3.950000000000000000e+02 3.940000000000000000e+02 3.890000000000000000e+02
1.470000000000000000e+02 1.480000000000000000e+02 3.950000000000000000e+02 3.940000000000000000e+02 3.890000000000000000e+02
1.470000000000000000e+02 1.480000000000000000e+02 3.950000000000000000e+02 3.940000000000000000e+02 3.890000000000000000e+02
1.470000000000000000e+02 1.480000000000000000e+02 3.950000000000000000e+02 3.940000000000000000e+02 3.890000000000000000e+02
1.470000000000000000e+02 1.480000000000000000e+02 3.950000000000000000e+02 3.940000000000000000e+02 3.890000000000000000e+02
1.470000000000000000e+02 1.480000000000000000e+02 3.950000000000000000e+02 3.940000000000000000e+02 3.890000000000000000e+02
1.470000000000000000e+02 1.480000000000000000e+02 3.950000000000000000e+02 3.940000000000000000e+02 3.890000000000000000e+02
1.470000000000000000e+02 1.480000000000000000e+02 3.950000000000000000e+02 3.940000000000000000e+02 3.890000000000000000e+02
1.470000000000000000e+02 1.480000000000000000e+02 3.950000000000000000e+02 3.940000000000000000e+02 3.890000000000000000e+02
1.470000000000000000e+02 1.480000000000000000e+02 3.950000000000000000e+02 3.940000000000000000e+02 3.890000000000000000e+02
1.470000000000000000e+02 1.480000000000000000e+02 3.950000000000000000e+02 3.940000000000000000e+02 3.890000000000000000e+02
1.470000000000000000e+02 1.480000000000000000e+02 3.950000000000000000e+02 3.940000000000000000e+02 3.890000000000000000e+02
1.470000000000000000e+02 1.480000000000000000e+02 3.950000000000000000e+02 3.940000000000000000e+02 3.890000000000000000e+02
1.470000000000000000e+02 1.480000000000000000e+02 3.950000000000000000e+02 3.940000000000000000e+02 3.890000000000000000e+02
1.470000000000000000e+02 1.480000000000000000e+02 3.950000000000000000e+02 3.940000000000000000e+02 3.890000000000000000e+02
1.470000000000000000e+02 1.480000000000000000e+02 3.950000000000000000e+02 3.940000000000000000e+02 3.890000000000000000e+02
1.470000000000000000e+02 1.480000000000000000e+02 3.950000000000000000e+02 3.940000000000000000e+02 3.890000000000000000e+02
1.470000000000000000e+02 1.480000000000000000e+02 3.950000000000000000e+02 3.940000000000000000e+02 3.890000000000000000e+02
1.470000000000000000e+02 1.480000000000000000e+02 3.950000000000000000e+02 3.940000000000000000e+02 3.890000000000000000e+02
1.470000000000000000e+02 1.480000000000000000e+02 3.950000000000000000e+02 3.890000000000000000e+02 3.940000000000000000e+02
1.470000000000000000e+02 1.480000000000000000e+02 3.950000000000000000e+02 3.890000000000000000e+02 3.940000000000000000e+02
1.470000000000000000e+02 1.480000000000000000e+02 3.950000000000000000e+02 3.890000000000000000e+02 3.940000000000000000e+02
1.470000000000000000e+02 1.480000000000000000e+02 3.950000000000000000e+02 3.890000000000000000e+02 3.940000000000000000e+02
1.470000000000000000e+02 1.480000000000000000e+02 3.950000000000000000e+02 3.890000000000000000e+02 3.940000000000000000e+02
1.470000000000000000e+02 1.480000000000000000e+02 3.950000000000000000e+02 3.890000000000000000e+02 3.940000000000000000e+02
1.470000000000000000e+02 1.480000000000000000e+02 3.950000000000000000e+02 3.890000000000000000e+02 3.940000000000000000e+02
1.470000000000000000e+02 1.480000000000000000e+02 3.950000000000000000e+02 3.890000000000000000e+02 3.940000000000000000e+02
1.470000000000000000e+02 1.480000000000000000e+02 3.950000000000000000e+02 3.890000000000000000e+02 3.940000000000000000e+02
1.470000000000000000e+02 1.480000000000000000e+02 3.950000000000000000e+02 3.940000000000000000e+02 3.890000000000000000e+02
1.470000000000000000e+02 1.480000000000000000e+02 3.950000000000000000e+02 3.890000000000000000e+02 3.940000000000000000e+02
1.470000000000000000e+02 1.480000000000000000e+02 3.950000000000000000e+02 3.940000000000000000e+02 3.890000000000000000e+02
