9.112897096201777458e-04 9.328459418611600995e-05 3.468006616458296776e-04 4.009984550066292286e-04 1.155046120402403176e-04 2.329823037143796682e-04
5.690837278962135315e-03 9.621220669941976666e-05 3.655725449789315462e-04 2.816649503074586391e-04 8.156338008120656013e-04 2.186205383623018861e-04
3.823842108249664307e-02 1.206308297696523368e-05 3.336239751661196351e-05 2.198228685301728547e-05 6.004180759191513062e-04 1.927065022755414248e-05
2.948341071605682373e-01 6.061316526029258966e-06 2.156083610316272825e-05 7.303851361939450726e-06 2.336917241336777806e-04 1.045427598000969738e-05
9.215533733367919922e-01 2.171065887068834854e-07 6.464407533712801524e-07 4.840703127229062375e-07 1.174831231764983386e-05 3.577127927201217972e-07
9.916166663169860840e-01 1.517891590196995821e-08 4.803861131108533300e-08 5.207584408140064625e-08 1.598015501258487348e-06 3.084067756731201371e-08
9.977344274520874023e-01 6.765276339137926698e-09 2.355326600422813499e-08 3.082560340317286318e-08 4.780000608661794104e-07 9.625525265732903790e-09
9.994701743125915527e-01 1.034754171236329512e-09 3.628439326774923757e-09 4.699644229333443946e-09 8.481310942443087697e-08 9.035983072891440315e-10
9.998602867126464844e-01 1.253205039741800420e-10 5.181428064382487264e-10 5.033241601282156807e-10 1.488037693064825362e-08 1.051733700130341731e-10
9.999431371688842773e-01 2.358430811755241052e-11 1.236311608643347881e-10 1.023402959599017947e-10 4.762021887927403441e-09 2.512361499396043030e-11
9.999635219573974609e-01 2.725485852630993300e-12 2.062818665882204527e-11 1.751503109215235554e-11 1.278586458930419667e-09 2.888774506062952163e-12
9.999803304672241211e-01 9.428154871399252457e-13 8.254455279022021585e-12 7.745562004279893387e-12 6.452782752575103586e-10 9.572736483706711930e-13
9.999825954437255859e-01 3.616208081678312647e-13 3.374524834912073779e-12 3.526085890284691438e-12 2.565423984357551035e-10 2.927466754253094106e-13
9.999902248382568359e-01 1.689076802686637069e-13 1.928174417006878194e-12 1.792459843746874171e-12 1.150692666151975629e-10 1.119672185371546613e-13
9.999930858612060547e-01 9.469017909179144876e-14 1.177228019927367697e-12 1.012795858464088372e-12 6.463850288351835616e-11 5.763727169150190122e-14
9.999948740005493164e-01 5.798492789437295625e-14 7.910290803457564746e-13 6.222895462815181133e-13 3.768913306445575984e-11 3.578601716174023561e-14
9.999960660934448242e-01 6.385751573790426905e-14 7.505280576712569651e-13 5.568352311365043494e-13 4.631826519552184607e-11 3.789932709569003577e-14
9.999972581863403320e-01 5.436875450716416314e-14 6.588619081739077732e-13 4.399602156115317575e-13 4.071043849251942959e-11 3.616272998283390216e-14
9.999974966049194336e-01 6.232494853325096229e-14 7.059463148599565141e-13 5.689710313137863462e-13 4.561380786971547252e-11 5.048239116230840429e-14
9.999977350234985352e-01 5.600301648746482119e-14 6.589626847658403008e-13 5.046067188228808842e-13 3.830226413814585840e-11 5.136470133774995173e-14
9.999977350234985352e-01 8.612458212960485970e-14 9.318316517709090974e-13 7.982016740279429534e-13 4.284089749617692178e-11 8.137177184234373195e-14
9.999974966049194336e-01 1.178881889026331398e-13 1.106499007003103330e-12 9.444479703510366697e-13 5.102972558401752678e-11 1.198799496086519478e-13
9.999976158142089844e-01 1.213974531793712841e-13 1.082280315714556629e-12 9.982153992282860600e-13 4.835832428939923489e-11 1.290042833841653636e-13
9.999972581863403320e-01 1.678573729665955305e-13 1.433831677520591708e-12 1.341263688656169073e-12 6.273996600025810721e-11 1.867733262972057218e-13
9.999974966049194336e-01 2.016245650255862887e-13 1.754858736623121640e-12 1.528677791989840884e-12 6.312035616407030147e-11 2.398954244888645837e-13
9.999977350234985352e-01 2.110776153472701533e-13 1.698847985030782493e-12 1.614214838185912271e-12 6.270554908649472736e-11 2.660500942816557135e-13
9.999980926513671875e-01 2.268488538291132950e-13 1.616116203535800100e-12 1.747801556262196243e-12 5.858831475524794996e-11 2.874154636078180003e-13
9.999979734420776367e-01 2.793067697699075369e-13 1.939553769328417054e-12 2.064754617281394644e-12 8.419997338249274321e-11 3.536483985430022292e-13
9.999984502792358398e-01 2.097133502011044870e-13 1.363455680823688621e-12 1.659948003704392328e-12 5.765679947367097213e-11 2.646917515898572493e-13
9.999984502792358398e-01 2.011012612945090039e-13 1.205944957609339507e-12 1.768374400905325938e-12 4.968127992333037923e-11 2.490327009278120451e-13
9.999980926513671875e-01 2.321978872198149357e-13 1.316537265490247410e-12 2.151850963041934683e-12 5.931263813430120990e-11 3.184604544046593100e-13
9.999983310699462891e-01 2.259261571227466625e-13 1.209702151817870774e-12 2.182992718882670324e-12 5.324007207319070289e-11 3.113410137339789330e-13
9.999984502792358398e-01 2.021465135039479666e-13 1.018980472916597435e-12 2.225008588832566581e-12 5.252155307888806135e-11 2.802626837203336940e-13
9.999980926513671875e-01 2.757202289833254882e-13 1.321478300050915600e-12 2.889745083847761187e-12 6.353687714844014067e-11 3.588464432286581074e-13
9.999972581863403320e-01 3.788732294476154783e-13 1.727744032911648908e-12 3.990610793203064333e-12 8.115579042122789133e-11 4.774994418962896781e-13
9.999971389770507812e-01 4.553403552647050656e-13 1.836867030008404456e-12 4.389537344717808764e-12 1.020984061184115887e-10 5.360566049210369055e-13
9.999963045120239258e-01 6.145714904863541772e-13 2.304182886159189536e-12 6.398926961220796628e-12 1.230369139904041731e-10 7.673042973568855452e-13
9.999952316284179688e-01 8.000729527675443098e-13 2.877768119288748316e-12 8.131595223559440200e-12 1.489307566160391616e-10 9.484877076457176592e-13
9.999954700469970703e-01 8.299395242231111247e-13 2.922858569759378966e-12 8.157834650857065384e-12 1.612732586364629128e-10 9.830037174876626871e-13
9.999951124191284180e-01 9.382853652026290625e-13 3.006937364033457349e-12 9.378009653560059888e-12 1.924188586244213184e-10 1.143348436760671660e-12
9.999945163726806641e-01 1.011262796592193869e-12 3.081650169420302454e-12 1.025571294555049917e-11 2.136195526025730373e-10 1.263959097975997370e-12
9.999946355819702148e-01 1.082931595959568671e-12 3.265368010707536683e-12 1.113548836473299275e-11 2.327534553980825649e-10 1.261245231518048904e-12
9.999939203262329102e-01 1.639919645392284853e-12 4.562336619606810473e-12 1.488342261934949562e-11 3.429022898959743770e-10 1.908016279694724204e-12
9.999927282333374023e-01 2.129651923560293980e-12 5.504082432883361520e-12 1.962729284654685102e-11 4.430612543515621837e-10 2.371886324500915855e-12
9.999928474426269531e-01 2.268958241777307983e-12 5.711149435316809075e-12 1.954398969050696877e-11 4.639639228365410872e-10 2.532031442153970247e-12
9.999932050704956055e-01 2.096367784226726982e-12 4.937652283570903577e-12 1.699379005570822443e-11 4.595393787720780665e-10 2.077753984489061345e-12
9.999924898147583008e-01 2.174266192436768996e-12 4.979916652658733511e-12 1.838924151842391552e-11 5.177460127292476955e-10 2.378450301293577596e-12
9.999918937683105469e-01 2.878839961556467486e-12 6.102518664008460547e-12 2.230085213716925807e-11 6.373301886242188630e-10 3.002709626082067373e-12
9.999916553497314453e-01 3.167605283974084251e-12 6.083783216787042036e-12 2.282081294768811830e-11 7.693065628977535653e-10 3.087124306189181766e-12
9.999920129776000977e-01 3.081395815590637355e-12 6.404955992661554021e-12 2.156288689270091652e-11 7.634569088033060780e-10 3.135190457942416131e-12
9.999930858612060547e-01 2.456176104517759917e-12 4.971558754951477255e-12 1.749391256855581389e-11 6.243044969878042139e-10 2.505174019618028325e-12
9.999924898147583008e-01 3.095570457953278343e-12 5.780430821500370797e-12 2.054655577621300466e-11 7.634951559865044146e-10 2.901725084172857017e-12
9.999939203262329102e-01 2.563513637476866336e-12 4.508951371995362223e-12 1.661943672959242946e-11 6.662534413059972849e-10 2.451745620760115152e-12
9.999924898147583008e-01 3.322620824308675225e-12 5.307670102039363513e-12 2.069830765116797977e-11 7.811865598839062841e-10 3.270821547635138771e-12
9.999932050704956055e-01 2.720414822229844098e-12 4.202609614478713951e-12 1.629825441273879960e-11 6.678203545718019996e-10 2.458060447893539724e-12
9.999935626983642578e-01 3.009824811259220745e-12 4.713789254762179581e-12 1.816057026982065281e-11 6.483748538066436140e-10 2.771543194599046522e-12
9.999936819076538086e-01 2.870806457139218892e-12 4.226647244004455573e-12 1.774810680366112337e-11 6.977056155044181196e-10 2.575048898070808612e-12
9.999941587448120117e-01 2.847054840146578947e-12 3.896283035792480476e-12 1.842399323381815890e-11 6.691777132417087159e-10 2.604648701581835368e-12
9.999928474426269531e-01 3.443598487959387278e-12 4.570684542654079863e-12 2.260760155470276089e-11 7.533248469471232056e-10 3.136885933299748963e-12
9.999934434890747070e-01 3.644090237897579243e-12 4.572273983038943612e-12 2.258137080102251559e-11 7.454937778206272014e-10 3.390173775388860555e-12
9.999933242797851562e-01 4.069798751477060605e-12 4.815706861061030963e-12 2.366452866997548199e-11 7.743380936453547747e-10 3.533637358416052976e-12
9.999936819076538086e-01 4.457779631539260379e-12 4.923407168067051032e-12 2.775570745461308775e-11 8.365650949748726362e-10 3.851725362269409203e-12
9.999939203262329102e-01 4.014660999474006786e-12 4.509106196065593153e-12 2.708768452597265508e-11 6.899428806050877938e-10 3.432710062381549854e-12
9.999934434890747070e-01 4.835477938197607628e-12 5.290190160933683217e-12 3.150969068999032174e-11 7.496287479646923657e-10 3.993991769257743130e-12
9.999939203262329102e-01 4.635314267836809776e-12 4.712200248058184826e-12 3.007273596811188554e-11 7.890856301706605791e-10 3.778005252391691826e-12
9.999936819076538086e-01 4.496651315188948672e-12 4.880399036288896042e-12 2.900850219755835013e-11 8.032640663735435282e-10 3.685042722356701717e-12
9.999921321868896484e-01 4.956045990267554657e-12 5.082951420876113957e-12 2.892199674198181469e-11 8.785391858445734670e-10 3.835810141739059986e-12
9.999928474426269531e-01 5.364964549003925498e-12 5.364627145287848009e-12 2.963240069986383673e-11 1.041498554066322413e-09 4.316473393994879615e-12
9.999926090240478516e-01 5.314285036334132073e-12 5.429218272873237439e-12 3.101488163514964924e-11 9.922836996523187736e-10 4.371153612681144551e-12
9.999928474426269531e-01 5.444577948210405083e-12 5.735514493898641319e-12 3.428794748128183301e-11 1.027869789282931379e-09 4.592531216429662777e-12
9.999920129776000977e-01 6.520826847239424850e-12 6.643417153201491843e-12 4.309085033238346796e-11 1.030493357312423086e-09 5.745331294049194071e-12
9.999934434890747070e-01 5.547372023545493747e-12 5.623939682009027052e-12 3.987006558237027321e-11 9.659079092116940046e-10 5.267264489156042728e-12
9.999940395355224609e-01 4.914073922085426815e-12 4.963235551713740534e-12 3.358403485864691618e-11 9.132749556606256647e-10 4.510629283277500789e-12
9.999932050704956055e-01 5.585709412364581183e-12 5.460231225495881802e-12 3.976266885197254908e-11 1.023038986858182398e-09 5.168854493725616450e-12
9.999923706054687500e-01 7.316422641345798894e-12 6.810400333956412311e-12 4.878012924147689944e-11 1.305145658214712512e-09 6.776349013165594570e-12
9.999923706054687500e-01 8.002664503292677978e-12 7.409672701796932159e-12 5.369059363768968751e-11 1.235948787758900380e-09 7.373017994749542225e-12
9.999922513961791992e-01 8.444730158208013648e-12 7.303580483453142591e-12 5.729161936529614252e-11 1.326209475571715757e-09 7.564062223797130002e-12
9.999920129776000977e-01 8.544401297605475065e-12 7.487609490763880160e-12 6.159189824828104065e-11 1.187600573437919138e-09 7.942126123428039364e-12
9.999927282333374023e-01 7.275262423750428198e-12 6.052551255325555601e-12 5.117842261093130674e-11 1.082557377074522265e-09 6.888539651889180604e-12
9.999915361404418945e-01 8.992001587770914739e-12 7.445252747650954461e-12 6.574528421676717471e-11 1.325290654996535977e-09 8.795286547680358780e-12
9.999916553497314453e-01 9.291111283116215702e-12 7.428190874902984575e-12 6.393288676243003010e-11 1.255861525883972263e-09 8.905976650597224875e-12
9.999914169311523438e-01 1.055265250182735315e-11 8.574403340122493944e-12 6.628822490917229970e-11 1.406052496655263440e-09 1.028243636069792188e-11
9.999920129776000977e-01 7.518664510430816961e-12 6.401463126942674720e-12 5.201497219053941024e-11 1.119716985797936104e-09 6.913121984586378943e-12
9.999929666519165039e-01 6.425053197811614325e-12 5.175768667819991009e-12 4.465037020673356949e-11 1.013856554266112653e-09 5.838439974537035226e-12
9.999926090240478516e-01 7.555284523008687358e-12 6.254584523912587457e-12 5.196036656496261230e-11 8.955580721448086479e-10 7.239907458267413887e-12
9.999920129776000977e-01 8.905079798560144866e-12 7.357239817373795177e-12 6.445929900955604808e-11 8.824033170817813243e-10 8.619271095466896071e-12
9.999911785125732422e-01 1.246421542366871194e-11 9.692672879590968904e-12 8.275010537905913566e-11 1.247366987477960265e-09 1.188418547598546482e-11
9.999905824661254883e-01 1.187835507038270677e-11 9.602831550770130065e-12 7.670153401306833985e-11 1.194593868270032999e-09 1.179605978868236704e-11
9.999891519546508789e-01 1.533732862935011099e-11 1.227170014911349583e-11 1.000791255423294501e-10 1.379914182919605992e-09 1.543496407074851362e-11
9.999872446060180664e-01 1.606608769633144362e-11 1.322806100767515147e-11 1.116373798959457986e-10 1.360312307241429153e-09 1.606553605426608300e-11
9.999871253967285156e-01 1.583040643016175864e-11 1.244326169880238808e-11 1.087395312682204462e-10 1.292647655581902200e-09 1.611147153190994885e-11
9.999880790710449219e-01 1.414959469037135875e-11 1.164335728526255664e-11 9.984811588648057068e-11 1.037312458151973260e-09 1.438703670086916020e-11
9.999879598617553711e-01 1.690518731944923303e-11 1.292277743147884905e-11 1.072475164232145062e-10 1.263022575415106985e-09 1.669893216760254262e-11
9.999860525131225586e-01 2.061547460519008723e-11 1.571225961838340623e-11 1.373714336727616114e-10 1.428628437771806148e-09 2.052382395978380458e-11
9.999846220016479492e-01 2.425722470111857376e-11 1.888542100481060970e-11 1.579339853341465982e-10 1.562045826020153072e-09 2.426661822874098817e-11
9.999840259552001953e-01 2.302200791115538436e-11 1.788436933269910156e-11 1.538437016668225965e-10 1.439649066625747764e-09 2.423972828013987169e-11
9.999849796295166016e-01 2.398908155454293478e-11 1.794137755029012737e-11 1.571285046519932393e-10 1.309040209562795098e-09 2.345072400156134051e-11
9.999831914901733398e-01 2.689074830863891208e-11 2.020002567992840170e-11 1.663410797991815571e-10 1.444466657396503706e-09 2.547733204960600517e-11
9.999806880950927734e-01 3.063926889979029511e-11 2.355453332381074460e-11 1.850048586549135621e-10 1.738938881779006351e-09 2.867897586078527183e-11
9.999848604202270508e-01 2.417224753692437389e-11 1.850443583084615540e-11 1.581278302742461506e-10 1.241998615064687783e-09 2.296523388123361542e-11
9.999836683273315430e-01 2.795269050948068212e-11 2.202774594672884945e-11 1.710093733287010309e-10 1.397909787925755154e-09 2.621608312380896422e-11
