9.112941636441003251e-04
5.690865093525509198e-03
3.823860797678554913e-02
2.948355481931538291e-01
9.215578775254462673e-01
9.916215129473245904e-01
9.977393039836244260e-01
9.994750593277731410e-01
9.998651736345433028e-01
9.999480244957213992e-01
9.999684093838673293e-01
9.999852179758473847e-01
9.999874829634191054e-01
9.999951123952398602e-01
9.999979734321726710e-01
9.999997615802556084e-01
1.000000953678977567e+00
1.000002145777699525e+00
1.000002384197443916e+00
1.000002622617188308e+00
1.000002622617188308e+00
1.000002384197443916e+00
1.000002503407316112e+00
1.000002145777699525e+00
1.000002384197443916e+00
1.000002622617188308e+00
1.000002980246804896e+00
1.000002861036932700e+00
1.000003337876421483e+00
1.000003337876421483e+00
1.000002980246804896e+00
1.000003218666549287e+00
1.000003337876421483e+00
1.000002980246804896e+00
1.000002145777699525e+00
1.000002026567827329e+00
1.000001192098721958e+00
1.000000119209872196e+00
1.000000357629616587e+00
1.000000000000000000e+00
9.999994039506390209e-01
9.999995231605112167e-01
9.999988079012780418e-01
9.999976158025559725e-01
9.999977350124282793e-01
9.999980926420448668e-01
9.999973773828115808e-01
9.999967813334506017e-01
9.999965429137062101e-01
9.999969005433227975e-01
9.999979734321726710e-01
9.999973773828115808e-01
9.999988079012780418e-01
9.999973773828115808e-01
9.999980926420448668e-01
9.999984502716614543e-01
9.999985694815336501e-01
9.999990463210224334e-01
9.999977350124282793e-01
9.999983310617892585e-01
9.999982118519170626e-01
9.999985694815336501e-01
9.999988079012780418e-01
9.999983310617892585e-01
9.999988079012780418e-01
9.999985694815336501e-01
9.999970197531949934e-01
9.999977350124282793e-01
9.999974965926837767e-01
9.999977350124282793e-01
9.999969005433227975e-01
9.999983310617892585e-01
9.999989271111502376e-01
9.999980926420448668e-01
9.999972581729393850e-01
9.999972581729393850e-01
9.999971389630671892e-01
9.999969005433227975e-01
9.999976158025559725e-01
9.999964237038340142e-01
9.999965429137062101e-01
9.999963044939618184e-01
9.999969005433227975e-01
9.999978542223004752e-01
9.999974965926837767e-01
9.999969005433227975e-01
9.999960660742174268e-01
9.999954700248564476e-01
9.999940395063900977e-01
9.999921321484348535e-01
9.999920129385626577e-01
9.999929666175402243e-01
9.999928474076680285e-01
9.999909400497128953e-01
9.999895095312465454e-01
9.999889134818855663e-01
9.999898671608631329e-01
9.999880790127800845e-01
9.999855756054639722e-01
9.999897479509909370e-01
9.999885558522689788e-01
