       1    0.0002357741
       2    0.0002476342
       3    0.0003576804
       4    0.0004971202
       5    0.0009046140
       6    0.0016207190
       7    0.0040852139
       8    0.0039767013
       9    0.0111639705
      10    0.0231342670
      11    0.0479356200
      12    0.0269186907
      13    0.0544911213
      14    0.0782537386
      15    0.0968971923
      16    0.0851318017
      17    0.0849325955
      18    0.1486033350
      19    0.1790419817
      20    0.1084095612
      21    0.1297398806
      22    0.0928873718
      23    0.1269514710
      24    0.1125789583
      25    0.0849465579
      26    0.0960036442
      27    0.0529194474
      28    0.0624827221
      29    0.0770075470
      30    0.0359954759
      31    0.0279460121
      32    0.0225847624
      33    0.0093160709
      34    0.0184648465
      35    0.0110340668
      36    0.0056586363
      37    0.0099128922
      38    0.0057841116
      39    0.0097480640
      40    0.0086650467
      41    0.0025220329
      42    0.0048889420
      43    0.0087237088
      44    0.0015927894
      45    0.0028913682
      46    0.0049358690
      47    0.0024794340
      48    0.0017764380
      49    0.0016476347
      50    0.0007249680
      51    0.0025258528
      52    0.0003911348
      53    0.0008760475
      54    0.0002500783
      55    0.0005398350
      56    0.0002901434
      57    0.0004401655
      58    0.0002380062
      59    0.0001906465
      60    0.0000962537
      61    0.0001124899
      62    0.0003704301
      63    0.0001419278
      64    0.0009232296
      65    0.0008577323
      66    0.0001762043
      67    0.0001152451
      68    0.0000599601
      69    0.0001065720
      70    0.0001360477
      71    0.0002370479
      72    0.0001183925
      73    0.0000998173
      74    0.0003905419
      75    0.0000367069
      76    0.0001473687
      77    0.0000408351
      78    0.0000874117
      79    0.0000580187
      80    0.0000879950
      81    0.0000588573
      82    0.0000413590
      83    0.0000362391
      84    0.0000352584
      85    0.0000670284
      86    0.0000432773
      87    0.0000686138
      88    0.0000442720
      89    0.0000807876
      90    0.0000261683
      91    0.0000394033
      92    0.0000319488
      93    0.0000227336
      94    0.0000729428
      95    0.0000885172
      96    0.0000230093
      97    0.0000385643
      98    0.0000654805
      99    0.0000517509
     100    0.0000283207
     101    0.0000588458
     102    0.0000775266
     103    0.0000652525
     104    0.0000324943
     105    0.0000413552
     106    0.0000651418
     107    0.0000421436
     108    0.0000377037
     109    0.0000495672
     110    0.0000345302
     111    0.0000574249
     112    0.0000334118
     113    0.0000317485
     114    0.0000476429
     115    0.0000451942
     116    0.0000452968
     117    0.0000352072
     118    0.0000367035
     119    0.0000411990
     120    0.0000358185
     121    0.0000569521
     122    0.0000580609
     123    0.0000405490
     124    0.0000408996
     125    0.0000695358
     126    0.0000496843
     127    0.0000596339
     128    0.0000284892
