 Iterations  Total_Loss        PSNR
        100  0.01884798 17.24735260
        200  0.01535202 18.13834572
        300  0.01293195 18.88335991
        400  0.01201456 19.20292091
        500  0.01164923 19.33702660
        600  0.01153633 19.37932396
        700  0.01099723 19.58716774
        800  0.01086917 19.63803482
        900  0.01088391 19.63215065
       1000  0.01043323 19.81581116
       1100  0.01051438 19.78216362
       1200  0.01047702 19.79762268
       1300  0.01019004 19.91823959
       1400  0.00996662 20.01452255
       1500  0.00976541 20.10309601
       1600  0.00966357 20.14862442
       1700  0.00941048 20.26388168
       1800  0.00930356 20.31350899
       1900  0.00913933 20.39085388
       2000  0.00907612 20.42099953
       2100  0.00879822 20.55605125
       2200  0.00864890 20.63039207
       2300  0.00867183 20.61889267
       2400  0.00836732 20.77413750
       2500  0.00825417 20.83326721
       2600  0.00808392 20.92378044
       2700  0.00789616 21.02584076
       2800  0.00791278 21.01671028
       2900  0.00777892 21.09080887
       3000  0.00760786 21.18737411
       3100  0.00735518 21.33406830
       3200  0.00731544 21.35759354
       3300  0.00719864 21.42749596
       3400  0.00710671 21.48331642
       3500  0.00696548 21.57048988
       3600  0.00727603 21.38105583
       3700  0.00670931 21.73321915
       3800  0.00661750 21.79306030
       3900  0.00653081 21.85033035
       4000  0.00658612 21.81370354
       4100  0.00638896 21.94569969
       4200  0.00631747 21.99456787
       4300  0.00625961 22.03452682
       4400  0.00605092 22.18178558
       4500  0.00609959 22.14699554
       4600  0.00599329 22.22334671
       4700  0.00591544 22.28012848
       4800  0.00569318 22.44645119
       4900  0.00566598 22.46725082
       5000  0.00568598 22.45194817
       5100  0.00542445 22.65644455
       5200  0.00540660 22.67075539
       5300  0.00548420 22.60886574
       5400  0.00530676 22.75170708
       5500  0.00522599 22.81831169
       5600  0.00526482 22.78616714
       5700  0.00511049 22.91537666
       5800  0.00503369 22.98113441
       5900  0.00485341 23.13953018
       6000  0.00480045 23.18718338
       6100  0.00473476 23.24701691
       6200  0.00468838 23.28977203
       6300  0.00443190 23.53409767
       6400  0.00442068 23.54511261
       6500  0.00753887 21.22693634
       6600  0.00432172 23.64343452
       6700  0.00444706 23.51927185
       6800  0.00429994 23.66537857
       6900  0.00410488 23.86699104
       7000  0.00396366 24.01903343
       7100  0.00995588 20.01920319
       7200  0.00372079 24.29365349
       7300  0.00376588 24.24133682
       7400  0.00362280 24.40955353
       7500  0.00384798 24.14767075
       7600  0.00361882 24.41433334
       7700  0.00346924 24.59766006
       7800  0.00336095 24.73538017
       7900  0.00333633 24.76730728
       8000  0.00347671 24.58830833
       8100  0.00312493 25.05159187
       8200  0.00303231 25.18226433
       8300  0.00298103 25.25633812
       8400  0.00292315 25.34148216
       8500  0.00281747 25.50140953
       8600  0.00271721 25.65876961
       8700  0.00287712 25.41042328
       8800  0.00264144 25.78159904
       8900  0.00263070 25.79928780
       9000  0.00264820 25.77048683
       9100  0.00242207 26.15814018
       9200  0.00247318 26.06745148
       9300  0.00244276 26.12118530
       9400  0.00248779 26.04186440
       9500  0.00245621 26.09733963
       9600  0.00229793 26.38663483
       9700  0.00226773 26.44408607
       9800  0.00215337 26.66881943
       9900  0.00213291 26.71027946
      10000  0.00213498 26.70606804
