1.279352727578952909e-04 2.627377689350396395e-04 9.870650246739387512e-04 5.981470167171210051e-05 5.957159009994938970e-05 1.546503626741468906e-04
1.413079095073044300e-03 2.894087880849838257e-02 3.205941058695316315e-03 3.139000327792018652e-04 1.500906655564904213e-04 4.921582294628024101e-04
2.268955409526824951e-01 3.814211487770080566e-02 4.565640410874038935e-04 4.090902075404301286e-05 1.718295679893344641e-04 2.042780542979016900e-04
3.188327252864837646e-01 9.948464483022689819e-02 2.126785111613571644e-04 2.183778087783139199e-05 1.155035643023438752e-04 1.069661084329709411e-04
2.931981086730957031e-01 1.828711032867431641e-01 2.396062627667561173e-04 3.994515282101929188e-05 1.982754765776917338e-04 1.626666780794039369e-04
3.666027188301086426e-01 1.213045790791511536e-01 2.862471155822277069e-04 3.699130684253759682e-05 1.748262293403968215e-04 1.409315736964344978e-04
4.324379265308380127e-01 1.016110926866531372e-01 2.095698728226125240e-04 2.466749901941511780e-05 1.100551307899877429e-04 7.032250869087874889e-05
4.654556214809417725e-01 7.876144349575042725e-02 1.808423112379387021e-04 1.855486334534361959e-05 7.028309482848271728e-05 6.176019087433815002e-05
5.295343399047851562e-01 6.164533272385597229e-02 1.402055495418608189e-04 1.519350644230144098e-05 4.243536022840999067e-05 5.135271567269228399e-05
5.735369920730590820e-01 4.449481144547462463e-02 1.483479281887412071e-04 1.451596563128987327e-05 3.626329271355643868e-05 5.480154140968807042e-05
6.230466365814208984e-01 3.121975436806678772e-02 1.451450516469776630e-04 1.129231895902194083e-05 2.290524207637645304e-05 4.650374103221111000e-05
6.352221965789794922e-01 2.759958058595657349e-02 1.578231604071334004e-04 1.216576856677420437e-05 2.305396810697857291e-05 5.265934669296257198e-05
6.808081865310668945e-01 2.309575676918029785e-02 1.655635132919996977e-04 1.115661962103331462e-05 1.713141136860940605e-05 4.597830775310285389e-05
7.041133046150207520e-01 1.906623691320419312e-02 1.859923650044947863e-04 1.051313392963493243e-05 1.430470820196205750e-05 4.531129161478020251e-05
7.128478884696960449e-01 1.618552953004837036e-02 2.192118554376065731e-04 1.189830345538211986e-05 1.234883256984176114e-05 5.656800203723832965e-05
7.116618752479553223e-01 1.414919830858707428e-02 2.418420190224424005e-04 1.170034920505713671e-05 1.345354030490852892e-05 6.050858428352512419e-05
7.230349183082580566e-01 1.281951554119586945e-02 2.721076598390936852e-04 1.179496030090376735e-05 1.448045804863795638e-05 7.029889093246310949e-05
7.480075955390930176e-01 1.097152475267648697e-02 2.885348512791097164e-04 1.148644787463126704e-05 1.413591598975472152e-05 8.103074651444330812e-05
7.497138381004333496e-01 9.607980027794837952e-03 3.480753512121737003e-04 1.221826187247643247e-05 1.526893720438238233e-05 9.915645205182954669e-05
7.667089700698852539e-01 7.744028698652982712e-03 3.410725621506571770e-04 1.127127143263351172e-05 1.453378808946581557e-05 1.018943294184282422e-04
7.759321331977844238e-01 7.746729534119367599e-03 4.049109993502497673e-04 1.347290526609867811e-05 1.752468597260303795e-05 1.183364947792142630e-04
7.736641764640808105e-01 7.309203967452049255e-03 5.438306252472102642e-04 1.692383557383436710e-05 2.165605292248073965e-05 1.433165016351267695e-04
7.693113088607788086e-01 7.199343293905258179e-03 6.679007783532142639e-04 1.903432530525606126e-05 2.538305852795019746e-05 1.666633761487901211e-04
7.806797623634338379e-01 6.664433516561985016e-03 8.234623237513005733e-04 2.024754030571784824e-05 2.832068093994166702e-05 1.772498799255117774e-04
7.701807022094726562e-01 5.881153978407382965e-03 9.819343686103820801e-04 2.365289765293709934e-05 3.273382753832265735e-05 1.923231902765110135e-04
7.790715098381042480e-01 6.038355641067028046e-03 1.161516760475933552e-03 2.616934034449514002e-05 3.689920049509964883e-05 2.129713539034128189e-04
7.771320939064025879e-01 6.164293736219406128e-03 1.321426127105951309e-03 2.964055784104857594e-05 4.423634163686074317e-05 2.510297636035829782e-04
7.771652936935424805e-01 6.603999063372612000e-03 1.577171729877591133e-03 3.288841980975121260e-05 5.398102803155779839e-05 2.723395009525120258e-04
7.777952551841735840e-01 6.671539973467588425e-03 1.745963352732360363e-03 3.378783003427088261e-05 5.646467616315931082e-05 2.765355166047811508e-04
7.869023680686950684e-01 5.861334037035703659e-03 1.784182619303464890e-03 3.055182241951115429e-05 5.025825157645158470e-05 2.610029187053442001e-04
7.938827872276306152e-01 6.285084411501884460e-03 2.011515432968735695e-03 3.136603118036873639e-05 5.566476102103479207e-05 2.466724836267530918e-04
8.110513091087341309e-01 5.743294488638639450e-03 1.880988245829939842e-03 2.650767419254407287e-05 4.911783253191970289e-05 2.225991192972287536e-04
8.188825249671936035e-01 5.973523017019033432e-03 1.957258209586143494e-03 2.530661186028737575e-05 5.244866770226508379e-05 2.261645131511613727e-04
8.250929713249206543e-01 5.860792472958564758e-03 2.161933109164237976e-03 2.449921703373547643e-05 5.245029387879185379e-05 2.372713352087885141e-04
8.244111537933349609e-01 6.375800818204879761e-03 2.388117602095007896e-03 2.455868525430560112e-05 5.302713907440192997e-05 2.368572022533044219e-04
8.332848548889160156e-01 6.148043088614940643e-03 2.299133455380797386e-03 2.144309837603941560e-05 4.791636456502601504e-05 2.218433946836739779e-04
8.316034078598022461e-01 6.406759377568960190e-03 2.401799196377396584e-03 2.254328683193307370e-05 5.183134271646849811e-05 2.307369431946426630e-04
8.379828333854675293e-01 6.863016635179519653e-03 2.591630676761269569e-03 2.272844176332000643e-05 5.065376171842217445e-05 2.389901346759870648e-04
8.370649814605712891e-01 7.218118291348218918e-03 2.707607811316847801e-03 2.275502811244223267e-05 5.008290827390737832e-05 2.349369024159386754e-04
8.332949876785278320e-01 7.917501963675022125e-03 2.867140807211399078e-03 2.289514122821856290e-05 5.548072294914163649e-05 2.451232285238802433e-04
8.360230326652526855e-01 8.548306301236152649e-03 3.325368277728557587e-03 2.483934076735749841e-05 6.076369754737243056e-05 2.576183178462088108e-04
8.314660787582397461e-01 8.284463547170162201e-03 3.584387945011258125e-03 2.631613460835069418e-05 6.214102904777973890e-05 2.762125222943723202e-04
8.311411738395690918e-01 8.920618332922458649e-03 3.993102815002202988e-03 2.916572702815756202e-05 6.970878166612237692e-05 3.032485255971550941e-04
8.280057907104492188e-01 9.462193585932254791e-03 4.548855591565370560e-03 3.327654849272221327e-05 7.843079947633668780e-05 3.320110845379531384e-04
8.263329267501831055e-01 9.748110547661781311e-03 4.986279644072055817e-03 3.613825174397788942e-05 8.381810039281845093e-05 3.545281360857188702e-04
8.319089412689208984e-01 1.046290434896945953e-02 5.111545324325561523e-03 3.773544813157059252e-05 8.745126979192718863e-05 3.597187751438468695e-04
8.273028135299682617e-01 1.019057538360357285e-02 5.327965598553419113e-03 4.102943421457894146e-05 8.905235154088586569e-05 3.862197918351739645e-04
8.290268182754516602e-01 1.046480890363454819e-02 5.602728575468063354e-03 4.669322879635728896e-05 1.007809405564330518e-04 4.290796350687742233e-04
8.207958936691284180e-01 1.118000689893960953e-02 6.253940053284168243e-03 5.677348235622048378e-05 1.152491531684063375e-04 4.836764419451355934e-04
8.188275098800659180e-01 1.196995843201875687e-02 6.813938263803720474e-03 6.069904338801279664e-05 1.258319243788719177e-04 5.514215445145964622e-04
8.175374865531921387e-01 1.242718938738107681e-02 6.981313694268465042e-03 6.503508484456688166e-05 1.241305726580321789e-04 5.401961388997733593e-04
