7.350000000000000000e+02 9.110000000000000000e+02 8.240000000000000000e+02 9.710000000000000000e+02 5.910000000000000000e+02
6.040000000000000000e+02 5.560000000000000000e+02 7.110000000000000000e+02 7.040000000000000000e+02 9.210000000000000000e+02
6.040000000000000000e+02 7.080000000000000000e+02 4.700000000000000000e+02 5.560000000000000000e+02 8.830000000000000000e+02
6.040000000000000000e+02 7.080000000000000000e+02 4.380000000000000000e+02 8.830000000000000000e+02 4.700000000000000000e+02
6.040000000000000000e+02 4.380000000000000000e+02 8.830000000000000000e+02 7.080000000000000000e+02 7.110000000000000000e+02
6.040000000000000000e+02 4.380000000000000000e+02 8.830000000000000000e+02 7.110000000000000000e+02 7.080000000000000000e+02
6.040000000000000000e+02 4.380000000000000000e+02 8.830000000000000000e+02 5.830000000000000000e+02 7.110000000000000000e+02
6.040000000000000000e+02 4.380000000000000000e+02 5.830000000000000000e+02 6.800000000000000000e+02 7.110000000000000000e+02
6.040000000000000000e+02 4.380000000000000000e+02 5.830000000000000000e+02 7.780000000000000000e+02 6.800000000000000000e+02
6.040000000000000000e+02 4.380000000000000000e+02 5.830000000000000000e+02 7.780000000000000000e+02 7.110000000000000000e+02
6.040000000000000000e+02 4.380000000000000000e+02 5.830000000000000000e+02 7.780000000000000000e+02 7.110000000000000000e+02
6.040000000000000000e+02 4.380000000000000000e+02 5.830000000000000000e+02 7.780000000000000000e+02 7.110000000000000000e+02
6.040000000000000000e+02 4.380000000000000000e+02 5.830000000000000000e+02 7.780000000000000000e+02 7.110000000000000000e+02
6.040000000000000000e+02 4.380000000000000000e+02 5.830000000000000000e+02 7.780000000000000000e+02 7.110000000000000000e+02
6.040000000000000000e+02 4.380000000000000000e+02 5.830000000000000000e+02 7.780000000000000000e+02 7.110000000000000000e+02
6.040000000000000000e+02 4.380000000000000000e+02 5.830000000000000000e+02 7.780000000000000000e+02 7.110000000000000000e+02
6.040000000000000000e+02 4.380000000000000000e+02 5.830000000000000000e+02 7.780000000000000000e+02 7.110000000000000000e+02
6.040000000000000000e+02 4.380000000000000000e+02 5.830000000000000000e+02 7.780000000000000000e+02 7.110000000000000000e+02
6.040000000000000000e+02 4.380000000000000000e+02 5.830000000000000000e+02 7.780000000000000000e+02 7.110000000000000000e+02
6.040000000000000000e+02 4.380000000000000000e+02 5.830000000000000000e+02 7.780000000000000000e+02 7.110000000000000000e+02
6.040000000000000000e+02 4.380000000000000000e+02 5.830000000000000000e+02 7.780000000000000000e+02 7.110000000000000000e+02
6.040000000000000000e+02 4.380000000000000000e+02 5.830000000000000000e+02 7.780000000000000000e+02 7.110000000000000000e+02
6.040000000000000000e+02 4.380000000000000000e+02 5.830000000000000000e+02 7.780000000000000000e+02 7.110000000000000000e+02
6.040000000000000000e+02 4.380000000000000000e+02 5.830000000000000000e+02 7.780000000000000000e+02 7.110000000000000000e+02
6.040000000000000000e+02 4.380000000000000000e+02 5.830000000000000000e+02 7.780000000000000000e+02 7.110000000000000000e+02
6.040000000000000000e+02 4.380000000000000000e+02 5.830000000000000000e+02 7.780000000000000000e+02 7.110000000000000000e+02
6.040000000000000000e+02 4.380000000000000000e+02 5.830000000000000000e+02 7.780000000000000000e+02 7.110000000000000000e+02
6.040000000000000000e+02 4.380000000000000000e+02 5.830000000000000000e+02 7.780000000000000000e+02 7.110000000000000000e+02
6.040000000000000000e+02 4.380000000000000000e+02 5.830000000000000000e+02 7.780000000000000000e+02 7.110000000000000000e+02
6.040000000000000000e+02 4.380000000000000000e+02 5.830000000000000000e+02 7.780000000000000000e+02 7.110000000000000000e+02
6.040000000000000000e+02 4.380000000000000000e+02 5.830000000000000000e+02 7.780000000000000000e+02 7.110000000000000000e+02
6.040000000000000000e+02 4.380000000000000000e+02 5.830000000000000000e+02 7.780000000000000000e+02 7.110000000000000000e+02
6.040000000000000000e+02 4.380000000000000000e+02 5.830000000000000000e+02 7.780000000000000000e+02 7.110000000000000000e+02
6.040000000000000000e+02 4.380000000000000000e+02 5.830000000000000000e+02 7.780000000000000000e+02 7.110000000000000000e+02
6.040000000000000000e+02 4.380000000000000000e+02 5.830000000000000000e+02 7.780000000000000000e+02 7.110000000000000000e+02
6.040000000000000000e+02 4.380000000000000000e+02 5.830000000000000000e+02 7.780000000000000000e+02 7.110000000000000000e+02
6.040000000000000000e+02 4.380000000000000000e+02 5.830000000000000000e+02 7.780000000000000000e+02 7.110000000000000000e+02
6.040000000000000000e+02 4.380000000000000000e+02 5.830000000000000000e+02 7.780000000000000000e+02 7.110000000000000000e+02
6.040000000000000000e+02 4.380000000000000000e+02 5.830000000000000000e+02 7.780000000000000000e+02 7.110000000000000000e+02
6.040000000000000000e+02 4.380000000000000000e+02 5.830000000000000000e+02 7.780000000000000000e+02 7.110000000000000000e+02
6.040000000000000000e+02 4.380000000000000000e+02 5.830000000000000000e+02 7.780000000000000000e+02 7.110000000000000000e+02
6.040000000000000000e+02 4.380000000000000000e+02 5.830000000000000000e+02 7.780000000000000000e+02 7.110000000000000000e+02
6.040000000000000000e+02 4.380000000000000000e+02 5.830000000000000000e+02 7.780000000000000000e+02 7.110000000000000000e+02
6.040000000000000000e+02 4.380000000000000000e+02 5.830000000000000000e+02 7.780000000000000000e+02 7.110000000000000000e+02
6.040000000000000000e+02 4.380000000000000000e+02 5.830000000000000000e+02 7.780000000000000000e+02 7.110000000000000000e+02
6.040000000000000000e+02 4.380000000000000000e+02 5.830000000000000000e+02 7.780000000000000000e+02 7.110000000000000000e+02
6.040000000000000000e+02 4.380000000000000000e+02 5.830000000000000000e+02 7.780000000000000000e+02 7.110000000000000000e+02
6.040000000000000000e+02 4.380000000000000000e+02 5.830000000000000000e+02 7.780000000000000000e+02 7.110000000000000000e+02
6.040000000000000000e+02 4.380000000000000000e+02 5.830000000000000000e+02 7.780000000000000000e+02 7.110000000000000000e+02
6.040000000000000000e+02 4.380000000000000000e+02 5.830000000000000000e+02 7.780000000000000000e+02 7.110000000000000000e+02
6.040000000000000000e+02 4.380000000000000000e+02 5.830000000000000000e+02 7.780000000000000000e+02 7.110000000000000000e+02
