1.291341995990936313e-03
1.763624215223010688e-02
1.204299021065647679e+00
1.384147462887476143e+00
1.415379504763863983e+00
1.450045251676464142e+00
1.478030995861106645e+00
1.481548552058154611e+00
1.403892035481339118e+00
1.353066632604461805e+00
1.376890564172970510e+00
1.361264620847411067e+00
1.378350832138920179e+00
1.371197908863850401e+00
1.375270280241759568e+00
1.395874746489990326e+00
1.341609489491772500e+00
1.344101965247606945e+00
1.303374478166275718e+00
1.289058010469096960e+00
1.263881419924377525e+00
1.283685387090498953e+00
1.265726424966627128e+00
1.236814684462491654e+00
1.242243348366914857e+00
1.210401009791579607e+00
1.207700303653003848e+00
1.166226680992171749e+00
1.169510222574521308e+00
1.125305986861082186e+00
1.095789120479583989e+00
1.077402517435451346e+00
1.059310511469720772e+00
1.057818240310718805e+00
1.036121752444540745e+00
1.025353236990212968e+00
1.005908641924238900e+00
1.012078060958675918e+00
9.844640569204039515e-01
9.904490732769704042e-01
9.903445388297955621e-01
9.856388116837089264e-01
9.713029184676033045e-01
9.476809284447733628e-01
9.359558808732147961e-01
9.226804253378083631e-01
9.191637076523687666e-01
9.137615267395762242e-01
8.891558228482114856e-01
8.756807316740492508e-01
8.616237134436889322e-01
