2.505508609995276879e-04
5.983733239797411896e-02
7.166415129085541569e-01
7.449329332610468146e-01
7.079118955779253319e-01
8.266887071836637180e-01
8.669694524295491478e-01
9.184485796342415354e-01
9.309963342384827145e-01
9.498827876478315169e-01
9.574348846897821064e-01
9.673516701606964530e-01
9.658724736120706256e-01
9.718286351009464141e-01
9.671617883812491101e-01
9.613753687815903559e-01
9.576640814645294153e-01
9.580908180009374275e-01
9.494116709940295662e-01
9.528606573455153939e-01
9.413850202511420129e-01
9.384930164327635049e-01
9.320747228518952987e-01
9.347021343399419813e-01
9.357418109487799507e-01
9.297135920682118027e-01
9.263506524932491049e-01
9.250527752557691219e-01
9.212678627711294865e-01
9.239731806609056131e-01
9.253267742414180708e-01
9.199199976025088654e-01
9.218999779486292123e-01
9.226760873113686312e-01
9.192337338578628891e-01
9.171095181302125754e-01
9.152152830652526827e-01
9.155905844927789694e-01
9.178624726490944852e-01
9.138637999522792876e-01
9.126339400686311887e-01
9.113460121781212786e-01
9.100048402065532560e-01
9.086364733532670268e-01
9.044039608531184715e-01
9.089283208643895717e-01
9.080722549314541592e-01
9.027468217414095220e-01
8.966396110758060312e-01
8.986577004357754195e-01
8.927629234027514293e-01
8.891558328830500013e-01
8.785662906597400124e-01
8.760985511157951544e-01
8.646552946233789783e-01
8.561178504369542086e-01
8.559615552409149952e-01
8.469021622825321227e-01
8.420820956194955409e-01
8.422348934693270062e-01
8.343451819201913588e-01
8.258112350799743373e-01
8.212402035865526972e-01
8.221955820919714109e-01
8.196537349878675327e-01
8.129489002142606946e-01
8.119803162119543227e-01
7.991982997108719733e-01
7.960921738858827146e-01
7.894821895533906675e-01
7.874475782475437446e-01
7.869698286957618194e-01
7.830547305134953895e-01
7.834379311195251994e-01
7.755414057751919277e-01
7.634834002381692963e-01
7.590148168690031838e-01
7.472724769767589148e-01
7.480914589800785608e-01
7.384887713780563523e-01
7.319777981226848196e-01
7.307803188409939255e-01
7.214133403135539746e-01
7.124151509138053617e-01
7.059623059643681531e-01
6.977139355317290015e-01
6.859154572029443342e-01
6.776848146976336418e-01
6.728125290377721113e-01
6.684984921915414491e-01
6.713815717471831590e-01
6.676385671179629888e-01
6.718410506799835646e-01
6.648914619709125340e-01
6.623812115808227485e-01
6.519778728935348155e-01
6.441408024347318184e-01
6.433914658602027936e-01
6.430616299333761221e-01
6.395827352419075629e-01
6.430975078815410750e-01
