7.492838989426545832e-04
3.856031952042755177e-03
7.506542454864653657e-02
3.179195162249199430e-02
9.710935616292959427e-02
5.296951834157397343e-01
6.478676091196498010e-01
7.683524640000097827e-01
8.796003634509681479e-01
9.218206782986518855e-01
9.407852234235681843e-01
9.575332330018878624e-01
9.611566379190285003e-01
9.633870390832495190e-01
9.681236813092087834e-01
9.714113051411378263e-01
9.682528892327343373e-01
9.633730507610445137e-01
9.656784244241013448e-01
9.631320589644591923e-01
9.653241762994875241e-01
9.598405699382366318e-01
9.512953615827909326e-01
9.484337067029218193e-01
9.400493027005437652e-01
9.368741376168684409e-01
9.331208499010080759e-01
9.306936919415607079e-01
9.278929598860319317e-01
9.251613718617536231e-01
9.236943158943538013e-01
9.164299593050257986e-01
9.133841248494568577e-01
9.112055050183105465e-01
9.101198148878695271e-01
9.032777461131790142e-01
8.988271282649388239e-01
8.942670579306731815e-01
8.873670725938704873e-01
8.878330432392537164e-01
8.925988891554305082e-01
8.953128690723717309e-01
8.937366060281078939e-01
8.969921426121719721e-01
8.973078614984315582e-01
8.954821400415109434e-01
8.940757614892900218e-01
8.963733434114695697e-01
8.937360538574945501e-01
8.971947278749836663e-01
9.007180058542355594e-01
