       1    0.0000000908
       2    0.0000014113
       3    0.0000713538
       4    0.0050671883
       5    0.0816671848
       6    0.1205242053
       7    0.1985699981
       8    0.2476830333
       9    0.2574559450
      10    0.2545542717
      11    0.2719228566
      12    0.2865492105
      13    0.2872415483
      14    0.2652049661
      15    0.2880463898
      16    0.3488078117
      17    0.2754985094
      18    0.3111969531
      19    0.3151313663
      20    0.2819782495
      21    0.2765683234
      22    0.2477831393
      23    0.3208968639
      24    0.3030762672
      25    0.2935869098
      26    0.3226742148
      27    0.2543308437
      28    0.2974437177
      29    0.2743737698
      30    0.3320004940
      31    0.2164488286
      32    0.2438388765
      33    0.2212839574
      34    0.2116588801
      35    0.2284916937
      36    0.2907192409
      37    0.2682202756
      38    0.1841699928
      39    0.2315288484
      40    0.1190774739
      41    0.1303627789
      42    0.1822192967
      43    0.1590947360
      44    0.1081651598
      45    0.1330670416
      46    0.0943847299
      47    0.1109192222
      48    0.0905732363
      49    0.0271791294
      50    0.1354775280
      51    0.1244033128
      52    0.0408215486
      53    0.0771241188
      54    0.0674685761
      55    0.0726419464
      56    0.0619946271
      57    0.0726739392
      58    0.0437314771
      59    0.0261280946
      60    0.0227741823
      61    0.0657876581
      62    0.0138616506
      63    0.0203898232
      64    0.0203085076
      65    0.0181347094
      66    0.0235536415
      67    0.0201950297
      68    0.0064282254
      69    0.0114722401
      70    0.0174338389
      71    0.0162097067
      72    0.0090842415
      73    0.0095706573
      74    0.0087423464
      75    0.0073511610
      76    0.0118659763
      77    0.0091315135
      78    0.0076752165
      79    0.0042551882
      80    0.0082716756
      81    0.0058691953
      82    0.0048068236
      83    0.0012556204
      84    0.0093599521
      85    0.0039432407
      86    0.0020033354
      87    0.0032178198
      88    0.0025080640
      89    0.0025987923
      90    0.0026498430
      91    0.0015827627
      92    0.0041346271
      93    0.0018734559
      94    0.0016605495
      95    0.0015623877
      96    0.0010422199
      97    0.0009428338
      98    0.0009124311
      99    0.0013377937
     100    0.0007322702
     101    0.0007569401
     102    0.0004733552
     103    0.0004702549
     104    0.0006310015
     105    0.0006353256
     106    0.0002806018
     107    0.0002512258
     108    0.0002230026
     109    0.0001812090
     110    0.0002385065
     111    0.0001856322
     112    0.0001494802
     113    0.0001076108
     114    0.0001105916
     115    0.0001581683
     116    0.0001450494
     117    0.0000533900
     118    0.0000741248
     119    0.0000608769
     120    0.0000376911
     121    0.0000405942
     122    0.0000546457
     123    0.0000299222
     124    0.0000342873
     125    0.0000420244
     126    0.0000284762
     127    0.0000130282
     128    0.0000195306
