       1    0.0000000000
       2    0.0000000007
       3    0.0000000489
       4    0.0000214333
       5    0.0018277876
       6    0.0182483289
       7    0.0528496802
       8    0.1370120943
       9    0.2031187415
      10    0.2390745431
      11    0.4121451378
      12    0.5506240726
      13    0.6338097453
      14    0.4951557219
      15    0.7113394141
      16    0.7290236950
      17    0.7678878307
      18    0.7959383130
      19    0.9034287333
      20    0.8970987797
      21    0.8785276413
      22    0.9105232954
      23    0.9336894155
      24    0.9163833261
      25    0.9461172819
      26    0.9585573077
      27    0.9587301612
      28    0.9595581293
      29    0.9388042688
      30    0.9717899561
      31    0.9839502573
      32    0.9825826883
      33    0.9719542861
      34    0.9715216756
      35    0.9805443883
      36    0.9788047075
      37    0.9903734326
      38    0.9825813770
      39    0.9886104465
      40    0.9738305211
      41    0.9848139286
      42    0.9810607433
      43    0.9881505370
      44    0.9865638018
      45    0.9880149961
      46    0.9893878698
      47    0.9850133657
      48    0.9898290634
      49    0.9903990626
      50    0.9860049486
      51    0.9891432524
      52    0.9812893867
      53    0.9855400324
      54    0.9839767814
      55    0.9878676534
      56    0.9872034192
      57    0.9827032685
      58    0.9874323606
      59    0.9789255857
      60    0.9885393381
      61    0.9877005219
      62    0.9892683029
      63    0.9855329990
      64    0.9916000962
      65    0.9781774879
      66    0.9860962033
      67    0.9821112156
      68    0.9773759842
      69    0.9896038771
      70    0.9827995896
      71    0.9831342697
      72    0.9864336252
      73    0.9814622402
      74    0.9760041237
      75    0.9487971067
      76    0.9715126157
      77    0.9788272977
      78    0.9803726077
      79    0.9613403082
      80    0.9605995417
      81    0.9683899879
      82    0.9676529169
      83    0.9317392111
      84    0.9772694111
      85    0.9728755951
      86    0.9502372146
      87    0.9594529271
      88    0.9405568838
      89    0.9575825334
      90    0.8576148152
      91    0.8935950398
      92    0.9115003347
      93    0.9198788404
      94    0.9443437457
      95    0.8822982907
      96    0.8629096746
      97    0.8773225546
      98    0.7892856002
      99    0.8559044003
     100    0.8833137751
     101    0.8806841373
     102    0.7333679199
     103    0.8347612619
     104    0.7553170919
     105    0.6964133978
     106    0.7838672996
     107    0.7261930108
     108    0.6210041046
     109    0.5148700476
     110    0.6898735762
     111    0.5662749410
     112    0.6762256622
     113    0.6405574679
     114    0.4478761256
     115    0.5475656390
     116    0.4977969527
     117    0.4252573550
     118    0.3979469538
     119    0.3575609028
     120    0.4248961806
     121    0.3932863474
     122    0.3161053360
     123    0.2954898179
     124    0.2720316947
     125    0.2616171241
     126    0.2122845054
     127    0.2679007649
     128    0.2223894596
