       1    0.0000000033
       2    0.0000000184
       3    0.0000002367
       4    0.0000045645
       5    0.0001342405
       6    0.0017374721
       7    0.0536369979
       8    0.2836206555
       9    0.4290218949
      10    0.5211572647
      11    0.6411243677
      12    0.5665276051
      13    0.6698271632
      14    0.7323126197
      15    0.7665053606
      16    0.7631852627
      17    0.6931366920
      18    0.7538740039
      19    0.7319672704
      20    0.8019698262
      21    0.7436191440
      22    0.8188234568
      23    0.7796753049
      24    0.6941055059
      25    0.7928887010
      26    0.7915546298
      27    0.8404332399
      28    0.8105022907
      29    0.7895188332
      30    0.7742941976
      31    0.7949855924
      32    0.7776936293
      33    0.8099105358
      34    0.7399005890
      35    0.7583705187
      36    0.7098028660
      37    0.7741863132
      38    0.6504853368
      39    0.7306131721
      40    0.6581405997
      41    0.4807077348
      42    0.5662613511
      43    0.6002728343
      44    0.4606402516
      45    0.5343104601
      46    0.4775153399
      47    0.6590678096
      48    0.4044497013
      49    0.3740551472
      50    0.5547333360
      51    0.3084281385
      52    0.3668637872
      53    0.3116861582
      54    0.1512065083
      55    0.1613770127
      56    0.0721033588
      57    0.1500672698
      58    0.2155826986
      59    0.1432200670
      60    0.1421372443
      61    0.0795272216
      62    0.0504871048
      63    0.0230342615
      64    0.0278051533
      65    0.0739688724
      66    0.0178601220
      67    0.0497712269
      68    0.0111098103
      69    0.0134116840
      70    0.0080721397
      71    0.0143658584
      72    0.0185113456
      73    0.0043255449
      74    0.0050497325
      75    0.0037725056
      76    0.0040433994
      77    0.0019080704
      78    0.0033951930
      79    0.0043747486
      80    0.0005602035
      81    0.0009308585
      82    0.0010238355
      83    0.0005242411
      84    0.0006819377
      85    0.0015780283
      86    0.0002550776
      87    0.0009731563
      88    0.0003168074
      89    0.0003069602
      90    0.0002307546
      91    0.0002982669
      92    0.0001983028
      93    0.0001476666
      94    0.0002580749
      95    0.0001408338
      96    0.0001390499
      97    0.0001257760
      98    0.0001493185
      99    0.0000825756
     100    0.0001689733
     101    0.0000884670
     102    0.0001000032
     103    0.0000554486
     104    0.0000669869
     105    0.0000466794
     106    0.0000585429
     107    0.0000389936
     108    0.0000419009
     109    0.0000421411
     110    0.0000453696
     111    0.0000405287
     112    0.0000482554
     113    0.0000334694
     114    0.0000447731
     115    0.0000360853
     116    0.0000479638
     117    0.0000260081
     118    0.0000385770
     119    0.0000532396
     120    0.0000488049
     121    0.0000273780
     122    0.0000410142
     123    0.0000400132
     124    0.0000422840
     125    0.0000309937
     126    0.0000367229
     127    0.0000409700
     128    0.0000311184
