 Iterations  Total_Loss        PSNR
        100  0.00367868 24.34307671
        200  0.00262303 25.81196404
        300  0.00222821 26.52044296
        400  0.00182562 27.38590050
        500  0.00161793 27.91040611
        600  0.00140127 28.53479195
        700  0.00122625 29.11421776
        800  0.00110018 29.58534813
        900  0.00103669 29.84349060
       1000  0.00094627 30.23985481
       1100  0.00089503 30.48160934
       1200  0.00085330 30.68900299
       1300  0.00080240 30.95609665
       1400  0.00079728 30.98387909
       1500  0.00074949 31.25235558
       1600  0.00069918 31.55411530
       1700  0.00067994 31.67530441
       1800  0.00065754 31.82076454
       1900  0.00061322 32.12385178
       2000  0.00059586 32.24855804
       2100  0.00055928 32.52368927
       2200  0.00056178 32.50429916
       2300  0.00054165 32.66282654
       2400  0.00050321 32.98250580
       2500  0.00049876 33.02107239
       2600  0.00045916 33.38038254
       2700  0.00044180 33.54772949
       2800  0.00044962 33.47151947
       2900  0.00044390 33.52717972
       3000  0.00041322 33.83819962
       3100  0.00038093 34.19158554
       3200  0.00042175 33.74946976
       3300  0.00036282 34.40305328
       3400  0.00034788 34.58567047
       3500  0.00034347 34.64112473
       3600  0.00033842 34.70539093
       3700  0.00033873 34.70151138
       3800  0.00032318 34.90549469
       3900  0.00030899 35.10062027
       4000  0.00029257 35.33769608
       4100  0.00031327 35.04083252
       4200  0.00028480 35.45462036
       4300  0.00030486 35.15899277
       4400  0.00027466 35.61202240
       4500  0.00025929 35.86209106
       4600  0.00024358 36.13349533
       4700  0.00023965 36.20426178
       4800  0.00023403 36.30733109
       4900  0.00022414 36.49483490
       5000  0.00022553 36.46799469
       5100  0.00021459 36.68396378
       5200  0.00020661 36.84839630
       5300  0.00019104 37.18875122
       5400  0.00019876 37.01668930
       5500  0.00020764 36.82686234
       5600  0.00017662 37.52962494
       5700  0.00019989 36.99217606
       5800  0.00018942 37.22584915
       5900  0.00016751 37.75968170
       6000  0.00019084 37.19339371
       6100  0.00015606 38.06716537
       6200  0.00015962 37.96915436
       6300  0.00014802 38.29677963
       6400  0.00017105 37.66871643
       6500  0.00014728 38.31848907
       6600  0.00014153 38.49164581
       6700  0.00014965 38.24919128
       6800  0.00016476 37.83158112
       6900  0.00013653 38.64787292
       7000  0.00013461 38.70922089
       7100  0.00012542 39.01630402
       7200  0.00012316 39.09519196
       7300  0.00013112 38.82315445
       7400  0.00011035 39.57237244
       7500  0.00011189 39.51214981
       7600  0.00011486 39.39831543
       7700  0.00010938 39.61052322
       7800  0.00011370 39.44248199
       7900  0.00010964 39.60033798
       8000  0.00009964 40.01554489
       8100  0.00012922 38.88683319
       8200  0.00009266 40.33105850
       8300  0.00008940 40.48654175
       8400  0.00008990 40.46230698
       8500  0.00011160 39.52339554
       8600  0.00008672 40.61865234
       8700  0.00009243 40.34179688
       8800  0.00009846 40.06735992
       8900  0.00009579 40.18678284
       9000  0.00008746 40.58185196
       9100  0.00007996 40.97116089
       9200  0.00008564 40.67337418
       9300  0.00011693 39.32064056
       9400  0.00007954 40.99407959
       9500  0.00007908 41.01928711
       9600  0.00006585 41.81434250
       9700  0.00007494 41.25288773
       9800  0.00007545 41.22360611
       9900  0.00006922 41.59741592
      10000  0.00007495 41.25237656
