          0  0.15129222  8.20183372
        100  0.02036017 16.91218758
        200  0.01095571 19.60359383
        300  0.00662266 21.78967285
        400  0.00461554 23.35777855
        500  0.00373317 24.27922821
        600  0.00314694 25.02111435
        700  0.00279116 25.54216003
        800  0.00235699 26.27642250
        900  0.00207786 26.82383156
       1000  0.00197085 27.05347061
       1100  0.00180046 27.44616508
       1200  0.00150401 28.22747993
       1300  0.00144474 28.40210342
       1400  0.00130988 28.82767296
       1500  0.00123984 29.06634521
       1600  0.00119277 29.23445129
       1700  0.00106216 29.73808861
       1800  0.00096206 30.16796112
       1900  0.00093015 30.31445885
       2000  0.00085929 30.65861702
       2100  0.00084542 30.72926521
       2200  0.00076462 31.16552925
       2300  0.00076840 31.14412498
       2400  0.00069779 31.56274223
       2500  0.00069713 31.56686020
       2600  0.00061312 32.12457275
       2700  0.00065377 31.84577942
       2800  0.00059009 32.29084015
       2900  0.00060177 32.20571518
       3000  0.00057780 32.38220215
       3100  0.00057549 32.39965439
       3200  0.00051245 32.90344238
       3300  0.00049377 33.06475067
       3400  0.00050197 32.99325180
       3500  0.00052577 32.79201126
       3600  0.00063634 31.96313286
       3700  0.00042306 33.73597336
       3800  0.00054165 32.66282272
       3900  0.00041279 33.84272003
       4000  0.00038479 34.14771271
       4100  0.00043200 33.64513397
       4200  0.00035947 34.44340897
       4300  0.00037171 34.29797363
       4400  0.00048207 33.16889191
       4500  0.00034699 34.59685135
       4600  0.00029985 35.23089981
       4700  0.00030020 35.22592926
       4800  0.00030052 35.22132111
       4900  0.00027610 35.58934402
       5000  0.00030447 35.16450500
