4.952629096806049347e-03 4.952629096806049347e-03 2.598983235657215118e-03 1.636483706533908844e-03 4.563067108392715454e-03 1.387343974784016609e-03
3.000826016068458557e-02 3.000826016068458557e-02 1.413954421877861023e-03 5.571861751377582550e-03 2.705956436693668365e-02 4.941337183117866516e-02
6.871738471090793610e-03 6.871738471090793610e-03 2.466263948008418083e-03 9.266020730137825012e-03 3.502503735944628716e-03 7.605280727148056030e-03
2.384793572127819061e-02 2.384793572127819061e-02 8.348232135176658630e-03 1.041187066584825516e-02 6.897500134073197842e-04 1.397093525156378746e-03
1.260894984006881714e-01 1.260894984006881714e-01 1.095279678702354431e-02 7.951655425131320953e-03 5.709382239729166031e-04 8.658278966322541237e-04
6.222557425498962402e-01 6.222557425498962402e-01 1.772225648164749146e-02 1.332971174269914627e-02 1.878235139884054661e-03 4.183842800557613373e-03
8.464282155036926270e-01 8.464282155036926270e-01 1.898070983588695526e-02 6.901187822222709656e-03 1.537095173262059689e-03 3.672664752230048180e-03
9.026044607162475586e-01 9.026044607162475586e-01 1.750201545655727386e-02 5.903213750571012497e-03 1.236267853528261185e-03 2.416996750980615616e-03
9.194668531417846680e-01 9.194668531417846680e-01 1.408655662089586258e-02 6.058274768292903900e-03 1.027950085699558258e-03 2.119644777849316597e-03
9.318621158599853516e-01 9.318621158599853516e-01 1.328281406313180923e-02 5.732063669711351395e-03 7.984918775036931038e-04 1.575955306179821491e-03
9.324696660041809082e-01 9.324696660041809082e-01 1.333883777260780334e-02 5.638055503368377686e-03 7.403613417409360409e-04 1.323800766840577126e-03
9.341782927513122559e-01 9.341782927513122559e-01 1.381373871117830276e-02 5.256965756416320801e-03 6.560822366736829281e-04 1.095124403946101665e-03
9.292092919349670410e-01 9.292092919349670410e-01 1.514040213078260422e-02 5.439242813736200333e-03 6.579539040103554726e-04 1.023054239340126514e-03
9.248387217521667480e-01 9.248387217521667480e-01 1.622724533081054688e-02 5.753438919782638550e-03 6.490092491731047630e-04 9.816088713705539703e-04
9.205629825592041016e-01 9.205629825592041016e-01 1.633125357329845428e-02 6.350608542561531067e-03 7.274803938344120979e-04 1.030321000143885612e-03
9.159567952156066895e-01 9.159567952156066895e-01 1.760822720825672150e-02 6.899217143654823303e-03 7.297884440049529076e-04 9.964994387701153755e-04
9.105489850044250488e-01 9.105489850044250488e-01 1.694883592426776886e-02 7.751698140054941177e-03 8.131445501931011677e-04 1.061830786056816578e-03
8.988204002380371094e-01 8.988204002380371094e-01 1.808926463127136230e-02 8.962734602391719818e-03 8.869853918440639973e-04 1.148800365626811981e-03
8.987720608711242676e-01 8.987720608711242676e-01 1.774876378476619720e-02 8.661183528602123260e-03 9.541481849737465382e-04 1.167604350484907627e-03
8.944926261901855469e-01 8.944926261901855469e-01 1.789356209337711334e-02 9.105690754950046539e-03 1.047554891556501389e-03 1.232099253684282303e-03
8.843204379081726074e-01 8.843204379081726074e-01 1.923455297946929932e-02 1.032138429582118988e-02 1.088545192033052444e-03 1.250100554898381233e-03
8.839399814605712891e-01 8.839399814605712891e-01 1.936978287994861603e-02 1.104123331606388092e-02 1.106779323890805244e-03 1.262492849491536617e-03
8.675674796104431152e-01 8.675674796104431152e-01 2.085168287158012390e-02 1.233584620058536530e-02 1.134858815930783749e-03 1.228254637680947781e-03
8.555439710617065430e-01 8.555439710617065430e-01 2.367265895009040833e-02 1.440293062478303909e-02 1.151466043666005135e-03 1.224920502863824368e-03
8.440340757369995117e-01 8.440340757369995117e-01 2.497548609972000122e-02 1.570624858140945435e-02 1.260821591131389141e-03 1.294053159654140472e-03
8.373485207557678223e-01 8.373485207557678223e-01 2.596688643097877502e-02 1.717643439769744873e-02 1.303651020862162113e-03 1.300181262195110321e-03
8.371526598930358887e-01 8.371526598930358887e-01 2.528622187674045563e-02 1.641165092587471008e-02 1.371203572489321232e-03 1.342459698207676411e-03
8.239810466766357422e-01 8.239810466766357422e-01 2.723658457398414612e-02 1.802408136427402496e-02 1.510661328211426735e-03 1.461371546611189842e-03
8.174871802330017090e-01 8.174871802330017090e-01 2.721255458891391754e-02 1.821665652096271515e-02 1.552376779727637768e-03 1.488509005866944790e-03
8.136366605758666992e-01 8.136366605758666992e-01 2.585672587156295776e-02 1.788209006190299988e-02 1.695587183348834515e-03 1.569090760312974453e-03
8.053739070892333984e-01 8.053739070892333984e-01 2.645011618733406067e-02 1.883046329021453857e-02 1.739372848533093929e-03 1.602851436473429203e-03
7.917054891586303711e-01 7.917054891586303711e-01 2.705609984695911407e-02 1.893400028347969055e-02 1.838176627643406391e-03 1.639945665374398232e-03
7.884633541107177734e-01 7.884633541107177734e-01 2.755214832723140717e-02 1.974334008991718292e-02 1.882197684608399868e-03 1.663394737988710403e-03
7.720090746879577637e-01 7.720090746879577637e-01 2.839359827339649200e-02 2.091098390519618988e-02 1.991184428334236145e-03 1.750768278725445271e-03
7.631918787956237793e-01 7.631918787956237793e-01 2.961454913020133972e-02 2.124614082276821136e-02 2.040655585005879402e-03 1.743387663736939430e-03
7.532192468643188477e-01 7.532192468643188477e-01 2.949612401425838470e-02 2.181014232337474823e-02 2.076950622722506523e-03 1.798522775061428547e-03
7.465952038764953613e-01 7.465952038764953613e-01 2.946732565760612488e-02 2.168551832437515259e-02 2.176262903958559036e-03 1.866730977781116962e-03
7.201966643333435059e-01 7.201966643333435059e-01 3.011190891265869141e-02 2.354313433170318604e-02 2.353801624849438667e-03 1.965673407539725304e-03
7.189571261405944824e-01 7.189571261405944824e-01 2.896627597510814667e-02 2.271757647395133972e-02 2.353432821109890938e-03 1.956360414624214172e-03
7.185535430908203125e-01 7.185535430908203125e-01 2.889133803546428680e-02 2.334438636898994446e-02 2.373160561546683311e-03 1.981749664992094040e-03
7.104012370109558105e-01 7.104012370109558105e-01 2.961281314492225647e-02 2.369486913084983826e-02 2.426111605018377304e-03 2.007249044254422188e-03
6.979060769081115723e-01 6.979060769081115723e-01 3.051035851240158081e-02 2.455480583012104034e-02 2.495585707947611809e-03 2.058022888377308846e-03
6.846618056297302246e-01 6.846618056297302246e-01 3.075341880321502686e-02 2.475465461611747742e-02 2.695495262742042542e-03 2.146721584722399712e-03
6.937561631202697754e-01 6.937561631202697754e-01 2.960659749805927277e-02 2.354502491652965546e-02 2.543654758483171463e-03 2.058013575151562691e-03
6.682372093200683594e-01 6.682372093200683594e-01 3.147203102707862854e-02 2.497062645852565765e-02 2.750077052041888237e-03 2.159033436328172684e-03
6.639177203178405762e-01 6.639177203178405762e-01 3.158552199602127075e-02 2.492338791489601135e-02 2.726019825786352158e-03 2.129928674548864365e-03
6.601824164390563965e-01 6.601824164390563965e-01 3.099171258509159088e-02 2.425765618681907654e-02 2.816068939864635468e-03 2.176297828555107117e-03
6.423600316047668457e-01 6.423600316047668457e-01 3.200507909059524536e-02 2.559909783303737640e-02 2.953350078314542770e-03 2.256543375551700592e-03
6.338498592376708984e-01 6.338498592376708984e-01 3.235564008355140686e-02 2.563076280057430267e-02 3.028949024155735970e-03 2.298900857567787170e-03
6.273909211158752441e-01 6.273909211158752441e-01 3.266206011176109314e-02 2.523473463952541351e-02 3.038438968360424042e-03 2.291047247126698494e-03
6.157326102256774902e-01 6.157326102256774902e-01 3.331143409013748169e-02 2.682040445506572723e-02 3.169166157022118568e-03 2.365568652749061584e-03
