3.999693144578486681e-04 3.999693144578486681e-04 2.005817834287881851e-03 6.416611140593886375e-04 1.478181919082999229e-03 3.442305838689208031e-03
1.335520064458250999e-03 1.335520064458250999e-03 6.224767770618200302e-03 2.648608933668583632e-04 4.223227733746170998e-04 7.145858835428953171e-04
8.109939098358154297e-01 8.109939098358154297e-01 4.459566902369260788e-03 3.384654410183429718e-03 6.783070508390665054e-03 4.132697358727455139e-04
9.088243842124938965e-01 9.088243842124938965e-01 1.210763002745807171e-03 1.722527435049414635e-03 2.971810521557927132e-03 3.279700467828661203e-04
9.199764132499694824e-01 9.199764132499694824e-01 9.088139049708843231e-04 1.082818605937063694e-03 2.467327984049916267e-03 4.123661201447248459e-04
9.397476911544799805e-01 9.397476911544799805e-01 5.534903611987829208e-04 6.535214488394558430e-04 1.757223159074783325e-03 2.620356972329318523e-04
9.484869241714477539e-01 9.484869241714477539e-01 4.418858443386852741e-04 4.618109669536352158e-04 1.149375573731958866e-03 1.901729410747066140e-04
9.522691965103149414e-01 9.522691965103149414e-01 3.698243817780166864e-04 3.791856870520859957e-04 8.828362915664911270e-04 1.669676858000457287e-04
9.520105123519897461e-01 9.520105123519897461e-01 3.708394360728561878e-04 3.618091286625713110e-04 7.607719744555652142e-04 1.568154402775689960e-04
9.478787779808044434e-01 9.478787779808044434e-01 3.762385458685457706e-04 3.631158615462481976e-04 7.901486824266612530e-04 1.485741668147966266e-04
9.434215426445007324e-01 9.434215426445007324e-01 4.480170318856835365e-04 3.865715116262435913e-04 7.944484823383390903e-04 1.472964795539155602e-04
9.419944882392883301e-01 9.419944882392883301e-01 4.641233535949140787e-04 3.783230204135179520e-04 7.680503767915070057e-04 1.487737172283232212e-04
9.389508962631225586e-01 9.389508962631225586e-01 4.674698866438120604e-04 3.841072320938110352e-04 7.419757894240319729e-04 1.520931109553202987e-04
9.372832179069519043e-01 9.372832179069519043e-01 4.712344089057296515e-04 3.751324838958680630e-04 6.962424376979470253e-04 1.498747151345014572e-04
9.364158511161804199e-01 9.364158511161804199e-01 4.514291940722614527e-04 3.595637390390038490e-04 6.593784783035516739e-04 1.504177052993327379e-04
9.308857321739196777e-01 9.308857321739196777e-01 4.747143248096108437e-04 3.756155201699584723e-04 6.984462961554527283e-04 1.571549073560163379e-04
9.264387488365173340e-01 9.264387488365173340e-01 5.443269037641584873e-04 3.998928004875779152e-04 7.257161778397858143e-04 1.642858987906947732e-04
9.245725870132446289e-01 9.245725870132446289e-01 5.250815884210169315e-04 4.085936234332621098e-04 7.184300920926034451e-04 1.626114390091970563e-04
9.207898378372192383e-01 9.207898378372192383e-01 5.580482538789510727e-04 4.218131653033196926e-04 7.389195379801094532e-04 1.630924234632402658e-04
9.156023859977722168e-01 9.156023859977722168e-01 6.016888073645532131e-04 4.489670100156217813e-04 7.746897172182798386e-04 1.644292642595246434e-04
9.144045114517211914e-01 9.144045114517211914e-01 6.231983425095677376e-04 4.583938862197101116e-04 7.817829609848558903e-04 1.642982679186388850e-04
9.107593297958374023e-01 9.107593297958374023e-01 6.337568629533052444e-04 4.644883156288415194e-04 7.784314220771193504e-04 1.655560190556570888e-04
9.100162386894226074e-01 9.100162386894226074e-01 6.624809466302394867e-04 4.574718768708407879e-04 7.603226113133132458e-04 1.642444840399548411e-04
9.100167155265808105e-01 9.100167155265808105e-01 6.732043111696839333e-04 4.493555461522191763e-04 7.661095587536692619e-04 1.599116367287933826e-04
9.110420942306518555e-01 9.110420942306518555e-01 6.818370893597602844e-04 4.525344411376863718e-04 7.562732207588851452e-04 1.589155144756659865e-04
9.085817337036132812e-01 9.085817337036132812e-01 6.974057760089635849e-04 4.447721876204013824e-04 7.483763038180768490e-04 1.553126203361898661e-04
9.098603129386901855e-01 9.098603129386901855e-01 7.100826478563249111e-04 4.353211261332035065e-04 7.342626922763884068e-04 1.508101267972961068e-04
9.082430005073547363e-01 9.082430005073547363e-01 7.089408463798463345e-04 4.253502993378788233e-04 7.335838163271546364e-04 1.507237902842462063e-04
9.067806601524353027e-01 9.067806601524353027e-01 6.972171831876039505e-04 4.300467553548514843e-04 7.310230284929275513e-04 1.506857370259240270e-04
9.031603336334228516e-01 9.031603336334228516e-01 7.181312539614737034e-04 4.463015939109027386e-04 7.427906966768205166e-04 1.549870357848703861e-04
8.997675180435180664e-01 8.997675180435180664e-01 7.189573370851576328e-04 4.481208452489227057e-04 7.601463003084063530e-04 1.598398521309718490e-04
8.954051733016967773e-01 8.954051733016967773e-01 7.257275283336639404e-04 4.584318667184561491e-04 7.708277553319931030e-04 1.640734699321910739e-04
8.910724520683288574e-01 8.910724520683288574e-01 7.519316277466714382e-04 4.677589458879083395e-04 7.844193023629486561e-04 1.689396303845569491e-04
8.838872313499450684e-01 8.838872313499450684e-01 7.804588531143963337e-04 4.918379127047955990e-04 8.296239539049565792e-04 1.728129427647218108e-04
8.815260529518127441e-01 8.815260529518127441e-01 7.655204972252249718e-04 4.975898191332817078e-04 8.354553137905895710e-04 1.789973321137949824e-04
8.788170218467712402e-01 8.788170218467712402e-01 7.668234175071120262e-04 4.995564231649041176e-04 8.405037224292755127e-04 1.810265821404755116e-04
8.749567866325378418e-01 8.749567866325378418e-01 7.586908177472651005e-04 5.194420809857547283e-04 8.599139982834458351e-04 1.876356545835733414e-04
8.725062012672424316e-01 8.725062012672424316e-01 7.662407588213682175e-04 5.237101577222347260e-04 8.888281299732625484e-04 1.926898403326049447e-04
8.671726584434509277e-01 8.671726584434509277e-01 7.657951209694147110e-04 5.411613965407013893e-04 9.157207095995545387e-04 2.026142465183511376e-04
8.652682900428771973e-01 8.652682900428771973e-01 7.747379713691771030e-04 5.516760284081101418e-04 9.111905237659811974e-04 2.041536354226991534e-04
8.657288551330566406e-01 8.657288551330566406e-01 7.612174376845359802e-04 5.562840378843247890e-04 9.143434581346809864e-04 2.050684124696999788e-04
8.621697425842285156e-01 8.621697425842285156e-01 7.507301052100956440e-04 5.687769735231995583e-04 9.306504507549107075e-04 2.100591082125902176e-04
8.595520257949829102e-01 8.595520257949829102e-01 7.399416645057499409e-04 5.749392439611256123e-04 9.494539699517190456e-04 2.130940556526184082e-04
8.575434088706970215e-01 8.575434088706970215e-01 7.434797007590532303e-04 5.787702975794672966e-04 9.639968629926443100e-04 2.143487217836081982e-04
8.533826470375061035e-01 8.533826470375061035e-01 7.771130185574293137e-04 6.081341416575014591e-04 9.740833193063735962e-04 2.224113413831219077e-04
8.527772426605224609e-01 8.527772426605224609e-01 7.780053419992327690e-04 6.275807972997426987e-04 9.792264318093657494e-04 2.227634686278179288e-04
8.504739403724670410e-01 8.504739403724670410e-01 7.438724860548973083e-04 6.316457875072956085e-04 9.882590966299176216e-04 2.256756415590643883e-04
8.470486402511596680e-01 8.470486402511596680e-01 7.473769364878535271e-04 6.337626837193965912e-04 9.929522639140486717e-04 2.299549960298463702e-04
8.434788584709167480e-01 8.434788584709167480e-01 7.696902612224221230e-04 6.422777660191059113e-04 9.985502110794186592e-04 2.331470313947647810e-04
8.444948196411132812e-01 8.444948196411132812e-01 7.612378685735166073e-04 6.409898633137345314e-04 1.011559506878256798e-03 2.344630920561030507e-04
8.403521776199340820e-01 8.403521776199340820e-01 7.616172661073505878e-04 6.577913882210850716e-04 1.016833353787660599e-03 2.367955312365666032e-04
