1.622213973098698091e-04
5.303742947526316051e-04
5.039409851989483380e-02
3.342568399312718930e-02
3.637231640662654669e-02
7.482379113760120881e-02
1.673036086552536772e-01
5.092248565521578785e-01
7.808112044383136441e-01
8.683324509801204627e-01
9.144854063706210345e-01
9.491903138867613388e-01
9.568355272052747607e-01
9.655530537582549533e-01
9.789053830937428646e-01
9.897486879423122996e-01
9.949186926143186449e-01
9.926853072637226161e-01
9.893783767719054323e-01
9.873788073233160656e-01
9.834011036036660602e-01
9.791474527710049003e-01
9.762681787090171648e-01
9.770469901592209183e-01
9.777038428407277548e-01
9.794894916813956520e-01
9.768368268669007648e-01
9.804718141274451071e-01
9.779173938766226870e-01
9.738516088240248836e-01
9.712198248290190294e-01
9.718891813640841981e-01
9.712446477501225361e-01
9.714158211936622100e-01
9.705058116741027696e-01
9.671232421075584007e-01
9.671741198565197983e-01
9.660118774289736532e-01
9.613704223499914825e-01
9.590209297877825279e-01
9.572782744928470811e-01
9.594452600693748057e-01
9.545149844517968329e-01
9.522876354442979530e-01
9.496765474827679743e-01
9.495789804678104185e-01
9.460588685121246177e-01
9.426573275815607333e-01
9.434013376659493577e-01
9.449469494755002863e-01
9.431255137436137526e-01
