1.569785817991942167e-04 1.569785817991942167e-04 7.777530117891728878e-05 1.392189442412927747e-04 4.200924013275653124e-04 2.416653296677395701e-04
5.132331862114369869e-04 5.132331862114369869e-04 1.080323127098381519e-03 2.588102361187338829e-04 2.051206771284341812e-03 2.377024851739406586e-03
4.876541718840599060e-02 4.876541718840599060e-02 7.398203760385513306e-02 8.323665824718773365e-04 2.504647243767976761e-03 9.541262872517108917e-03
3.234540298581123352e-02 3.234540298581123352e-02 9.416326135396957397e-02 2.489467442501336336e-04 1.041713403537869453e-03 4.630373790860176086e-03
3.519680351018905640e-02 3.519680351018905640e-02 1.818476170301437378e-01 2.302136563230305910e-04 7.157766958698630333e-04 2.571542281657457352e-03
7.240556925535202026e-02 7.240556925535202026e-02 1.487596184015274048e-01 3.186613903380930424e-04 7.362502510659396648e-04 2.528226003050804138e-03
1.618965417146682739e-01 1.618965417146682739e-01 1.337830275297164917e-01 4.173992783762514591e-04 7.164789130911231041e-04 2.488753059878945351e-03
4.927672743797302246e-01 4.927672743797302246e-01 8.696859329938888550e-02 4.969317233189940453e-04 4.401508776936680079e-04 2.682800404727458954e-03
7.555762529373168945e-01 7.555762529373168945e-01 4.355143383145332336e-02 4.000537155661731958e-04 2.273033023811876774e-04 1.813305076211690903e-03
8.402689099311828613e-01 8.402689099311828613e-01 3.005706891417503357e-02 3.669922880362719297e-04 1.851793058449402452e-04 1.421107328496873379e-03
8.849302530288696289e-01 8.849302530288696289e-01 2.472007274627685547e-02 3.124885843135416508e-04 1.351442333543673158e-04 9.528378723189234734e-04
9.185135364532470703e-01 9.185135364532470703e-01 1.761020720005035400e-02 2.369086432736366987e-04 9.830191265791654587e-05 6.786765879951417446e-04
9.259116649627685547e-01 9.259116649627685547e-01 1.615244336426258087e-02 2.072789648082107306e-04 8.920315303839743137e-05 5.953763029538094997e-04
9.343474507331848145e-01 9.343474507331848145e-01 1.280168909579515457e-02 1.820567267714068294e-04 8.442960097454488277e-05 5.179838044568896294e-04
9.472682476043701172e-01 9.472682476043701172e-01 9.852906689047813416e-03 1.501812803326174617e-04 6.630901771131902933e-05 4.180962278041988611e-04
9.577611088752746582e-01 9.577611088752746582e-01 7.457588799297809601e-03 1.270525972358882427e-04 5.136008621775545180e-05 3.536684962455183268e-04
9.627640247344970703e-01 9.627640247344970703e-01 6.128694396466016769e-03 1.126825518440455198e-04 4.316625199862755835e-05 3.233608731534332037e-04
9.606028199195861816e-01 9.606028199195861816e-01 6.829118821769952774e-03 1.201141567435115576e-04 4.344881381257437170e-05 3.424959431868046522e-04
9.574027657508850098e-01 9.574027657508850098e-01 7.147037424147129059e-03 1.313204993493855000e-04 4.479640847421251237e-05 3.561795456334948540e-04
9.554678201675415039e-01 9.554678201675415039e-01 7.583873812109231949e-03 1.335860288236290216e-04 4.512879240792244673e-05 3.668932477012276649e-04
9.516186714172363281e-01 9.516186714172363281e-01 8.174542337656021118e-03 1.442677603336051106e-04 4.935872857458889484e-05 3.828332119155675173e-04
9.475024938583374023e-01 9.475024938583374023e-01 9.177415631711483002e-03 1.548156433273106813e-04 5.235145363258197904e-05 4.066284163855016232e-04
9.447162747383117676e-01 9.447162747383117676e-01 1.003572344779968262e-02 1.604119170224294066e-04 5.453963240142911673e-05 4.135683702770620584e-04
9.454699158668518066e-01 9.454699158668518066e-01 9.468399919569492340e-03 1.547907158965244889e-04 5.373296517063863575e-05 4.074199532624334097e-04
9.461055397987365723e-01 9.461055397987365723e-01 9.614682756364345551e-03 1.508686109445989132e-04 5.195603444008156657e-05 4.049448180012404919e-04
9.478334784507751465e-01 9.478334784507751465e-01 9.570168331265449524e-03 1.470715214964002371e-04 4.993478069081902504e-05 3.916001587640494108e-04
9.452665448188781738e-01 9.452665448188781738e-01 1.032038871198892593e-02 1.537473872303962708e-04 5.150943616172298789e-05 3.976032603532075882e-04
9.487840533256530762e-01 9.487840533256530762e-01 9.591320529580116272e-03 1.470001443522050977e-04 4.846089723287150264e-05 3.914512344636023045e-04
9.463121891021728516e-01 9.463121891021728516e-01 1.015355531126260757e-02 1.530490262666717172e-04 4.985097257304005325e-05 3.995891893282532692e-04
9.423778057098388672e-01 9.423778057098388672e-01 1.081045437604188919e-02 1.685633324086666107e-04 5.351005893317051232e-05 4.221376148052513599e-04
9.398310780525207520e-01 9.398310780525207520e-01 1.169478520750999451e-02 1.723471359582617879e-04 5.494830111274495721e-05 4.359656886663287878e-04
9.404788017272949219e-01 9.404788017272949219e-01 1.152517832815647125e-02 1.727407943690195680e-04 5.391744707594625652e-05 4.345667548477649689e-04
9.398550987243652344e-01 9.398550987243652344e-01 1.152078155428171158e-02 1.777716825017705560e-04 5.531544229597784579e-05 4.362791951280087233e-04
9.400207400321960449e-01 9.400207400321960449e-01 1.170923281461000443e-02 1.704857568256556988e-04 5.296392555464990437e-05 4.252710205037146807e-04
9.391401410102844238e-01 9.391401410102844238e-01 1.190552767366170883e-02 1.750529918354004622e-04 5.279041579342447221e-05 4.365867935121059418e-04
9.358668923377990723e-01 9.358668923377990723e-01 1.278613600879907608e-02 1.816666044760495424e-04 5.594181129708886147e-05 4.486564430408179760e-04
9.359161257743835449e-01 9.359161257743835449e-01 1.305900979787111282e-02 1.769724476616829634e-04 5.552357833948917687e-05 4.415112489368766546e-04
9.347914457321166992e-01 9.347914457321166992e-01 1.333979424089193344e-02 1.797302538761869073e-04 5.823346873512491584e-05 4.463962977752089500e-04
9.302999973297119141e-01 9.302999973297119141e-01 1.412716507911682129e-02 1.921565562952309847e-04 6.335097714327275753e-05 4.718788259197026491e-04
9.280264377593994141e-01 9.280264377593994141e-01 1.495454274117946625e-02 1.965332485269755125e-04 6.585714436369016767e-05 4.827822558581829071e-04
9.263401031494140625e-01 9.263401031494140625e-01 1.541607175022363663e-02 1.991261960938572884e-04 6.814293010393157601e-05 5.043515120632946491e-04
9.284370541572570801e-01 9.284370541572570801e-01 1.482556853443384171e-02 1.931805600179359317e-04 6.385108281392604113e-05 4.913375596515834332e-04
9.236661195755004883e-01 9.236661195755004883e-01 1.637263782322406769e-02 2.061084669549018145e-04 6.926163769094273448e-05 5.095780361443758011e-04
9.215107560157775879e-01 9.215107560157775879e-01 1.699789799749851227e-02 2.124342136085033417e-04 7.189733878476545215e-05 5.221836036071181297e-04
9.189840555191040039e-01 9.189840555191040039e-01 1.775963604450225830e-02 2.179216389777138829e-04 7.612921035615727305e-05 5.430432502180337906e-04
9.188896417617797852e-01 9.188896417617797852e-01 1.785165071487426758e-02 2.191176754422485828e-04 7.700847345404326916e-05 5.343709490261971951e-04
9.154832959175109863e-01 9.154832959175109863e-01 1.878025196492671967e-02 2.295169979333877563e-04 7.786108471918851137e-05 5.534501979127526283e-04
9.121916890144348145e-01 9.121916890144348145e-01 2.002866752445697784e-02 2.358732017455622554e-04 7.954562170198187232e-05 5.673993146046996117e-04
9.129116535186767578e-01 9.129116535186767578e-01 1.955375820398330688e-02 2.379963261773809791e-04 8.095363591564819217e-05 5.788113921880722046e-04
9.144073128700256348e-01 9.144073128700256348e-01 1.926626451313495636e-02 2.323655935470014811e-04 7.786820060573518276e-05 5.640544695779681206e-04
9.126447439193725586e-01 9.126447439193725586e-01 1.980569772422313690e-02 2.392336900811642408e-04 7.870430272305384278e-05 5.786063265986740589e-04
