1.357162824593000354e-04
7.629868895004139097e-03
9.027900157355825961e-01
8.825553989454922865e-01
9.041761788636075714e-01
9.482628960929517792e-01
9.561820554697928465e-01
9.569052061659619746e-01
9.588760468636970957e-01
9.601909747857798605e-01
9.626973920695647280e-01
9.655033671163613107e-01
9.665159928705132630e-01
9.669421512256601847e-01
9.679454698674780921e-01
9.694616939242752807e-01
9.702279198454780706e-01
9.711324995711867469e-01
9.702913991244751513e-01
9.688566123006018271e-01
9.691402405828877242e-01
9.675037996584409106e-01
9.658178997844747427e-01
9.630772535069467288e-01
9.599461857991961056e-01
9.585907480740690767e-01
9.585610965687481055e-01
9.580452677659201388e-01
9.555565697921560853e-01
9.539778210319856955e-01
9.518907607520266101e-01
9.500390033633875353e-01
9.471205077149100759e-01
9.429902379727199691e-01
9.434888844143156650e-01
9.399437098686712622e-01
9.385860050264372978e-01
9.343923753272032062e-01
9.328246638476854757e-01
9.293849699084949512e-01
9.297451432236316649e-01
9.284522302018778372e-01
9.280651497863391386e-01
9.265902707862571086e-01
9.256086687398855650e-01
9.258661655144641012e-01
9.235698145289392702e-01
9.248254991013565851e-01
9.217320774697780328e-01
9.197881438724447856e-01
9.160811687585296292e-01
