          0  0.05282658 12.77147579
        100  0.00699761 21.55050468
        200  0.00645294 21.90242767
        300  0.00613355 22.12287903
        400  0.00575303 22.40103340
        500  0.00536392 22.70517540
        600  0.00521442 22.82794189
        700  0.00455932 23.41100311
        800  0.00408601 23.88700676
        900  0.00365298 24.37353134
       1000  0.00371067 24.30547142
       1100  0.00306560 25.13483810
       1200  0.00286201 25.43329048
       1300  0.00258912 25.86848068
       1400  0.00235606 26.27812767
       1500  0.00228099 26.41876221
       1600  0.00221490 26.54644966
       1700  0.00219694 26.58182144
       1800  0.00177816 27.50029373
       1900  0.00167495 27.75997162
       2000  0.00171788 27.65008354
       2100  0.00154189 28.11945915
       2200  0.00145597 28.36847115
       2300  0.00145802 28.36237907
       2400  0.00129111 28.89036560
       2500  0.00126098 28.99292374
       2600  0.00122868 29.10559464
       2700  0.00119161 29.23867035
       2800  0.00122711 29.11117935
       2900  0.00107721 29.67701340
       3000  0.00108255 29.65552330
       3100  0.00102742 29.88251877
       3200  0.00097284 30.11960220
       3300  0.00093500 30.29190254
       3400  0.00091847 30.36936378
       3500  0.00095822 30.18536758
       3600  0.00088102 30.55016518
       3700  0.00097303 30.11871719
       3800  0.00086810 30.61428833
       3900  0.00082352 30.84325218
       4000  0.00087113 30.59915924
       4100  0.00083001 30.80915642
       4200  0.00630329 22.00432777
       4300  0.00572975 22.41864777
       4400  0.00513245 22.89675331
       4500  0.00468964 23.28860092
       4600  0.00461406 23.35916901
       4700  0.00401084 23.96765137
       4800  0.00371843 24.29640579
       4900  0.00355743 24.48864174
       5000  0.00328993 24.82813835
