          0  0.08620315 10.64476871
        100  0.00909483 20.41205597
        200  0.00736717 21.32699585
        300  0.00655729 21.83275414
        400  0.00618656 22.08551025
        500  0.00572708 22.42066765
        600  0.00535512 22.71230888
        700  0.00497160 23.03504181
        800  0.00460365 23.36897850
        900  0.00422334 23.74343681
       1000  0.00394128 24.04362488
       1100  0.00370454 24.31265068
       1200  0.00333066 24.77469635
       1300  0.00310965 25.07288742
       1400  0.00293498 25.32394981
       1500  0.00266343 25.74559212
       1600  0.00255932 25.91875458
       1700  0.00256330 25.91199684
       1800  0.00221471 26.54684067
       1900  0.00214612 26.68346405
       2000  0.00210127 26.77519035
       2100  0.00198512 27.02213478
       2200  0.00187894 27.26087570
       2300  0.00166934 27.77454185
       2400  0.00161656 27.91407776
       2500  0.00167988 27.74722672
       2600  0.00148904 28.27093124
       2700  0.00142290 28.46826744
       2800  0.00137213 28.62606049
       2900  0.00134903 28.69979286
       3000  0.00128868 28.89855766
       3100  0.00136587 28.64589500
       3200  0.00119898 29.21187401
       3300  0.00119586 29.22318459
       3400  0.00124688 29.04176712
       3500  0.00116159 29.34945869
       3600  0.00121818 29.14289856
       3700  0.00106958 29.70786667
       3800  0.00110134 29.58078957
       3900  0.00108205 29.65750885
       4000  0.00101662 29.92841148
       4100  0.00098482 30.06643105
       4200  0.00096340 30.16192245
       4300  0.00091702 30.37621117
       4400  0.00091218 30.39920616
       4500  0.00099102 30.03916168
       4600  0.00091639 30.37921524
       4700  0.00087858 30.56220055
       4800  0.00082633 30.82845688
       4900  0.00085644 30.67303658
       5000  0.00085528 30.67891884
