5.234229683992452919e-05 5.234229683992452919e-05 2.414959599263966084e-04 8.365040412172675133e-05 1.726304435578640550e-05 7.685496238991618156e-04
3.080599417444318533e-04 3.080599417444318533e-04 9.375651367008686066e-03 2.200700528919696808e-02 8.687863126397132874e-03 1.513195317238569260e-02
2.590178549289703369e-01 2.590178549289703369e-01 2.976478934288024902e-01 2.230404615402221680e-01 4.221697896718978882e-02 1.998949795961380005e-03
9.132475256919860840e-01 9.132475256919860840e-01 4.829439148306846619e-02 1.235794648528099060e-02 4.273146856576204300e-03 2.073780633509159088e-04
9.723092913627624512e-01 9.723092913627624512e-01 1.947184093296527863e-02 4.587840230669826269e-04 1.529312867205590010e-04 8.178252028301358223e-05
9.771304130554199219e-01 9.771304130554199219e-01 1.384054124355316162e-02 2.470936451572924852e-04 9.336735820397734642e-05 6.211219442775472999e-05
9.612025618553161621e-01 9.612025618553161621e-01 2.152103558182716370e-02 6.557716988027095795e-04 1.399157627020031214e-04 1.203068168251775205e-04
9.213426113128662109e-01 9.213426113128662109e-01 4.724623635411262512e-02 3.254733979701995850e-03 2.527613833080977201e-04 2.476797089911997318e-04
9.099071621894836426e-01 9.099071621894836426e-01 6.894475221633911133e-02 4.788210615515708923e-03 1.696723193163052201e-04 2.371782466070726514e-04
8.888907432556152344e-01 8.888907432556152344e-01 9.304080903530120850e-02 7.154183462262153625e-03 2.109312918037176132e-04 1.874645240604877472e-04
8.883658647537231445e-01 8.883658647537231445e-01 9.461038559675216675e-02 7.963852025568485260e-03 2.298332983627915382e-04 1.389715325785800815e-04
8.690787553787231445e-01 8.690787553787231445e-01 1.086091995239257812e-01 1.039204187691211700e-02 3.691504825837910175e-04 1.479338388890028000e-04
8.577702641487121582e-01 8.577702641487121582e-01 1.162321418523788452e-01 1.216281671077013016e-02 4.663130675908178091e-04 1.422601053491234779e-04
8.787935376167297363e-01 8.787935376167297363e-01 1.008718982338905334e-01 1.026442088186740875e-02 4.416906740516424179e-04 9.428706835024058819e-05
9.033758640289306641e-01 9.033758640289306641e-01 7.641860842704772949e-02 1.106944773346185684e-02 3.929013328161090612e-04 8.159817662090063095e-05
9.004710316658020020e-01 9.004710316658020020e-01 7.484959810972213745e-02 1.383168809115886688e-02 6.245531258173286915e-04 1.195903168991208076e-04
8.924652934074401855e-01 8.924652934074401855e-01 7.404581457376480103e-02 2.003329992294311523e-02 8.680037572048604488e-04 1.421210326952859759e-04
8.965846300125122070e-01 8.965846300125122070e-01 6.473910808563232422e-02 2.378214150667190552e-02 1.244021812453866005e-03 1.629262260394170880e-04
9.084973931312561035e-01 9.084973931312561035e-01 5.974951013922691345e-02 1.842482201755046844e-02 1.145571935921907425e-03 1.702727604424580932e-04
9.199775457382202148e-01 9.199775457382202148e-01 5.442995950579643250e-02 1.408357080072164536e-02 1.033670618198812008e-03 1.514447794761508703e-04
9.308201670646667480e-01 9.308201670646667480e-01 4.894565790891647339e-02 1.043858844786882401e-02 9.179805638268589973e-04 1.397299784002825618e-04
9.376466870307922363e-01 9.376466870307922363e-01 4.405758529901504517e-02 9.070474654436111450e-03 9.469371289014816284e-04 1.223409344675019383e-04
9.477557539939880371e-01 9.477557539939880371e-01 3.898481652140617371e-02 6.275954656302928925e-03 6.864563329145312309e-04 1.004033474600873888e-04
9.513304233551025391e-01 9.513304233551025391e-01 3.737147524952888489e-02 5.068011581897735596e-03 6.540333852171897888e-04 9.033612877829000354e-05
9.528772234916687012e-01 9.528772234916687012e-01 3.617426007986068726e-02 4.881993401795625687e-03 5.997225525788962841e-04 8.935859659686684608e-05
9.592433571815490723e-01 9.592433571815490723e-01 3.208024427294731140e-02 3.926347941160202026e-03 4.243465955369174480e-04 8.384471584577113390e-05
9.624648690223693848e-01 9.624648690223693848e-01 2.973131090402603149e-02 3.559025237336754799e-03 3.765956498682498932e-04 8.646670175949111581e-05
9.683213829994201660e-01 9.683213829994201660e-01 2.434958703815937042e-02 3.314951201900839806e-03 3.406732867006212473e-04 9.108064114116132259e-05
9.696355462074279785e-01 9.696355462074279785e-01 2.365640550851821899e-02 3.060135757550597191e-03 3.370105114299803972e-04 9.485568443778902292e-05
9.730321168899536133e-01 9.730321168899536133e-01 2.074548974633216858e-02 2.748835133388638496e-03 3.360591072123497725e-04 8.351598080480471253e-05
9.724101424217224121e-01 9.724101424217224121e-01 2.140627801418304443e-02 2.687273314222693443e-03 3.481085586827248335e-04 8.830519072944298387e-05
9.718087911605834961e-01 9.718087911605834961e-01 2.185521088540554047e-02 2.885001944378018379e-03 3.534432617016136646e-04 8.555913518648594618e-05
9.762248992919921875e-01 9.762248992919921875e-01 1.869088411331176758e-02 2.029941882938146591e-03 3.193060692865401506e-04 8.201404853025451303e-05
9.800220131874084473e-01 9.800220131874084473e-01 1.580848172307014465e-02 1.518205390311777592e-03 2.776409382931888103e-04 7.985840056790038943e-05
9.801942110061645508e-01 9.801942110061645508e-01 1.532186102122068405e-02 1.604201039299368858e-03 3.211454022675752640e-04 8.368786075152456760e-05
9.835725426673889160e-01 9.835725426673889160e-01 1.281865220516920090e-02 1.174307661131024361e-03 2.706420200411230326e-04 7.573759648948907852e-05
9.842712283134460449e-01 9.842712283134460449e-01 1.228838041424751282e-02 1.062348950654268265e-03 2.892023476306349039e-04 7.554157491540536284e-05
9.852277040481567383e-01 9.852277040481567383e-01 1.134195644408464432e-02 1.051346422173082829e-03 2.922035055235028267e-04 7.127649587346240878e-05
9.859895706176757812e-01 9.859895706176757812e-01 1.043280307203531265e-02 1.071250997483730316e-03 2.912399359047412872e-04 7.333571556955575943e-05
9.862461090087890625e-01 9.862461090087890625e-01 1.021556835621595383e-02 1.047118217684328556e-03 2.946614113170653582e-04 7.227333844639360905e-05
9.858984947204589844e-01 9.858984947204589844e-01 1.052049826830625534e-02 9.798997780308127403e-04 2.970119239762425423e-04 7.251044007716700435e-05
9.862013459205627441e-01 9.862013459205627441e-01 9.925257414579391479e-03 1.067891251295804977e-03 3.209710703231394291e-04 8.306532254209741950e-05
9.855798482894897461e-01 9.855798482894897461e-01 1.033039297908544540e-02 1.143036875873804092e-03 3.333654894959181547e-04 9.116130968322977424e-05
9.864494204521179199e-01 9.864494204521179199e-01 9.790575131773948669e-03 9.763836860656738281e-04 3.116905572824180126e-04 8.480028191115707159e-05
9.866843819618225098e-01 9.866843819618225098e-01 9.924769401550292969e-03 8.093036594800651073e-04 2.910615876317024231e-04 8.639201405458152294e-05
9.874727725982666016e-01 9.874727725982666016e-01 9.532091207802295685e-03 7.109667058102786541e-04 2.522316353861242533e-04 9.185000817524269223e-05
9.864804148674011230e-01 9.864804148674011230e-01 1.058426778763532639e-02 6.922580068930983543e-04 2.527565229684114456e-04 9.509443043498322368e-05
9.873813390731811523e-01 9.873813390731811523e-01 9.790165349841117859e-03 6.577718886546790600e-04 2.408634172752499580e-04 9.460463479626923800e-05
9.882019162178039551e-01 9.882019162178039551e-01 9.161075577139854431e-03 5.790977738797664642e-04 2.266168594360351562e-04 9.292490722145885229e-05
9.875012636184692383e-01 9.875012636184692383e-01 9.868253022432327271e-03 5.829199799336493015e-04 2.255189028801396489e-04 9.154134750133380294e-05
9.872187376022338867e-01 9.872187376022338867e-01 1.006965432316064835e-02 5.870365421287715435e-04 2.451294567435979843e-04 9.026835323311388493e-05
