1.341532915830612183e-03 1.341532915830612183e-03 1.366282085655257106e-04 1.191205461509525776e-03 1.015683737932704389e-04 1.412135025020688772e-04
8.573246598243713379e-01 8.573246598243713379e-01 3.279802855104207993e-03 5.033531785011291504e-02 1.145184040069580078e-02 9.975269495043903589e-05
9.507722258567810059e-01 9.507722258567810059e-01 2.619954990223050117e-03 4.338010400533676147e-02 2.563758753240108490e-03 7.554394687758758664e-05
9.296289086341857910e-01 9.296289086341857910e-01 2.681383630260825157e-03 6.143302470445632935e-02 4.542828537523746490e-03 9.965104254661127925e-05
9.438515305519104004e-01 9.438515305519104004e-01 2.502660965546965599e-03 4.848780855536460876e-02 3.616488073021173477e-03 1.516297634225338697e-04
9.677821397781372070e-01 9.677821397781372070e-01 3.508990863338112831e-03 2.283512800931930542e-02 3.904391312971711159e-03 2.036024961853399873e-04
9.651171565055847168e-01 9.651171565055847168e-01 1.061355508863925934e-02 1.685042679309844971e-02 3.686139127239584923e-03 3.332139458507299423e-04
9.702802300453186035e-01 9.702802300453186035e-01 1.402096822857856750e-02 1.033648103475570679e-02 2.497654873877763748e-03 2.597480779513716698e-04
9.829511046409606934e-01 9.829511046409606934e-01 8.688313886523246765e-03 5.970832891762256622e-03 1.216723350808024406e-03 1.734714460326358676e-04
9.901513457298278809e-01 9.901513457298278809e-01 5.321605131030082703e-03 3.206115681678056717e-03 6.713074981234967709e-04 1.224553561769425869e-04
9.938043355941772461e-01 9.938043355941772461e-01 3.585175378248095512e-03 1.730939955450594425e-03 4.544882685877382755e-04 9.293296898249536753e-05
9.953613877296447754e-01 9.953613877296447754e-01 2.878521801903843880e-03 1.044737990014255047e-03 3.433706588111817837e-04 9.508398215984925628e-05
9.967901110649108887e-01 9.967901110649108887e-01 1.961050322279334068e-03 7.063283119350671768e-04 2.613556862343102694e-04 8.350402640644460917e-05
9.971677660942077637e-01 9.971677660942077637e-01 1.955313840880990028e-03 4.371020186226814985e-04 2.069036418106406927e-04 7.396016735583543777e-05
9.970828890800476074e-01 9.970828890800476074e-01 2.105907071381807327e-03 3.597141476348042488e-04 2.127042826032266021e-04 8.202185563277453184e-05
9.963561296463012695e-01 9.963561296463012695e-01 2.765145152807235718e-03 3.800101403612643480e-04 2.038549137068912387e-04 1.033964654197916389e-04
9.949212670326232910e-01 9.949212670326232910e-01 4.036705940961837769e-03 4.394963034428656101e-04 2.326974790776148438e-04 1.282762095797806978e-04
9.940278530120849609e-01 9.940278530120849609e-01 4.941368475556373596e-03 4.018738982267677784e-04 2.148369821952655911e-04 1.426649105269461870e-04
9.938172698020935059e-01 9.938172698020935059e-01 5.164172034710645676e-03 4.185914294794201851e-04 2.107481413986533880e-04 1.299396244576200843e-04
9.935954213142395020e-01 9.935954213142395020e-01 5.479321349412202835e-03 3.571842098608613014e-04 1.710002397885546088e-04 1.327657810179516673e-04
9.933080673217773438e-01 9.933080673217773438e-01 5.803558975458145142e-03 3.341118863318115473e-04 1.641572016524150968e-04 1.318519498454406857e-04
9.934566617012023926e-01 9.934566617012023926e-01 5.697187967598438263e-03 3.110646503046154976e-04 1.566870923852548003e-04 1.228221954079344869e-04
9.938310384750366211e-01 9.938310384750366211e-01 5.381103605031967163e-03 2.748431579675525427e-04 1.485248940298333764e-04 1.217247918248176575e-04
9.933253526687622070e-01 9.933253526687622070e-01 5.900785792618989944e-03 2.548153570387512445e-04 1.225302112288773060e-04 1.394705323036760092e-04
9.941126704216003418e-01 9.941126704216003418e-01 5.132168997079133987e-03 2.686964580789208412e-04 1.095109109883196652e-04 1.378599408781155944e-04
9.943940639495849609e-01 9.943940639495849609e-01 4.820503760129213333e-03 3.003055753652006388e-04 1.116993371397256851e-04 1.340029120910912752e-04
9.944245815277099609e-01 9.944245815277099609e-01 4.769790917634963989e-03 3.196822362951934338e-04 1.088267890736460686e-04 1.380923204123973846e-04
9.943135976791381836e-01 9.943135976791381836e-01 4.861649591475725174e-03 3.411470679566264153e-04 1.087366326828487217e-04 1.466820249333977699e-04
9.938697814941406250e-01 9.938697814941406250e-01 5.233251489698886871e-03 3.612744621932506561e-04 1.143938061431981623e-04 1.620552648091688752e-04
9.930320978164672852e-01 9.930320978164672852e-01 5.985098425298929214e-03 3.972146660089492798e-04 1.229561166837811470e-04 1.797908480511978269e-04
9.928185939788818359e-01 9.928185939788818359e-01 6.138561759144067764e-03 4.257098771631717682e-04 1.224923471454530954e-04 1.916269975481554866e-04
9.927318692207336426e-01 9.927318692207336426e-01 6.247333250939846039e-03 4.125430423300713301e-04 1.221165875904262066e-04 1.978895452339202166e-04
9.932348132133483887e-01 9.932348132133483887e-01 5.781372077763080597e-03 4.001949564553797245e-04 1.204917207360267639e-04 1.832869311328977346e-04
9.926347136497497559e-01 9.926347136497497559e-01 6.330864969640970230e-03 3.899642615579068661e-04 1.305923942709341645e-04 1.995392813114449382e-04
9.925661087036132812e-01 9.925661087036132812e-01 6.416872609406709671e-03 3.664586110971868038e-04 1.274460519198328257e-04 2.041135885519906878e-04
9.932256340980529785e-01 9.932256340980529785e-01 5.805834196507930756e-03 3.589502011891454458e-04 1.215342199429869652e-04 1.868315885076299310e-04
9.932172894477844238e-01 9.932172894477844238e-01 5.833007395267486572e-03 3.444355097599327564e-04 1.180711406050249934e-04 1.901939540402963758e-04
9.923040270805358887e-01 9.923040270805358887e-01 6.659066304564476013e-03 3.618077898863703012e-04 1.264799648197367787e-04 2.163062890758737922e-04
9.924097061157226562e-01 9.924097061157226562e-01 6.554399617016315460e-03 3.665112890303134918e-04 1.207397872349247336e-04 2.263648784719407558e-04
9.927898049354553223e-01 9.927898049354553223e-01 6.223541684448719025e-03 3.500757156871259212e-04 1.113007892854511738e-04 2.181864983867853880e-04
9.923354983329772949e-01 9.923354983329772949e-01 6.612352561205625534e-03 3.737196093425154686e-04 1.170072209788486362e-04 2.304291265318170190e-04
9.926273226737976074e-01 9.926273226737976074e-01 6.345899309962987900e-03 3.786583838518708944e-04 1.144100970122963190e-04 2.171807573176920414e-04
9.932196736335754395e-01 9.932196736335754395e-01 5.780043546110391617e-03 3.895133268088102341e-04 1.139878149842843413e-04 2.012613695114850998e-04
9.934211373329162598e-01 9.934211373329162598e-01 5.601278971880674362e-03 3.790555347222834826e-04 1.093921528081409633e-04 2.007728471653535962e-04
9.932789206504821777e-01 9.932789206504821777e-01 5.723559297621250153e-03 3.758915700018405914e-04 1.079548965208232403e-04 2.146458427887409925e-04
9.931713342666625977e-01 9.931713342666625977e-01 5.797555204480886459e-03 3.864872560370713472e-04 1.126347779063507915e-04 2.250132965855300426e-04
9.936058521270751953e-01 9.936058521270751953e-01 5.367026664316654205e-03 3.975996223744004965e-04 1.109552467823959887e-04 2.182382158935070038e-04
9.933819770812988281e-01 9.933819770812988281e-01 5.556712392717599869e-03 4.074924509041011333e-04 1.142132023232989013e-04 2.287186216562986374e-04
9.931574463844299316e-01 9.931574463844299316e-01 5.776942707598209381e-03 3.966413205489516258e-04 1.123068068409338593e-04 2.350813301745802164e-04
9.933510422706604004e-01 9.933510422706604004e-01 5.607521627098321915e-03 3.957637236453592777e-04 1.096525520551949739e-04 2.235487336292862892e-04
9.933032393455505371e-01 9.933032393455505371e-01 5.639740731567144394e-03 3.838891279883682728e-04 1.144992493209429085e-04 2.307790418853983283e-04
