          0  0.08529036 10.69099998
        100  0.01173321 19.30583191
        200  0.00979297 20.09085846
        300  0.00865432 20.62767029
        400  0.00774482 21.10988998
        500  0.00698041 21.56119156
        600  0.00645152 21.90337944
        700  0.00591884 22.27763367
        800  0.00564234 22.48540878
        900  0.00524448 22.80297470
       1000  0.00501042 23.00125885
       1100  0.00474815 23.23475266
       1200  0.00445391 23.51258469
       1300  0.00424223 23.72406006
       1400  0.00404896 23.92656136
       1500  0.00379454 24.20840263
       1600  0.00361163 24.42296982
       1700  0.00341339 24.66813660
       1800  0.00309153 25.09826279
       1900  0.00297061 25.27154160
       2000  0.00293015 25.33109474
       2100  0.00273052 25.63754272
       2200  0.00276913 25.57656097
       2300  0.00256754 25.90482330
       2400  0.00262272 25.81248283
       2500  0.00240947 26.18078232
       2600  0.00212744 26.72143364
       2700  0.00236194 26.26730919
       2800  0.00205573 26.87033463
       2900  0.00185839 27.30863571
       3000  0.00185401 27.31887627
       3100  0.00170039 27.69451714
       3200  0.00169320 27.71290970
       3300  0.00182519 27.38691902
       3400  0.00157598 28.02449417
       3500  0.00167748 27.75342941
       3600  0.00174268 27.58783531
       3700  0.00154821 28.10170937
       3800  0.00141506 28.49223900
       3900  0.00135583 28.67795944
       4000  0.00132382 28.78172112
       4100  0.00132663 28.77251816
       4200  0.00145578 28.36905098
       4300  0.00122916 29.10392761
       4400  0.00119429 29.22890282
       4500  0.00123458 29.08481979
       4600  0.00126661 28.97358131
       4700  0.00118255 29.27178764
       4800  0.00112484 29.48910141
       4900  0.00110282 29.57493973
       5000  0.00109194 29.61802673
