          0  0.15643778  8.05658340
        100  0.00566069 22.47130775
        200  0.00478436 23.20175743
        300  0.00443220 23.53380775
        400  0.00418184 23.78632927
        500  0.00398889 23.99148369
        600  0.00401201 23.96638489
        700  0.00358579 24.45415306
        800  0.00337820 24.71315002
        900  0.00321709 24.92536545
       1000  0.00323231 24.90486908
       1100  0.00313227 25.04140282
       1200  0.00258301 25.87873268
       1300  0.00243074 26.14261627
       1400  0.00240480 26.18921661
       1500  0.00210151 26.77469444
       1600  0.00208930 26.79998779
       1700  0.00192184 27.16281700
       1800  0.00188278 27.25199509
       1900  0.00174702 27.57702255
       2000  0.00159308 27.97763443
       2100  0.00173930 27.59626007
       2200  0.00147510 28.31178284
       2300  0.00137340 28.62203598
       2400  0.00130594 28.84076881
       2500  0.00133773 28.73631287
       2600  0.00123119 29.09673500
       2700  0.00119359 29.23145103
       2800  0.00112221 29.49925613
       2900  0.00109148 29.61982536
       3000  0.00105039 29.78650665
       3100  0.00106438 29.72904396
       3200  0.00095277 30.21014214
       3300  0.00089742 30.47006607
       3400  0.00095348 30.20689774
       3500  0.00101165 29.94969368
       3600  0.00088772 30.51721954
       3700  0.00082223 30.85008621
       3800  0.00078514 31.05053329
       3900  0.00075094 31.24396896
       4000  0.00073705 31.32505417
       4100  0.00075499 31.22058487
       4200  0.00077186 31.12460899
       4300  0.00082128 30.85508347
       4400  0.00075171 31.23951721
       4500  0.00068798 31.62422562
       4600  0.00066182 31.79263306
       4700  0.00063034 32.00424957
       4800  0.00060385 32.19071198
       4900  0.00058813 32.30529022
       5000  0.00059145 32.28082657
