9.621308709029108286e-05 9.621308709029108286e-05 9.334016067441552877e-05 7.515895413234829903e-05 1.401970221195369959e-04 9.966586367227137089e-05
3.795703649520874023e-01 3.795703649520874023e-01 4.562928900122642517e-02 3.063398180529475212e-03 5.989114288240671158e-03 5.187561619095504284e-04
8.331781625747680664e-01 8.331781625747680664e-01 1.094584837555885315e-01 3.137585939839482307e-03 2.049109665676951408e-03 4.959159996360540390e-04
7.744786739349365234e-01 7.744786739349365234e-01 1.114071980118751526e-01 7.574774324893951416e-03 3.291295375674962997e-03 1.061190967448055744e-03
7.323191761970520020e-01 7.323191761970520020e-01 1.013984605669975281e-01 9.201358072459697723e-03 4.867578390985727310e-03 1.797643490135669708e-03
7.022445797920227051e-01 7.022445797920227051e-01 1.111930534243583679e-01 1.076306309551000595e-02 6.655641831457614899e-03 2.489858306944370270e-03
6.798768639564514160e-01 6.798768639564514160e-01 1.112464740872383118e-01 1.202834211289882660e-02 1.041485089808702469e-02 3.169441595673561096e-03
6.767492890357971191e-01 6.767492890357971191e-01 1.047485768795013428e-01 1.248236745595932007e-02 1.624258607625961304e-02 3.393777878955006599e-03
6.812842488288879395e-01 6.812842488288879395e-01 9.369798749685287476e-02 1.406126748770475388e-02 2.033411525189876556e-02 3.707295749336481094e-03
6.743263602256774902e-01 6.743263602256774902e-01 9.042724221944808960e-02 1.433022692799568176e-02 2.191062457859516144e-02 3.929973579943180084e-03
6.884170770645141602e-01 6.884170770645141602e-01 8.114919811487197876e-02 1.463307533413171768e-02 2.238369360566139221e-02 3.820090321823954582e-03
7.115594744682312012e-01 7.115594744682312012e-01 7.213308662176132202e-02 1.347325276583433151e-02 2.004258707165718079e-02 3.294058609753847122e-03
7.340103387832641602e-01 7.340103387832641602e-01 7.164222747087478638e-02 1.391340792179107666e-02 1.904724165797233582e-02 3.234219504520297050e-03
7.402347326278686523e-01 7.402347326278686523e-01 6.840599328279495239e-02 1.434107497334480286e-02 1.860453002154827118e-02 3.534423420205712318e-03
7.381805181503295898e-01 7.381805181503295898e-01 7.277525216341018677e-02 1.482219900935888290e-02 1.968961767852306366e-02 3.666289150714874268e-03
7.468165159225463867e-01 7.468165159225463867e-01 6.724002957344055176e-02 1.732233911752700806e-02 1.801229640841484070e-02 3.876866539940237999e-03
7.473666071891784668e-01 7.473666071891784668e-01 6.414436548948287964e-02 1.885233074426651001e-02 1.878008618950843811e-02 3.935652785003185272e-03
7.401591539382934570e-01 7.401591539382934570e-01 6.236014142632484436e-02 1.851309463381767273e-02 1.994604431092739105e-02 3.987061791121959686e-03
7.352113127708435059e-01 7.352113127708435059e-01 6.492831557989120483e-02 1.755034178495407104e-02 2.176095731556415558e-02 3.997134976089000702e-03
7.287393212318420410e-01 7.287393212318420410e-01 6.771747767925262451e-02 1.719504967331886292e-02 2.349446527659893036e-02 4.219934809952974319e-03
7.214917540550231934e-01 7.214917540550231934e-01 6.879425793886184692e-02 1.686205528676509857e-02 2.570018731057643890e-02 4.483932163566350937e-03
7.134601473808288574e-01 7.134601473808288574e-01 6.675835698843002319e-02 1.662077941000461578e-02 2.693096734583377838e-02 4.542869515717029572e-03
7.211370468139648438e-01 7.211370468139648438e-01 6.790940463542938232e-02 1.633618026971817017e-02 2.677218802273273468e-02 4.553759470582008362e-03
7.247179746627807617e-01 7.247179746627807617e-01 7.493137568235397339e-02 1.532227545976638794e-02 2.762748114764690399e-02 4.731073044240474701e-03
7.291674017906188965e-01 7.291674017906188965e-01 7.298795133829116821e-02 1.647146791219711304e-02 2.717911638319492340e-02 4.886629059910774231e-03
7.330699563026428223e-01 7.330699563026428223e-01 7.535972446203231812e-02 1.660572551190853119e-02 2.663960307836532593e-02 4.767066333442926407e-03
7.374737858772277832e-01 7.374737858772277832e-01 7.793536782264709473e-02 1.599176414310932159e-02 2.546254359185695648e-02 4.646280780434608459e-03
7.435559630393981934e-01 7.435559630393981934e-01 8.191093802452087402e-02 1.518595311790704727e-02 2.471639215946197510e-02 4.564942792057991028e-03
7.540714740753173828e-01 7.540714740753173828e-01 8.285658806562423706e-02 1.450205594301223755e-02 2.290294505655765533e-02 4.189916886389255524e-03
7.625269889831542969e-01 7.625269889831542969e-01 8.204781264066696167e-02 1.369153428822755814e-02 2.229675091803073883e-02 4.199900198727846146e-03
7.682126164436340332e-01 7.682126164436340332e-01 7.891239970922470093e-02 1.355333812534809113e-02 2.217850647866725922e-02 4.136255476623773575e-03
7.753539681434631348e-01 7.753539681434631348e-01 7.535746693611145020e-02 1.320688519626855850e-02 2.193872444331645966e-02 4.146568477153778076e-03
7.718194127082824707e-01 7.718194127082824707e-01 7.490785419940948486e-02 1.445832941681146622e-02 2.143619582056999207e-02 4.586094059050083160e-03
7.787634134292602539e-01 7.787634134292602539e-01 7.376218587160110474e-02 1.398182660341262817e-02 2.105725370347499847e-02 4.583331756293773651e-03
7.673522830009460449e-01 7.673522830009460449e-01 7.199192047119140625e-02 1.548234000802040100e-02 2.225206606090068817e-02 5.136833060532808304e-03
7.658326625823974609e-01 7.658326625823974609e-01 7.227881252765655518e-02 1.591643504798412323e-02 2.323402091860771179e-02 5.235197953879833221e-03
7.773215770721435547e-01 7.773215770721435547e-01 7.059954851865768433e-02 1.611142419278621674e-02 2.225109376013278961e-02 5.282042082399129868e-03
7.706105113029479980e-01 7.706105113029479980e-01 7.034387439489364624e-02 1.699296757578849792e-02 2.271625772118568420e-02 5.746525246649980545e-03
7.706345915794372559e-01 7.706345915794372559e-01 7.165810465812683105e-02 1.726790703833103180e-02 2.406519278883934021e-02 5.982458591461181641e-03
7.750439643859863281e-01 7.750439643859863281e-01 6.896201521158218384e-02 1.694820635020732880e-02 2.334173209965229034e-02 6.067371927201747894e-03
7.755469083786010742e-01 7.755469083786010742e-01 6.869945675134658813e-02 1.772492192685604095e-02 2.343834564089775085e-02 6.504621822386980057e-03
7.785417437553405762e-01 7.785417437553405762e-01 6.660519540309906006e-02 1.855672523379325867e-02 2.385866269469261169e-02 7.000089623034000397e-03
7.799193859100341797e-01 7.799193859100341797e-01 6.604306399822235107e-02 1.960659027099609375e-02 2.264332026243209839e-02 7.348398678004741669e-03
7.807514071464538574e-01 7.807514071464538574e-01 6.420390307903289795e-02 2.031957358121871948e-02 2.342896349728107452e-02 7.610871456563472748e-03
7.806849479675292969e-01 7.806849479675292969e-01 6.388835608959197998e-02 2.069592848420143127e-02 2.266211062669754028e-02 8.137922734022140503e-03
7.839915752410888672e-01 7.839915752410888672e-01 6.253802031278610229e-02 2.169518545269966125e-02 2.257194742560386658e-02 8.251638151705265045e-03
7.817619442939758301e-01 7.817619442939758301e-01 6.368168443441390991e-02 2.223581634461879730e-02 2.241350710391998291e-02 8.494641631841659546e-03
7.811825871467590332e-01 7.811825871467590332e-01 6.551486998796463013e-02 2.268618158996105194e-02 2.135458216071128845e-02 8.756049908697605133e-03
7.841703295707702637e-01 7.841703295707702637e-01 6.312108784914016724e-02 2.252012863755226135e-02 2.163027413189411163e-02 8.725496940314769745e-03
7.833610177040100098e-01 7.833610177040100098e-01 6.406737864017486572e-02 2.287924848496913910e-02 2.203562110662460327e-02 8.811159990727901459e-03
7.831592559814453125e-01 7.831592559814453125e-01 6.328770518302917480e-02 2.377042174339294434e-02 2.300005033612251282e-02 9.048248641192913055e-03
