1.078409737843045866e-04
4.254435546557530645e-01
9.338723775026601670e-01
8.680787291851544962e-01
8.208240216624244079e-01
7.871147430125806643e-01
7.620437643132388361e-01
7.585382045684381236e-01
7.636212394751200616e-01
7.558224513357397756e-01
7.716161096744750258e-01
7.975553945181067528e-01
8.227195706531096331e-01
8.296962171127461039e-01
8.273937393904406967e-01
8.370734455252303308e-01
8.376900183809393718e-01
8.296115043181812032e-01
8.240656890266800927e-01
8.168115213141867725e-01
8.086880453344394981e-01
7.996857743233782845e-01
8.082904697504841307e-01
8.123041726462787437e-01
8.172913377893955555e-01
8.216655377194741483e-01
8.266015945914221286e-01
8.334188366915699087e-01
8.452052057214807235e-01
8.546826166339184239e-01
8.610553837953910383e-01
8.690598075670037392e-01
8.650980814489468429e-01
8.728813032782849479e-01
8.600910742711409540e-01
8.583877992731668849e-01
8.712652129781871535e-01
8.637430775850947207e-01
8.637700680969276901e-01
8.687123381312531478e-01
8.692760657026555871e-01
8.726328435913869308e-01
8.741769814626626500e-01
8.751095570930497169e-01
8.750350659527186270e-01
8.787413175231287843e-01
8.762422232752679063e-01
8.755928475945341516e-01
8.789416753077502475e-01
8.780345536006511908e-01
8.778084078517536248e-01
