          0  0.06493810 11.87500477
        100  0.00765857 21.15852547
        200  0.00664783 21.77320099
        300  0.00614512 22.11469841
        400  0.00591063 22.28366280
        500  0.00560630 22.51323891
        600  0.00537378 22.69720268
        700  0.00512975 22.89903641
        800  0.00491465 23.08507538
        900  0.00464318 23.33185005
       1000  0.00432795 23.63718033
       1100  0.00406843 23.90573120
       1200  0.00460412 23.36853027
       1300  0.00361524 24.41863060
       1400  0.00341032 24.67204475
       1500  0.00321624 24.92651367
       1600  0.00318114 24.97416687
       1700  0.00299173 25.24077606
       1800  0.00280548 25.51993561
       1900  0.00256236 25.91360474
       2000  0.00250465 26.01253128
       2100  0.00236952 26.25339127
       2200  0.00226743 26.44465446
       2300  0.00220219 26.57146072
       2400  0.00240989 26.18002510
       2500  0.00214560 26.68451881
       2600  0.00190779 27.19470024
       2700  0.00192584 27.15379906
       2800  0.00179221 27.46612358
       2900  0.00185843 27.30853844
       3000  0.00181929 27.40099144
       3100  0.00168031 27.74610329
       3200  0.00163150 27.87412262
       3300  0.00147506 28.31189346
       3400  0.00143769 28.42336082
       3500  0.00146688 28.33606148
       3600  0.00135292 28.68727112
       3700  0.00173696 27.60208893
       3800  0.00132539 28.77654839
       3900  0.00123544 29.08178329
       4000  0.00125468 29.01465607
       4100  0.00121641 29.14920807
       4200  0.00127186 28.95560265
       4300  0.00121461 29.15564156
       4400  0.00111938 29.51022720
       4500  0.00117499 29.29966545
       4600  0.00107361 29.69151497
       4700  0.00137725 28.60988617
       4800  0.00103497 29.85071373
       4900  0.00103274 29.86008835
       5000  0.00569638 22.44401169
