6.724148613651963766e-04
6.917246095529528960e-01
7.859401617329664358e-01
7.945096247269129996e-01
8.271826771859605021e-01
8.470384381864860535e-01
9.458218260090763829e-01
9.960563200573467890e-01
1.002007476723201229e+00
1.000997406958983316e+00
1.002996683008318346e+00
1.003821634619820102e+00
1.004919379235519994e+00
1.005399842245566333e+00
1.005786299001513617e+00
1.006299625006097820e+00
1.005271947912696362e+00
1.004949227276430213e+00
1.002942172646736685e+00
1.001274601795477226e+00
1.000812409404412184e+00
1.000170043384579710e+00
9.998168114176052557e-01
9.998795827521256285e-01
9.971225885571776137e-01
9.981882540662830872e-01
9.965860474096633892e-01
9.996454414534295951e-01
9.984118430272835854e-01
9.995381694033702580e-01
9.996609986141463677e-01
1.000046792080295788e+00
1.000122588014485947e+00
9.997633261402569804e-01
9.998143391556308934e-01
1.000201519500448777e+00
1.001154606641110778e+00
1.000967920712508397e+00
1.001669198926218307e+00
1.000281355472499634e+00
9.997655572059411799e-01
1.000664676676674469e+00
9.996694404843028403e-01
9.982913654803367010e-01
9.985202607597213342e-01
9.989971661244875234e-01
9.976011822959752751e-01
9.987675472562324019e-01
9.981480948839673850e-01
9.976329599072070176e-01
9.958750007462010556e-01
