          0  0.08523291 10.69392681
        100  0.00807678 20.92761421
        200  0.00698576 21.55786514
        300  0.00637192 21.95730019
        400  0.00575723 22.39786530
        500  0.00517254 22.86296272
        600  0.00462563 23.34829330
        700  0.00430584 23.65941811
        800  0.00384907 24.14644432
        900  0.00358746 24.45212936
       1000  0.00324391 24.88931274
       1100  0.00303486 25.17861176
       1200  0.00293485 25.32413864
       1300  0.00284888 25.45325851
       1400  0.00246739 26.07761955
       1500  0.00227708 26.42621613
       1600  0.00239215 26.21212387
       1700  0.00206952 26.84131050
       1800  0.00190871 27.19259834
       1900  0.00193836 27.12565041
       2000  0.00171197 27.66502953
       2100  0.00165513 27.81169128
       2200  0.00155301 28.08826828
       2300  0.00151923 28.18375778
       2400  0.00143507 28.43126106
       2500  0.00135546 28.67913055
       2600  0.00130670 28.83823395
       2700  0.00136522 28.64797401
       2800  0.00130723 28.83649445
       2900  0.00125380 29.01771927
       3000  0.00128350 28.91605186
       3100  0.00116719 29.32857895
       3200  0.00112523 29.48758507
       3300  0.00102126 29.90864563
       3400  0.00099513 30.02120590
       3500  0.00095514 30.19932938
       3600  0.00105013 29.78755951
       3700  0.00095587 30.19602394
       3800  0.00092323 30.34691238
       3900  0.00092731 30.32773781
       4000  0.00087695 30.57025337
       4100  0.00090453 30.43574905
       4200  0.00096723 30.14468956
       4300  0.00083948 30.75990105
       4400  0.00081081 30.91078758
       4500  0.00085910 30.65958023
       4600  0.00077986 31.07983971
       4700  0.00087035 30.60305405
       4800  0.00084238 30.74491882
       4900  0.00071625 31.44937134
       5000  0.00076708 31.15159035
