1.800000000000000000e+01 1.400000000000000000e+01 1.280000000000000000e+02 8.200000000000000000e+01 1.380000000000000000e+02
9.460000000000000000e+02 9.400000000000000000e+01 9.890000000000000000e+02 5.900000000000000000e+01 1.100000000000000000e+01
3.710000000000000000e+02 3.700000000000000000e+02 3.820000000000000000e+02 3.800000000000000000e+02 3.750000000000000000e+02
3.710000000000000000e+02 3.700000000000000000e+02 3.750000000000000000e+02 3.820000000000000000e+02 3.800000000000000000e+02
3.700000000000000000e+02 3.710000000000000000e+02 3.750000000000000000e+02 3.820000000000000000e+02 3.800000000000000000e+02
3.700000000000000000e+02 3.710000000000000000e+02 3.750000000000000000e+02 3.800000000000000000e+02 3.820000000000000000e+02
3.700000000000000000e+02 3.710000000000000000e+02 3.750000000000000000e+02 3.800000000000000000e+02 3.730000000000000000e+02
3.700000000000000000e+02 3.710000000000000000e+02 3.750000000000000000e+02 3.800000000000000000e+02 3.730000000000000000e+02
3.700000000000000000e+02 3.710000000000000000e+02 3.750000000000000000e+02 3.800000000000000000e+02 3.730000000000000000e+02
3.700000000000000000e+02 3.710000000000000000e+02 3.800000000000000000e+02 3.750000000000000000e+02 3.730000000000000000e+02
3.700000000000000000e+02 3.710000000000000000e+02 3.800000000000000000e+02 3.730000000000000000e+02 3.750000000000000000e+02
3.700000000000000000e+02 3.710000000000000000e+02 3.800000000000000000e+02 3.730000000000000000e+02 3.750000000000000000e+02
3.700000000000000000e+02 3.710000000000000000e+02 3.800000000000000000e+02 3.730000000000000000e+02 3.750000000000000000e+02
3.700000000000000000e+02 3.710000000000000000e+02 3.800000000000000000e+02 3.730000000000000000e+02 3.750000000000000000e+02
3.700000000000000000e+02 3.710000000000000000e+02 3.800000000000000000e+02 3.730000000000000000e+02 3.750000000000000000e+02
3.700000000000000000e+02 3.710000000000000000e+02 3.800000000000000000e+02 3.730000000000000000e+02 3.750000000000000000e+02
3.700000000000000000e+02 3.710000000000000000e+02 3.800000000000000000e+02 3.730000000000000000e+02 3.750000000000000000e+02
3.700000000000000000e+02 3.710000000000000000e+02 3.800000000000000000e+02 3.730000000000000000e+02 3.750000000000000000e+02
3.700000000000000000e+02 3.710000000000000000e+02 3.800000000000000000e+02 3.730000000000000000e+02 3.750000000000000000e+02
3.700000000000000000e+02 3.710000000000000000e+02 3.800000000000000000e+02 3.730000000000000000e+02 3.750000000000000000e+02
3.700000000000000000e+02 3.710000000000000000e+02 3.800000000000000000e+02 3.730000000000000000e+02 3.740000000000000000e+02
3.700000000000000000e+02 3.710000000000000000e+02 3.800000000000000000e+02 3.750000000000000000e+02 3.730000000000000000e+02
3.700000000000000000e+02 3.710000000000000000e+02 3.800000000000000000e+02 3.740000000000000000e+02 3.730000000000000000e+02
3.700000000000000000e+02 3.710000000000000000e+02 3.800000000000000000e+02 3.740000000000000000e+02 3.750000000000000000e+02
3.700000000000000000e+02 3.710000000000000000e+02 3.800000000000000000e+02 3.740000000000000000e+02 3.750000000000000000e+02
3.700000000000000000e+02 3.710000000000000000e+02 3.800000000000000000e+02 3.740000000000000000e+02 3.750000000000000000e+02
3.700000000000000000e+02 3.710000000000000000e+02 3.800000000000000000e+02 3.740000000000000000e+02 3.750000000000000000e+02
3.700000000000000000e+02 3.710000000000000000e+02 3.800000000000000000e+02 3.740000000000000000e+02 3.750000000000000000e+02
3.700000000000000000e+02 3.710000000000000000e+02 3.800000000000000000e+02 3.740000000000000000e+02 3.750000000000000000e+02
3.700000000000000000e+02 3.710000000000000000e+02 3.800000000000000000e+02 3.740000000000000000e+02 3.750000000000000000e+02
3.700000000000000000e+02 3.710000000000000000e+02 3.800000000000000000e+02 3.740000000000000000e+02 3.750000000000000000e+02
3.700000000000000000e+02 3.710000000000000000e+02 3.800000000000000000e+02 3.740000000000000000e+02 3.750000000000000000e+02
3.700000000000000000e+02 3.710000000000000000e+02 3.800000000000000000e+02 3.740000000000000000e+02 3.750000000000000000e+02
3.700000000000000000e+02 3.710000000000000000e+02 3.740000000000000000e+02 3.800000000000000000e+02 3.750000000000000000e+02
3.700000000000000000e+02 3.710000000000000000e+02 3.740000000000000000e+02 3.800000000000000000e+02 3.750000000000000000e+02
3.700000000000000000e+02 3.710000000000000000e+02 3.740000000000000000e+02 3.750000000000000000e+02 3.800000000000000000e+02
3.700000000000000000e+02 3.710000000000000000e+02 3.740000000000000000e+02 3.750000000000000000e+02 3.800000000000000000e+02
3.700000000000000000e+02 3.710000000000000000e+02 3.740000000000000000e+02 3.750000000000000000e+02 3.800000000000000000e+02
3.700000000000000000e+02 3.710000000000000000e+02 3.740000000000000000e+02 3.750000000000000000e+02 3.800000000000000000e+02
3.700000000000000000e+02 3.710000000000000000e+02 3.740000000000000000e+02 3.750000000000000000e+02 3.800000000000000000e+02
3.700000000000000000e+02 3.710000000000000000e+02 3.740000000000000000e+02 3.750000000000000000e+02 3.800000000000000000e+02
3.700000000000000000e+02 3.710000000000000000e+02 3.740000000000000000e+02 3.750000000000000000e+02 3.800000000000000000e+02
3.700000000000000000e+02 3.710000000000000000e+02 3.740000000000000000e+02 3.750000000000000000e+02 3.800000000000000000e+02
3.700000000000000000e+02 3.710000000000000000e+02 3.740000000000000000e+02 3.750000000000000000e+02 3.800000000000000000e+02
3.700000000000000000e+02 3.710000000000000000e+02 3.740000000000000000e+02 3.750000000000000000e+02 3.800000000000000000e+02
3.700000000000000000e+02 3.710000000000000000e+02 3.740000000000000000e+02 3.750000000000000000e+02 3.800000000000000000e+02
3.700000000000000000e+02 3.710000000000000000e+02 3.740000000000000000e+02 3.750000000000000000e+02 3.800000000000000000e+02
3.700000000000000000e+02 3.710000000000000000e+02 3.740000000000000000e+02 3.750000000000000000e+02 3.800000000000000000e+02
3.700000000000000000e+02 3.710000000000000000e+02 3.740000000000000000e+02 3.750000000000000000e+02 3.800000000000000000e+02
3.700000000000000000e+02 3.710000000000000000e+02 3.740000000000000000e+02 3.750000000000000000e+02 3.800000000000000000e+02
3.700000000000000000e+02 3.710000000000000000e+02 3.740000000000000000e+02 3.750000000000000000e+02 3.800000000000000000e+02
3.700000000000000000e+02 3.710000000000000000e+02 3.740000000000000000e+02 3.750000000000000000e+02 3.800000000000000000e+02
3.700000000000000000e+02 3.710000000000000000e+02 3.740000000000000000e+02 3.750000000000000000e+02 3.800000000000000000e+02
3.700000000000000000e+02 3.710000000000000000e+02 3.740000000000000000e+02 3.750000000000000000e+02 3.800000000000000000e+02
3.700000000000000000e+02 3.710000000000000000e+02 3.740000000000000000e+02 3.750000000000000000e+02 3.800000000000000000e+02
3.700000000000000000e+02 3.710000000000000000e+02 3.740000000000000000e+02 3.750000000000000000e+02 3.800000000000000000e+02
3.700000000000000000e+02 3.710000000000000000e+02 3.740000000000000000e+02 3.750000000000000000e+02 3.800000000000000000e+02
3.700000000000000000e+02 3.710000000000000000e+02 3.740000000000000000e+02 3.750000000000000000e+02 3.800000000000000000e+02
3.700000000000000000e+02 3.710000000000000000e+02 3.740000000000000000e+02 3.750000000000000000e+02 3.800000000000000000e+02
3.700000000000000000e+02 3.710000000000000000e+02 3.740000000000000000e+02 3.750000000000000000e+02 3.800000000000000000e+02
3.700000000000000000e+02 3.710000000000000000e+02 3.740000000000000000e+02 3.750000000000000000e+02 3.800000000000000000e+02
3.700000000000000000e+02 3.710000000000000000e+02 3.740000000000000000e+02 3.750000000000000000e+02 3.800000000000000000e+02
3.700000000000000000e+02 3.710000000000000000e+02 3.740000000000000000e+02 3.750000000000000000e+02 3.800000000000000000e+02
3.700000000000000000e+02 3.710000000000000000e+02 3.740000000000000000e+02 3.750000000000000000e+02 3.800000000000000000e+02
3.700000000000000000e+02 3.710000000000000000e+02 3.740000000000000000e+02 3.750000000000000000e+02 3.800000000000000000e+02
3.700000000000000000e+02 3.710000000000000000e+02 3.740000000000000000e+02 3.750000000000000000e+02 3.800000000000000000e+02
3.700000000000000000e+02 3.710000000000000000e+02 3.750000000000000000e+02 3.740000000000000000e+02 3.800000000000000000e+02
3.700000000000000000e+02 3.710000000000000000e+02 3.750000000000000000e+02 3.740000000000000000e+02 3.800000000000000000e+02
3.700000000000000000e+02 3.710000000000000000e+02 3.750000000000000000e+02 3.740000000000000000e+02 3.800000000000000000e+02
3.700000000000000000e+02 3.710000000000000000e+02 3.800000000000000000e+02 3.750000000000000000e+02 3.730000000000000000e+02
3.700000000000000000e+02 3.710000000000000000e+02 3.800000000000000000e+02 3.730000000000000000e+02 3.750000000000000000e+02
3.700000000000000000e+02 3.710000000000000000e+02 3.800000000000000000e+02 3.730000000000000000e+02 3.750000000000000000e+02
3.700000000000000000e+02 3.710000000000000000e+02 3.800000000000000000e+02 3.730000000000000000e+02 3.750000000000000000e+02
3.700000000000000000e+02 3.710000000000000000e+02 3.800000000000000000e+02 3.730000000000000000e+02 3.750000000000000000e+02
3.700000000000000000e+02 3.710000000000000000e+02 3.800000000000000000e+02 3.730000000000000000e+02 3.740000000000000000e+02
3.700000000000000000e+02 3.710000000000000000e+02 3.800000000000000000e+02 3.730000000000000000e+02 3.740000000000000000e+02
3.700000000000000000e+02 3.710000000000000000e+02 3.800000000000000000e+02 3.730000000000000000e+02 3.740000000000000000e+02
3.700000000000000000e+02 3.710000000000000000e+02 3.800000000000000000e+02 3.730000000000000000e+02 3.740000000000000000e+02
3.700000000000000000e+02 3.710000000000000000e+02 3.800000000000000000e+02 3.730000000000000000e+02 3.740000000000000000e+02
3.700000000000000000e+02 3.710000000000000000e+02 3.800000000000000000e+02 3.730000000000000000e+02 3.740000000000000000e+02
3.700000000000000000e+02 3.710000000000000000e+02 3.800000000000000000e+02 3.740000000000000000e+02 3.730000000000000000e+02
3.700000000000000000e+02 3.710000000000000000e+02 3.800000000000000000e+02 3.740000000000000000e+02 3.730000000000000000e+02
3.700000000000000000e+02 3.710000000000000000e+02 3.800000000000000000e+02 3.740000000000000000e+02 3.750000000000000000e+02
3.700000000000000000e+02 3.710000000000000000e+02 3.800000000000000000e+02 3.740000000000000000e+02 3.750000000000000000e+02
3.700000000000000000e+02 3.710000000000000000e+02 3.800000000000000000e+02 3.740000000000000000e+02 3.750000000000000000e+02
3.700000000000000000e+02 3.710000000000000000e+02 3.800000000000000000e+02 3.740000000000000000e+02 3.750000000000000000e+02
3.700000000000000000e+02 3.710000000000000000e+02 3.740000000000000000e+02 3.800000000000000000e+02 3.750000000000000000e+02
3.700000000000000000e+02 3.710000000000000000e+02 3.740000000000000000e+02 3.800000000000000000e+02 3.750000000000000000e+02
3.700000000000000000e+02 3.710000000000000000e+02 3.740000000000000000e+02 3.800000000000000000e+02 3.750000000000000000e+02
3.700000000000000000e+02 3.710000000000000000e+02 3.740000000000000000e+02 3.800000000000000000e+02 3.750000000000000000e+02
3.700000000000000000e+02 3.710000000000000000e+02 3.740000000000000000e+02 3.800000000000000000e+02 3.750000000000000000e+02
3.700000000000000000e+02 3.710000000000000000e+02 3.740000000000000000e+02 3.800000000000000000e+02 3.750000000000000000e+02
3.700000000000000000e+02 3.710000000000000000e+02 3.740000000000000000e+02 3.800000000000000000e+02 3.750000000000000000e+02
3.700000000000000000e+02 3.710000000000000000e+02 3.740000000000000000e+02 3.800000000000000000e+02 3.750000000000000000e+02
3.700000000000000000e+02 3.710000000000000000e+02 3.740000000000000000e+02 3.800000000000000000e+02 3.750000000000000000e+02
3.700000000000000000e+02 3.710000000000000000e+02 3.740000000000000000e+02 3.800000000000000000e+02 3.750000000000000000e+02
3.700000000000000000e+02 3.710000000000000000e+02 3.740000000000000000e+02 3.800000000000000000e+02 3.750000000000000000e+02
3.700000000000000000e+02 3.710000000000000000e+02 3.740000000000000000e+02 3.800000000000000000e+02 3.750000000000000000e+02
3.700000000000000000e+02 3.710000000000000000e+02 3.740000000000000000e+02 3.800000000000000000e+02 3.750000000000000000e+02
3.700000000000000000e+02 3.710000000000000000e+02 3.740000000000000000e+02 3.800000000000000000e+02 3.750000000000000000e+02
3.700000000000000000e+02 3.710000000000000000e+02 3.740000000000000000e+02 3.800000000000000000e+02 3.750000000000000000e+02
