2.965351450257003307e-05 2.965351450257003307e-05 4.768715734826400876e-05 2.906295412685722113e-05 2.501820927136577666e-05 1.934827014338225126e-05
2.634047996252775192e-04 2.634047996252775192e-04 4.742457822430878878e-04 2.375678886892274022e-04 9.282951941713690758e-05 3.525416541378945112e-04
2.080883714370429516e-04 2.080883714370429516e-04 2.755783134489320219e-05 1.487638510297983885e-04 2.475503606547135860e-05 3.654194733826443553e-05
1.656898064538836479e-03 1.656898064538836479e-03 8.349338168045505881e-05 4.775598936248570681e-04 6.019581269356422126e-05 1.605767320143058896e-04
4.174010828137397766e-02 4.174010828137397766e-02 6.125917425379157066e-04 1.353279571048915386e-03 1.510188303655013442e-04 6.580799818038940430e-04
3.945578336715698242e-01 3.945578336715698242e-01 1.187921501696109772e-03 2.738541457802057266e-03 1.770765957189723849e-04 8.586223702877759933e-04
4.192807674407958984e-01 4.192807674407958984e-01 9.985200595110654831e-04 2.676156349480152130e-03 2.384205290582031012e-04 1.309607760049402714e-03
3.619792461395263672e-01 3.619792461395263672e-01 8.262780611403286457e-04 2.597814425826072693e-03 3.719255037140101194e-04 1.496954821050167084e-03
2.470729798078536987e-01 2.470729798078536987e-01 7.653010543435811996e-04 2.798891859129071236e-03 4.269410565029829741e-04 1.420601038262248039e-03
2.004223018884658813e-01 2.004223018884658813e-01 7.501900545321404934e-04 2.738491864874958992e-03 4.717350238934159279e-04 1.063773059286177158e-03
2.125058770179748535e-01 2.125058770179748535e-01 6.593208527192473412e-04 2.617964288219809532e-03 5.339175113476812840e-04 9.530843817628920078e-04
2.314131259918212891e-01 2.314131259918212891e-01 5.583170568570494652e-04 2.316250698640942574e-03 5.588923813775181770e-04 8.374935714527964592e-04
2.483820170164108276e-01 2.483820170164108276e-01 4.614251083694398403e-04 2.528728917241096497e-03 6.150231347419321537e-04 7.607511943206191063e-04
2.761631608009338379e-01 2.761631608009338379e-01 4.072342417202889919e-04 2.894694916903972626e-03 6.044214242137968540e-04 8.246925426647067070e-04
2.916096150875091553e-01 2.916096150875091553e-01 3.654275787994265556e-04 3.311145585030317307e-03 5.705473595298826694e-04 8.567773038521409035e-04
3.109152615070343018e-01 3.109152615070343018e-01 4.255458188708871603e-04 4.208083264529705048e-03 6.501742172986268997e-04 1.030794694088399410e-03
3.945115804672241211e-01 3.945115804672241211e-01 4.870619741268455982e-04 6.019370164722204208e-03 6.958543672226369381e-04 1.298434915952384472e-03
4.330540597438812256e-01 4.330540597438812256e-01 4.538232751656323671e-04 6.386146415024995804e-03 6.568304961547255516e-04 1.347939483821392059e-03
4.819967746734619141e-01 4.819967746734619141e-01 4.329592920839786530e-04 5.855288822203874588e-03 5.496987141668796539e-04 1.286969985812902451e-03
4.879833161830902100e-01 4.879833161830902100e-01 4.252397047821432352e-04 6.157583557069301605e-03 4.938331549055874348e-04 1.146153896115720272e-03
4.908192157745361328e-01 4.908192157745361328e-01 4.221599374432116747e-04 6.151245441287755966e-03 4.803186457138508558e-04 1.141092390753328800e-03
4.615198671817779541e-01 4.615198671817779541e-01 4.171876644250005484e-04 6.363879889249801636e-03 4.457228351384401321e-04 1.168710179626941681e-03
4.661686420440673828e-01 4.661686420440673828e-01 4.152560431975871325e-04 6.361957173794507980e-03 4.395627765916287899e-04 1.192753785289824009e-03
5.020740628242492676e-01 5.020740628242492676e-01 4.158969095442444086e-04 6.444311700761318207e-03 4.049123381264507771e-04 1.258783740922808647e-03
5.679115056991577148e-01 5.679115056991577148e-01 4.352254327386617661e-04 6.820503156632184982e-03 3.780117840506136417e-04 1.273709814995527267e-03
6.136723160743713379e-01 6.136723160743713379e-01 4.077703924849629402e-04 6.753676105290651321e-03 3.264589176978915930e-04 1.193248550407588482e-03
6.784902811050415039e-01 6.784902811050415039e-01 3.714592894539237022e-04 6.773194298148155212e-03 3.047956270165741444e-04 1.072466373443603516e-03
7.121040225028991699e-01 7.121040225028991699e-01 3.560723271220922470e-04 7.224280387163162231e-03 2.916141820605844259e-04 9.566076332703232765e-04
7.719316482543945312e-01 7.719316482543945312e-01 3.216064069420099258e-04 6.980065256357192993e-03 2.630038070492446423e-04 8.501663687638938427e-04
8.104723095893859863e-01 8.104723095893859863e-01 2.956653188448399305e-04 7.263925392180681229e-03 2.447001170367002487e-04 7.471367134712636471e-04
8.338533639907836914e-01 8.338533639907836914e-01 2.969650377053767443e-04 8.192475885152816772e-03 2.719025942496955395e-04 7.697565015405416489e-04
8.688365221023559570e-01 8.688365221023559570e-01 2.844113914761692286e-04 7.984963245689868927e-03 2.602945896796882153e-04 7.526340777985751629e-04
8.910223841667175293e-01 8.910223841667175293e-01 2.694842696655541658e-04 7.903134450316429138e-03 2.649131638463586569e-04 6.934178527444601059e-04
9.144679307937622070e-01 9.144679307937622070e-01 2.518510445952415466e-04 6.926035974174737930e-03 2.285015361849218607e-04 5.960083217360079288e-04
9.252638816833496094e-01 9.252638816833496094e-01 2.411284804111346602e-04 6.200170144438743591e-03 2.109346678480505943e-04 5.751762655563652515e-04
9.279989004135131836e-01 9.279989004135131836e-01 2.653033006936311722e-04 6.168660242110490799e-03 2.019195089815184474e-04 6.070108502171933651e-04
9.356513023376464844e-01 9.356513023376464844e-01 2.647730580065399408e-04 6.241155788302421570e-03 1.906427060021087527e-04 6.002561422064900398e-04
9.446662664413452148e-01 9.446662664413452148e-01 2.746772661339491606e-04 6.905942689627408981e-03 1.918857160490006208e-04 6.088588270358741283e-04
9.533209800720214844e-01 9.533209800720214844e-01 2.604041947051882744e-04 6.796678062528371811e-03 1.755994162522256374e-04 5.246638902463018894e-04
9.575212597846984863e-01 9.575212597846984863e-01 2.612237003631889820e-04 6.928476039320230484e-03 1.665285089984536171e-04 5.580220022238790989e-04
9.592445492744445801e-01 9.592445492744445801e-01 2.682847552932798862e-04 7.323918864130973816e-03 1.757150457706302404e-04 5.165421753190457821e-04
9.569314122200012207e-01 9.569314122200012207e-01 2.890652394853532314e-04 8.293971419334411621e-03 1.925861579366028309e-04 5.760561907663941383e-04
9.585248827934265137e-01 9.585248827934265137e-01 3.076419234275817871e-04 9.180624969303607941e-03 1.878876209957525134e-04 5.406884010881185532e-04
9.590223431587219238e-01 9.590223431587219238e-01 3.174335870426148176e-04 9.490993805229663849e-03 2.057613164652138948e-04 5.081052077002823353e-04
9.569011330604553223e-01 9.569011330604553223e-01 3.465727204456925392e-04 1.119470782577991486e-02 2.108731714542955160e-04 5.031343316659331322e-04
9.549062848091125488e-01 9.549062848091125488e-01 3.589014813769608736e-04 1.282353047281503677e-02 2.256012667203322053e-04 4.854100698139518499e-04
9.553314447402954102e-01 9.553314447402954102e-01 3.631649015005677938e-04 1.307550165802240372e-02 2.075428346870467067e-04 4.655165248550474644e-04
9.552156329154968262e-01 9.552156329154968262e-01 3.615760651882737875e-04 1.413774490356445312e-02 2.100048732245340943e-04 4.441067576408386230e-04
9.513348340988159180e-01 9.513348340988159180e-01 3.576865128707140684e-04 1.558497268706560135e-02 2.110841742251068354e-04 4.225262091495096684e-04
9.485034346580505371e-01 9.485034346580505371e-01 3.862887388095259666e-04 1.734296418726444244e-02 2.217295696027576923e-04 4.223209689371287823e-04
9.460535049438476562e-01 9.460535049438476562e-01 4.008278192486613989e-04 1.951516233384609222e-02 2.303550281794741750e-04 4.234922234900295734e-04
9.437998533248901367e-01 9.437998533248901367e-01 3.899375733453780413e-04 2.010555565357208252e-02 2.322645159438252449e-04 4.234040679875761271e-04
9.383699893951416016e-01 9.383699893951416016e-01 4.156294453423470259e-04 2.248333394527435303e-02 2.574655809439718723e-04 4.641813575290143490e-04
9.368993639945983887e-01 9.368993639945983887e-01 4.241403075866401196e-04 2.253690361976623535e-02 2.532630751375108957e-04 4.631940973922610283e-04
9.337375760078430176e-01 9.337375760078430176e-01 4.470000567380338907e-04 2.444828487932682037e-02 2.598560240585356951e-04 4.604659625329077244e-04
9.301604032516479492e-01 9.301604032516479492e-01 4.670627531595528126e-04 2.697240933775901794e-02 2.696306910365819931e-04 4.567606956698000431e-04
9.270352721214294434e-01 9.270352721214294434e-01 4.700100980699062347e-04 2.829400449991226196e-02 2.720465417951345444e-04 4.545648989733308554e-04
9.202125668525695801e-01 9.202125668525695801e-01 5.124416202306747437e-04 3.073987364768981934e-02 2.933440264314413071e-04 4.701727011706680059e-04
9.131910800933837891e-01 9.131910800933837891e-01 5.679778405465185642e-04 3.368828073143959045e-02 3.211652801837772131e-04 4.904797533527016640e-04
9.041344523429870605e-01 9.041344523429870605e-01 5.894650821574032307e-04 3.831616789102554321e-02 3.226837143301963806e-04 4.909691633656620979e-04
8.951831459999084473e-01 8.951831459999084473e-01 6.305722636170685291e-04 4.005910828709602356e-02 3.300024545751512051e-04 4.752490494865924120e-04
8.876545429229736328e-01 8.876545429229736328e-01 6.705932319164276123e-04 4.380306974053382874e-02 3.430903598200529814e-04 4.812998813576996326e-04
8.663352131843566895e-01 8.663352131843566895e-01 7.481656502932310104e-04 5.005356296896934509e-02 3.973854763898998499e-04 5.320151685737073421e-04
8.508718609809875488e-01 8.508718609809875488e-01 7.506851106882095337e-04 5.530588328838348389e-02 4.109423607587814331e-04 5.364838289096951485e-04
8.378454446792602539e-01 8.378454446792602539e-01 7.847440429031848907e-04 6.099703162908554077e-02 4.159507225267589092e-04 5.699309986084699631e-04
8.190403580665588379e-01 8.190403580665588379e-01 8.285344811156392097e-04 6.906551867723464966e-02 4.309112846385687590e-04 5.858169170096516609e-04
7.982637286186218262e-01 7.982637286186218262e-01 8.362500811927020550e-04 8.042740821838378906e-02 4.431139095686376095e-04 5.772844306193292141e-04
7.713668346405029297e-01 7.713668346405029297e-01 8.666186477057635784e-04 9.696662425994873047e-02 4.752119129989296198e-04 6.499674054794013500e-04
7.620792984962463379e-01 7.620792984962463379e-01 8.365274406969547272e-04 1.028706058859825134e-01 4.839076718781143427e-04 6.294022896327078342e-04
7.276040315628051758e-01 7.276040315628051758e-01 8.941304404288530350e-04 1.229060813784599304e-01 5.269770626910030842e-04 6.864138413220643997e-04
7.088724374771118164e-01 7.088724374771118164e-01 9.247087873518466949e-04 1.322435438632965088e-01 5.958187393844127655e-04 7.721055881120264530e-04
6.807961463928222656e-01 6.807961463928222656e-01 9.021792211569845676e-04 1.561793833971023560e-01 6.070815143175423145e-04 7.802615873515605927e-04
6.686435341835021973e-01 6.686435341835021973e-01 8.777103503234684467e-04 1.629396826028823853e-01 6.000501452945172787e-04 7.334222900681197643e-04
6.449131369590759277e-01 6.449131369590759277e-01 8.671644027344882488e-04 1.853605508804321289e-01 6.219057831913232803e-04 7.658160175196826458e-04
6.300390958786010742e-01 6.300390958786010742e-01 8.491469779983162880e-04 1.939155757427215576e-01 6.266948767006397247e-04 7.395067368634045124e-04
6.007294058799743652e-01 6.007294058799743652e-01 8.678427548147737980e-04 2.179529368877410889e-01 6.797249661758542061e-04 7.507129921577870846e-04
5.630383491516113281e-01 5.630383491516113281e-01 8.721118792891502380e-04 2.470485419034957886e-01 7.269415073096752167e-04 7.836142904125154018e-04
5.479770302772521973e-01 5.479770302772521973e-01 8.482269477099180222e-04 2.642739713191986084e-01 7.080121431499719620e-04 7.580997189506888390e-04
5.436152815818786621e-01 5.436152815818786621e-01 8.239721064455807209e-04 2.701695561408996582e-01 7.592429756186902523e-04 8.224827470257878304e-04
5.380102992057800293e-01 5.380102992057800293e-01 8.540046401321887970e-04 2.714972794055938721e-01 7.853332790546119213e-04 8.271453552879393101e-04
5.192931294441223145e-01 5.192931294441223145e-01 8.299435139633715153e-04 2.848910093307495117e-01 8.126376196742057800e-04 8.464414277113974094e-04
5.031654834747314453e-01 5.031654834747314453e-01 8.099729893729090691e-04 3.004567027091979980e-01 8.743613143451511860e-04 8.499091491103172302e-04
4.881602823734283447e-01 4.881602823734283447e-01 8.061702828854322433e-04 3.137850761413574219e-01 8.516975212842226028e-04 8.486562292091548443e-04
4.743230938911437988e-01 4.743230938911437988e-01 8.216309943236410618e-04 3.347301185131072998e-01 8.656751597300171852e-04 8.592113154008984566e-04
4.531661868095397949e-01 4.531661868095397949e-01 8.466613362543284893e-04 3.494240939617156982e-01 8.958555990830063820e-04 8.757719187997281551e-04
4.387516081333160400e-01 4.387516081333160400e-01 8.684080094099044800e-04 3.640502095222473145e-01 9.229594143107533455e-04 8.931031334213912487e-04
4.161228835582733154e-01 4.161228835582733154e-01 8.956776582635939121e-04 3.872253596782684326e-01 9.583936189301311970e-04 9.334105416201055050e-04
4.110080599784851074e-01 4.110080599784851074e-01 8.866558200679719448e-04 3.955310583114624023e-01 9.368372848257422447e-04 8.805901743471622467e-04
3.850713670253753662e-01 3.850713670253753662e-01 9.021994192153215408e-04 4.276165962219238281e-01 9.768144227564334869e-04 8.837151108309626579e-04
3.777289390563964844e-01 3.777289390563964844e-01 9.259161888621747494e-04 4.345540106296539307e-01 1.011613057926297188e-03 9.124204516410827637e-04
3.519145250320434570e-01 3.519145250320434570e-01 9.437094558961689472e-04 4.554042518138885498e-01 1.031295047141611576e-03 8.982847793959081173e-04
3.314619958400726318e-01 3.314619958400726318e-01 9.113152627833187580e-04 4.806814789772033691e-01 1.023822696879506111e-03 9.123753407038748264e-04
3.204296529293060303e-01 3.204296529293060303e-01 9.514605626463890076e-04 4.902622699737548828e-01 1.014915294945240021e-03 9.321184479631483555e-04
3.051046729087829590e-01 3.051046729087829590e-01 9.587939712218940258e-04 5.041044354438781738e-01 1.018621376715600491e-03 9.081480093300342560e-04
2.845457792282104492e-01 2.845457792282104492e-01 9.462710004299879074e-04 5.329889059066772461e-01 1.014280715025961399e-03 8.885418646968901157e-04
2.663482427597045898e-01 2.663482427597045898e-01 9.466794435866177082e-04 5.484837293624877930e-01 1.049683545716106892e-03 8.968731272034347057e-04
2.477868497371673584e-01 2.477868497371673584e-01 9.445925825275480747e-04 5.816522836685180664e-01 1.114757382310926914e-03 9.022519225254654884e-04
2.334854453802108765e-01 2.334854453802108765e-01 9.534589480608701706e-04 5.963090062141418457e-01 1.094216713681817055e-03 9.081511525437235832e-04
2.273724675178527832e-01 2.273724675178527832e-01 9.641351061873137951e-04 5.999139547348022461e-01 1.131590688601136208e-03 9.387915488332509995e-04
2.183132469654083252e-01 2.183132469654083252e-01 9.620359051041305065e-04 6.104968786239624023e-01 1.096247695386409760e-03 9.334759670309722424e-04
