6.184368248796090484e-05 1.069967765943147242e-04 1.309202780248597264e-04 2.364351530559360981e-04 4.668633628170937300e-04 1.749031478539109230e-03
7.120270747691392899e-03 1.467804651156257023e-07 7.058244136715075001e-06 3.124504928564419970e-06 7.443599656653532293e-07 1.513135316599800717e-06
4.412601590156555176e-01 1.484374845261982045e-10 4.993583768708731441e-09 1.731292442741505511e-08 2.117237274390504354e-09 1.095307733400829875e-09
7.635433077812194824e-01 9.544360440871813012e-11 2.802191589879043931e-09 6.776032623889705064e-09 1.127358761898733519e-09 4.819398213840031531e-10
8.533015847206115723e-01 8.143648255742874653e-11 2.656870057293758691e-09 7.694685777437371144e-09 1.345293765275812348e-09 6.576427735716094958e-10
8.463971018791198730e-01 6.800101454151885605e-11 3.158335371011844472e-09 8.504830617539482773e-09 1.186460374391629102e-09 7.659692324857303447e-10
8.430472016334533691e-01 5.919454509895061278e-11 2.962236456127698148e-09 8.266510143073446670e-09 1.202941635192189551e-09 8.790574934636197213e-10
8.339166045188903809e-01 6.095938337447037725e-11 2.981979330130002381e-09 7.294498338694666018e-09 1.230510027205866663e-09 9.233848685674672652e-10
8.408575057983398438e-01 8.968369102912987501e-11 4.386154550672927144e-09 1.013455364073934106e-08 1.781044867144032651e-09 1.517234782255627579e-09
8.463144898414611816e-01 1.520010367572766086e-10 6.849597333768997487e-09 1.410250050071226724e-08 2.593044001741873217e-09 2.475942562085720056e-09
8.527651429176330566e-01 2.124128234415323391e-10 9.514313781266992009e-09 1.609864952456518949e-08 3.275983706529927986e-09 3.054769992516526145e-09
8.660322427749633789e-01 2.404048071724673719e-10 1.107154279367250638e-08 1.545557104520867142e-08 3.003088000497200483e-09 2.841043622581196360e-09
8.735223412513732910e-01 3.389520331076312232e-10 1.492364276600710582e-08 1.832187024319864577e-08 3.642354196031760694e-09 3.574058160538129414e-09
8.754802942276000977e-01 4.848007550961597190e-10 2.046202318695122813e-08 2.370559570863406407e-08 4.866445912909966864e-09 5.047636086885631812e-09
8.719851374626159668e-01 7.457752748685209099e-10 2.860066672383254627e-08 3.276637983162800083e-08 6.730380697206328477e-09 7.631395071427959920e-09
8.642533421516418457e-01 1.357869372498043958e-09 4.498207317737978883e-08 5.039069961298991984e-08 1.013879558087182886e-08 1.294710560983958203e-08
8.593166470527648926e-01 2.018384792634719815e-09 5.953664938829206221e-08 6.431372412407654338e-08 1.323518095119879945e-08 1.808469107800192432e-08
8.544295430183410645e-01 3.626047018201461469e-09 8.190260558649242739e-08 9.217730223554099211e-08 1.903470980835209048e-08 2.949813016073221661e-08
8.483079671859741211e-01 5.950449022407156008e-09 1.176315649331627355e-07 1.226707411206007237e-07 2.444623703468096210e-08 4.300804334889107849e-08
8.331673741340637207e-01 9.929400413000166736e-09 1.641425058096501743e-07 1.746170141814218368e-07 3.671291892715089489e-08 6.505469229978189105e-08
8.247387409210205078e-01 1.639494051630663307e-08 2.446696498736855574e-07 2.467142223849805305e-07 5.096472222021475318e-08 9.436832471010347945e-08
7.992190718650817871e-01 3.017192895526932261e-08 3.988203900462394813e-07 3.743859906535362825e-07 7.231191290202332311e-08 1.468912955715495627e-07
7.754800319671630859e-01 5.253370005675606080e-08 6.018359499648795463e-07 5.387233841247507371e-07 1.059384828749898588e-07 2.169777246763260337e-07
7.602629661560058594e-01 7.548260327894240618e-08 7.664426675546565093e-07 6.422773708436579909e-07 1.296291287644635304e-07 2.734832946771348361e-07
7.414633035659790039e-01 1.201736239409001428e-07 1.111158894673280884e-06 8.865270615387998987e-07 1.818439301359831006e-07 3.924474185623694211e-07
7.154162526130676270e-01 1.873421382470041863e-07 1.566222863402799703e-06 1.209705146720807534e-06 2.429301275697071105e-07 5.702885914615762886e-07
6.939089298248291016e-01 2.818074733568209922e-07 2.158640427296631970e-06 1.587759584253944922e-06 3.255034357607655693e-07 7.670805075576936360e-07
6.603762507438659668e-01 4.409818643580365460e-07 3.065189503104193136e-06 2.225517391707398929e-06 4.524532357663701987e-07 1.074003080248076003e-06
6.319360733032226562e-01 7.591979738208465278e-07 4.571254976326599717e-06 3.197821342837414704e-06 6.375017846949049272e-07 1.576598720021138433e-06
5.956704020500183105e-01 1.315490180786582641e-06 7.074545919749652967e-06 4.715621798823121935e-06 9.211099722961080261e-07 2.278536612720927224e-06
5.551193356513977051e-01 2.547292524468502961e-06 1.203258671012008563e-05 7.157581876526819542e-06 1.372225710838392843e-06 3.581278178899083287e-06
5.177134275436401367e-01 4.197084763291059062e-06 1.750338924466632307e-05 1.009227798931533471e-05 1.890120756797841750e-06 5.067249276180518791e-06
4.784110784530639648e-01 7.284728781087324023e-06 2.704267535591498017e-05 1.454613993701059371e-05 2.706567556742811576e-06 7.246280347317224368e-06
4.501120150089263916e-01 1.216035525430925190e-05 3.935152199119329453e-05 1.992308716580737382e-05 3.692813379529980011e-06 1.019585397443734109e-05
4.013434946537017822e-01 2.112697620759718120e-05 6.245107942959293723e-05 2.944221159850712866e-05 5.629050519928568974e-06 1.616195186215918511e-05
3.638320863246917725e-01 3.504706182866357267e-05 9.593636059435084462e-05 4.108164284843951464e-05 8.031143806874752045e-06 2.340440187253989279e-05
3.249737918376922607e-01 5.985178722767159343e-05 1.422569621354341507e-04 5.680233880411833525e-05 1.075809177564224228e-05 3.269448643550276756e-05
2.978650629520416260e-01 7.929118146421387792e-05 1.728525821818038821e-04 6.985760410316288471e-05 1.275156864721793681e-05 4.127144711674191058e-05
2.671377360820770264e-01 1.254994131159037352e-04 2.395878254901617765e-04 9.225527173839509487e-05 1.639160473132506013e-05 5.712328493245877326e-05
2.318629622459411621e-01 2.037954109255224466e-04 3.389576449990272522e-04 1.243589940713718534e-04 2.298381696164142340e-05 8.098164835246279836e-05
2.012583613395690918e-01 3.064548945985734463e-04 4.706583858933299780e-04 1.675426319707185030e-04 2.951677925011608750e-05 1.188531095976941288e-04
1.806849539279937744e-01 4.170604224782437086e-04 5.724895745515823364e-04 2.128581691067665815e-04 3.661224036477506161e-05 1.565385173307731748e-04
1.529520750045776367e-01 6.518997251987457275e-04 7.535201148129999638e-04 2.838347281794995070e-04 4.866232848144136369e-05 2.165761834476143122e-04
1.300298422574996948e-01 9.625250240787863731e-04 9.989571990445256233e-04 3.610369458328932524e-04 5.820936712552793324e-05 2.758639457169920206e-04
1.065599024295806885e-01 1.407068339176476002e-03 1.277124742045998573e-03 4.554383631329983473e-04 7.740429282421246171e-05 3.633884771261364222e-04
8.879950642585754395e-02 2.090734895318746567e-03 1.684348448179662228e-03 5.831046146340668201e-04 8.652908582007512450e-05 4.614213248714804649e-04
7.502513378858566284e-02 2.758935792371630669e-03 2.030960982665419579e-03 7.002224447205662727e-04 1.070400103344582021e-04 5.541772115975618362e-04
5.987058579921722412e-02 4.041206091642379761e-03 2.529586432501673698e-03 8.787075639702379704e-04 1.297619892284274101e-04 6.906993803568184376e-04
4.577429592609405518e-02 5.902886856347322464e-03 3.248656401410698891e-03 1.116105704568326473e-03 1.618317473912611604e-04 8.737572934478521347e-04
3.543645516037940979e-02 8.369325660169124603e-03 3.869221778586506844e-03 1.347314449958503246e-03 1.912598672788590193e-04 1.035651774145662785e-03
2.897480688989162445e-02 1.197538897395133972e-02 4.874288570135831833e-03 1.657563610933721066e-03 2.343786327401176095e-04 1.243547187186777592e-03
