3.222963176310941345e-04
7.784964843715723058e-04
1.485028115109689739e-01
2.517870351137099227e-01
1.628971913205617961e-01
1.114866760623346720e-01
1.126047896817838762e-01
1.293766322318604944e-01
1.334046045852069207e-01
1.253197731029499495e-01
1.067781961659451107e-01
8.709456848245214489e-02
8.861754860370507636e-02
8.460230523474090991e-02
7.735463721048796426e-02
7.596191487872826220e-02
6.121438179461387991e-02
5.374285969418435283e-02
4.114875092992558575e-02
2.868489765085440943e-02
2.130334486002320379e-02
1.636567296343070799e-02
1.223184426521739532e-02
7.499522294396761962e-03
5.314012822741969941e-03
3.660577605824960438e-03
2.520141889555699549e-03
1.783143861571253198e-03
1.164362185894567267e-03
8.246704489216919245e-04
6.572627878409570065e-04
4.865189242437582069e-04
3.535945850573226192e-04
2.574715372224353218e-04
2.110312273440668909e-04
1.678989642475642113e-04
1.528696347457565556e-04
1.255589592367824595e-04
9.028958107937677040e-05
6.631013042662596817e-05
4.679349422501141107e-05
2.886692568119215112e-05
1.701056429431211184e-05
6.847262788694990295e-06
3.087901206587549953e-06
9.446713644352863399e-07
2.926229602185528436e-07
9.817398280997753591e-08
5.117114577851300312e-08
2.004682357685644347e-08
9.624374973159834841e-09
