1.450499739220421046e-03
6.814327004608721622e-03
3.872178861315013765e-01
7.397378588971114111e-01
7.029922837850015593e-01
7.785788582394487234e-01
8.725203011734128378e-01
9.209384930630042376e-01
9.066685875916715709e-01
8.604614142660479414e-01
8.384270100300564854e-01
7.473122851299097702e-01
6.467059231279436160e-01
5.419421073081618356e-01
4.207141462247470654e-01
3.683505646431337599e-01
2.934568068479282421e-01
2.426945553961083468e-01
1.831482911749590659e-01
1.493560079373038307e-01
1.388780397025485558e-01
1.106201039788625301e-01
7.959030703067022927e-02
5.398179229600907209e-02
3.897605216419113006e-02
2.412777184493443763e-02
1.473647546295237497e-02
1.033586995780806823e-02
6.424696538809820251e-03
3.747701298100258437e-03
2.404030180725941733e-03
1.574488040376631698e-03
1.022359294401826296e-03
6.141137970218559644e-04
4.012799972569966456e-04
2.601050681794798069e-04
1.519786973039462339e-04
9.897670490473387667e-05
6.086032037382549457e-05
3.931698174888704773e-05
2.716559405174401269e-05
1.798347520795271748e-05
1.192396305386460572e-05
7.635696692262785063e-06
4.881782578645310050e-06
2.954718005220182238e-06
1.880319113140190944e-06
1.216938368022911817e-06
6.308416194684426242e-07
3.434410853435356807e-07
1.312279339734538958e-07
