1.800000000000000000e+01 1.400000000000000000e+01 2.300000000000000000e+01 1.280000000000000000e+02 9.710000000000000000e+02
9.210000000000000000e+02 8.510000000000000000e+02 7.820000000000000000e+02 4.460000000000000000e+02 5.490000000000000000e+02
8.950000000000000000e+02 5.570000000000000000e+02 4.040000000000000000e+02 6.570000000000000000e+02 7.440000000000000000e+02
4.040000000000000000e+02 8.950000000000000000e+02 9.080000000000000000e+02 5.570000000000000000e+02 7.440000000000000000e+02
4.040000000000000000e+02 8.950000000000000000e+02 5.570000000000000000e+02 9.080000000000000000e+02 7.490000000000000000e+02
4.040000000000000000e+02 8.950000000000000000e+02 7.490000000000000000e+02 9.080000000000000000e+02 5.570000000000000000e+02
8.950000000000000000e+02 4.040000000000000000e+02 9.080000000000000000e+02 7.490000000000000000e+02 7.950000000000000000e+02
8.950000000000000000e+02 4.040000000000000000e+02 9.080000000000000000e+02 7.490000000000000000e+02 7.950000000000000000e+02
8.950000000000000000e+02 4.040000000000000000e+02 9.080000000000000000e+02 7.950000000000000000e+02 7.490000000000000000e+02
8.950000000000000000e+02 4.040000000000000000e+02 9.080000000000000000e+02 7.950000000000000000e+02 7.440000000000000000e+02
8.950000000000000000e+02 4.040000000000000000e+02 9.080000000000000000e+02 7.950000000000000000e+02 6.960000000000000000e+02
8.950000000000000000e+02 4.040000000000000000e+02 9.080000000000000000e+02 7.950000000000000000e+02 6.960000000000000000e+02
8.950000000000000000e+02 4.040000000000000000e+02 9.080000000000000000e+02 7.950000000000000000e+02 6.960000000000000000e+02
8.950000000000000000e+02 4.040000000000000000e+02 9.080000000000000000e+02 7.950000000000000000e+02 6.960000000000000000e+02
8.950000000000000000e+02 4.040000000000000000e+02 9.080000000000000000e+02 7.950000000000000000e+02 6.960000000000000000e+02
8.950000000000000000e+02 4.040000000000000000e+02 9.080000000000000000e+02 7.950000000000000000e+02 6.960000000000000000e+02
8.950000000000000000e+02 4.040000000000000000e+02 7.950000000000000000e+02 9.080000000000000000e+02 9.700000000000000000e+02
4.040000000000000000e+02 8.950000000000000000e+02 7.950000000000000000e+02 9.080000000000000000e+02 9.700000000000000000e+02
9.700000000000000000e+02 4.040000000000000000e+02 7.950000000000000000e+02 8.950000000000000000e+02 9.080000000000000000e+02
9.700000000000000000e+02 7.950000000000000000e+02 4.040000000000000000e+02 8.950000000000000000e+02 5.490000000000000000e+02
9.700000000000000000e+02 7.950000000000000000e+02 4.040000000000000000e+02 8.950000000000000000e+02 5.490000000000000000e+02
9.700000000000000000e+02 7.950000000000000000e+02 4.040000000000000000e+02 5.490000000000000000e+02 8.950000000000000000e+02
9.700000000000000000e+02 7.950000000000000000e+02 5.490000000000000000e+02 4.040000000000000000e+02 9.080000000000000000e+02
9.700000000000000000e+02 7.950000000000000000e+02 5.490000000000000000e+02 4.040000000000000000e+02 6.920000000000000000e+02
9.700000000000000000e+02 5.490000000000000000e+02 7.950000000000000000e+02 6.920000000000000000e+02 4.040000000000000000e+02
9.700000000000000000e+02 5.490000000000000000e+02 7.950000000000000000e+02 6.920000000000000000e+02 8.320000000000000000e+02
9.700000000000000000e+02 5.490000000000000000e+02 7.950000000000000000e+02 6.920000000000000000e+02 8.320000000000000000e+02
9.700000000000000000e+02 5.490000000000000000e+02 7.950000000000000000e+02 6.920000000000000000e+02 8.320000000000000000e+02
9.700000000000000000e+02 5.490000000000000000e+02 7.950000000000000000e+02 6.920000000000000000e+02 8.320000000000000000e+02
9.700000000000000000e+02 5.490000000000000000e+02 7.950000000000000000e+02 6.920000000000000000e+02 9.280000000000000000e+02
9.700000000000000000e+02 5.490000000000000000e+02 7.950000000000000000e+02 6.920000000000000000e+02 9.280000000000000000e+02
9.700000000000000000e+02 5.490000000000000000e+02 7.950000000000000000e+02 6.920000000000000000e+02 9.280000000000000000e+02
9.700000000000000000e+02 5.490000000000000000e+02 6.920000000000000000e+02 7.950000000000000000e+02 9.280000000000000000e+02
9.700000000000000000e+02 5.490000000000000000e+02 9.280000000000000000e+02 6.920000000000000000e+02 7.950000000000000000e+02
9.700000000000000000e+02 5.490000000000000000e+02 9.280000000000000000e+02 6.920000000000000000e+02 7.950000000000000000e+02
9.280000000000000000e+02 9.700000000000000000e+02 5.490000000000000000e+02 6.920000000000000000e+02 9.610000000000000000e+02
9.280000000000000000e+02 5.490000000000000000e+02 9.700000000000000000e+02 9.610000000000000000e+02 6.920000000000000000e+02
9.280000000000000000e+02 9.610000000000000000e+02 5.490000000000000000e+02 6.920000000000000000e+02 9.700000000000000000e+02
9.280000000000000000e+02 9.610000000000000000e+02 5.490000000000000000e+02 9.310000000000000000e+02 6.920000000000000000e+02
9.280000000000000000e+02 9.610000000000000000e+02 9.310000000000000000e+02 5.490000000000000000e+02 7.460000000000000000e+02
9.280000000000000000e+02 9.610000000000000000e+02 9.310000000000000000e+02 7.460000000000000000e+02 5.490000000000000000e+02
9.280000000000000000e+02 9.610000000000000000e+02 9.310000000000000000e+02 7.460000000000000000e+02 5.490000000000000000e+02
9.280000000000000000e+02 9.610000000000000000e+02 3.050000000000000000e+02 7.460000000000000000e+02 9.310000000000000000e+02
9.280000000000000000e+02 3.050000000000000000e+02 9.610000000000000000e+02 7.460000000000000000e+02 7.930000000000000000e+02
3.050000000000000000e+02 9.280000000000000000e+02 9.610000000000000000e+02 7.930000000000000000e+02 7.460000000000000000e+02
3.050000000000000000e+02 9.280000000000000000e+02 9.610000000000000000e+02 7.930000000000000000e+02 7.460000000000000000e+02
3.050000000000000000e+02 9.280000000000000000e+02 9.610000000000000000e+02 7.930000000000000000e+02 7.460000000000000000e+02
3.050000000000000000e+02 9.280000000000000000e+02 9.610000000000000000e+02 7.930000000000000000e+02 7.460000000000000000e+02
3.050000000000000000e+02 9.280000000000000000e+02 9.610000000000000000e+02 7.930000000000000000e+02 7.460000000000000000e+02
3.050000000000000000e+02 9.280000000000000000e+02 7.930000000000000000e+02 9.610000000000000000e+02 7.460000000000000000e+02
3.050000000000000000e+02 9.280000000000000000e+02 7.930000000000000000e+02 9.610000000000000000e+02 7.460000000000000000e+02
