1.107132625579833984e+01
1.752698516845703125e+01
2.244834136962890625e+01
2.529812049865722656e+01
2.691115570068359375e+01
2.790488052368164062e+01
2.867508888244628906e+01
2.927729797363281250e+01
2.978904533386230469e+01
3.022326850891113281e+01
3.061763381958007812e+01
3.097087097167968750e+01
3.129204177856445312e+01
3.160698127746582031e+01
3.189569664001464844e+01
3.215254211425781250e+01
3.239269256591796875e+01
3.261086273193359375e+01
3.281843948364257812e+01
3.300463867187500000e+01
3.318014144897460938e+01
3.333377838134765625e+01
3.347924041748046875e+01
3.360691452026367188e+01
3.372785568237304688e+01
3.383449935913085938e+01
3.393598937988281250e+01
3.402286529541015625e+01
3.410076522827148438e+01
3.416782379150390625e+01
3.423105239868164062e+01
3.429506683349609375e+01
3.434687042236328125e+01
3.439646148681640625e+01
3.444075393676757812e+01
3.448542022705078125e+01
3.452242660522460938e+01
3.455444717407226562e+01
3.458639907836914062e+01
3.461156082153320312e+01
3.463717651367187500e+01
3.465562438964843750e+01
3.467904663085937500e+01
3.469172286987304688e+01
3.470933151245117188e+01
3.472118377685546875e+01
3.473543167114257812e+01
3.474830245971679688e+01
3.475526428222656250e+01
3.476256179809570312e+01
3.476817321777343750e+01
