          0  0.09368447 10.28332424
        100  0.00826777 20.82611465
        200  0.00467774 23.29964256
        300  0.00345773 24.61208725
        400  0.00270576 25.67709923
        500  0.00213438 26.70727921
        600  0.00178526 27.48297310
        700  0.00151401 28.19870758
        800  0.00143367 28.43550110
        900  0.00122386 29.12268257
       1000  0.00109828 29.59287262
       1100  0.00103691 29.84257698
       1200  0.00093792 30.27834892
       1300  0.00083643 30.77572632
       1400  0.00077142 31.12711334
       1500  0.00072035 31.42454529
       1600  0.00070542 31.51552963
       1700  0.00061175 32.13428497
       1800  0.00057941 32.37014008
       1900  0.00063189 31.99361038
       2000  0.00055688 32.54237747
       2100  0.00048976 33.10018539
       2200  0.00051865 32.85124969
       2300  0.00045211 33.44750977
       2400  0.00042258 33.74093246
       2500  0.00043242 33.64094543
       2600  0.00039069 34.08171844
       2700  0.00039724 34.00949478
       2800  0.00036670 34.35693359
       2900  0.00035397 34.51038361
       3000  0.00034788 34.58569336
       3100  0.00031770 34.97985077
       3200  0.00034472 34.62530899
       3300  0.00036464 34.38132477
       3400  0.00029664 35.27767563
       3500  0.00030902 35.10007858
       3600  0.00028304 35.48146439
       3700  0.00033277 34.77857590
       3800  0.00031062 35.07774353
       3900  0.00025349 35.96036148
       4000  0.00024990 36.02230835
       4100  0.00023414 36.30526352
       4200  0.00027774 35.56356430
       4300  0.00022548 36.46899033
       4400  0.00022856 36.41006088
       4500  0.00021866 36.60231400
       4600  0.00020865 36.80576324
       4700  0.00020938 36.79055786
       4800  0.00021080 36.76134109
       4900  0.00018801 37.25826645
       5000  0.00019927 37.00567627
