4.952933173626661301e-03 7.838601959520019591e-06 2.109891283907927573e-05 1.128482108470052481e-05 8.163962047547101974e-05 5.201112435315735638e-05
8.076326847076416016e-01 1.925701376137567422e-08 1.754311185209189716e-08 1.003632661422670935e-07 1.147252305599977262e-06 7.706295690468323301e-08
9.749899506568908691e-01 6.564399089407924048e-13 3.136488031102446783e-12 1.225171526730850502e-11 2.380729779982715399e-10 1.617250279008219938e-12
9.535548686981201172e-01 8.189769695743365219e-11 3.714919760700041707e-10 2.475717963967838386e-10 2.658564213220415695e-08 1.378328423617958265e-10
9.301616549491882324e-01 1.037966379513477477e-09 4.815683407599635757e-09 9.312828286311969350e-10 3.531218624175380683e-07 2.197307891194100193e-09
9.050199985504150391e-01 1.874187027794960159e-09 1.119963588536165844e-08 1.402729599142560346e-09 8.817176535558246542e-07 7.338739393958348955e-09
8.744505643844604492e-01 5.197852814831094292e-09 3.317983754413944553e-08 3.059042130715283747e-09 3.143822823403752409e-06 2.703193224817823648e-08
8.679166436195373535e-01 1.482838207778058859e-08 9.365393793814291712e-08 6.496613025319675216e-09 7.701807589910458773e-06 6.589942813661764376e-08
8.368751406669616699e-01 4.517644214274696424e-08 2.758557968718378106e-07 1.709303454333621630e-08 1.670680103416088969e-05 1.434638363662088523e-07
8.041608333587646484e-01 8.763100112219035509e-08 4.915407885164313484e-07 3.542037418924337544e-08 2.389019209658727050e-05 2.278418236301149591e-07
7.755975723266601562e-01 1.206576030199357774e-07 6.438353352677950170e-07 4.755415972113041789e-08 2.716601557040121406e-05 2.592495889075507876e-07
7.691229581832885742e-01 1.629078667519934243e-07 8.292955158140102867e-07 6.085518577947368613e-08 2.774260974547360092e-05 2.877034717130300123e-07
7.046750783920288086e-01 2.620051873236661777e-07 1.391964360664132982e-06 9.408810086597441114e-08 3.574216316337697208e-05 4.019580046588089317e-07
6.291468143463134766e-01 4.232633159517718013e-07 2.108494072672328912e-06 1.287244941750032012e-07 5.034181231167167425e-05 5.458520604406658094e-07
5.207232832908630371e-01 6.492932698165532202e-07 3.019215910171624273e-06 1.797456263830099488e-07 7.068002742016687989e-05 8.048207291722064838e-07
3.799251616001129150e-01 1.100116264751704875e-06 4.592035111272707582e-06 2.483205037151492434e-07 9.845687600318342447e-05 1.088729504772345535e-06
2.421234995126724243e-01 1.731529778226104099e-06 6.326886705210199580e-06 3.175082952111552004e-07 1.342844479950144887e-04 1.435542003491718788e-06
1.340145021677017212e-01 2.334581949980929494e-06 7.420744168484816328e-06 3.603009020025638165e-07 1.729845389490947127e-04 1.719471811156836338e-06
7.503344118595123291e-02 3.428888703638222069e-06 9.341971235699020326e-06 4.487213232096110005e-07 2.011810429394245148e-04 2.070002437903895043e-06
4.104422405362129211e-02 3.944824584323214367e-06 9.375281479151453823e-06 4.050188522342068609e-07 1.951436279341578484e-04 2.015787913478561677e-06
2.488212287425994873e-02 4.341050498624099419e-06 8.786063517618458718e-06 3.908439794031437486e-07 1.938274508574977517e-04 1.962927626664168201e-06
1.390296686440706253e-02 5.636296918964944780e-06 9.730004421726334840e-06 4.472776140573841985e-07 2.463962591718882322e-04 2.056217681456473656e-06
8.135789074003696442e-03 8.406057531828992069e-06 1.322853495366871357e-05 5.364473736335639842e-07 2.923379361163824797e-04 2.559825816206284799e-06
4.704738501459360123e-03 1.384826373396208510e-05 1.770358721842058003e-05 7.731959499324148055e-07 3.664427786134183407e-04 3.163981091347523034e-06
2.502452582120895386e-03 1.943380993907339871e-05 2.010516072914469987e-05 9.517174817119666841e-07 4.603289708029478788e-04 3.644810703917755745e-06
1.349417958408594131e-03 3.441727676545269787e-05 2.798788045765832067e-05 1.332695319433696568e-06 6.455058464780449867e-04 4.597980932885548100e-06
7.045379024930298328e-04 5.643671465804800391e-05 3.524956264300271869e-05 1.725934112073446158e-06 7.241785060614347458e-04 5.149485332367476076e-06
3.060246526729315519e-04 1.047681216732598841e-04 4.394730422063730657e-05 2.666801037776167504e-06 8.246496436186134815e-04 6.179736828926252201e-06
1.602648553671315312e-04 1.703982707113027573e-04 5.257671728031709790e-05 3.702411731865140609e-06 9.830561466515064240e-04 6.973640211072051898e-06
8.065769361564889550e-05 2.857437357306480408e-04 5.819919897476211190e-05 5.178390438231872395e-06 9.795826626941561699e-04 6.971763014007592574e-06
3.987398667959496379e-05 6.920370506122708321e-04 8.792852895567193627e-05 1.007975242828251794e-05 1.345692086033523083e-03 8.978704499895684421e-06
1.995049206016119570e-05 1.708296127617359161e-03 1.402016787324100733e-04 1.966489980986807495e-05 1.402487512677907944e-03 1.125370545196346939e-05
1.014991721604019403e-05 3.267840016633272171e-03 1.739645376801490784e-04 3.071558239753358066e-05 1.529089640825986862e-03 1.161848649644525722e-05
3.999170985480304807e-06 7.596088573336601257e-03 2.451861219014972448e-04 4.975779665983282030e-05 1.490654773078858852e-03 1.404733757226495072e-05
1.733168232931348030e-06 1.743392087519168854e-02 3.151023120153695345e-04 7.680421549594029784e-05 1.975378487259149551e-03 1.624600554350763559e-05
8.647080562695919070e-07 4.414280503988265991e-02 4.661693237721920013e-04 1.426031230948865414e-04 2.196505432948470116e-03 2.121235957019962370e-05
3.100779792930552503e-07 1.093497499823570251e-01 6.412435322999954224e-04 2.324301312910392880e-04 2.406093757599592209e-03 2.528561162762343884e-05
1.367124298212729627e-07 2.366027981042861938e-01 8.720763726159930229e-04 3.486790519673377275e-04 3.048418555408716202e-03 3.021471820829901844e-05
4.605308490113202424e-08 4.220573902130126953e-01 9.165291558019816875e-04 4.128125438001006842e-04 3.066125791519880295e-03 2.846152892743702978e-05
8.997284695055896009e-09 7.487663626670837402e-01 7.909155683591961861e-04 4.237959801685065031e-04 2.257065847516059875e-03 2.072284587484318763e-05
1.518638770292568552e-09 9.105389714241027832e-01 4.649475740734487772e-04 2.888626768253743649e-04 1.319708302617073059e-03 1.016519308905117214e-05
2.743886229339409510e-10 9.690557718276977539e-01 2.769529819488525391e-04 1.727207127260044217e-04 8.858607616275548935e-04 5.358760517992777750e-06
4.525353702877765727e-11 9.898746013641357422e-01 1.567801082273945212e-04 1.051987856044434011e-04 4.434473812580108643e-04 2.599829031169065274e-06
9.113986475239865825e-12 9.962443113327026367e-01 9.985641372622922063e-05 6.206094985827803612e-05 2.465614816173911095e-04 1.378126171402982436e-06
1.736582557441967989e-12 9.984787106513977051e-01 6.148093962110579014e-05 3.573856520233675838e-05 1.344919000985100865e-04 8.252273460129799787e-07
3.825862153125636489e-13 9.993376135826110840e-01 3.863426536554470658e-05 2.235497777292039245e-05 8.289477409562096000e-05 4.784992597706150264e-07
7.158300509421330893e-14 9.996671676635742188e-01 2.548221164033748209e-05 1.338229867542395368e-05 6.203605880727991462e-05 2.922867849974863930e-07
1.652394414602530864e-14 9.998179078102111816e-01 1.773008807504083961e-05 8.638407962280325592e-06 4.691654248745180666e-05 1.957138096031485475e-07
3.920525454167945664e-15 9.998965263366699219e-01 1.114937003876548260e-05 6.285291874519316480e-06 3.107600423390977085e-05 1.132379026103080832e-07
1.131860057746294015e-15 9.999266862869262695e-01 8.771758984948974103e-06 4.036769496451597661e-06 2.405267878202721477e-05 8.849134047750339960e-08
1.902396559561552033e-16 9.999645948410034180e-01 5.333863100531743839e-06 2.494803766239783727e-06 1.225834876095177606e-05 4.556472177341674978e-08
