7.350000000000000000e+02 9.710000000000000000e+02 6.110000000000000000e+02 7.940000000000000000e+02 9.040000000000000000e+02
1.000000000000000000e+00 2.900000000000000000e+01 2.700000000000000000e+01 3.270000000000000000e+02 1.150000000000000000e+02
1.000000000000000000e+00 2.900000000000000000e+01 1.150000000000000000e+02 3.270000000000000000e+02 2.700000000000000000e+01
1.000000000000000000e+00 1.150000000000000000e+02 2.900000000000000000e+01 3.270000000000000000e+02 3.930000000000000000e+02
1.000000000000000000e+00 1.150000000000000000e+02 2.900000000000000000e+01 3.930000000000000000e+02 3.270000000000000000e+02
1.000000000000000000e+00 1.150000000000000000e+02 3.930000000000000000e+02 2.900000000000000000e+01 3.800000000000000000e+01
1.000000000000000000e+00 1.150000000000000000e+02 3.930000000000000000e+02 2.900000000000000000e+01 3.800000000000000000e+01
1.000000000000000000e+00 1.150000000000000000e+02 3.930000000000000000e+02 2.900000000000000000e+01 3.800000000000000000e+01
1.000000000000000000e+00 3.930000000000000000e+02 1.150000000000000000e+02 2.900000000000000000e+01 3.800000000000000000e+01
1.000000000000000000e+00 1.150000000000000000e+02 3.930000000000000000e+02 2.900000000000000000e+01 3.800000000000000000e+01
1.000000000000000000e+00 1.150000000000000000e+02 3.930000000000000000e+02 2.900000000000000000e+01 4.000000000000000000e+01
1.000000000000000000e+00 3.930000000000000000e+02 1.150000000000000000e+02 4.000000000000000000e+01 2.900000000000000000e+01
1.000000000000000000e+00 3.930000000000000000e+02 1.150000000000000000e+02 1.120000000000000000e+02 4.000000000000000000e+01
1.000000000000000000e+00 1.120000000000000000e+02 9.470000000000000000e+02 3.930000000000000000e+02 4.000000000000000000e+01
1.000000000000000000e+00 9.470000000000000000e+02 1.120000000000000000e+02 4.300000000000000000e+01 4.000000000000000000e+01
1.000000000000000000e+00 9.470000000000000000e+02 1.120000000000000000e+02 4.300000000000000000e+01 4.000000000000000000e+01
1.000000000000000000e+00 9.470000000000000000e+02 1.120000000000000000e+02 4.300000000000000000e+01 4.000000000000000000e+01
9.470000000000000000e+02 1.000000000000000000e+00 1.120000000000000000e+02 4.300000000000000000e+01 4.000000000000000000e+01
9.470000000000000000e+02 1.120000000000000000e+02 4.300000000000000000e+01 1.000000000000000000e+00 4.000000000000000000e+01
9.470000000000000000e+02 4.300000000000000000e+01 1.120000000000000000e+02 1.000000000000000000e+00 9.950000000000000000e+02
9.470000000000000000e+02 4.300000000000000000e+01 1.120000000000000000e+02 9.970000000000000000e+02 9.950000000000000000e+02
9.470000000000000000e+02 4.300000000000000000e+01 1.120000000000000000e+02 9.970000000000000000e+02 9.950000000000000000e+02
9.470000000000000000e+02 4.300000000000000000e+01 1.120000000000000000e+02 9.950000000000000000e+02 9.970000000000000000e+02
4.300000000000000000e+01 9.470000000000000000e+02 1.120000000000000000e+02 9.950000000000000000e+02 9.570000000000000000e+02
4.300000000000000000e+01 9.470000000000000000e+02 9.950000000000000000e+02 1.120000000000000000e+02 9.570000000000000000e+02
4.300000000000000000e+01 9.470000000000000000e+02 5.960000000000000000e+02 9.950000000000000000e+02 1.120000000000000000e+02
4.300000000000000000e+01 9.470000000000000000e+02 5.960000000000000000e+02 9.950000000000000000e+02 1.120000000000000000e+02
4.300000000000000000e+01 9.470000000000000000e+02 5.960000000000000000e+02 9.950000000000000000e+02 1.120000000000000000e+02
4.300000000000000000e+01 5.960000000000000000e+02 9.470000000000000000e+02 9.950000000000000000e+02 1.120000000000000000e+02
4.300000000000000000e+01 5.960000000000000000e+02 9.470000000000000000e+02 9.950000000000000000e+02 1.120000000000000000e+02
4.300000000000000000e+01 5.960000000000000000e+02 9.470000000000000000e+02 9.950000000000000000e+02 1.120000000000000000e+02
4.300000000000000000e+01 5.960000000000000000e+02 9.470000000000000000e+02 9.950000000000000000e+02 7.920000000000000000e+02
4.300000000000000000e+01 5.960000000000000000e+02 9.470000000000000000e+02 7.920000000000000000e+02 4.480000000000000000e+02
4.300000000000000000e+01 5.960000000000000000e+02 7.920000000000000000e+02 4.480000000000000000e+02 9.470000000000000000e+02
4.300000000000000000e+01 5.960000000000000000e+02 7.800000000000000000e+02 7.920000000000000000e+02 4.480000000000000000e+02
4.300000000000000000e+01 5.960000000000000000e+02 7.800000000000000000e+02 7.920000000000000000e+02 4.480000000000000000e+02
4.300000000000000000e+01 7.800000000000000000e+02 5.960000000000000000e+02 7.920000000000000000e+02 4.480000000000000000e+02
4.300000000000000000e+01 7.800000000000000000e+02 5.960000000000000000e+02 7.920000000000000000e+02 4.480000000000000000e+02
4.300000000000000000e+01 7.800000000000000000e+02 5.960000000000000000e+02 7.920000000000000000e+02 4.480000000000000000e+02
7.800000000000000000e+02 4.300000000000000000e+01 5.960000000000000000e+02 7.920000000000000000e+02 4.280000000000000000e+02
7.800000000000000000e+02 4.300000000000000000e+01 5.960000000000000000e+02 7.920000000000000000e+02 7.740000000000000000e+02
7.800000000000000000e+02 4.300000000000000000e+01 5.960000000000000000e+02 7.740000000000000000e+02 7.920000000000000000e+02
7.800000000000000000e+02 4.300000000000000000e+01 5.960000000000000000e+02 7.740000000000000000e+02 5.020000000000000000e+02
7.800000000000000000e+02 4.300000000000000000e+01 5.960000000000000000e+02 7.740000000000000000e+02 5.020000000000000000e+02
7.800000000000000000e+02 4.300000000000000000e+01 7.740000000000000000e+02 5.960000000000000000e+02 7.240000000000000000e+02
7.800000000000000000e+02 4.300000000000000000e+01 7.740000000000000000e+02 7.240000000000000000e+02 5.960000000000000000e+02
7.800000000000000000e+02 4.300000000000000000e+01 7.740000000000000000e+02 7.240000000000000000e+02 5.020000000000000000e+02
7.800000000000000000e+02 7.740000000000000000e+02 4.300000000000000000e+01 7.240000000000000000e+02 5.020000000000000000e+02
7.800000000000000000e+02 7.740000000000000000e+02 7.240000000000000000e+02 4.300000000000000000e+01 5.020000000000000000e+02
7.800000000000000000e+02 7.740000000000000000e+02 7.240000000000000000e+02 5.020000000000000000e+02 6.300000000000000000e+02
7.800000000000000000e+02 7.740000000000000000e+02 7.240000000000000000e+02 9.140000000000000000e+02 5.020000000000000000e+02
