          0  0.12075239  9.18104267
        100  0.00591083 22.28351402
        200  0.00347999 24.58422470
        300  0.00278770 25.54754257
        400  0.00210147 26.77477455
        500  0.00203189 26.92099190
        600  0.00170244 27.68927956
        700  0.00153743 28.13204956
        800  0.00144083 28.41387367
        900  0.00128433 28.91324234
       1000  0.00127592 28.94176865
       1100  0.00113100 29.46535683
       1200  0.00108060 29.66335487
       1300  0.00100326 29.98585129
       1400  0.00097707 30.10073662
       1500  0.00092378 30.34430695
       1600  0.00085686 30.67089272
       1700  0.00084602 30.72621727
       1800  0.00080553 30.93919945
       1900  0.00074659 31.26920128
       2000  0.00072525 31.39514351
       2100  0.00073042 31.36429787
       2200  0.00067194 31.72669029
       2300  0.00065593 31.83139229
       2400  0.00063353 31.98236084
       2500  0.00065144 31.86122322
       2600  0.00057981 32.36717224
       2700  0.00056692 32.46475983
       2800  0.00056261 32.49790192
       2900  0.00052810 32.77287674
       3000  0.00054744 32.61661911
       3100  0.00051988 32.84096909
       3200  0.00050296 32.98467636
       3300  0.00049836 33.02460861
       3400  0.00047849 33.20122910
       3500  0.00047531 33.23019409
       3600  0.00044056 33.55998611
       3700  0.00044672 33.49969101
       3800  0.00042414 33.72491837
       3900  0.00043858 33.57951736
       4000  0.00044210 33.54483032
       4100  0.00038666 34.12671280
       4200  0.00038851 34.10601425
       4300  0.00037131 34.30258942
       4400  0.00036442 34.38396072
       4500  0.00035622 34.48286438
       4600  0.00034060 34.67760849
       4700  0.00034968 34.56324005
       4800  0.00038177 34.18199539
       4900  0.00034411 34.63301086
       5000  0.00030430 35.16703415
