1.090527534484863281e+01
1.694561195373535156e+01
2.096446037292480469e+01
2.254827880859375000e+01
2.326738929748535156e+01
2.374853134155273438e+01
2.415581893920898438e+01
2.449700164794921875e+01
2.481596946716308594e+01
2.511328887939453125e+01
2.539966201782226562e+01
2.566846656799316406e+01
2.592915725708007812e+01
2.617688751220703125e+01
2.640976142883300781e+01
2.663832855224609375e+01
2.685910415649414062e+01
2.707576942443847656e+01
2.728026771545410156e+01
2.749342727661132812e+01
2.770603942871093750e+01
2.788882827758789062e+01
2.808595275878906250e+01
2.827495956420898438e+01
2.845797157287597656e+01
2.863431167602539062e+01
2.880278968811035156e+01
2.895125770568847656e+01
2.911648750305175781e+01
2.925627708435058594e+01
2.938779449462890625e+01
2.951632118225097656e+01
2.962696647644042969e+01
2.973941230773925781e+01
2.985317802429199219e+01
2.993877410888671875e+01
3.000125503540039062e+01
3.010984420776367188e+01
3.019904518127441406e+01
3.026886177062988281e+01
3.035587310791015625e+01
3.043103599548339844e+01
3.050227737426757812e+01
3.056441879272460938e+01
3.061819076538085938e+01
3.067765998840332031e+01
3.073636817932128906e+01
3.078391838073730469e+01
3.082973670959472656e+01
3.087216567993164062e+01
3.091051292419433594e+01
