1.114830112457275391e+01
1.748662757873535156e+01
2.215496444702148438e+01
2.454929924011230469e+01
2.584291458129882812e+01
2.672672462463378906e+01
2.738941955566406250e+01
2.791655158996582031e+01
2.835776901245117188e+01
2.875609016418457031e+01
2.912170219421386719e+01
2.946297264099121094e+01
2.977808380126953125e+01
3.008733367919921875e+01
3.039100646972656250e+01
3.067342185974121094e+01
3.093894386291503906e+01
3.119694519042968750e+01
3.146155929565429688e+01
3.169476699829101562e+01
3.193104553222656250e+01
3.214160919189453125e+01
3.232488632202148438e+01
3.251097106933593750e+01
3.268740081787109375e+01
3.285124588012695312e+01
3.301555252075195312e+01
3.313110733032226562e+01
3.328318023681640625e+01
3.340361022949218750e+01
3.352425003051757812e+01
3.363471984863281250e+01
3.373863220214843750e+01
3.383443450927734375e+01
3.392425155639648438e+01
3.400841140747070312e+01
3.408041381835937500e+01
3.415040206909179688e+01
3.421278762817382812e+01
3.428340530395507812e+01
3.434151077270507812e+01
3.439791488647460938e+01
3.444356155395507812e+01
3.449907684326171875e+01
3.454285812377929688e+01
3.458447647094726562e+01
3.462028503417968750e+01
3.465645217895507812e+01
3.468972778320312500e+01
3.471779632568359375e+01
3.475188446044921875e+01
