          0  0.04928556 13.07280254
        100  0.00412491 23.84585762
        200  0.00262273 25.81246758
        300  0.00208804 26.80260849
        400  0.00180512 27.43494797
        500  0.00156249 28.06182480
        600  0.00139541 28.55297279
        700  0.00125848 29.00153160
        800  0.00115399 29.37796783
        900  0.00104494 29.80910301
       1000  0.00102531 29.89145470
       1100  0.00094922 30.22634315
       1200  0.00090733 30.42232895
       1300  0.00084874 30.71224594
       1400  0.00080877 30.92175865
       1500  0.00078842 31.03244400
       1600  0.00072401 31.40254974
       1700  0.00066637 31.76281738
       1800  0.00064269 31.91996193
       1900  0.00060480 32.18389893
       2000  0.00058944 32.29563141
       2100  0.00055341 32.56952667
       2200  0.00052754 32.77747345
       2300  0.00052893 32.76604462
       2400  0.00049685 33.03770828
       2500  0.00047735 33.21165466
       2600  0.00045929 33.37913132
       2700  0.00043150 33.65016937
       2800  0.00043887 33.57659531
       2900  0.00041340 33.83631134
       3000  0.00042353 33.73115540
       3100  0.00038771 34.11488342
       3200  0.00038258 34.17282104
       3300  0.00038697 34.12319565
       3400  0.00036775 34.34449005
       3500  0.00032427 34.89092636
       3600  0.00034018 34.68291855
       3700  0.00029374 35.32038498
       3800  0.00031787 34.97744751
       3900  0.00031980 34.95122528
       4000  0.00028049 35.52078629
       4100  0.00026144 35.82627869
       4200  0.00025050 36.01197433
       4300  0.00024930 36.03278351
       4400  0.00023894 36.21709061
       4500  0.00023395 36.30874252
       4600  0.00023566 36.27722549
       4700  0.00021336 36.70880127
       4800  0.00023378 36.31186295
       4900  0.00020653 36.85026932
       5000  0.00019874 37.01705933
