          0  0.07690422 11.14049816
        100  0.01034173 19.85406685
        200  0.00735966 21.33142090
        300  0.00613262 22.12353706
        400  0.00510650 22.91876984
        500  0.00443699 23.52911377
        600  0.00393702 24.04832649
        700  0.00340816 24.67480278
        800  0.00309749 25.08990860
        900  0.00274473 25.61500359
       1000  0.00251883 25.98801994
       1100  0.00228372 26.41357994
       1200  0.00201412 26.95914841
       1300  0.00189432 27.22546577
       1400  0.00170710 27.67741203
       1500  0.00151745 28.18884850
       1600  0.00142515 28.46139336
       1700  0.00137161 28.62768364
       1800  0.00122841 29.10655022
       1900  0.00129563 28.87519455
       2000  0.00109712 29.59745979
       2100  0.00105114 29.78337669
       2200  0.00102959 29.87334824
       2300  0.00094784 30.23264313
       2400  0.00085810 30.66463661
       2500  0.00083614 30.77723312
       2600  0.00080571 30.93823242
       2700  0.00077198 31.12395859
       2800  0.00073505 31.33684921
       2900  0.00069179 31.60027313
       3000  0.00072915 31.37182045
       3100  0.00064757 31.88715553
       3200  0.00060964 32.14923477
       3300  0.00059316 32.26825714
       3400  0.00053855 32.68774796
       3500  0.00059524 32.25311279
       3600  0.00052532 32.79576111
       3700  0.00054405 32.64360046
       3800  0.00047732 33.21192551
       3900  0.00046524 33.32318878
       4000  0.00043731 33.59206772
       4100  0.00045461 33.42358017
       4200  0.00040116 33.96679688
       4300  0.00037586 34.24979401
       4400  0.00041566 33.81257248
       4500  0.00040258 33.95145035
       4600  0.00036447 34.38337326
       4700  0.00033898 34.69824219
       4800  0.00037612 34.24672699
       4900  0.00034729 34.59313583
       5000  0.00031906 34.96129227
