1.261228847503662109e+01
1.575284004211425781e+01
1.737110328674316406e+01
1.842523956298828125e+01
1.926614952087402344e+01
1.996423149108886719e+01
2.056461906433105469e+01
2.111458587646484375e+01
2.162875747680664062e+01
2.212180900573730469e+01
2.259564208984375000e+01
2.308664321899414062e+01
2.359521293640136719e+01
2.407936668395996094e+01
2.460603332519531250e+01
2.513722229003906250e+01
2.566463661193847656e+01
2.619574737548828125e+01
2.672441101074218750e+01
2.725160980224609375e+01
2.776813316345214844e+01
2.828542900085449219e+01
2.877524948120117188e+01
2.928170204162597656e+01
2.973284530639648438e+01
3.019960212707519531e+01
3.064564132690429688e+01
3.104572486877441406e+01
3.144896507263183594e+01
3.184082412719726562e+01
3.220387649536132812e+01
3.254259109497070312e+01
3.286267471313476562e+01
3.316214752197265625e+01
3.348957443237304688e+01
3.373833084106445312e+01
3.401795578002929688e+01
3.426419830322265625e+01
3.444859695434570312e+01
3.468678283691406250e+01
3.492501449584960938e+01
3.513024139404296875e+01
3.532552337646484375e+01
3.550329208374023438e+01
3.569019699096679688e+01
3.584590148925781250e+01
3.600176620483398438e+01
3.610850143432617188e+01
3.628345108032226562e+01
3.643000793457031250e+01
3.655654907226562500e+01
