3.019534051418304443e-04 1.806614163797348738e-04 3.384093579370528460e-04 8.802327327430248260e-03 8.221050666179507971e-05 1.413523452356457710e-03
6.383761065080761909e-04 5.048764069215394557e-05 4.288996569812297821e-05 4.576240852475166321e-02 7.195031503215432167e-05 1.056693654390983284e-04
1.260983385145664215e-02 4.000315243501972873e-07 6.414124527509557083e-06 9.582076927472371608e-06 1.342115683655720204e-05 7.819026563993247692e-07
3.238515555858612061e-02 7.935058192742872052e-07 2.877903170883655548e-05 1.374586827296297997e-05 4.068278940394520760e-05 1.259515897800156381e-06
2.912326902151107788e-02 8.491777521157928277e-07 5.559264172916300595e-05 2.400644734734669328e-05 4.236692984704859555e-05 2.200130438723135740e-06
3.279712423682212830e-02 3.354570878855156479e-07 1.676565079833380878e-05 1.315483041253173724e-05 1.205729495268315077e-05 7.458157824657973833e-07
2.594226039946079254e-02 2.631207962622283958e-07 1.026550035021500662e-05 1.006777256407076493e-05 6.656651748926378787e-06 3.580671261715906439e-07
2.149990573525428772e-02 3.448813572504150216e-07 1.247119689651299268e-05 1.053780670190462843e-05 8.534988410247024149e-06 4.542849296740314458e-07
2.316541783511638641e-02 4.874013939115684479e-07 2.212930121459066868e-05 1.125636208598734811e-05 1.256624636880587786e-05 7.933549568406306207e-07
2.069984935224056244e-02 6.885975381010212004e-07 3.039430521312169731e-05 1.335917477263137698e-05 1.585515565238893032e-05 1.224487618856073823e-06
1.615786924958229065e-02 6.620982162530708592e-07 3.264061524532735348e-05 1.196279936266364530e-05 1.383925155096221715e-05 1.080632841876649763e-06
9.818176738917827606e-03 5.902853104089444969e-07 2.916036100941710174e-05 8.691022230777889490e-06 1.250466721103293821e-05 9.068222084351873491e-07
8.941540494561195374e-03 6.123789830780879129e-07 2.889351344492752105e-05 8.368308954231906682e-06 1.155636346084065735e-05 8.781951237324392423e-07
8.732648566365242004e-03 7.571717333121341653e-07 3.637193367467261851e-05 9.952508662536274642e-06 1.306905687670223415e-05 1.037689457916712854e-06
8.319986052811145782e-03 7.875588039496506099e-07 3.665791155071929097e-05 1.073353723768377677e-05 1.427172628609696403e-05 1.131883777816256043e-06
8.227161131799221039e-03 7.073664960444148164e-07 3.524198473314754665e-05 9.825313100009225309e-06 1.369473466183990240e-05 1.071512542694108561e-06
6.969484034925699234e-03 6.936441536709025968e-07 3.750858013518154621e-05 9.310251698479987681e-06 1.389165663567837328e-05 9.863147170108277351e-07
6.917946506291627884e-03 6.945803079361212440e-07 3.863913298118859529e-05 8.925374459067825228e-06 1.378086017211899161e-05 9.909377922667772509e-07
5.709907505661249161e-03 6.707887223456054926e-07 3.937426299671642482e-05 8.132664333970751613e-06 1.340376638836460188e-05 9.534911669106804766e-07
4.981750622391700745e-03 6.470978064498922322e-07 3.819552512140944600e-05 7.005058705544797704e-06 1.262697605852736160e-05 8.846423611430509482e-07
4.283160436898469925e-03 6.568486128344375174e-07 4.025426096632145345e-05 7.021930287010036409e-06 1.377651733491802588e-05 9.710092854220420122e-07
4.151345696300268173e-03 6.872700737403647508e-07 4.093272946192882955e-05 6.850337285868590698e-06 1.462915406591491774e-05 1.090298155759228393e-06
4.102826118469238281e-03 7.825068450983962975e-07 4.519629510468803346e-05 7.215720415842952207e-06 1.718470593914389610e-05 1.346341491625935305e-06
3.776622936129570007e-03 8.782978966337395832e-07 4.889489719062112272e-05 7.482467481167986989e-06 1.697418338153511286e-05 1.388583427797129843e-06
3.603059332817792892e-03 8.748389177526405547e-07 4.710786015493795276e-05 7.912519322417210788e-06 1.728309143800288439e-05 1.454081484553171322e-06
3.402674803510308266e-03 8.462566256639547646e-07 4.724920654552988708e-05 8.470887223666068166e-06 1.771036295394878834e-05 1.545110421830031555e-06
3.267850726842880249e-03 8.133241067298513371e-07 4.244970477884635329e-05 8.160710422089323401e-06 1.629281541681848466e-05 1.570464746691868640e-06
4.011272452771663666e-03 7.651095188521139789e-07 4.395813448354601860e-05 8.296632586279883981e-06 1.610757135495077819e-05 1.622990339456009679e-06
4.158244002610445023e-03 7.559592063444142696e-07 4.231796265230514109e-05 8.538250767742283642e-06 1.479303864471148700e-05 1.556484335196728352e-06
4.282220266759395599e-03 8.209986503970867489e-07 4.338229337008669972e-05 9.724709343572612852e-06 1.574717316543683410e-05 1.828196786846092436e-06
4.493130836635828018e-03 8.968319207269814797e-07 4.805979551747441292e-05 1.000273277895757928e-05 1.722584056551568210e-05 1.946111524375737645e-06
4.740465432405471802e-03 8.840455620884313248e-07 4.804433046956546605e-05 1.042585063260048628e-05 1.777620127541013062e-05 1.923933496073004790e-06
5.340830888599157333e-03 8.654510565975215286e-07 4.900956628262065351e-05 1.083750430552754551e-05 1.810134926927275956e-05 1.991901626752223819e-06
5.691380705684423447e-03 1.037144215842999984e-06 5.995539686409756541e-05 1.256669838767265901e-05 1.941886876011267304e-05 2.341761046409374103e-06
5.775024648755788803e-03 1.109220647776965052e-06 6.470699736382812262e-05 1.377501121169188991e-05 2.201784263888839632e-05 2.768790864138281904e-06
5.898315925151109695e-03 1.104184093492222019e-06 6.699700315948575735e-05 1.458408223697915673e-05 2.107752516167238355e-05 2.750533667494892143e-06
5.914811510592699051e-03 1.254954554497089703e-06 7.191651093307882547e-05 1.659470763115677983e-05 2.337574551347643137e-05 2.989345603054971434e-06
5.965607706457376480e-03 1.188389433082193136e-06 7.404205825878307223e-05 1.544740734971128404e-05 2.106388274114578962e-05 2.985739456562441774e-06
5.928478669375181198e-03 1.338666152150835842e-06 7.686344906687736511e-05 1.652342507441062480e-05 2.376085103605873883e-05 3.345604227433796041e-06
6.799741648137569427e-03 1.374095063511049375e-06 8.055640500970184803e-05 1.806955515348818153e-05 2.283332651131786406e-05 3.670625574159203097e-06
7.071450352668762207e-03 1.684071548879728653e-06 9.557266457704827189e-05 2.039895480265840888e-05 2.486945049895439297e-05 4.605090907716657966e-06
7.524760905653238297e-03 1.826074367272667587e-06 9.832855721469968557e-05 2.235464671684894711e-05 2.423137448204215616e-05 4.760023330163676292e-06
7.565843872725963593e-03 1.972605787159409374e-06 1.092906240955926478e-04 2.311347998329438269e-05 2.437036528135649860e-05 4.666306722356239334e-06
8.441764861345291138e-03 2.142005087080178782e-06 1.185568180517293513e-04 2.461188887536991388e-05 2.404975930403452367e-05 5.060389867139747366e-06
9.330741129815578461e-03 2.518726887501543388e-06 1.359229645458981395e-04 2.771045001281891018e-05 2.452061562507878989e-05 5.774706551164854318e-06
9.844213724136352539e-03 2.576084170868853107e-06 1.429957919754087925e-04 2.852824036381207407e-05 2.545929964981041849e-05 6.189973191794706509e-06
9.666020050644874573e-03 2.720601514738518745e-06 1.474034652346745133e-04 3.343919888720847666e-05 2.601621054054703563e-05 6.786875928810331970e-06
1.051371078938245773e-02 2.983922740895650350e-06 1.763274340191856027e-04 3.670516525744460523e-05 2.769372986222151667e-05 7.307310625037644058e-06
1.142414845526218414e-02 3.348049858686863445e-06 1.940166985150426626e-04 4.219546462991274893e-05 3.075522545259445906e-05 8.219501069106627256e-06
1.167768705636262894e-02 3.081016302530770190e-06 1.843487407313659787e-04 4.106117921764962375e-05 3.107409793301485479e-05 7.967310011736117303e-06
1.376214716583490372e-02 3.345295681356219575e-06 2.104555460391566157e-04 4.780277959071099758e-05 3.189631024724803865e-05 9.232130651071202010e-06
1.523866970092058182e-02 3.749988536583259702e-06 2.199810842284932733e-04 5.481221887748688459e-05 3.347345773363485932e-05 9.965125173039268702e-06
1.728342287242412567e-02 4.107422228116774932e-06 2.373844181420281529e-04 6.072602991480380297e-05 3.451361408224329352e-05 1.149341187556274235e-05
1.744419708847999573e-02 4.723136498796520755e-06 2.738868060987442732e-04 7.024495425866916776e-05 3.652931263786740601e-05 1.371276539430255070e-05
1.851162686944007874e-02 4.537370841717347503e-06 2.760445058811455965e-04 6.732588371960446239e-05 3.405810639378614724e-05 1.327154586761025712e-05
2.061604894697666168e-02 5.114854047860717401e-06 3.016983100678771734e-04 7.824114436516538262e-05 3.512979674269445240e-05 1.472359508625231683e-05
1.981230638921260834e-02 5.025905466027325019e-06 2.997412811964750290e-04 8.552938379580155015e-05 3.294226553407497704e-05 1.507770957687171176e-05
2.071410417556762695e-02 5.523950221686391160e-06 3.267982101533561945e-04 9.079412848223000765e-05 3.350178303662687540e-05 1.550476190459448844e-05
2.213925309479236603e-02 5.273569058772409335e-06 2.978900738526135683e-04 9.258698992198333144e-05 2.921121631516143680e-05 1.582181539561133832e-05
2.294147573411464691e-02 5.313636847859015688e-06 3.046939673367887735e-04 9.658864291850477457e-05 2.817621134454384446e-05 1.730343865347094834e-05
2.271446771919727325e-02 5.543166480492800474e-06 3.154283331241458654e-04 9.979417518479749560e-05 2.849463089660275728e-05 1.747090755088720471e-05
2.452259510755538940e-02 5.562658316193846986e-06 2.877943334169685841e-04 1.042267758748494089e-04 2.798482637444976717e-05 1.681996036495547742e-05
2.390391752123832703e-02 5.415859504864783958e-06 2.831510500982403755e-04 1.062354276655241847e-04 2.561497240094467998e-05 1.699444146652240306e-05
2.557352744042873383e-02 5.540981419471791014e-06 2.815059269778430462e-04 1.090046062017790973e-04 2.622662759677041322e-05 1.810704998206347227e-05
2.536058612167835236e-02 5.728920314140850678e-06 2.986202889587730169e-04 1.037486872519366443e-04 2.689549182832706720e-05 1.783290281309746206e-05
2.331632375717163086e-02 6.135257081041345373e-06 2.960094716399908066e-04 1.078303394024260342e-04 2.648297413543332368e-05 2.071964991046115756e-05
2.249484509229660034e-02 6.644731001870241016e-06 3.101103066001087427e-04 1.174682620330713689e-04 2.849017801054287702e-05 2.383303581154905260e-05
9.345348924398422241e-02 1.093742525881680194e-06 3.953860868932679296e-05 1.092665625037625432e-04 1.602360862307250500e-05 6.443485744966892526e-06
4.938744008541107178e-02 2.211139189967070706e-06 7.030252891127020121e-05 1.060681461240164936e-04 1.244729355676099658e-04 6.708317869197344407e-06
4.758654907345771790e-02 6.741171887370001059e-07 3.122544876532629132e-05 3.158981780870817602e-05 4.652311690733768046e-05 1.443201426809537224e-06
3.915552794933319092e-02 4.810494260709674563e-07 1.630716360523365438e-05 1.878295006463304162e-05 2.796914304781239480e-05 7.614722790094674565e-07
4.400796070694923401e-02 5.187379770177358296e-07 1.997269646381027997e-05 1.832918314903508872e-05 2.253962520626373589e-05 6.998513413236651104e-07
3.721109032630920410e-02 4.274438936135993572e-07 1.699576932878699154e-05 1.486881228629499674e-05 1.627518940949812531e-05 4.975707383891858626e-07
3.120788559317588806e-02 4.553845087684749160e-07 1.667248943704180419e-05 1.421501929144142196e-05 1.333415184490149841e-05 4.949468461745709646e-07
3.248260170221328735e-02 6.592981094399874564e-07 2.562523877713829279e-05 1.373127906845184043e-05 1.546988642076030374e-05 6.919810857652919367e-07
2.752060629427433014e-02 6.959990059840492904e-07 2.776205292320810258e-05 1.227439861395396292e-05 1.482509196648607031e-05 6.733159807481570169e-07
2.488082647323608398e-02 6.948881718926713802e-07 2.951990791189018637e-05 1.151675314758904278e-05 1.365256866847630590e-05 7.052241812743886840e-07
1.779352501034736633e-02 7.232723078232083935e-07 2.766741999948862940e-05 1.066578533936990425e-05 1.315287499892292544e-05 7.817156983946915716e-07
1.622967794537544250e-02 7.437391786879743449e-07 3.115782601526007056e-05 1.002131921268301085e-05 1.413694735674653202e-05 8.568030125388759188e-07
1.160909514874219894e-02 7.475042025362199638e-07 3.361967173987068236e-05 9.521702850179281086e-06 1.382709706376772374e-05 8.338996622114791535e-07
1.069304440170526505e-02 7.525848673139989842e-07 3.669933357741683722e-05 9.470561963098589331e-06 1.369901656289584935e-05 8.242660669566248544e-07
8.948246017098426819e-03 9.112767429542145692e-07 4.318839637562632561e-05 9.606765161151997745e-06 1.794682611944153905e-05 1.048719013851950876e-06
8.248845115303993225e-03 1.104478542401921004e-06 4.968229768564924598e-05 1.088450335373636335e-05 2.191804742324166000e-05 1.345461669188807718e-06
7.741448469460010529e-03 1.089282363864185754e-06 5.044287172495387495e-05 1.154791425506118685e-05 2.369889625697396696e-05 1.438622234672948252e-06
8.770550601184368134e-03 9.146241950475086924e-07 4.403725688462145627e-05 1.069929930963553488e-05 2.138130912499036640e-05 1.352417939415317960e-06
7.442152593284845352e-03 7.882729278207989410e-07 3.864798418362624943e-05 1.002488261292455718e-05 2.051181763818021864e-05 1.219422074427711777e-06
5.896680988371372223e-03 7.286866434697003569e-07 3.492301766527816653e-05 8.632930075691547245e-06 1.924441130540799350e-05 1.092618390430288855e-06
6.286425516009330750e-03 7.542444109276402742e-07 3.577373718144372106e-05 9.082124961423687637e-06 1.902762960526160896e-05 1.165426851912343409e-06
6.312080658972263336e-03 7.658184131287271157e-07 3.887046477757394314e-05 9.490833690506406128e-06 1.980148772418033332e-05 1.195082518279377837e-06
5.303391255438327789e-03 6.465151045631500892e-07 3.749333700397983193e-05 7.925474164949264377e-06 1.743656866892706603e-05 1.041314590111142024e-06
5.924127530306577682e-03 8.122240160446381196e-07 4.457481190911494195e-05 9.269147085433360189e-06 1.994337799260392785e-05 1.209663309964525979e-06
5.622903350740671158e-03 7.788681841702782549e-07 4.649477341445162892e-05 9.000711543194483966e-06 1.884798439277801663e-05 1.156265852841897868e-06
6.006924435496330261e-03 8.874822015059180558e-07 5.398032590164802969e-05 1.022802189254434779e-05 2.160760959668550640e-05 1.347377860838605557e-06
6.507379002869129181e-03 9.133464118349365890e-07 5.802378291264176369e-05 1.198823520098812878e-05 2.006271643040236086e-05 1.392722651871736161e-06
6.837557069957256317e-03 1.062016167452384252e-06 6.727866275468841195e-05 1.315412373514845967e-05 2.192846659454517066e-05 1.645521251703030430e-06
6.839798297733068466e-03 1.111242568185843993e-06 7.295001705642789602e-05 1.328423513768939301e-05 2.193875116063281894e-05 1.749539251250098459e-06
6.151259411126375198e-03 1.073027647180424538e-06 7.536838529631495476e-05 1.284069003304466605e-05 2.060205588350072503e-05 1.630918745831877459e-06
6.069334689527750015e-03 1.049578372658288572e-06 7.587196887470781803e-05 1.250348941539414227e-05 2.072828101518098265e-05 1.846800955718208570e-06
5.398117471486330032e-03 9.832167506829136983e-07 7.259943231474608183e-05 1.100287227018270642e-05 2.008814590226393193e-05 1.674356212788552511e-06
5.111361853778362274e-03 9.059718877324485220e-07 6.986276275711134076e-05 1.002073440758977085e-05 1.841819357650820166e-05 1.578813908054144122e-06
4.693318624049425125e-03 8.764218932810763363e-07 6.881778244860470295e-05 1.005063586489995942e-05 1.742121457937173545e-05 1.607139097359322477e-06
