       1    0.0000000000
       2    0.0000000000
       3    0.0000000000
       4    0.0000000000
       5    0.0000000000
       6    0.0000000002
       7    0.0000011255
       8    0.0010341654
       9    0.0886048377
      10    0.3794122338
      11    0.8021773100
      12    0.9544134736
      13    0.9886941910
      14    0.9956421852
      15    0.9974033237
      16    0.9997277260
      17    0.9994148612
      18    0.9996181726
      19    0.9999039173
      20    0.9998565912
      21    0.9998366833
      22    0.9999191761
      23    0.9998657107
      24    0.9997876287
      25    0.9999617338
      26    0.9999610782
      27    0.9994601607
      28    0.9999771118
      29    0.9999586940
      30    0.9999792576
      31    0.9999194741
      32    0.9993183017
      33    0.9999434948
      34    0.9999338984
      35    0.9999434948
      36    0.9994348884
      37    0.9998347163
      38    0.9998445511
      39    0.9998653531
      40    0.9996324182
      41    0.9992907047
      42    0.9997678399
      43    0.9991663098
      44    0.9960420132
      45    0.9965667725
      46    0.9978312850
      47    0.9970225096
      48    0.9989694953
      49    0.9983386397
      50    0.9951605797
      51    0.9934141040
      52    0.9938519597
      53    0.9800473452
      54    0.9922905564
      55    0.9931185246
      56    0.9903650880
      57    0.9769794941
      58    0.9798408151
      59    0.9507691860
      60    0.9388640523
      61    0.9666278362
      62    0.9484860301
      63    0.9177184105
      64    0.7750108242
      65    0.8253432512
      66    0.8562064767
      67    0.8274719119
      68    0.8831609488
      69    0.7677860260
      70    0.7527403831
      71    0.6804096103
      72    0.5964664817
      73    0.5565932393
      74    0.4968690574
      75    0.5609163642
      76    0.3673328757
      77    0.3802924156
      78    0.5122061968
      79    0.2509018481
      80    0.3258716464
      81    0.2084039748
      82    0.5581059456
      83    0.1805985272
      84    0.1331821531
      85    0.1562381685
      86    0.3105213344
      87    0.2032694966
      88    0.1245184913
      89    0.1391903609
      90    0.0535437651
      91    0.1068976372
      92    0.0531730503
      93    0.0508607626
      94    0.0321207121
      95    0.0165627059
      96    0.0253429636
      97    0.0347894579
      98    0.0332134888
      99    0.0165202431
     100    0.0232610796
     101    0.0187420901
     102    0.0069762859
     103    0.0084365876
     104    0.0162785444
     105    0.0071802726
     106    0.0292522237
     107    0.0136990091
     108    0.0111548137
     109    0.0055881650
     110    0.0089292768
     111    0.0116305538
     112    0.0157968476
     113    0.0062738326
     114    0.0036334894
     115    0.0041452874
     116    0.0050812662
     117    0.0032610919
     118    0.0037965076
     119    0.0072761527
     120    0.0037366028
     121    0.0042017526
     122    0.0043449616
     123    0.0040833829
     124    0.0041798563
     125    0.0018828236
     126    0.0035132524
     127    0.0024612464
     128    0.0024375920
