       1    0.0000000000
       2    0.0000000000
       3    0.0000000000
       4    0.0000000000
       5    0.0000000000
       6    0.0000000007
       7    0.0000010869
       8    0.0001876694
       9    0.0021193060
      10    0.0088273380
      11    0.0312637351
      12    0.0730966181
      13    0.1770830452
      14    0.1722399890
      15    0.1767402589
      16    0.2107005417
      17    0.2214257419
      18    0.2094008029
      19    0.1932500154
      20    0.2615146339
      21    0.2183696330
      22    0.3545104861
      23    0.0989775732
      24    0.2302394360
      25    0.1865985692
      26    0.1177035123
      27    0.0919805169
      28    0.0984015614
      29    0.0743526369
      30    0.0752038136
      31    0.0861978233
      32    0.0596593767
      33    0.0488299318
      34    0.0356380120
      35    0.0394383296
      36    0.0354759097
      37    0.0361956879
      38    0.0137324585
      39    0.0090052132
      40    0.0122635802
      41    0.0071994294
      42    0.0075359745
      43    0.0038251539
      44    0.0034343661
      45    0.0030440076
      46    0.0018060224
      47    0.0016940954
      48    0.0021657078
      49    0.0013978736
      50    0.0007495383
      51    0.0012432338
      52    0.0006522104
      53    0.0016348865
      54    0.0003665069
      55    0.0006251830
      56    0.0008930807
      57    0.0013044457
      58    0.0005025171
      59    0.0002057899
      60    0.0002114416
      61    0.0002405059
      62    0.0001214735
      63    0.0001218460
      64    0.0000849955
      65    0.0000668525
      66    0.0001053335
      67    0.0000587556
      68    0.0000653156
      69    0.0000332127
      70    0.0000210966
      71    0.0000189948
      72    0.0000506953
      73    0.0000621554
      74    0.0000171267
      75    0.0000169083
      76    0.0000152759
      77    0.0000106452
      78    0.0000165919
      79    0.0000135679
      80    0.0000150897
      81    0.0000103002
      82    0.0000071250
      83    0.0000059388
      84    0.0000033707
      85    0.0000050083
      86    0.0000033912
      87    0.0000042626
      88    0.0000033117
      89    0.0000050276
      90    0.0000031274
      91    0.0000025720
      92    0.0000041757
      93    0.0000040055
      94    0.0000026293
      95    0.0000032388
      96    0.0000021296
      97    0.0000017430
      98    0.0000018555
      99    0.0000027748
     100    0.0000030865
     101    0.0000029516
     102    0.0000015422
     103    0.0000020314
     104    0.0000015600
     105    0.0000019222
     106    0.0000020110
     107    0.0000012979
     108    0.0000016829
     109    0.0000017181
     110    0.0000018265
     111    0.0000025627
     112    0.0000014572
     113    0.0000016424
     114    0.0000018408
     115    0.0000014489
     116    0.0000018262
     117    0.0000019378
     118    0.0000020820
     119    0.0000019156
     120    0.0000018447
     121    0.0000025335
     122    0.0000013705
     123    0.0000020030
     124    0.0000022979
     125    0.0000017719
     126    0.0000022714
     127    0.0000025481
     128    0.0000030686
