       1    0.0000000000
       2    0.0000000000
       3    0.0000000000
       4    0.0000000000
       5    0.0000000000
       6    0.0000000000
       7    0.0000000119
       8    0.0000013317
       9    0.0000405551
      10    0.0002639976
      11    0.0023116209
      12    0.0037017222
      13    0.0075079990
      14    0.0286653526
      15    0.0488142483
      16    0.0828467533
      17    0.1339790076
      18    0.0935579315
      19    0.0934692249
      20    0.1023818329
      21    0.2005983740
      22    0.1720911860
      23    0.1913491338
      24    0.3460434377
      25    0.3003833294
      26    0.4067984223
      27    0.2572773397
      28    0.4287529588
      29    0.3457254767
      30    0.3322973847
      31    0.3377994895
      32    0.3412989378
      33    0.3988389373
      34    0.3277496994
      35    0.2736732960
      36    0.4341805577
      37    0.4533334076
      38    0.3473157585
      39    0.2506047785
      40    0.3308251798
      41    0.3453470767
      42    0.2655578256
      43    0.2949551940
      44    0.2457297444
      45    0.2823183537
      46    0.2054344118
      47    0.2955313921
      48    0.1473939419
      49    0.1489781737
      50    0.1746592671
      51    0.2008052170
      52    0.3121659756
      53    0.2044193149
      54    0.1630092710
      55    0.2287503034
      56    0.1360645294
      57    0.2512841225
      58    0.1854810268
      59    0.1337207854
      60    0.2515316010
      61    0.2147487700
      62    0.1042516455
      63    0.1197343618
      64    0.1440396160
      65    0.1511306018
      66    0.0958712921
      67    0.0645999387
      68    0.1381764412
      69    0.0326003507
      70    0.0836210027
      71    0.1185947657
      72    0.0189104527
      73    0.0391848236
      74    0.0564248152
      75    0.0240187682
      76    0.0321799070
      77    0.0151853468
      78    0.0324638411
      79    0.0275347810
      80    0.0175554156
      81    0.0197956655
      82    0.0305691138
      83    0.0155329965
      84    0.0201237667
      85    0.0157897566
      86    0.0479267947
      87    0.0073700147
      88    0.0094802640
      89    0.0040828050
      90    0.0041926960
      91    0.0057760384
      92    0.0017238335
      93    0.0035106298
      94    0.0013652730
      95    0.0013217226
      96    0.0027595290
      97    0.0044563650
      98    0.0007537877
      99    0.0011993326
     100    0.0003773085
     101    0.0014710170
     102    0.0004306745
     103    0.0006486052
     104    0.0003636955
     105    0.0003276687
     106    0.0010189835
     107    0.0007010959
     108    0.0002531429
     109    0.0001335792
     110    0.0001819020
     111    0.0001297192
     112    0.0001579399
     113    0.0000780135
     114    0.0001405236
     115    0.0001028529
     116    0.0000587071
     117    0.0000694697
     118    0.0000614841
     119    0.0000580861
     120    0.0000600898
     121    0.0000609731
     122    0.0000512213
     123    0.0000473439
     124    0.0000524583
     125    0.0000327409
     126    0.0000462936
     127    0.0000350363
     128    0.0000449905
