          0  0.05884621 12.30281544      0.0000001698875280453649
        100  0.00382919 24.16893196     -0.0000000235571153694991
        200  0.00238805 26.21957207      0.0000000361009178106997
        300  0.00191971 27.16764641     -0.0000000081984969924065
        400  0.00165232 27.81905365      0.0000000464792506704725
        500  0.00151925 28.18369484     -0.0000000246733229403162
        600  0.00138356 28.59002686      0.0000000300631093352877
        700  0.00128807 28.90059662      0.0000000219985434313230
        800  0.00118197 29.27393913     -0.0000000073765331620734
        900  0.00109314 29.61324310      0.0000000224251177627366
       1000  0.00103394 29.85503769     -0.0000000117878702354801
       1100  0.00096994 30.13254547      0.0000000093846344029203
       1200  0.00089571 30.47831917     -0.0000000357918814586355
       1300  0.00086229 30.64347649      0.0000000511167357331033
       1400  0.00079578 30.99204636     -0.0000000586613069231134
       1500  0.00074761 31.26324272      0.0000000012329403054068
       1600  0.00078129 31.07187843     -0.0000000448778365580438
       1700  0.00069089 31.60591698     -0.0000000381426659146200
       1800  0.00065538 31.83505058      0.0000000338858825443822
       1900  0.00074706 31.26645851     -0.0000000037226051130546
       2000  0.00062160 32.06488037     -0.0000000025250952440103
       2100  0.00060433 32.18727112      0.0000000139133913279466
       2200  0.00065003 31.87066269     -0.0000000014998225994489
       2300  0.00054080 32.66964340     -0.0000000145694976083632
       2400  0.00054921 32.60260010     -0.0000000048579242850622
       2500  0.00054909 32.60354233      0.0000000222427054552554
       2600  0.00051190 32.90813828      0.0000000360257352838289
       2700  0.00048448 33.14720535     -0.0000000102944204272148
       2800  0.00045734 33.39759064     -0.0000000209188435462693
       2900  0.00045581 33.41214752     -0.0000000004328153668798
       3000  0.00044797 33.48751450     -0.0000000023122230796702
       3100  0.00041519 33.81753922      0.0000000145789966765619
       3200  0.00040739 33.89988708     -0.0000000077150215105348
       3300  0.00041694 33.79921722      0.0000000294611055551286
       3400  0.00039451 34.03943253     -0.0000000527196526434182
       3500  0.00038714 34.12127686      0.0000000101067954005885
       3600  0.00036935 34.32567596      0.0000000260987924605161
       3700  0.00036276 34.40383148     -0.0000000008342412871620
       3800  0.00034833 34.58011246     -0.0000000055610822613517
       3900  0.00034957 34.56459808      0.0000000029700131243260
       4000  0.00032127 34.93124390     -0.0000000215590265639776
       4100  0.00030913 35.09854889     -0.0000000128190835724240
       4200  0.00029282 35.33404922      0.0000000218998810197490
       4300  0.00305699 25.14705849      0.0000000013326362235944
       4400  0.00252623 25.97526741      0.0000000005776155109771
       4500  0.00158429 28.00164413      0.0000000002343316374276
       4600  0.00133327 28.75082779     -0.0000000004144872223222
       4700  0.00118029 29.28011513      0.0000000041529601979562
       4800  0.00105549 29.76546097     -0.0000000016387502466131
       4900  0.00098841 30.05064774      0.0000000048941051211671
       5000  0.00093723 30.28154182     -0.0000000014396513980941
       5100  0.00087584 30.57575226     -0.0000000058449605155886
       5200  0.00082362 30.84275436     -0.0000000016924708301502
       5300  0.00076901 31.14069176     -0.0000000021340136324710
       5400  0.00073996 31.30790329     -0.0000000016861388951739
       5500  0.00073835 31.31736565      0.0000000079330044755466
       5600  0.00073547 31.33436394      0.0000000035704261769354
       5700  0.00067548 31.70389748     -0.0000000024606803261662
       5800  0.00065324 31.84927750      0.0000000027775530764274
       5900  0.00061965 32.07852554     -0.0000000016509731359804
       6000  0.00061142 32.13660812      0.0000000061128315742565
       6100  0.00058687 32.31456375     -0.0000000007247258348997
       6200  0.00056906 32.44838715     -0.0000000041534660155662
       6300  0.00055802 32.53352737      0.0000000043651393610844
       6400  0.00054401 32.64389801      0.0000000005628252308654
       6500  0.00052387 32.80772781      0.0000000001129719859327
       6600  0.00054014 32.67491150      0.0000000073963395408327
       6700  0.00050777 32.94331741     -0.0000000086572500279658
       6800  0.00048748 33.12044144     -0.0000000030297375719357
       6900  0.00048584 33.13510132     -0.0000000071615420260684
       7000  0.00047466 33.23620605     -0.0000000056615760968270
       7100  0.00048991 33.09883499      0.0000000002813117516709
       7200  0.00049666 33.03940964      0.0000000006025206444882
       7300  0.00048220 33.16770935      0.0000000081667366202964
       7400  0.00043403 33.62476730      0.0000000008631345083110
       7500  0.00042638 33.70198822     -0.0000000055568283308105
       7600  0.00042978 33.66758347     -0.0000000026625857074691
       7700  0.00040602 33.91449356     -0.0000000027586684048231
       7800  0.00041998 33.76767731      0.0000000025615300991433
       7900  0.00040053 33.97369385     -0.0000000069406351776991
       8000  0.00039264 34.06010818     -0.0000000042989842796715
       8100  0.00038515 34.14367294     -0.0000000002243320806894
       8200  0.00038220 34.17705917     -0.0000000057925721996810
       8300  0.00037253 34.28836441      0.0000000103041681853711
       8400  0.00040016 33.97761154      0.0000000121131602526248
       8500  0.00036133 34.42095184     -0.0000000010599320310334
       8600  0.00034893 34.57259369      0.0000000093919831911649
       8700  0.00035478 34.50042343     -0.0000000027837494531724
       8800  0.00033980 34.68775177      0.0000000039020751074759
       8900  0.00033499 34.74974060      0.0000000053375690534097
       9000  0.00033955 34.69097137     -0.0000000115635589992280
       9100  0.00032890 34.82933807     -0.0000000017827763709732
       9200  0.00033076 34.80482864      0.0000000092760821246429
       9300  0.00031048 35.07964706     -0.0000000044843955215867
       9400  0.00030602 35.14244843     -0.0000000152480286175205
       9500  0.00031920 34.95939636      0.0000000001715894926146
       9600  0.00028939 35.38510895     -0.0000000031635851716061
       9700  0.00028008 35.52712631      0.0000000067616583443453
       9800  0.00028286 35.48421478      0.0000000005139995096215
       9900  0.00027021 35.68292999      0.0000000086532701004671
      10000  0.00028173 35.50159836      0.0000000094666221528428
