          0  0.05490085 12.60420895     -0.0000008673553679727775
        100  0.01553249 18.08758926     -0.0000000114515898985701
        200  0.00896336 20.47529030     -0.0000000230399450629193
        300  0.00632486 21.98949051     -0.0000000745294101989202
        400  0.00502136 22.99179077      0.0000000963218127481014
        500  0.00408133 23.89198685     -0.0000000330257599046035
        600  0.00354502 24.50381470     -0.0000000125083783331092
        700  0.00319504 24.95523834      0.0000000562286679439694
        800  0.00287968 25.40655708     -0.0000000278288627697520
        900  0.00270945 25.67119217      0.0000000227085248383219
       1000  0.00243908 26.12773323      0.0000000149455559039779
       1100  0.00233523 26.31671143      0.0000000051220401253715
       1200  0.00215925 26.65697098      0.0000000130107489226816
       1300  0.00204747 26.88782501      0.0000000182021331340820
       1400  0.00198685 27.01835632     -0.0000000045226720146729
       1500  0.00189631 27.22091484      0.0000000157760204899660
       1600  0.00182400 27.38975716      0.0000000064664109622470
       1700  0.00173643 27.60343933      0.0000000024410022891885
       1800  0.00169109 27.71832085      0.0000000024547006649556
       1900  0.00157570 28.02527046     -0.0000000047895252208718
       2000  0.00158322 28.00458908      0.0000000220547704543606
       2100  0.00150376 28.22820091      0.0000000020233144049087
       2200  0.00142114 28.47361946     -0.0000000129908288570846
       2300  0.00140774 28.51477814      0.0000000093289838076771
       2400  0.00214503 26.68567467     -0.0000000416919121448700
       2500  0.00135043 28.69528961      0.0000000008777473747834
       2600  0.00127064 28.95977020      0.0000000069109225009356
       2700  0.00122009 29.13607025      0.0000000034590816877511
       2800  0.00139658 28.54933548      0.0000000068893273308390
       2900  0.00115711 29.36624718      0.0000000004170132850145
       3000  0.00112522 29.48760605      0.0000000007973721127819
       3100  0.00109293 29.61406898      0.0000000009482420404439
       3200  0.00105960 29.74858665      0.0000000020690866797679
       3300  0.00102177 29.90646172     -0.0000000055139595112053
       3400  0.00101492 29.93567276      0.0000000025026334338207
       3500  0.00101828 29.92134094      0.0000000099918011642330
       3600  0.00094533 30.24416351     -0.0000000006562577703484
       3700  0.00095333 30.20757484      0.0000000021168315988973
       3800  0.00091657 30.37833405      0.0000000044237138396852
       3900  0.00092545 30.33647728      0.0000000089524778701389
       4000  0.00087640 30.57299995      0.0000000019000194750873
       4100  0.00087045 30.60257149     -0.0000000003268023907044
       4200  0.00087353 30.58721733      0.0000000029047935168336
       4300  0.00078154 31.07050514      0.0000000028855147160556
       4400  0.00084894 30.71122932      0.0000000043584567066546
       4500  0.00078528 31.04974747      0.0000000015956508336856
       4600  0.00079285 31.00807762     -0.0000000106804645128022
       4700  0.00083012 30.80861092     -0.0000000039928536033074
       4800  0.00069101 31.60514259      0.0000000075136901145356
       4900  0.00069072 31.60698318     -0.0000000014343967125185
       5000  0.00068043 31.67217064      0.0000000009245645360423
       5100  0.00076200 31.18044472     -0.0000000060425504599948
       5200  0.03286085 14.83321190      0.0000000046924344410115
       5300  0.02898958 15.37758064     -0.0000000210237089959264
       5400  0.01783989 17.48608017      0.0000000243171207614523
       5500  0.01291316 18.88967514      0.0000000005590258811417
       5600  0.01084180 19.64898682      0.0000000106717745751439
       5700  0.00897255 20.47084236     -0.0000000003459899866609
       5800  0.00782214 21.06674385     -0.0000000113368052723217
       5900  0.00713286 21.46736526      0.0000000162924820301669
       6000  0.00591713 22.27889061      0.0000000026331969937843
       6100  0.00550781 22.59021378      0.0000000038812308922331
       6200  0.00491668 23.08328438      0.0000000119947740628845
       6300  0.00459123 23.38070679     -0.0000000175928036583173
       6400  0.00425526 23.71073914      0.0000000100039292405540
       6500  0.00403565 23.94086075     -0.0000000083602271772065
       6600  0.00372613 24.28741646      0.0000000117248371012124
       6700  0.00352893 24.52356911      0.0000000039702783283246
       6800  0.00340145 24.68335724      0.0000000009088719221673
       6900  0.00328034 24.84081459      0.0000000090436351740664
       7000  0.00319332 24.95758057      0.0000000104809112499993
       7100  0.00305307 25.15263748      0.0000000195762908106190
       7200  0.00325264 24.87763977     -0.0000000004039590051352
       7300  0.00275540 25.59815788     -0.0000000032971299024354
       7400  0.00290822 25.36372375      0.0000000004484373428149
       7500  0.00277340 25.56987190     -0.0000000078811943637902
       7600  0.00266171 25.74838638      0.0000000118793357373193
       7700  0.00261978 25.81735420     -0.0000000191209519329050
       7800  0.00248675 26.04368210      0.0000000001604210791983
       7900  0.00251812 25.98924255     -0.0000000095394101506940
       8000  0.00236675 26.25848389     -0.0000000006965565901851
       8100  0.00225733 26.46404266     -0.0000000005745991460415
       8200  0.00225905 26.46074867      0.0000000013967610401622
       8300  0.00215943 26.65661430      0.0000000010556606699907
       8400  0.00207740 26.82480431      0.0000000040317589267147
       8500  0.00207542 26.82893372     -0.0000000002843277280284
       8600  0.00212215 26.73224831      0.0000000057656426299957
       8700  0.00197936 27.03475380      0.0000000031827174229448
       8800  0.00196799 27.05977058      0.0000000039578065269552
       8900  0.00190528 27.20041466      0.0000000010253000670701
       9000  0.00187783 27.26342773     -0.0000000077021535815902
       9100  0.00184512 27.33974457      0.0000000035655598473738
       9200  0.00183841 27.35556793     -0.0000000029991489292058
       9300  0.00176772 27.52586174      0.0000000004481957027735
       9400  0.00175552 27.55594826     -0.0000000070359629233963
       9500  0.00171554 27.65599823     -0.0000000043362642365707
       9600  0.00167882 27.74995041      0.0000000065926788472837
       9700  0.00164427 27.84027481     -0.0000000015064151037691
       9800  0.00451345 23.45491409     -0.0000000771148762623852
       9900  0.00172834 27.62370110     -0.0000000041352721247279
      10000  0.00164789 27.83071709      0.0000000036801390823626
