5.224995780736207962e-03 1.306121848756447434e-04 2.118694828823208809e-04 2.280478511238470674e-04 2.860274980776011944e-04 3.575536247808486223e-04
9.630256146192550659e-02 7.423545321216806769e-05 1.478782505728304386e-04 1.369727688143029809e-04 1.613682688912376761e-04 1.481411454733461142e-04
9.797546267509460449e-01 6.819686417143533408e-13 1.191362893754321917e-11 2.661912574045133262e-12 2.053557150716311952e-11 1.407032801901964003e-12
9.164485335350036621e-01 6.789741945761873509e-12 5.383704940187250543e-11 4.473356060574751325e-11 1.508127372984446879e-10 1.748276697022266291e-11
9.326990842819213867e-01 6.917698358588353358e-11 2.010395461216063495e-10 4.723801350081657802e-10 8.000863305213101739e-10 1.798978188638500342e-10
9.635394215583801270e-01 3.010220128718543720e-10 3.926082237093453386e-10 1.780254943462011852e-09 2.256349995732875868e-09 9.607346029838481627e-10
9.687641263008117676e-01 5.045943662906893223e-10 5.057882446202199844e-10 2.893705053352846335e-09 2.987788461084051050e-09 2.008390787011649081e-09
9.772199988365173340e-01 6.265844509911744353e-10 5.756874421614099901e-10 3.465957520987217322e-09 3.226938938283296920e-09 3.324924335856849211e-09
9.776858091354370117e-01 1.245322733822717964e-09 9.594481875652149938e-10 6.386577489081446402e-09 5.213935061476604460e-09 7.243569299930641137e-09
9.824688434600830078e-01 1.484570799625828386e-09 1.081114975320929261e-09 7.563066617422009585e-09 5.782093914774577570e-09 8.225256920013634954e-09
9.857106804847717285e-01 1.628136292453064016e-09 1.062944066099191787e-09 7.983439687109239458e-09 5.429590554939522917e-09 7.997140727411533589e-09
9.869605302810668945e-01 1.840714025647116614e-09 1.112315461959667573e-09 8.739982071404028829e-09 5.486957554978744156e-09 9.049242244429933635e-09
9.873117208480834961e-01 2.243549346303552738e-09 1.243477876222698342e-09 9.953341262303183612e-09 5.482464704442691072e-09 9.959076230359187321e-09
9.873994588851928711e-01 2.565752499350537619e-09 1.300527907588389098e-09 1.102847857481492611e-08 5.731908725437051544e-09 1.103630609122774331e-08
9.886877536773681641e-01 2.587077663207537626e-09 1.257543513766279375e-09 1.049791897855811840e-08 5.190724294834581087e-09 9.955281043971808685e-09
9.891875386238098145e-01 2.893810524540185725e-09 1.297113194631549504e-09 1.142012262533853573e-08 5.438566486049012383e-09 9.704248071784604690e-09
9.894577264785766602e-01 3.014988037008947686e-09 1.326985188399021354e-09 1.143797945246660674e-08 5.581416218092272175e-09 9.415860091621652828e-09
9.900383949279785156e-01 3.158629358068765214e-09 1.359178214421774555e-09 1.153078077464897433e-08 5.844886352690537024e-09 8.942083518093113526e-09
9.893787503242492676e-01 3.370263845781096279e-09 1.336085242442663912e-09 1.225719969966121425e-08 6.028715748840340893e-09 9.159177416506736336e-09
9.886009097099304199e-01 4.249388840804613210e-09 1.595847676227890588e-09 1.503238244993099215e-08 7.137525237510544684e-09 1.101490987309716729e-08
9.881094098091125488e-01 4.595800628948154554e-09 1.590081732949499838e-09 1.532411353366569529e-08 7.199205676045039581e-09 1.060628385118889128e-08
9.874610304832458496e-01 5.372490452515421566e-09 1.720058651066835864e-09 1.679445560398562520e-08 7.551366643099299836e-09 1.205878952248440328e-08
9.868640303611755371e-01 6.239595506940531777e-09 1.846282793316333937e-09 1.797899074063025182e-08 7.951376446158064937e-09 1.318221709567524158e-08
9.856722354888916016e-01 7.127179735277877626e-09 1.973394336829414897e-09 1.926483328418271412e-08 8.546924945562750509e-09 1.448555231320369785e-08
9.822607636451721191e-01 9.937442868590551370e-09 2.384854314030349087e-09 2.629171902412963391e-08 1.059582022122640410e-08 1.948085426306533918e-08
9.819011092185974121e-01 1.107800784438950359e-08 2.506758134401820826e-09 2.768259577123899362e-08 1.017195838670659214e-08 1.968433949173231667e-08
9.796872138977050781e-01 1.472225097387536152e-08 3.148227234461842272e-09 3.262059067310474347e-08 1.206866517833304897e-08 2.325235826106109016e-08
9.757011532783508301e-01 1.924570902644973103e-08 3.688750416230845985e-09 4.260198949168625404e-08 1.371609137379437016e-08 2.910227969721290719e-08
9.753442406654357910e-01 2.048566827284048486e-08 3.672380621821957902e-09 4.310459544853983971e-08 1.350097544872141953e-08 2.824254607958209817e-08
9.696341753005981445e-01 2.803642473736545071e-08 4.482137327954660577e-09 5.500322686202707700e-08 1.629561907634524687e-08 3.673780568647089240e-08
9.678466916084289551e-01 3.345089538697720855e-08 5.105477374200972918e-09 6.224942694643686991e-08 1.777332947483500902e-08 4.152895627385078114e-08
9.614171385765075684e-01 4.452989088576941867e-08 6.008824104952736889e-09 7.503237497985537630e-08 2.095654139111502445e-08 5.093812305290157383e-08
9.548577666282653809e-01 5.819277504315323313e-08 7.434026727537457191e-09 9.176599036209154292e-08 2.411203325891619897e-08 5.987989482036937261e-08
9.484266638755798340e-01 7.838178817110019736e-08 9.455852101325490366e-09 1.173357730976931634e-07 2.970568857563193887e-08 7.248715405694383662e-08
9.444738626480102539e-01 9.218513241648906842e-08 1.079637446110837118e-08 1.291424496230320074e-07 3.383051350169807847e-08 8.232289872012188425e-08
9.361150264739990234e-01 1.111460861125124211e-07 1.167451646466588500e-08 1.424033229113774723e-07 3.661247305331016832e-08 8.772880022434037528e-08
9.347876906394958496e-01 1.345419491372012999e-07 1.394985460478892492e-08 1.617729310510185314e-07 3.992321495616124594e-08 9.472999806803272804e-08
9.144781827926635742e-01 1.963579734365339391e-07 1.853087283620880044e-08 2.225562241164880106e-07 5.091955657121616241e-08 1.314908786298474297e-07
9.150015711784362793e-01 2.076932332784053870e-07 1.903621260623822309e-08 2.224422672725268058e-07 5.395129321073000028e-08 1.270693417154689087e-07
8.895108699798583984e-01 2.942552157492173137e-07 2.393365328146046522e-08 3.048789096737891668e-07 6.503049831962925964e-08 1.679107128893519985e-07
8.751683235168457031e-01 3.681295481783308787e-07 2.766084605809737695e-08 3.593049768824130297e-07 7.211831132281076862e-08 1.914977900696612778e-07
8.583183884620666504e-01 4.709142444880853873e-07 3.194414333052009169e-08 4.183982582617318258e-07 8.014215779894584557e-08 2.261681117943226127e-07
8.429277539253234863e-01 5.655080030919634737e-07 3.769598322378442390e-08 4.749799700221046805e-07 8.754554414736048784e-08 2.488333734618208837e-07
8.142765164375305176e-01 7.349698307734797709e-07 4.366921757537056692e-08 5.817911414851550944e-07 1.035051653275331773e-07 3.044075072011764860e-07
8.005289435386657715e-01 9.095139716919220518e-07 5.253493995382996218e-08 6.730040809088677634e-07 1.164621892257855507e-07 3.463895552613394102e-07
7.544580101966857910e-01 1.296814843954052776e-06 6.791034223851966090e-08 9.023790425999322906e-07 1.417591164454279351e-07 4.408803988553700037e-07
7.383528351783752441e-01 1.464835577280609868e-06 7.113454358886883711e-08 9.477951152803143486e-07 1.438244652263165335e-07 4.569755844840983627e-07
7.132046222686767578e-01 1.787578412404400297e-06 8.400922268947397242e-08 1.055715870279527735e-06 1.645842075959080830e-07 5.146802095623570494e-07
6.716759204864501953e-01 2.671488346095429733e-06 1.119064663157587347e-07 1.472019221182563342e-06 1.994387304193878663e-07 6.760837436559086200e-07
6.277019977569580078e-01 3.327615559101104736e-06 1.291023323801709921e-07 1.723246668916544877e-06 2.271653869456713437e-07 8.226762133745069150e-07
6.263285875320434570e-01 3.660988568299217150e-06 1.288296829216051265e-07 1.754385039021144621e-06 2.253860031942167552e-07 8.145929655256622937e-07
