9.060433949343860149e-04 1.601239055162295699e-04 1.829809043556451797e-04 9.718273940961807966e-05 2.911458796006627381e-05 1.386472838930785656e-03
7.763350848108530045e-03 1.261858706129714847e-04 3.074002452194690704e-04 2.321672654943540692e-04 1.020256167976185679e-04 2.283721696585416794e-03
9.921482801437377930e-01 8.742797064087426406e-08 7.980105465321685188e-07 2.697323786549077340e-08 7.375314226010232233e-08 1.347128346651516040e-07
9.999907016754150391e-01 2.935778790208454225e-12 7.363073345478809983e-11 3.459635139133054871e-12 5.873498302305657504e-12 7.448290595402085046e-11
9.999990463256835938e-01 7.103950132140990359e-14 2.557578281103811690e-12 2.050841863953517530e-13 2.659682370176330579e-13 1.337212892499328731e-11
9.999997615814208984e-01 5.618423325729924797e-15 2.141694753401285345e-13 4.347383726881898225e-14 5.843464817925636545e-14 2.158324734213845630e-12
9.999998807907104492e-01 7.490938627555154047e-16 2.898894706638947827e-14 1.339583537818917966e-14 1.744815195916984280e-14 7.010035455758123479e-13
1.000000000000000000e+00 1.150838651492694267e-16 4.960966939982977553e-15 4.295701757495292913e-15 5.447496312138743260e-15 1.757431412853158181e-13
1.000000000000000000e+00 3.744230395743319601e-17 1.503080187814371648e-15 2.121421968485654591e-15 2.408392919367148902e-15 7.363088681518539791e-14
1.000000000000000000e+00 2.354737034988174009e-17 9.097847478769247390e-16 1.614890442676070615e-15 1.952370921114404516e-15 5.965552758811082379e-14
1.000000000000000000e+00 2.638639483286786509e-17 9.434532487390991096e-16 2.106688253884639664e-15 2.336610688735609592e-15 7.217548092389516889e-14
1.000000000000000000e+00 1.795446308435957324e-17 7.130447757950828230e-16 1.815974899683939041e-15 2.023518512310213541e-15 6.150905929340130807e-14
1.000000000000000000e+00 1.892979505334329839e-17 8.266827159987197565e-16 2.063578300275895235e-15 2.598943145247370815e-15 7.715670550384468029e-14
1.000000000000000000e+00 1.706052899637351623e-17 7.980515200738667100e-16 2.026523361690598171e-15 2.770436400363791851e-15 7.054833063221965794e-14
1.000000000000000000e+00 2.193525323865876787e-17 1.030461108355771281e-15 2.705815409784814024e-15 3.732768319431294807e-15 8.735266470664276861e-14
1.000000000000000000e+00 2.875195767684088810e-17 1.288318478048951221e-15 3.575282024647144508e-15 4.839395689195356842e-15 1.177311964280572387e-13
1.000000000000000000e+00 5.100974683430755763e-17 2.019570068226587620e-15 5.920514238236381996e-15 8.650586554048191046e-15 2.071333013962950442e-13
1.000000000000000000e+00 6.956982689542537987e-17 2.463015109520263340e-15 7.506103587805439820e-15 1.144386997409827314e-14 2.611671729574327472e-13
1.000000000000000000e+00 9.083312658092159613e-17 3.003359449430410139e-15 9.671284972412146075e-15 1.491218952519909186e-14 3.400873875049337247e-13
1.000000000000000000e+00 1.356904165156230411e-16 4.090037075704265265e-15 1.342504785047408597e-14 2.161482730539225627e-14 4.433097769082627870e-13
1.000000000000000000e+00 1.974442138030348625e-16 5.620546837328691328e-15 1.812155839883006214e-14 3.105768612665475714e-14 5.942479581327875238e-13
1.000000000000000000e+00 2.901597122905515309e-16 7.778302707603292759e-15 2.614341780711980368e-14 4.424116441573665293e-14 7.995290627477169565e-13
1.000000000000000000e+00 4.540417940407414418e-16 1.110803919820383540e-14 3.778125409097457532e-14 6.810718167823276437e-14 1.187153023454734502e-12
1.000000000000000000e+00 8.879369623705985533e-16 1.921941813055709491e-14 6.741328551157846349e-14 1.203687215005355693e-13 2.057175827255286471e-12
1.000000000000000000e+00 1.504284774544485670e-15 3.097451087936617387e-14 1.024420484422097766e-13 1.896072952508112697e-13 3.236749843843478303e-12
9.999998807907104492e-01 2.506492040153405695e-15 4.831917404710638075e-14 1.653481361161765473e-13 3.138175212313160101e-13 4.914759137858437654e-12
9.999998807907104492e-01 3.727517138674791772e-15 6.557178167413899028e-14 2.152362760677456466e-13 4.062928650200997582e-13 6.794129928794356843e-12
9.999997615814208984e-01 6.236322425807148961e-15 9.829624229374181454e-14 3.302664673861255284e-13 6.348228691853419203e-13 1.018346951903170705e-11
9.999997615814208984e-01 9.348874586534005465e-15 1.364073242381136364e-13 4.533085874985215424e-13 9.097876531999338212e-13 1.383437722018987515e-11
9.999997615814208984e-01 1.685580996069364901e-14 2.153072913100434471e-13 7.414544781099430271e-13 1.544749137633028013e-12 2.193481334067381994e-11
9.999995231628417969e-01 2.413418958766271744e-14 2.883966123638087575e-13 9.688812252495182520e-13 2.051043146086839464e-12 3.027323877691223686e-11
9.999994039535522461e-01 3.508256646344090623e-14 4.019730240941571386e-13 1.316237592009772417e-12 2.867123856040154628e-12 4.256526728307896690e-11
9.999994039535522461e-01 5.041945661432740977e-14 5.103463767038018961e-13 1.695109222259183479e-12 3.951235172383604777e-12 5.696220231610205076e-11
9.999991655349731445e-01 8.619388975348099557e-14 7.649639927574669596e-13 2.671520123176396311e-12 6.285792199245410217e-12 8.163208303768598739e-11
9.999988079071044922e-01 1.376696472750113531e-13 1.128184459915637650e-12 3.752264124412540980e-12 9.021753830107392957e-12 1.201533872396964853e-10
9.999985694885253906e-01 2.182783982859412553e-13 1.636168631136136753e-12 5.428619359593156446e-12 1.305951787683445886e-11 1.638856411689815218e-10
9.999982118606567383e-01 3.315263103105536846e-13 2.219984829646137747e-12 7.548541652857565509e-12 1.857037613961498579e-11 2.242388635886882753e-10
9.999979734420776367e-01 4.699220071228971118e-13 2.851766782788200949e-12 1.007987270040811012e-11 2.413902411291246608e-11 2.984237301717485025e-10
9.999974966049194336e-01 7.078028484500120676e-13 3.943036435555269392e-12 1.420017749220736647e-11 3.431918638163722335e-11 4.154684096757677025e-10
9.999967813491821289e-01 9.630344481939556722e-13 4.950966719929894566e-12 1.726666899737328009e-11 4.370081727045338482e-11 5.375131451046399889e-10
9.999959468841552734e-01 1.575336757743406313e-12 7.314104183420155891e-12 2.574908515573515189e-11 6.492881232667002678e-11 7.873883212106136398e-10
9.999953508377075195e-01 2.224836200687141385e-12 9.459517370802306147e-12 3.307709661726221384e-11 8.466807116525032484e-11 1.006164707106904643e-09
9.999942779541015625e-01 3.254001451971633152e-12 1.275696475538934394e-11 4.519321722407099173e-11 1.140260524890024385e-10 1.370627500385523945e-09
9.999926090240478516e-01 5.028432531473114864e-12 1.751029356233946288e-11 6.238111416312364099e-11 1.609307964667294755e-10 1.784045577934989524e-09
9.999909400939941406e-01 7.354187571417813984e-12 2.381934406658903214e-11 8.755534491866612257e-11 2.181463759631796506e-10 2.321647762926204450e-09
9.999878406524658203e-01 1.364963957833920105e-11 3.795810540885291573e-11 1.457591131126534378e-10 3.490928379701330186e-10 3.695296069139430983e-09
9.999852180480957031e-01 1.916104080956770872e-11 4.985518942124400610e-11 1.934698234951071072e-10 4.525640417973875174e-10 4.436652822903397464e-09
9.999821186065673828e-01 2.863310456791001712e-11 6.671836694227550879e-11 2.694263701030763514e-10 6.247193318209554036e-10 6.018100240368084997e-09
9.999775886535644531e-01 4.503731762528495608e-11 9.334503309199604359e-11 3.850925411885697258e-10 8.846251509098124188e-10 8.140681906354529929e-09
9.999732971191406250e-01 6.556213211217354342e-11 1.227841855966360640e-10 5.328784080660398104e-10 1.199141119734292715e-09 9.895773089851900295e-09
9.999703168869018555e-01 7.892456826974481032e-11 1.412050337767922770e-10 6.200703284164887918e-10 1.410621619513108271e-09 1.198049925932309634e-08
