9.060433949343860149e-04
7.763350848108530045e-03
9.921482801437377930e-01
9.999907016754150391e-01
9.999990463256835938e-01
9.999997615814208984e-01
9.999998807907104492e-01
1.000000000000000000e+00
1.000000000000000000e+00
1.000000000000000000e+00
1.000000000000000000e+00
1.000000000000000000e+00
1.000000000000000000e+00
1.000000000000000000e+00
1.000000000000000000e+00
1.000000000000000000e+00
1.000000000000000000e+00
1.000000000000000000e+00
1.000000000000000000e+00
1.000000000000000000e+00
1.000000000000000000e+00
1.000000000000000000e+00
1.000000000000000000e+00
1.000000000000000000e+00
1.000000000000000000e+00
9.999998807907104492e-01
9.999998807907104492e-01
9.999997615814208984e-01
9.999997615814208984e-01
9.999997615814208984e-01
9.999995231628417969e-01
9.999994039535522461e-01
9.999994039535522461e-01
9.999991655349731445e-01
9.999988079071044922e-01
9.999985694885253906e-01
9.999982118606567383e-01
9.999979734420776367e-01
9.999974966049194336e-01
9.999967813491821289e-01
9.999959468841552734e-01
9.999953508377075195e-01
9.999942779541015625e-01
9.999926090240478516e-01
9.999909400939941406e-01
9.999878406524658203e-01
9.999852180480957031e-01
9.999821186065673828e-01
9.999775886535644531e-01
9.999732971191406250e-01
9.999703168869018555e-01
