3.656085984727419180e-04
1.186191624918105370e-01
1.209626364817394606e+00
1.568471600170832758e+00
1.696853037983457879e+00
1.713910460376413480e+00
1.522931056457545562e+00
1.514689605362896652e+00
1.553220331782273256e+00
1.636234797784540618e+00
1.656923674201345564e+00
1.634690119650016538e+00
1.673401685072928080e+00
1.628017104518795000e+00
1.618435851625929844e+00
1.596294114095715644e+00
1.560252928641544079e+00
1.545903898743574256e+00
1.549339979562676994e+00
1.537116716343821077e+00
1.515113752484789300e+00
1.489381927503404368e+00
1.462925069484662055e+00
1.453781240147488552e+00
1.443361196142399328e+00
1.435099061761410999e+00
1.412972696944016393e+00
1.387941867667215945e+00
1.352352220714143627e+00
1.347980360940116862e+00
1.303806730900382682e+00
1.321105225380740267e+00
1.314045376894197759e+00
1.277291596324859446e+00
1.260367776781501803e+00
1.246660068511988406e+00
1.214454235154431405e+00
1.175632684958890506e+00
1.144267249860807079e+00
1.131805989097113052e+00
1.044191378535444414e+00
1.004024855720102583e+00
9.567544625587797169e-01
9.170089424467992023e-01
8.588776578022946362e-01
8.139363703851115739e-01
7.883194214940711930e-01
7.433621324803620922e-01
7.300161022179191272e-01
6.794497994280233044e-01
6.382204631490918656e-01
