 Iterations  Total_Loss        PSNR
        100  0.00293586 25.32264900
        200  0.00212715 26.72200966
        300  0.00169955 27.69666100
        400  0.00160455 27.94645882
        500  0.00146935 28.32873726
        600  0.00155346 28.08700752
        700  0.00132243 28.78628349
        800  0.00135830 28.67004013
        900  0.00126219 28.98875999
       1000  0.00112607 29.48433495
       1100  0.00119298 29.23365021
       1200  0.00115644 29.36875153
       1300  0.00112928 29.47197914
       1400  0.00109494 29.60608864
       1500  0.00103925 29.83280945
       1600  0.00102075 29.91081619
       1700  0.00107275 29.69499779
       1800  0.00104242 29.81958199
       1900  0.00095398 30.20461845
       2000  0.00096037 30.17559624
       2100  0.00094651 30.23873329
       2200  0.00100795 29.96561813
       2300  0.00094781 30.23278046
       2400  0.00090629 30.42733574
       2500  0.00089637 30.47514343
       2600  0.00087981 30.55613136
       2700  0.00089318 30.49059105
       2800  0.00090559 30.43069077
       2900  0.00084655 30.72348785
       3000  0.00083608 30.77753830
       3100  0.00085523 30.67915726
       3200  0.00083799 30.76760674
       3300  0.00081907 30.86676407
       3400  0.00083744 30.77047920
       3500  0.00080900 30.92053795
       3600  0.00084726 30.71983147
       3700  0.00076925 31.13929939
       3800  0.00078308 31.06194687
       3900  0.00080447 30.94492149
       4000  0.00075325 31.23063278
       4100  0.00077643 31.09899521
       4200  0.00078310 31.06180000
       4300  0.00080177 30.95952797
       4400  0.00080287 30.95357132
       4500  0.00078050 31.07626343
       4600  0.00076437 31.16695213
       4700  0.00073240 31.35250282
       4800  0.00074306 31.28974152
       4900  0.00073439 31.34072876
       5000  0.00072026 31.42511177
       5100  0.00074881 31.25627518
       5200  0.00071957 31.42927170
       5300  0.00070594 31.51231766
       5400  0.00070431 31.52236557
       5500  0.00072567 31.39262199
       5600  0.00069564 31.57613754
       5700  0.00071001 31.48734665
       5800  0.00072546 31.39388466
       5900  0.00069641 31.57136154
       6000  0.00069339 31.59022713
       6100  0.00067682 31.69525719
       6200  0.00070610 31.51135254
       6300  0.00070920 31.49230385
       6400  0.00068278 31.65718460
       6500  0.00065931 31.80907440
       6600  0.00070673 31.50745773
       6700  0.00067090 31.73341751
       6800  0.00065087 31.86508179
       6900  0.00068006 31.67449760
       7000  0.00065890 31.81182289
       7100  0.00066266 31.78707504
       7200  0.00068501 31.64303398
       7300  0.00067165 31.72859383
       7400  0.00065950 31.80784607
       7500  0.00066561 31.76778412
       7600  0.00065160 31.86016083
       7700  0.00065802 31.81762505
       7800  0.00063340 31.98318863
       7900  0.00062423 32.04655838
       8000  0.00062239 32.05936813
       8100  0.00062403 32.04794312
       8200  0.00061962 32.07875824
       8300  0.00063149 31.99634361
       8400  0.00063525 31.97055626
       8500  0.00064571 31.89964104
       8600  0.00063354 31.98223114
       8700  0.00060139 32.20843887
       8800  0.00062777 32.02199936
       8900  0.00060364 32.19220352
       9000  0.00061502 32.11110687
       9100  0.00060479 32.18393707
       9200  0.00059568 32.24988174
       9300  0.00061118 32.13830185
       9400  0.00061340 32.12258530
       9500  0.00060150 32.20762253
       9600  0.00060914 32.15283966
       9700  0.00057982 32.36703110
       9800  0.00060637 32.17265701
       9900  0.00058654 32.31699753
      10000  0.00058731 32.31130219
