       1    0.0077488702
       2    0.0258868337
       3    0.0829364955
       4    0.1830275655
       5    0.2953986824
       6    0.3589089513
       7    0.3670961559
       8    0.3947750926
       9    0.4830808938
      10    0.3757970333
      11    0.4392245412
      12    0.4988950491
      13    0.4821629524
      14    0.4859627783
      15    0.4404214323
      16    0.4192717969
      17    0.4239960611
      18    0.4996889532
      19    0.4415130615
      20    0.4063357115
      21    0.4174622297
      22    0.3842121959
      23    0.3818197250
      24    0.3577302396
      25    0.3894813955
      26    0.3184882402
      27    0.4114992917
      28    0.2984486222
      29    0.2888520062
      30    0.2915775478
      31    0.4024732411
      32    0.3413555622
      33    0.3755185008
      34    0.2520010471
      35    0.3210521042
      36    0.2445743978
      37    0.2884654403
      38    0.2026855648
      39    0.1465134770
      40    0.2231988609
      41    0.2243257463
      42    0.1563497335
      43    0.1797792614
      44    0.1677312851
      45    0.2215424478
      46    0.1583928615
      47    0.1478971243
      48    0.1015894413
      49    0.1041086614
      50    0.0534081087
      51    0.0516415760
      52    0.0909120962
      53    0.0571962632
      54    0.0918143764
      55    0.0237927008
      56    0.0281080250
      57    0.0602463447
      58    0.0223540924
      59    0.0383713953
      60    0.0419069715
      61    0.0617431179
      62    0.0465302877
      63    0.0333594047
      64    0.0575016364
      65    0.0395124331
      66    0.0188531484
      67    0.0244482066
      68    0.0189218931
      69    0.0134260068
      70    0.0279840659
      71    0.0209245943
      72    0.0188371688
      73    0.0145241264
      74    0.0143909836
      75    0.0113492794
      76    0.0117553305
      77    0.0065920823
      78    0.0065611415
      79    0.0074024792
      80    0.0043079467
      81    0.0063019749
      82    0.0063852724
      83    0.0036370945
      84    0.0016388224
      85    0.0028434787
      86    0.0022232966
      87    0.0043950872
      88    0.0035107988
      89    0.0015632391
      90    0.0026744534
      91    0.0038015614
      92    0.0047403951
      93    0.0009808247
      94    0.0013795275
      95    0.0009431751
      96    0.0014456621
      97    0.0008716390
      98    0.0004526534
      99    0.0006596422
     100    0.0008544553
     101    0.0012292534
     102    0.0006392390
     103    0.0004961994
     104    0.0003310204
     105    0.0002897095
     106    0.0003486515
     107    0.0005296319
     108    0.0001930583
     109    0.0002484441
     110    0.0001723414
     111    0.0001228933
     112    0.0000928726
     113    0.0001129149
     114    0.0001146759
     115    0.0000929087
     116    0.0000788841
     117    0.0000914274
     118    0.0001086432
     119    0.0000779290
     120    0.0000682888
     121    0.0000524253
     122    0.0000451248
     123    0.0001000792
     124    0.0000487163
     125    0.0000453033
     126    0.0000364564
     127    0.0000307531
     128    0.0000333265
