       1    0.3282001317
       2    0.5564643145
       3    0.6675237417
       4    0.7567649484
       5    0.7796519399
       6    0.8080335259
       7    0.8766324520
       8    0.9145462513
       9    0.8784729242
      10    0.8678240180
      11    0.8744800687
      12    0.8979497552
      13    0.9227854609
      14    0.9540984631
      15    0.9150896072
      16    0.9431238770
      17    0.9575310349
      18    0.9360986948
      19    0.9581443667
      20    0.9560654163
      21    0.9755623937
      22    0.9787821174
      23    0.9584741592
      24    0.9723592401
      25    0.9885076880
      26    0.9846984744
      27    0.9872193933
      28    0.9909967780
      29    0.9752795696
      30    0.9860924482
      31    0.9876831174
      32    0.9969457388
      33    0.9917143583
      34    0.9955321550
      35    0.9931184053
      36    0.9957677722
      37    0.9972869754
      38    0.9970638752
      39    0.9969507456
      40    0.9947616458
      41    0.9973425269
      42    0.9978978634
      43    0.9956155419
      44    0.9981707335
      45    0.9981788993
      46    0.9973685145
      47    0.9984023571
      48    0.9983281493
      49    0.9989858866
      50    0.9978671074
      51    0.9959993362
      52    0.9981524944
      53    0.9972018600
      54    0.9968894720
      55    0.9987418056
      56    0.9961111546
      57    0.9974826574
      58    0.9979434609
      59    0.9986295700
      60    0.9876798987
      61    0.9889191985
      62    0.9964209199
      63    0.9946182966
      64    0.9963350296
      65    0.9942323565
      66    0.9880526066
      67    0.9922863841
      68    0.9887081385
      69    0.9924300313
      70    0.9861483574
      71    0.9815626740
      72    0.9930012226
      73    0.9946543574
      74    0.9741605520
      75    0.9778909087
      76    0.9857005477
      77    0.9806188345
      78    0.9859198928
      79    0.9570941329
      80    0.9732309580
      81    0.9795632362
      82    0.9820606112
      83    0.9097686410
      84    0.9533996582
      85    0.9698402882
      86    0.9519028664
      87    0.9170785546
      88    0.8978523612
      89    0.9034774303
      90    0.9176545739
      91    0.9556922317
      92    0.9017281532
      93    0.8290956020
      94    0.9488241076
      95    0.8599745035
      96    0.8381469250
      97    0.8857017756
      98    0.8492617607
      99    0.9002437592
     100    0.6922812462
     101    0.8757585883
     102    0.8114826679
     103    0.7807726860
     104    0.6716147065
     105    0.7691802382
     106    0.7394502163
     107    0.7143154740
     108    0.7418987155
     109    0.5902181864
     110    0.6552705765
     111    0.6757397056
     112    0.4999085069
     113    0.5892377496
     114    0.5208103657
     115    0.3151966333
     116    0.5227607489
     117    0.4757894576
     118    0.3133232892
     119    0.4271415770
     120    0.3283076286
     121    0.3799695373
     122    0.2820794582
     123    0.2868837416
     124    0.3104163408
     125    0.3102021813
     126    0.2730725110
     127    0.2346458882
     128    0.2640036047
