       1    0.4420581460
       2    0.7058899403
       3    0.8751488328
       4    0.9297631979
       5    0.9341123104
       6    0.9397895932
       7    0.9568551779
       8    0.9660168886
       9    0.9470570087
      10    0.9563261867
      11    0.9305148125
      12    0.9092561007
      13    0.9437123537
      14    0.9246034622
      15    0.9168940187
      16    0.9101917744
      17    0.8869905472
      18    0.8885015845
      19    0.8068810701
      20    0.8026564717
      21    0.8604497313
      22    0.7501068711
      23    0.7029691339
      24    0.6981669664
      25    0.6491973996
      26    0.6406773925
      27    0.4464569688
      28    0.5638070107
      29    0.3394436240
      30    0.3238355815
      31    0.5572111607
      32    0.4629553556
      33    0.4859321117
      34    0.3333672285
      35    0.4284542799
      36    0.5188063383
      37    0.2434802353
      38    0.2036821246
      39    0.3638873696
      40    0.3012319207
      41    0.1628467590
      42    0.2998497486
      43    0.3066760898
      44    0.1566314697
      45    0.1979901195
      46    0.2108663023
      47    0.2834679782
      48    0.2627778649
      49    0.1012190282
      50    0.2355936170
      51    0.1615409255
      52    0.3343414068
      53    0.2134443969
      54    0.2207271159
      55    0.1277285367
      56    0.1681297123
      57    0.1937981695
      58    0.1174669415
      59    0.1459510177
      60    0.2912906110
      61    0.2154335529
      62    0.1741944253
      63    0.2171935737
      64    0.1347550005
      65    0.2729108632
      66    0.1552616805
      67    0.2414766699
      68    0.2187882066
      69    0.0851499960
      70    0.1922538579
      71    0.1438974142
      72    0.1470893025
      73    0.1246091723
      74    0.1703658849
      75    0.1351484954
      76    0.1434986293
      77    0.1572738737
      78    0.0554731935
      79    0.0661745742
      80    0.1208326519
      81    0.0685878918
      82    0.0643408522
      83    0.0301355682
      84    0.0230645202
      85    0.0307262763
      86    0.0208561029
      87    0.0415400863
      88    0.0279044919
      89    0.0079620443
      90    0.0336309671
      91    0.0204695649
      92    0.0065550026
      93    0.0075130458
      94    0.0063257399
      95    0.0095565608
      96    0.0035900935
      97    0.0042397692
      98    0.0025836085
      99    0.0030991230
     100    0.0037348510
     101    0.0007753435
     102    0.0023069070
     103    0.0023646553
     104    0.0019023712
     105    0.0010349804
     106    0.0008335800
     107    0.0008128819
     108    0.0007134794
     109    0.0012735522
     110    0.0005071519
     111    0.0007195423
     112    0.0004961919
     113    0.0005721761
     114    0.0003485927
     115    0.0002668847
     116    0.0003376170
     117    0.0002984181
     118    0.0005674464
     119    0.0005070725
     120    0.0001575886
     121    0.0002530499
     122    0.0002015408
     123    0.0002414717
     124    0.0001564923
     125    0.0002234036
     126    0.0001881693
     127    0.0000856403
     128    0.0001061935
