       1    0.1714213192
       2    0.2437520325
       3    0.3255818188
       4    0.3519856930
       5    0.3721453249
       6    0.3611616790
       7    0.3246176243
       8    0.3037951589
       9    0.2717914879
      10    0.2316310704
      11    0.2122184038
      12    0.1939866245
      13    0.1790467501
      14    0.1182730645
      15    0.1233148724
      16    0.1009768695
      17    0.0794261247
      18    0.0729802400
      19    0.0909201875
      20    0.0750912651
      21    0.0712318271
      22    0.0554582886
      23    0.0482122377
      24    0.0336630344
      25    0.0279711727
      26    0.0682233721
      27    0.0417626947
      28    0.0468495376
      29    0.0581530184
      30    0.0299510602
      31    0.0440016128
      32    0.0110556725
      33    0.0210229065
      34    0.0154022286
      35    0.0276605077
      36    0.0250500068
      37    0.0312839635
      38    0.0184717327
      39    0.0261257216
      40    0.0275923721
      41    0.0251156837
      42    0.0299321003
      43    0.0143851619
      44    0.0276375767
      45    0.0137364529
      46    0.0171359107
      47    0.0182934683
      48    0.0126228165
      49    0.0137915323
      50    0.0108113438
      51    0.0259430427
      52    0.0421229787
      53    0.0079766912
      54    0.0188592430
      55    0.0305894036
      56    0.0213610493
      57    0.0159644485
      58    0.0072701517
      59    0.0071486854
      60    0.0192269627
      61    0.0034956038
      62    0.0066281212
      63    0.0110970587
      64    0.0085997842
      65    0.0137513634
      66    0.0062793065
      67    0.0030179366
      68    0.0144554963
      69    0.0054686582
      70    0.0072552958
      71    0.0046143644
      72    0.0015813161
      73    0.0047664060
      74    0.0058873910
      75    0.0039220848
      76    0.0034012916
      77    0.0043082344
      78    0.0043333471
      79    0.0011906315
      80    0.0025248113
      81    0.0013688958
      82    0.0024247377
      83    0.0013412333
      84    0.0028350037
      85    0.0007795956
      86    0.0013894037
      87    0.0012477014
      88    0.0026056485
      89    0.0009115260
      90    0.0010841360
      91    0.0009825767
      92    0.0009875281
      93    0.0006534709
      94    0.0015536506
      95    0.0002809405
      96    0.0004830492
      97    0.0004042819
      98    0.0003327612
      99    0.0002696987
     100    0.0004364686
     101    0.0001930698
     102    0.0003094763
     103    0.0002102191
     104    0.0005063726
     105    0.0001503538
     106    0.0001502727
     107    0.0001012405
     108    0.0002298422
     109    0.0003933448
     110    0.0001398350
     111    0.0001674118
     112    0.0001021503
     113    0.0001313940
     114    0.0001788163
     115    0.0001511731
     116    0.0001329868
     117    0.0001471303
     118    0.0001026105
     119    0.0001439798
     120    0.0001646228
     121    0.0001250741
     122    0.0001411130
     123    0.0002152334
     124    0.0001718572
     125    0.0001356230
     126    0.0000990721
     127    0.0001617399
     128    0.0001538518
