       1    0.9759870768
       2    0.9795228839
       3    0.9842512608
       4    0.9867725372
       5    0.9899431467
       6    0.9904893637
       7    0.9931030869
       8    0.9945406914
       9    0.9945183396
      10    0.9951528907
      11    0.9942542315
      12    0.9956093431
      13    0.9952749610
      14    0.9956099391
      15    0.9949948788
      16    0.9950879216
      17    0.9958920479
      18    0.9953579903
      19    0.9954096079
      20    0.9956828356
      21    0.9946958423
      22    0.9957765937
      23    0.9939748049
      24    0.9937514663
      25    0.9940845966
      26    0.9909589887
      27    0.9933288097
      28    0.9911220670
      29    0.9870412946
      30    0.9889935851
      31    0.9920468926
      32    0.9896036983
      33    0.9886654615
      34    0.9866812229
      35    0.9770981073
      36    0.9847423434
      37    0.9829806089
      38    0.9716976881
      39    0.9567855597
      40    0.9580570459
      41    0.9422432780
      42    0.9674372673
      43    0.9442473650
      44    0.9510620832
      45    0.9111168981
      46    0.9219299555
      47    0.9086745977
      48    0.9205292463
      49    0.8858423233
      50    0.8972088695
      51    0.8535817266
      52    0.7823164463
      53    0.7341381311
      54    0.7278285623
      55    0.5976749659
      56    0.5928716660
      57    0.5567171574
      58    0.6340457797
      59    0.6760088205
      60    0.5279482603
      61    0.5421704650
      62    0.4847342670
      63    0.4518575668
      64    0.5667491555
      65    0.2872571647
      66    0.2464801073
      67    0.3378698826
      68    0.1980161816
      69    0.2427229285
      70    0.2050658464
      71    0.2437416315
      72    0.0920281336
      73    0.1431265920
      74    0.1203857586
      75    0.0685530454
      76    0.0689234436
      77    0.0661742836
      78    0.0455816798
      79    0.0317307115
      80    0.0296297614
      81    0.0090164049
      82    0.0239920095
      83    0.0112653198
      84    0.0251575094
      85    0.0181271750
      86    0.0173219591
      87    0.0127549218
      88    0.0124522159
      89    0.0058055711
      90    0.0105237523
      91    0.0051974999
      92    0.0034888941
      93    0.0040693674
      94    0.0039386060
      95    0.0022810204
      96    0.0009502451
      97    0.0019336280
      98    0.0012153066
      99    0.0013962057
     100    0.0008383670
     101    0.0002807023
     102    0.0008039350
     103    0.0007301862
     104    0.0004306702
     105    0.0003383629
     106    0.0005168957
     107    0.0002879575
     108    0.0005697151
     109    0.0003110951
     110    0.0003466432
     111    0.0004026385
     112    0.0002590450
     113    0.0002297590
     114    0.0002368732
     115    0.0002130523
     116    0.0001992690
     117    0.0001749036
     118    0.0001996659
     119    0.0001862427
     120    0.0002269375
     121    0.0001692704
     122    0.0001490010
     123    0.0002125508
     124    0.0001246216
     125    0.0002311144
     126    0.0001804950
     127    0.0001366801
     128    0.0001350683
