       1    0.5565772653
       2    0.6566177607
       3    0.7558125257
       4    0.8229430914
       5    0.8233770728
       6    0.8573399186
       7    0.8937633038
       8    0.8715928793
       9    0.9098248482
      10    0.8870459795
      11    0.9586187005
      12    0.8926173449
      13    0.9354376197
      14    0.9027523398
      15    0.9273540378
      16    0.9525145292
      17    0.9567861557
      18    0.9662226439
      19    0.9461059570
      20    0.9570769668
      21    0.9708122015
      22    0.9588598013
      23    0.9679250717
      24    0.9635969996
      25    0.9708425999
      26    0.9772102833
      27    0.9706203341
      28    0.9914240837
      29    0.9846213460
      30    0.9847826958
      31    0.9919700027
      32    0.9898648262
      33    0.9960701466
      34    0.9953218699
      35    0.9957911968
      36    0.9768685102
      37    0.9975519776
      38    0.9968268871
      39    0.9973259568
      40    0.9948518872
      41    0.9974297881
      42    0.9979451895
      43    0.9954732656
      44    0.9983341098
      45    0.9982686639
      46    0.9958653450
      47    0.9911595583
      48    0.9966055155
      49    0.9979000092
      50    0.9966792464
      51    0.9981803894
      52    0.9993618131
      53    0.9983702302
      54    0.9981013536
      55    0.9982041717
      56    0.9980781674
      57    0.9950850010
      58    0.9959995151
      59    0.9970011711
      60    0.9959867001
      61    0.9942985177
      62    0.9925733805
      63    0.9972937703
      64    0.9972240925
      65    0.9937876463
      66    0.9940604568
      67    0.9950861931
      68    0.9893430471
      69    0.9938215613
      70    0.9771876335
      71    0.9900550246
      72    0.9783135653
      73    0.9671254158
      74    0.9861333370
      75    0.9656292200
      76    0.9887424707
      77    0.9621092677
      78    0.9581939578
      79    0.9517744780
      80    0.9628691673
      81    0.9283511639
      82    0.9774784446
      83    0.9860615730
      84    0.9684689045
      85    0.9534305334
      86    0.9280046225
      87    0.9449722767
      88    0.9764133692
      89    0.9576427937
      90    0.9463282228
      91    0.9425857067
      92    0.8996418715
      93    0.8381088376
      94    0.9023327827
      95    0.8468505144
      96    0.9355452061
      97    0.6899685264
      98    0.8568350077
      99    0.7349603772
     100    0.8467968106
     101    0.6703758836
     102    0.7828925252
     103    0.6632367373
     104    0.7586901188
     105    0.7687113881
     106    0.7419228554
     107    0.6597952843
     108    0.6231502295
     109    0.7304455042
     110    0.6528566480
     111    0.5061593056
     112    0.6998445988
     113    0.5208674669
     114    0.5423554182
     115    0.6408560276
     116    0.2890508175
     117    0.4975724518
     118    0.5893552303
     119    0.3710784316
     120    0.3553771675
     121    0.5178066492
     122    0.3413161039
     123    0.3118826747
     124    0.4166247249
     125    0.2925094366
     126    0.2536730170
     127    0.3562608361
     128    0.2191959769
