       1    0.6842361093
       2    0.7743536830
       3    0.8403195739
       4    0.8819561601
       5    0.9187000990
       6    0.9386569262
       7    0.9496490359
       8    0.9611989856
       9    0.9608293772
      10    0.9638916254
      11    0.9451496005
      12    0.9576953650
      13    0.9493623972
      14    0.9245016575
      15    0.9206679463
      16    0.8940104246
      17    0.8786285520
      18    0.8516425490
      19    0.8079868555
      20    0.7175083160
      21    0.7899862528
      22    0.7059066296
      23    0.6839045882
      24    0.7327569127
      25    0.5472266674
      26    0.4627316296
      27    0.4630086124
      28    0.4732718766
      29    0.4609838724
      30    0.3408468962
      31    0.3026112318
      32    0.2232687473
      33    0.1764631271
      34    0.0904421955
      35    0.0780144855
      36    0.0686745644
      37    0.0787188858
      38    0.0292616952
      39    0.0333104581
      40    0.0810045078
      41    0.0127299810
      42    0.0111842118
      43    0.0207373314
      44    0.0192667954
      45    0.0076754000
      46    0.0094338218
      47    0.0035306739
      48    0.0105700446
      49    0.0038086004
      50    0.0012786048
      51    0.0012010796
      52    0.0018408064
      53    0.0005032151
      54    0.0003993042
      55    0.0007499810
      56    0.0006951705
      57    0.0002703935
      58    0.0004041072
      59    0.0002536896
      60    0.0001230069
      61    0.0003218536
      62    0.0002584808
      63    0.0002074586
      64    0.0001437211
      65    0.0000714944
      66    0.0000760704
      67    0.0000902344
      68    0.0000280700
      69    0.0000446994
      70    0.0000452573
      71    0.0000231608
      72    0.0000389002
      73    0.0000162134
      74    0.0000161243
      75    0.0000152757
      76    0.0000188769
      77    0.0000082447
      78    0.0000060046
      79    0.0000112487
      80    0.0000071282
      81    0.0000077814
      82    0.0000044682
      83    0.0000037830
      84    0.0000041099
      85    0.0000021481
      86    0.0000028866
      87    0.0000037700
      88    0.0000032300
      89    0.0000021559
      90    0.0000024863
      91    0.0000028872
      92    0.0000020056
      93    0.0000036739
      94    0.0000018300
      95    0.0000022232
      96    0.0000027844
      97    0.0000024795
      98    0.0000022829
      99    0.0000017961
     100    0.0000011554
     101    0.0000017370
     102    0.0000013305
     103    0.0000016153
     104    0.0000017460
     105    0.0000013025
     106    0.0000016493
     107    0.0000011899
     108    0.0000020162
     109    0.0000016029
     110    0.0000013189
     111    0.0000015070
     112    0.0000011809
     113    0.0000013696
     114    0.0000013674
     115    0.0000017363
     116    0.0000015992
     117    0.0000013250
     118    0.0000016224
     119    0.0000026132
     120    0.0000015125
     121    0.0000022515
     122    0.0000025245
     123    0.0000015498
     124    0.0000016194
     125    0.0000023843
     126    0.0000019521
     127    0.0000017677
     128    0.0000019471
