       1    0.9996202588
       2    0.9996587038
       3    0.9997375011
       4    0.9998084903
       5    0.9998789430
       6    0.9999063015
       7    0.9999415874
       8    0.9998936057
       9    0.9999435544
      10    0.9999407530
      11    0.9999677539
      12    0.9999560714
      13    0.9999470115
      14    0.9999523759
      15    0.9999763966
      16    0.9999564886
      17    0.9999606609
      18    0.9999694228
      19    0.9999389648
      20    0.9999302030
      21    0.9999475479
      22    0.9999293685
      23    0.9999540448
      24    0.9999039769
      25    0.9999088049
      26    0.9997769594
      27    0.9998266697
      28    0.9997541904
      29    0.9997165799
      30    0.9994234443
      31    0.9994850159
      32    0.9993344545
      33    0.9995210767
      34    0.9991322756
      35    0.9985522628
      36    0.9989976883
      37    0.9955916405
      38    0.9961947203
      39    0.9900376201
      40    0.9934644699
      41    0.9966132641
      42    0.9704665542
      43    0.9659224749
      44    0.9688105583
      45    0.9464839101
      46    0.8687888384
      47    0.9774270058
      48    0.8973496556
      49    0.8572383523
      50    0.8689648509
      51    0.8646162748
      52    0.7440136671
      53    0.7000820041
      54    0.6691184640
      55    0.6667299271
      56    0.5450248718
      57    0.4492200613
      58    0.3086905181
      59    0.3379628360
      60    0.2920175493
      61    0.0839252919
      62    0.0807893723
      63    0.1795825809
      64    0.0455289781
      65    0.0574579984
      66    0.0312519670
      67    0.0405083559
      68    0.0292953122
      69    0.0157504287
      70    0.0136346407
      71    0.0131652784
      72    0.0093092527
      73    0.0065881973
      74    0.0092269294
      75    0.0055503449
      76    0.0025139677
      77    0.0057350858
      78    0.0027207877
      79    0.0039778645
      80    0.0027772381
      81    0.0022786919
      82    0.0023942348
      83    0.0011642362
      84    0.0013791703
      85    0.0013534168
      86    0.0019824270
      87    0.0015323283
      88    0.0012881828
      89    0.0009877627
      90    0.0011214456
      91    0.0008329071
      92    0.0010108962
      93    0.0008689986
      94    0.0007882836
      95    0.0008395020
      96    0.0011072829
      97    0.0007993501
      98    0.0007354001
      99    0.0012139180
     100    0.0005286253
     101    0.0007571060
     102    0.0007637054
     103    0.0009405263
     104    0.0007010656
     105    0.0004137118
     106    0.0007485371
     107    0.0008706423
     108    0.0006875894
     109    0.0006187832
     110    0.0004667733
     111    0.0006488812
     112    0.0005667162
     113    0.0007762508
     114    0.0003550778
     115    0.0003587586
     116    0.0003556261
     117    0.0003410623
     118    0.0004770883
     119    0.0004698785
     120    0.0003743655
     121    0.0006413664
     122    0.0003949406
     123    0.0002973729
     124    0.0004998654
     125    0.0005315942
     126    0.0003616258
     127    0.0003205410
     128    0.0005032468
