2.467661251856683520e-04
2.002742580638580032e-04
2.044086970736272262e-03
1.302559345220872244e-01
7.175865832570773595e-01
9.406372419758844972e-01
9.876441578936925314e-01
1.023765279285323349e+00
1.026378214701905600e+00
1.021454450538317182e+00
1.012048457589120654e+00
1.006007660361553979e+00
1.007544315714697714e+00
1.018440532319701441e+00
1.025838938930826894e+00
1.024875163872157602e+00
1.026178859040248081e+00
1.026774520930106460e+00
1.026948823517661369e+00
1.028522223379488620e+00
1.026932589125643114e+00
1.027238637478877781e+00
1.013806782541922358e+00
1.013662677259685507e+00
1.012798713648239923e+00
1.020360065453327358e+00
1.014922546250146107e+00
1.018952283113366164e+00
1.014878185606935546e+00
1.014495975908429548e+00
1.012165572359524646e+00
1.004826424619675862e+00
1.001946390029063494e+00
9.998776741901828080e-01
1.004746722439931572e+00
9.960213714079486635e-01
9.989769660700539289e-01
9.916508459287385335e-01
9.860366190428884181e-01
9.757178924979938994e-01
9.827181890595830804e-01
9.813138807458975377e-01
9.736336103490708105e-01
9.764046139611896047e-01
9.729730776993368302e-01
9.694235581605110674e-01
9.694809464022550172e-01
9.665616285914500061e-01
9.674951395366035989e-01
9.687274167414529069e-01
9.729615866893485121e-01
9.671456658549247853e-01
9.665901556918279347e-01
9.720047596832303016e-01
9.672542959842327370e-01
9.609043104181438366e-01
9.506131088506631910e-01
9.597612221570990254e-01
9.531655828484115744e-01
9.570621709738023064e-01
9.577167576939493721e-01
9.549164920912789345e-01
9.571176217778155637e-01
9.572379433417046446e-01
9.608798586178198819e-01
9.574639554742069292e-01
9.528883288283451769e-01
9.516313993985792141e-01
9.469148742639657002e-01
9.565655856409942537e-01
9.449288001655239411e-01
9.411239396954468317e-01
9.269293355664196543e-01
9.264583377732947822e-01
9.226688431886670427e-01
9.183443485576077148e-01
9.184666075592272660e-01
9.143646510343946820e-01
9.049355424488264577e-01
9.094368115707522904e-01
9.039449773029170077e-01
9.028866686446347378e-01
8.949119745209568322e-01
8.856962513185432373e-01
8.962697175209107803e-01
8.723434304793561411e-01
8.658829441544263483e-01
8.734645388433883717e-01
8.751736261545541851e-01
8.615384738722826619e-01
8.628211244581270867e-01
8.649124214677987865e-01
8.733052681002948514e-01
8.689672114051213425e-01
8.597611085831631250e-01
8.761140183440613294e-01
8.776637012957383410e-01
8.708592195613333864e-01
8.763190527025151999e-01
8.664709899097574608e-01
8.648906419953791280e-01
