1.459333463571965694e-03 5.896763104829005897e-05 6.360959378071129322e-05 2.653462346643209457e-03 1.450172858312726021e-04 6.426452455343678594e-05
4.056940786540508270e-03 5.765642345068044960e-05 2.881973159674089402e-05 1.206297893077135086e-02 2.991933433804661036e-05 1.219728874275460839e-04
9.351406246423721313e-02 1.092117690859595314e-05 2.810318073898088187e-05 1.180845778435468674e-02 6.398077857738826424e-06 3.983524511568248272e-04
2.259832620620727539e-01 1.256352248901748681e-07 1.359777684228902217e-06 4.443790763616561890e-03 1.675103504794606124e-07 8.699063073436263949e-06
3.067681789398193359e-01 1.491962642319322185e-08 3.568301849554700311e-07 1.490464550442993641e-03 2.718689628977699613e-08 1.098825123335700482e-06
3.091047704219818115e-01 1.239726543644792400e-09 6.276969344298777287e-08 2.731147105805575848e-04 2.855206293617129631e-09 1.105485907260117528e-07
2.217097282409667969e-01 1.756896989002498799e-10 1.480648315066446230e-08 6.181096978252753615e-05 3.471831711010509025e-10 1.437465968479045841e-08
2.409418970346450806e-01 1.148957387564486510e-10 1.255754344953174950e-08 4.453826113604009151e-05 2.093980683293139577e-10 8.093699044309232704e-09
3.112128376960754395e-01 8.022137815144603223e-11 9.794224098413906177e-09 4.439419717527925968e-05 1.556305639915933625e-10 5.252078327799836188e-09
4.089906811714172363e-01 7.196315765511940299e-11 8.785960403656645212e-09 5.003097612643614411e-05 1.190127718597722151e-10 4.063600123060950864e-09
5.604366660118103027e-01 5.822990006842942989e-11 6.871118785056751221e-09 3.834561357507482171e-05 8.731461387245786909e-11 2.793786757493421646e-09
6.374465227127075195e-01 6.422284232199260146e-11 6.659020890253941616e-09 3.609684063121676445e-05 9.029619413292166996e-11 2.488104389186673870e-09
7.149022817611694336e-01 8.234226495096308440e-11 7.469166618534472946e-09 3.801693674176931381e-05 1.117125073002434021e-10 2.799767750971682290e-09
7.743757367134094238e-01 6.262519669508748166e-11 5.529464441877962599e-09 3.667962664621882141e-05 7.869430107554364895e-11 2.111186114817087400e-09
8.013216257095336914e-01 5.953659787394371961e-11 5.048725881806603866e-09 3.995060251327231526e-05 7.437200855164860513e-11 1.918284198154651676e-09
8.237872123718261719e-01 5.459369761817711719e-11 4.371771389344303316e-09 4.168082523392513394e-05 6.697666032895455146e-11 1.765328105918229085e-09
8.554186224937438965e-01 3.089454386762113813e-11 2.474733529211903260e-09 4.401768092066049576e-05 3.382420732389590512e-11 1.008211292230498657e-09
8.629462122917175293e-01 2.735771331696668085e-11 2.103492269256435065e-09 4.646033266908489168e-05 2.780040954386553409e-11 8.401592199724916554e-10
8.727875351905822754e-01 2.044396769929068824e-11 1.548887462732295717e-09 5.705110743292607367e-05 2.006587430936068728e-11 6.116940287625993733e-10
8.910558223724365234e-01 1.658749700095274449e-11 1.125757043141106806e-09 6.405144085874781013e-05 1.508918164028205666e-11 4.748089699191382351e-10
8.915585875511169434e-01 1.559698550868127143e-11 1.044952457895931275e-09 7.124221883714199066e-05 1.341797766646335432e-11 4.457319791040248447e-10
9.077563285827636719e-01 1.459332134301494222e-11 9.299579994959117357e-10 7.286830077646300197e-05 1.175268736497425692e-11 4.112057361282950296e-10
9.112692475318908691e-01 1.222468480610583441e-11 7.892993481029009217e-10 7.363555050687864423e-05 9.171369393101702627e-12 3.387392866205374276e-10
9.149433970451354980e-01 8.528503424309885617e-12 5.385188961426479182e-10 7.253205694723874331e-05 6.170105659036861923e-12 2.361057183097869938e-10
9.109607934951782227e-01 7.442750409036857917e-12 5.144348280694543973e-10 7.534518226748332381e-05 5.874284565721143991e-12 2.060068921005964171e-10
9.117464423179626465e-01 5.561840918377747300e-12 4.287398214231075144e-10 7.118661596905440092e-05 4.345029110813802831e-12 1.518973419267766189e-10
9.181473255157470703e-01 3.887599443752609574e-12 3.093048039914947367e-10 6.196754839038476348e-05 2.961887679564512155e-12 1.025202284177240131e-10
9.197952151298522949e-01 3.097692241604832475e-12 2.414011213147659873e-10 6.714748451486229897e-05 2.405028650190321748e-12 7.708111926518768087e-11
9.230828881263732910e-01 2.205840544944326354e-12 1.730841026059692922e-10 6.452421075664460659e-05 1.742010398778082170e-12 5.509923073354627832e-11
9.226487278938293457e-01 2.070802080159084291e-12 1.539207927780950058e-10 7.154024933697655797e-05 1.572633082785879211e-12 4.766625288921133574e-11
9.246900677680969238e-01 1.798137702103963509e-12 1.376466440827783799e-10 7.073445885907858610e-05 1.400463295678222586e-12 4.037101902776285556e-11
9.309918284416198730e-01 1.200635727990895241e-12 9.252797139591706355e-11 6.176008901093155146e-05 9.027042351464342751e-13 2.715446964507428618e-11
9.337003827095031738e-01 1.092762057057494740e-12 8.136602502872847253e-11 6.686021515633910894e-05 8.365754378299172789e-13 2.289752241979581271e-11
9.345663785934448242e-01 8.616920111476078503e-13 6.585402362313530489e-11 4.990855450159870088e-05 6.377004501713356976e-13 1.894224360698970600e-11
9.351931810379028320e-01 7.709151784822398934e-13 5.551756623867198925e-11 5.172458986635319889e-05 5.524993982285175687e-13 1.646218751594208385e-11
9.317132234573364258e-01 7.904690357135590872e-13 5.653491216839334754e-11 5.756234531872905791e-05 5.724656317561416241e-13 1.630800529339726523e-11
9.366369843482971191e-01 5.821580197074016638e-13 4.083695534506937008e-11 4.756432463182136416e-05 4.223652948654593731e-13 1.218967982108409842e-11
9.387270808219909668e-01 5.657476982549869415e-13 3.549577645700630057e-11 4.856521991314366460e-05 3.997292948032526994e-13 1.138812395079513706e-11
9.383857250213623047e-01 5.450498451013696677e-13 3.350958746595189552e-11 4.674155206885188818e-05 3.789923019512086988e-13 1.016810767529019444e-11
9.444578886032104492e-01 5.785158593493711088e-13 3.262330336428753697e-11 4.734822869068011642e-05 3.854187748033449656e-13 1.043562979086143372e-11
9.437289237976074219e-01 6.772561569716450958e-13 3.596417608164870217e-11 5.221770334173925221e-05 4.783778624964374337e-13 1.280765511008086222e-11
9.434211850166320801e-01 5.930241649305945106e-13 3.150636349036339823e-11 4.868250834988430142e-05 3.879900957806659001e-13 1.079195847270009168e-11
9.407672286033630371e-01 6.963650576313762386e-13 3.523434669028269184e-11 5.026073631597682834e-05 4.423934634421866630e-13 1.196257416041790478e-11
9.432604908943176270e-01 6.462370243966175654e-13 3.105263268743385652e-11 4.689644629252143204e-05 4.123589490701018434e-13 1.113630975629886777e-11
9.390316009521484375e-01 7.766378143890528829e-13 3.524172620394949718e-11 5.709713514079339802e-05 4.964427306741736601e-13 1.280960667399133612e-11
9.386302232742309570e-01 8.622984054226789929e-13 3.659543501566275836e-11 5.613444955088198185e-05 5.318803123627313667e-13 1.473150768038777869e-11
9.367428421974182129e-01 1.075885257620368129e-12 4.461455857529550428e-11 5.977962791803292930e-05 6.471926944015549132e-13 1.788464341900830590e-11
9.399814605712890625e-01 1.134344137718179546e-12 4.286135682485259224e-11 6.116669101174920797e-05 6.477354460091011568e-13 1.768678606350881921e-11
9.334353208541870117e-01 1.437491727214468273e-12 5.101672903573550855e-11 7.142488175304606557e-05 8.257796573277187413e-13 2.125554073029167768e-11
9.315840601921081543e-01 1.483292655368728674e-12 5.286518792169125902e-11 7.066862599458545446e-05 8.286641229975078016e-13 2.163471311822373622e-11
9.352640509605407715e-01 1.570516828565404754e-12 5.156291019159375821e-11 7.608095620526000857e-05 8.294578674079844394e-13 2.143251548458735556e-11
9.327803254127502441e-01 1.518621057898517090e-12 5.056297047723035121e-11 7.774695404805243015e-05 8.290764450837040389e-13 2.208604132913905005e-11
9.276526570320129395e-01 2.166371899578467541e-12 6.540776253949331931e-11 9.300726378569379449e-05 1.152358915755546942e-12 2.846660754340923916e-11
9.276359081268310547e-01 2.267008846271179046e-12 7.013488401153011864e-11 9.247518755728378892e-05 1.172133570759292809e-12 3.094070138986992902e-11
9.269202351570129395e-01 2.458395683205272242e-12 7.296205306595027196e-11 1.006707461783662438e-04 1.296843275128134465e-12 3.173620047314251735e-11
9.268466234207153320e-01 2.643075211819501114e-12 7.630961834648175568e-11 9.335164941148832440e-05 1.380446538329360706e-12 3.419482058619749409e-11
9.259922504425048828e-01 3.253237089440030871e-12 8.581546584451871240e-11 1.020002819132059813e-04 1.576758472052186555e-12 4.028439040681952577e-11
9.278565049171447754e-01 3.612000672517656774e-12 9.238854126181195170e-11 1.085714829969219863e-04 1.707102991951869875e-12 4.206435547104980799e-11
9.267010092735290527e-01 3.411504368930340370e-12 8.308373433685289910e-11 1.181317711598239839e-04 1.540668092235575326e-12 4.061026862012262484e-11
9.291450977325439453e-01 4.903671652761731892e-12 1.096592261440321181e-10 1.239983394043520093e-04 2.169460141046575252e-12 5.587421844643891689e-11
9.244802594184875488e-01 5.553506439437416731e-12 1.152773362878001251e-10 1.415902079315856099e-04 2.359688833220019433e-12 5.798365954046147408e-11
9.287125468254089355e-01 5.387806520373850105e-12 1.147698255876683504e-10 1.274124660994857550e-04 2.271792346256185091e-12 5.679384046386459772e-11
9.294766783714294434e-01 5.786904809512716241e-12 1.177356268033946662e-10 1.356019638478755951e-04 2.390875908711564968e-12 6.007225966664364591e-11
9.260215759277343750e-01 6.126785277033031107e-12 1.214684325345771754e-10 1.398818858433514833e-04 2.497588290698016245e-12 6.066287056016861357e-11
9.250389337539672852e-01 7.008138860897794586e-12 1.283300965493339163e-10 1.594321511220186949e-04 2.826568840097465340e-12 6.810855351924161027e-11
9.240515232086181641e-01 7.109735543353590259e-12 1.332260274322649707e-10 1.476808829465880990e-04 2.638745775704331997e-12 6.491122916951752586e-11
9.290254116058349609e-01 8.357693877247829306e-12 1.472616056874542778e-10 1.560198870720341802e-04 3.121053112134508645e-12 7.763754222844809760e-11
9.266090989112854004e-01 9.098749531588623540e-12 1.601065530154599514e-10 1.587315928190946579e-04 3.302326728044091553e-12 8.116916166978072056e-11
9.245195984840393066e-01 9.709806743363191828e-12 1.630295481946930636e-10 1.708261552266776562e-04 3.539032131585906349e-12 8.633466858087857076e-11
9.260382056236267090e-01 9.622188462676817267e-12 1.601126176087319664e-10 1.739001163514330983e-04 3.345678335070489950e-12 8.586752836547972834e-11
9.243252277374267578e-01 1.144543921444141077e-11 1.833339313694892780e-10 1.908499834826216102e-04 3.894864899350869436e-12 1.001327354366310374e-10
9.261842370033264160e-01 1.131059482184504361e-11 1.737133353829634075e-10 1.817587763071060181e-04 3.676862200124864088e-12 9.639913867154348281e-11
9.270936846733093262e-01 1.155670004138187323e-11 1.746977007499594947e-10 1.765585475368425250e-04 3.801477795745134003e-12 9.629394503996024923e-11
9.304318428039550781e-01 1.339160293073460295e-11 1.923814302307036428e-10 1.820295437937602401e-04 4.255036861050554009e-12 1.144929567820085481e-10
9.261446595191955566e-01 1.388376219546572088e-11 1.979980901456457332e-10 1.834117865655571222e-04 4.190863801822874990e-12 1.197897059324048996e-10
9.274131655693054199e-01 1.439897680255430856e-11 1.964807067045271083e-10 1.917889312608167529e-04 4.337886386901468327e-12 1.169249974619646082e-10
9.250769615173339844e-01 1.595450681290966344e-11 2.148577704641496666e-10 2.023565757554024458e-04 4.995244669292464579e-12 1.346778522037794801e-10
9.283148646354675293e-01 1.824701154062857711e-11 2.327246034772301186e-10 2.173624525312334299e-04 5.608488933689370626e-12 1.455289777574364507e-10
9.273030757904052734e-01 1.811963253051107614e-11 2.277624477908801737e-10 2.109959168592467904e-04 5.424626026151457836e-12 1.492933693336695455e-10
9.270392656326293945e-01 1.621589147682289678e-11 2.010153155040939055e-10 2.019068342633545399e-04 4.550426008220753715e-12 1.300511365265322183e-10
9.300612211227416992e-01 1.949073021034752884e-11 2.289672895727790092e-10 1.954310137080028653e-04 5.421141834049958419e-12 1.491590462254777094e-10
9.282490611076354980e-01 2.222006433016954219e-11 2.512510755003916074e-10 2.161854645237326622e-04 6.199616341129310371e-12 1.688168493885200405e-10
9.280634522438049316e-01 2.280578330349225524e-11 2.603306459292298314e-10 2.223751216661185026e-04 6.355953090231292180e-12 1.746920802458973299e-10
9.291139841079711914e-01 2.789931306812487577e-11 2.846131663680750989e-10 2.393828181084245443e-04 7.138808207768354563e-12 1.868387389247772035e-10
9.319728016853332520e-01 2.268504134539384154e-11 2.407154475747574907e-10 2.180286101065576077e-04 5.853277931788802846e-12 1.580370834197708518e-10
9.286128878593444824e-01 2.825194418687448916e-11 2.895471917785386040e-10 2.393678150838240981e-04 7.081310798157103292e-12 1.945378302892208922e-10
9.277611970901489258e-01 2.857847812565150747e-11 2.907203366930843913e-10 2.424082194920629263e-04 6.907567833697170201e-12 1.972127461336015131e-10
9.286245107650756836e-01 2.663871206953771775e-11 2.635208995460658343e-10 2.263013011543080211e-04 6.395864306923959575e-12 1.909391394994131019e-10
9.278611540794372559e-01 3.564788395027385093e-11 3.287705108157013001e-10 2.460413088556379080e-04 8.480190508142193551e-12 2.284518130224455490e-10
9.268339276313781738e-01 3.481235785751657374e-11 3.218003918892264892e-10 2.530083584133535624e-04 8.352400368560886079e-12 2.374591079323806753e-10
9.290789365768432617e-01 3.701831549629552853e-11 3.380059843127725117e-10 2.411697932984679937e-04 8.977264244480753774e-12 2.462192394414586261e-10
9.322326779365539551e-01 3.964950937018763000e-11 3.646128676759730070e-10 2.410070737823843956e-04 9.330278737118558041e-12 2.677464083777891801e-10
9.304713010787963867e-01 4.127597569292262847e-11 3.664258341196102720e-10 2.526640600990504026e-04 9.239879694700192658e-12 2.659337194899080714e-10
9.301748275756835938e-01 4.268843264987332020e-11 3.683352511885118474e-10 2.670489484444260597e-04 9.797658344357085269e-12 2.834620871361437366e-10
9.294268488883972168e-01 4.850391616129101635e-11 4.070962456026450127e-10 2.603280590847134590e-04 1.120878390103996480e-11 3.126236491901579484e-10
9.297538995742797852e-01 5.567320909838358034e-11 4.506114648084036389e-10 2.758373448159545660e-04 1.226320694297511338e-11 3.409064142090301175e-10
9.315183758735656738e-01 6.276304476138250266e-11 4.796011920937814921e-10 2.804907853715121746e-04 1.315845869764853404e-11 3.777443635666344335e-10
9.268934130668640137e-01 6.470084190635105870e-11 4.949512466545513689e-10 2.814357867464423180e-04 1.388168746618845262e-11 3.876412524306260821e-10
9.274024367332458496e-01 7.182384548221065756e-11 5.383055112773149631e-10 3.108472737949341536e-04 1.539211119672145855e-11 4.209972370716741352e-10
9.253763556480407715e-01 7.900417126061043405e-11 5.730356744670928038e-10 3.139051550533622503e-04 1.613557377988517061e-11 4.256182073447689618e-10
9.251536726951599121e-01 9.520580851463122940e-11 6.584825462674359642e-10 3.257214557379484177e-04 1.959350216795829880e-11 5.095671662402878610e-10
