1.093230792321264744e-03 2.656771357578691095e-05 5.941474591963924468e-05 8.304676157422363758e-04 1.726104674162343144e-04 4.874309161095879972e-05
4.304387606680393219e-03 2.184531876991968602e-05 1.841840639826841652e-05 9.635694324970245361e-03 2.202360701630823314e-05 2.867968942155130208e-05
1.554526272229850292e-03 1.321241052210098132e-05 1.634092041058465838e-05 3.257539821788668633e-03 4.736268601845949888e-05 4.041721695102751255e-04
5.151706864126026630e-04 5.506773277375032194e-07 1.928640813275706023e-06 4.550978483166545630e-04 5.537721335713285953e-06 1.331224921159446239e-04
4.686370375566184521e-04 3.726494242073385976e-07 2.506771124899387360e-06 2.053063217317685485e-04 5.327686267264652997e-06 7.080835348460823298e-05
8.576893596909940243e-04 4.853559403272811323e-07 4.498650923778768629e-06 1.928955607581883669e-04 4.775134584633633494e-06 5.391921149566769600e-05
1.566642080433666706e-03 6.359450139825639781e-07 7.073425422277068719e-06 1.806705404305830598e-04 3.985379407822620124e-06 4.709341374109499156e-05
4.146655555814504623e-03 1.376455998070014175e-06 1.309986510023009032e-05 3.525754145812243223e-04 3.775100594793912023e-06 7.213816570583730936e-05
9.992772713303565979e-03 2.016919097513891757e-06 1.996169339690823108e-05 7.646238082088530064e-04 3.794534222834045067e-06 9.509396477369591594e-05
2.682662755250930786e-02 1.797992808860726655e-06 2.368756940995808691e-05 1.420628745108842850e-03 2.584106823633192107e-06 8.091663039522245526e-05
5.874381586909294128e-02 1.706489001662703231e-06 2.223514275101479143e-05 1.815804396755993366e-03 1.871862536972912494e-06 6.391948409145697951e-05
9.643289446830749512e-02 1.646736791371949948e-06 2.117324402206577361e-05 2.068668138235807419e-03 1.673288124948157929e-06 5.305701051838696003e-05
1.254032403230667114e-01 1.724273829495359678e-06 2.269035940116737038e-05 1.933037419803440571e-03 1.619359068172343541e-06 4.420976256369613111e-05
2.015875428915023804e-01 1.288767293772252742e-06 1.567217259434983134e-05 1.871319022029638290e-03 1.043223846863838844e-06 3.098500747000798583e-05
2.844917476177215576e-01 1.226211225002771243e-06 1.363489172945264727e-05 1.659951056353747845e-03 7.223347893159370869e-07 2.643177322170231491e-05
3.461003005504608154e-01 1.176726641460845713e-06 1.152801451098639518e-05 1.425587572157382965e-03 5.563867944147204980e-07 1.993285513890441507e-05
4.216988980770111084e-01 9.018059472509776242e-07 8.724967301532160491e-06 1.213657902553677559e-03 3.704715538788150297e-07 1.399999018758535385e-05
4.528376460075378418e-01 7.438248417201975826e-07 6.811755611124681309e-06 1.155809499323368073e-03 2.546591986174462363e-07 1.151504329754970968e-05
4.995726346969604492e-01 3.891966287028481020e-07 3.629564616858260706e-06 9.375512599945068359e-04 1.162161993306654040e-07 6.148801276140147820e-06
5.047784447669982910e-01 3.403217476716235979e-07 3.471738637017551810e-06 9.285415289923548698e-04 1.013736081745264528e-07 6.166425464471103624e-06
5.645351409912109375e-01 1.486053520238783676e-07 1.561894805490737781e-06 6.604235968552529812e-04 3.843208062903613609e-08 3.110692887275945395e-06
6.194797158241271973e-01 9.330701544740804820e-08 8.842446845847007353e-07 5.392999155446887016e-04 2.122147613192737481e-08 1.973335656657582149e-06
6.473922729492187500e-01 5.181140139143280976e-08 5.519539172382792458e-07 4.084231622982770205e-04 1.112431480265740902e-08 1.075459636012965348e-06
6.805547475814819336e-01 2.955771627455305861e-08 3.539625197390705580e-07 2.550345379859209061e-04 5.702494476622632646e-09 6.733594659635855351e-07
6.989796161651611328e-01 2.285317712846790528e-08 2.826282354817521991e-07 1.704712049104273319e-04 3.828345640499719593e-09 5.073180773251806386e-07
7.170041799545288086e-01 2.030171941669323132e-08 2.848055089543777285e-07 1.192220806842669845e-04 3.460683739575642903e-09 4.374514048777200514e-07
7.350946664810180664e-01 1.562384177589137835e-08 2.236210150385886664e-07 9.646109538152813911e-05 2.425545764239700475e-09 3.234180212530191056e-07
7.727953195571899414e-01 1.477101996272267570e-08 2.350676453488631523e-07 6.140179175417870283e-05 2.304434199018601248e-09 2.708746364987746347e-07
7.906582355499267578e-01 1.358236190185380110e-08 2.587425456113123801e-07 4.706050458480603993e-05 2.343733873644282539e-09 2.291143061938782921e-07
8.044422268867492676e-01 1.692489348670278559e-08 3.154190437726356322e-07 3.829697016044519842e-05 2.860230052803558465e-09 2.700223262763756793e-07
8.068346381187438965e-01 2.172096813524149184e-08 4.378127869131276384e-07 3.624500459409318864e-05 4.160283673115827696e-09 3.159184416290372610e-07
8.171271085739135742e-01 2.564260448423283378e-08 5.427004907687660307e-07 3.089814708800986409e-05 5.011649317765431988e-09 3.089770359565591207e-07
8.078241944313049316e-01 3.497194356327781861e-08 7.673559707654931117e-07 3.019717951247002929e-05 7.306842686460868208e-09 4.065431937760877190e-07
8.141277432441711426e-01 3.656782965322236123e-08 8.257141530521039385e-07 3.016679693246260285e-05 7.397856993662799141e-09 3.862032542656379519e-07
8.112027645111083984e-01 4.142002296703140019e-08 9.881345022222376429e-07 3.171351636410690844e-05 8.257486250329293398e-09 3.788186120345926611e-07
8.185020089149475098e-01 5.633552646600037406e-08 1.343100279882492032e-06 3.553574788384139538e-05 1.167992369488501936e-08 4.720961328530393075e-07
8.283414244651794434e-01 5.226716837114508962e-08 1.252659558304003440e-06 3.836899850284680724e-05 1.039386887669024873e-08 3.940063493246270809e-07
8.397486805915832520e-01 5.730665719738681219e-08 1.347332158729841467e-06 3.985430885222740471e-05 1.118182968440351033e-08 4.077899973253806820e-07
8.342349529266357422e-01 7.190568851456191624e-08 1.797988716134568676e-06 5.047118611400946975e-05 1.444075525824928263e-08 4.919713774143019691e-07
8.333741426467895508e-01 8.539415574659869890e-08 2.262816906295483932e-06 4.907687252853065729e-05 1.819780415246441407e-08 5.743662541135563515e-07
8.284643888473510742e-01 8.723251454512137570e-08 2.417990344838472083e-06 5.075818262412212789e-05 1.992103371151188185e-08 6.132913767942227423e-07
8.199273943901062012e-01 1.084935590256463911e-07 3.007908617291832343e-06 5.953061190666630864e-05 2.684026334520694945e-08 7.717782750660262536e-07
8.190294504165649414e-01 1.120836472523478733e-07 3.420513849050621502e-06 5.564820094150491059e-05 3.030123707503662445e-08 8.108518159133382142e-07
8.157010674476623535e-01 1.414158106172180851e-07 4.217001333017833531e-06 6.427212792914360762e-05 3.769130429986944364e-08 1.017774479805666488e-06
8.169753551483154297e-01 1.770197570749587612e-07 5.215416877035750076e-06 6.396259414032101631e-05 4.835722933194119832e-08 1.216212694998830557e-06
8.211074471473693848e-01 1.559652815785739222e-07 4.693523806054145098e-06 6.730787572450935841e-05 4.364597572248385404e-08 1.051025833476160187e-06
8.210542798042297363e-01 1.586654434504453093e-07 5.025112386647379026e-06 6.744616257492452860e-05 4.690897270620553172e-08 1.193651883113489021e-06
8.103703856468200684e-01 2.040635393996126368e-07 6.922700777067802846e-06 7.195577200036495924e-05 6.615969283529921086e-08 1.520638761576265097e-06
8.082826733589172363e-01 1.973715910708051524e-07 7.192439170466968790e-06 7.223602733574807644e-05 6.670575913858556305e-08 1.584636493134894408e-06
8.062763214111328125e-01 2.181181883997851401e-07 7.837143130018375814e-06 8.034086204133927822e-05 7.859679129751384608e-08 1.788148665582411923e-06
7.952963113784790039e-01 2.523391344766423572e-07 9.268344911106396466e-06 7.950883446028456092e-05 9.338302930927966372e-08 2.054722699540434405e-06
8.040747046470642090e-01 2.316686789072264219e-07 8.621571396361105144e-06 7.889097469160333276e-05 8.595389999754843302e-08 1.888599740595964249e-06
7.979588508605957031e-01 2.771558058611844899e-07 1.103194335883017629e-05 8.062845154199749231e-05 1.079978417806159996e-07 2.315762230864493176e-06
7.929844260215759277e-01 2.530115352783468552e-07 1.031567626341711730e-05 8.032596815610304475e-05 1.030240284194405831e-07 2.422000306978588924e-06
7.943668961524963379e-01 2.740863180861197179e-07 1.101741599995875731e-05 8.645685738883912563e-05 1.060012522202669061e-07 2.430460881441831589e-06
7.922556996345520020e-01 2.822932287926960271e-07 1.139338291977765039e-05 8.750881534069776535e-05 1.153269835185710690e-07 2.697762738534947857e-06
7.870500683784484863e-01 3.006728661603119690e-07 1.281733602809254080e-05 8.978009282145649195e-05 1.342566378070841893e-07 2.972307129311957397e-06
7.856230735778808594e-01 3.017037784047715832e-07 1.293612240260699764e-05 8.585959585616365075e-05 1.311017143734716228e-07 2.868174988179816864e-06
7.823489904403686523e-01 3.165170880947698606e-07 1.387229349347762764e-05 9.317472722614184022e-05 1.470075403631199151e-07 3.142797140753827989e-06
7.763259410858154297e-01 3.324288684325438226e-07 1.464527395000914112e-05 1.005768644972704351e-04 1.577481327785790199e-07 3.395161911612376571e-06
7.831866741180419922e-01 3.283247735907934839e-07 1.467846868763444945e-05 8.977403194876387715e-05 1.602967927283316385e-07 3.361455810590996407e-06
7.710185647010803223e-01 3.646276525159919402e-07 1.647320277697872370e-05 1.025153615046292543e-04 1.806003666615652037e-07 3.528890829329611734e-06
7.704535126686096191e-01 3.755885131795366760e-07 1.715942926239222288e-05 1.057047265931032598e-04 1.840865877511532744e-07 3.616792810134938918e-06
7.779072523117065430e-01 3.832056165720132412e-07 1.723834975564386696e-05 1.113254329538904130e-04 1.859861384900796111e-07 3.580482143661356531e-06
7.768926024436950684e-01 3.857088302083866438e-07 1.828011227189563215e-05 1.149361341958865523e-04 2.000435728177762940e-07 3.691992105814279057e-06
7.819133996963500977e-01 4.039148961965111084e-07 1.874670670076739043e-05 1.153771590907126665e-04 2.097660285471647512e-07 3.810946282101213001e-06
7.869260311126708984e-01 3.747983328139525838e-07 1.800488280423451215e-05 1.213289797306060791e-04 2.036043582620550296e-07 3.675093239507987164e-06
7.707163095474243164e-01 4.327884255417302484e-07 2.130912434950005263e-05 1.262020086869597435e-04 2.372066205680312123e-07 4.193271252006525174e-06
7.756859064102172852e-01 4.302162892599881161e-07 2.207228317274712026e-05 1.174990684376098216e-04 2.498502169601124479e-07 4.157408966420916840e-06
7.712405920028686523e-01 4.801087811756588053e-07 2.380921250733081251e-05 1.254849485121667385e-04 2.828452352332533337e-07 4.538939720077905804e-06
7.779788970947265625e-01 4.555405723749572644e-07 2.402605241513811052e-05 1.405995571985840797e-04 2.727185801632003859e-07 4.188298134977230802e-06
7.825772762298583984e-01 4.140596843171806540e-07 2.186553138017188758e-05 1.246379251824691892e-04 2.477176508364209440e-07 4.106640972167951986e-06
7.804765701293945312e-01 4.721497361970250495e-07 2.538247645134106278e-05 1.290436775889247656e-04 2.878472287193289958e-07 4.330329375079600140e-06
7.873814105987548828e-01 4.611437702806142624e-07 2.534824307076632977e-05 1.386079966323450208e-04 2.831252174928522436e-07 4.300819455238524824e-06
7.782219052314758301e-01 4.920739229419268668e-07 2.780528120638336986e-05 1.388985110679641366e-04 3.077880990076664602e-07 4.698763859778409824e-06
7.780797481536865234e-01 4.404219282605481567e-07 2.513383697078097612e-05 1.349365629721432924e-04 2.782354044938983861e-07 4.133431502850726247e-06
7.716739177703857422e-01 4.849035235565679614e-07 2.735110138019081205e-05 1.558783696964383125e-04 3.143121602988685481e-07 4.508929123403504491e-06
7.760834693908691406e-01 4.803949309462041128e-07 2.811023477988783270e-05 1.440742926206439734e-04 3.105856762886105571e-07 4.443280431587481871e-06
7.832599878311157227e-01 4.440663303739711409e-07 2.771837171167135239e-05 1.376353466184809804e-04 2.956788023311673896e-07 4.275150786270387471e-06
7.831805944442749023e-01 4.507108997131581418e-07 2.797801971610169858e-05 1.585719001013785601e-04 3.107875841124041472e-07 4.301507487980416045e-06
8.004530668258666992e-01 3.625379747518309159e-07 2.077309181913733482e-05 1.544830447528511286e-04 2.429113692414830439e-07 3.445807806201628409e-06
8.002398014068603516e-01 3.779675239456992131e-07 2.253830643894616514e-05 1.630945189390331507e-04 2.528605875795619795e-07 3.301462584204273298e-06
7.997158765792846680e-01 4.370849353563244222e-07 2.473098356858827174e-05 1.801108301151543856e-04 2.881542116028867895e-07 3.706961479110759683e-06
8.000921607017517090e-01 3.779886128540965728e-07 2.254506762255914509e-05 1.631854684092104435e-04 2.614490313135320321e-07 3.289612322987522930e-06
8.182110190391540527e-01 3.366125724824087229e-07 1.893642729555722326e-05 1.605429570190608501e-04 2.237937479776519467e-07 2.700784762055263855e-06
8.199307918548583984e-01 3.015709069131844444e-07 1.736954982334282249e-05 1.554388873046264052e-04 1.999582934786303667e-07 2.486141056579072028e-06
8.188986182212829590e-01 2.307050692706980044e-07 1.394659466313896701e-05 1.710690848995000124e-04 1.622108101173580508e-07 1.922429646583623253e-06
8.193128705024719238e-01 3.038084912532212911e-07 1.734969009703490883e-05 1.654571242397651076e-04 2.021064062773803016e-07 2.244307779619703069e-06
8.220073580741882324e-01 2.522302224861050490e-07 1.487244571762857959e-05 1.724251196719706059e-04 1.819850012907409109e-07 2.102208100041025318e-06
8.437532186508178711e-01 1.951976713598924107e-07 1.123872789321467280e-05 1.549032458569854498e-04 1.202054988880263409e-07 1.553654215058486443e-06
8.419595360755920410e-01 1.848844561891382909e-07 1.014575082081137225e-05 1.634802756598219275e-04 1.240835274529672461e-07 1.454667085454275366e-06
8.428283929824829102e-01 1.515700347454185248e-07 8.699104910192545503e-06 1.581489632371813059e-04 9.829253144744143356e-08 1.222833475367224310e-06
8.528124690055847168e-01 1.336103281346368021e-07 7.444155926350504160e-06 1.668514305492863059e-04 7.990938399871083675e-08 1.034161982715886552e-06
8.546239733695983887e-01 1.437488492683769437e-07 7.433570317516569048e-06 1.597634545760229230e-04 8.097610049162540236e-08 1.030427824844082352e-06
8.655340671539306641e-01 1.092271730840366217e-07 5.660635451931739226e-06 1.479625352658331394e-04 5.919127588072115032e-08 7.874315315348212607e-07
8.759475350379943848e-01 8.871441536939528305e-08 4.196327608951833099e-06 1.564239937579259276e-04 4.419183596837683581e-08 5.928403652433189563e-07
8.728401064872741699e-01 8.129313755489420146e-08 4.029421688755974174e-06 1.475811877753585577e-04 4.064274961024239019e-08 5.337278707884252071e-07
8.813052773475646973e-01 6.022523280080349650e-08 2.998525587827316485e-06 1.367835502605885267e-04 2.979881585929433641e-08 3.960743981679115677e-07
8.815985918045043945e-01 4.917517415492511645e-08 2.391537918811081909e-06 1.426421949872747064e-04 2.390151543352203589e-08 3.058603681438398780e-07
8.813801407814025879e-01 4.528648744894780975e-08 2.223061756012612022e-06 1.367096119793131948e-04 2.001424270758889179e-08 2.805126939620095072e-07
8.863725662231445312e-01 3.954988869736553170e-08 1.862153112597297877e-06 1.390499528497457504e-04 1.720673381555570813e-08 2.404436827418976463e-07
