5.750114847121048185e-04
4.628213209911533413e-04
8.198573114875370516e-05
1.904777185966877282e-04
6.991386713006277434e-05
1.108123534676006705e-04
5.847028529352955124e-04
2.786952941186757095e-03
1.503437623745002873e-02
8.500773305455866513e-02
1.525580554948042511e-01
1.860571298738911139e-01
1.911250407998599521e-01
2.160435270061154822e-01
2.438206867183996540e-01
2.887137381728645535e-01
2.700533761360269791e-01
2.521303963825862748e-01
2.403520880935682280e-01
2.082479423092241377e-01
1.910215525166029105e-01
1.916336182524810139e-01
1.760859546395402708e-01
2.114140506366285754e-01
2.443522833419651541e-01
2.899373269529678665e-01
3.384920697373245968e-01
3.548605243257613728e-01
3.549917351076214977e-01
3.691319580682661528e-01
3.586540595777750196e-01
3.587930187904572743e-01
3.389907430672799427e-01
3.585595106320229042e-01
3.363350814637455222e-01
3.477638963282869700e-01
3.516808034827297313e-01
3.388618236501766412e-01
3.503314609868317109e-01
3.483050202053147304e-01
3.253116572639307980e-01
3.522930802653617688e-01
3.465722660566329938e-01
3.626094375405021220e-01
3.838106517467465562e-01
3.986792573542105589e-01
3.994095394218151185e-01
4.228751345498429903e-01
4.198909334495417034e-01
3.834266974023099461e-01
3.819326069827652659e-01
4.013208391243054951e-01
3.790990932647563816e-01
3.773756251732467981e-01
3.640119336688494300e-01
3.631983182829863210e-01
3.776086207895644753e-01
3.843161388718996374e-01
3.975231733858224925e-01
4.036445844830105489e-01
4.310987522132020966e-01
4.254484879193521363e-01
4.364429685643448353e-01
4.500915430369856751e-01
4.445674847019745468e-01
4.688581520396493119e-01
4.468865267330209834e-01
4.591444236955335989e-01
4.660249398170031587e-01
4.664999759105205035e-01
4.605715218454796700e-01
4.631420110090428977e-01
4.792882936646839509e-01
4.709440477066966224e-01
4.637411124443235888e-01
4.850970842202573241e-01
4.671522912773231062e-01
4.816118581261713549e-01
4.911180370625837233e-01
4.810576493504011286e-01
4.971107699389586410e-01
5.058919128270780163e-01
5.341270138458127370e-01
5.240681637599799991e-01
5.407763131736047502e-01
5.639364633496508628e-01
5.692442289114395537e-01
5.968351549381654131e-01
5.982726245285894251e-01
5.985981189221927234e-01
6.131860323469551233e-01
6.175506601150518859e-01
6.373010786358396240e-01
6.383712665753858984e-01
6.564216130448119468e-01
6.808315217984464152e-01
6.740283995365895509e-01
7.003112577825751917e-01
7.161591806272586958e-01
7.134132211625866526e-01
7.195623999826821215e-01
