2.720037576459977970e-04
1.403460471864437589e-04
3.119186227233557412e-04
1.509228431044362358e-03
5.092156806170380044e-03
8.136605159502202991e-03
6.729459407357801272e-03
7.047811658469912456e-03
1.138036455975074274e-02
2.773131357368905509e-02
6.894677358657014254e-02
9.700574855178209499e-02
1.696716407974600549e-01
1.872681312226004702e-01
2.044369203261721668e-01
1.935663844247977883e-01
1.522641879647513297e-01
1.668025807761853441e-01
1.892466493162115460e-01
2.403037131626182266e-01
2.671850698531590962e-01
2.679059151159102203e-01
2.718466102544723206e-01
2.785328427641987070e-01
3.121508118395781572e-01
3.335569222943338685e-01
3.390817042182155960e-01
3.537129425266022920e-01
3.739327893271606196e-01
4.160883834861824337e-01
4.313231552116820189e-01
4.521776196012506910e-01
4.662405994499639328e-01
4.643742527060565339e-01
4.531113808891616968e-01
4.316607094197945083e-01
4.114884084379386575e-01
4.007373249992779440e-01
3.997293054035265247e-01
4.123183648724617067e-01
4.079237684653095886e-01
4.065445477789650930e-01
4.223878577445988047e-01
4.289458341270198649e-01
4.250098423161163264e-01
4.585958528830463843e-01
4.509382626136765881e-01
4.574221012864023161e-01
4.763978576221917227e-01
4.778401511384193778e-01
4.733377098400187166e-01
4.787603752845437932e-01
4.668226060981778835e-01
5.025002708935834006e-01
5.056092609245186331e-01
5.154242917105116284e-01
5.561182062014822236e-01
5.656416608221790376e-01
5.825308883506593594e-01
6.051399050036351257e-01
6.365778515597229070e-01
6.637744216519979590e-01
6.584523049109434201e-01
6.467539833416575679e-01
6.821341626626574728e-01
6.897922051750714489e-01
6.858345961466600915e-01
7.067973275209851192e-01
7.127316607455992381e-01
7.075271271960092978e-01
7.019083390180284043e-01
7.158471329268332184e-01
7.053426123958129734e-01
7.218367604009719996e-01
7.250446710604189215e-01
7.425915805731583275e-01
7.484655544261539228e-01
7.666383683119207815e-01
7.638080504447569696e-01
7.585253692971474226e-01
7.892743989493972157e-01
7.827494363091950236e-01
7.917780164415069155e-01
8.162560631471182937e-01
8.215761297197063939e-01
8.192069188603017249e-01
8.371651886459499092e-01
8.372461100013066648e-01
8.392926002244451844e-01
8.468867257199603760e-01
8.394062639761944444e-01
8.462465907658121012e-01
8.436221339323202173e-01
8.435053949278711327e-01
8.521507141550807019e-01
8.471894873632138667e-01
8.593189473012035062e-01
8.518691174862909055e-01
8.504718070781824846e-01
8.609990000604800242e-01
8.594223602106197957e-01
