9.710000000000000000e+02 3.900000000000000000e+02 1.150000000000000000e+02 3.970000000000000000e+02 1.800000000000000000e+01
1.280000000000000000e+02 1.400000000000000000e+01 1.800000000000000000e+01 2.100000000000000000e+01 2.200000000000000000e+01
5.080000000000000000e+02 7.610000000000000000e+02 6.440000000000000000e+02 5.070000000000000000e+02 4.880000000000000000e+02
8.780000000000000000e+02 8.100000000000000000e+02 4.090000000000000000e+02 7.610000000000000000e+02 7.140000000000000000e+02
8.780000000000000000e+02 5.300000000000000000e+02 7.610000000000000000e+02 7.140000000000000000e+02 4.090000000000000000e+02
7.610000000000000000e+02 7.140000000000000000e+02 5.300000000000000000e+02 3.880000000000000000e+02 7.670000000000000000e+02
3.880000000000000000e+02 7.610000000000000000e+02 7.140000000000000000e+02 2.510000000000000000e+02 7.730000000000000000e+02
3.880000000000000000e+02 7.610000000000000000e+02 6.430000000000000000e+02 7.190000000000000000e+02 2.510000000000000000e+02
3.880000000000000000e+02 7.190000000000000000e+02 6.430000000000000000e+02 7.730000000000000000e+02 7.610000000000000000e+02
3.880000000000000000e+02 6.430000000000000000e+02 7.190000000000000000e+02 7.730000000000000000e+02 8.650000000000000000e+02
3.880000000000000000e+02 6.430000000000000000e+02 7.190000000000000000e+02 7.730000000000000000e+02 8.650000000000000000e+02
3.880000000000000000e+02 6.430000000000000000e+02 7.190000000000000000e+02 7.730000000000000000e+02 7.610000000000000000e+02
3.880000000000000000e+02 6.430000000000000000e+02 7.190000000000000000e+02 7.610000000000000000e+02 8.650000000000000000e+02
3.880000000000000000e+02 6.430000000000000000e+02 7.190000000000000000e+02 7.610000000000000000e+02 8.650000000000000000e+02
3.880000000000000000e+02 6.430000000000000000e+02 7.190000000000000000e+02 7.610000000000000000e+02 8.650000000000000000e+02
3.880000000000000000e+02 6.430000000000000000e+02 7.190000000000000000e+02 7.610000000000000000e+02 8.650000000000000000e+02
3.880000000000000000e+02 6.430000000000000000e+02 7.190000000000000000e+02 7.610000000000000000e+02 8.650000000000000000e+02
3.880000000000000000e+02 6.430000000000000000e+02 7.190000000000000000e+02 7.610000000000000000e+02 8.650000000000000000e+02
3.880000000000000000e+02 6.430000000000000000e+02 7.190000000000000000e+02 7.610000000000000000e+02 8.650000000000000000e+02
3.880000000000000000e+02 6.430000000000000000e+02 7.610000000000000000e+02 7.190000000000000000e+02 8.650000000000000000e+02
3.880000000000000000e+02 7.610000000000000000e+02 6.430000000000000000e+02 7.190000000000000000e+02 8.650000000000000000e+02
3.880000000000000000e+02 6.430000000000000000e+02 7.610000000000000000e+02 8.650000000000000000e+02 7.190000000000000000e+02
3.880000000000000000e+02 6.430000000000000000e+02 7.610000000000000000e+02 8.650000000000000000e+02 7.190000000000000000e+02
3.880000000000000000e+02 7.610000000000000000e+02 6.430000000000000000e+02 8.650000000000000000e+02 7.190000000000000000e+02
3.880000000000000000e+02 6.430000000000000000e+02 7.610000000000000000e+02 8.650000000000000000e+02 7.190000000000000000e+02
3.880000000000000000e+02 6.430000000000000000e+02 7.610000000000000000e+02 8.650000000000000000e+02 7.190000000000000000e+02
3.880000000000000000e+02 6.430000000000000000e+02 7.610000000000000000e+02 8.650000000000000000e+02 7.190000000000000000e+02
3.880000000000000000e+02 6.430000000000000000e+02 7.610000000000000000e+02 8.650000000000000000e+02 7.190000000000000000e+02
3.880000000000000000e+02 6.430000000000000000e+02 7.610000000000000000e+02 8.650000000000000000e+02 7.190000000000000000e+02
3.880000000000000000e+02 6.430000000000000000e+02 7.610000000000000000e+02 8.650000000000000000e+02 7.190000000000000000e+02
3.880000000000000000e+02 6.430000000000000000e+02 7.610000000000000000e+02 8.650000000000000000e+02 7.190000000000000000e+02
3.880000000000000000e+02 6.430000000000000000e+02 7.610000000000000000e+02 8.650000000000000000e+02 7.190000000000000000e+02
3.880000000000000000e+02 6.430000000000000000e+02 7.610000000000000000e+02 8.650000000000000000e+02 7.190000000000000000e+02
3.880000000000000000e+02 6.430000000000000000e+02 7.610000000000000000e+02 8.650000000000000000e+02 7.190000000000000000e+02
3.880000000000000000e+02 6.430000000000000000e+02 7.610000000000000000e+02 8.650000000000000000e+02 7.190000000000000000e+02
3.880000000000000000e+02 6.430000000000000000e+02 7.610000000000000000e+02 8.650000000000000000e+02 7.190000000000000000e+02
3.880000000000000000e+02 6.430000000000000000e+02 7.610000000000000000e+02 8.650000000000000000e+02 7.190000000000000000e+02
3.880000000000000000e+02 6.430000000000000000e+02 7.610000000000000000e+02 8.650000000000000000e+02 7.190000000000000000e+02
3.880000000000000000e+02 6.430000000000000000e+02 7.610000000000000000e+02 8.650000000000000000e+02 7.190000000000000000e+02
3.880000000000000000e+02 6.430000000000000000e+02 7.610000000000000000e+02 8.650000000000000000e+02 7.190000000000000000e+02
3.880000000000000000e+02 6.430000000000000000e+02 7.610000000000000000e+02 8.650000000000000000e+02 7.190000000000000000e+02
3.880000000000000000e+02 6.430000000000000000e+02 7.610000000000000000e+02 8.650000000000000000e+02 7.190000000000000000e+02
3.880000000000000000e+02 6.430000000000000000e+02 7.610000000000000000e+02 8.650000000000000000e+02 7.190000000000000000e+02
3.880000000000000000e+02 6.430000000000000000e+02 7.610000000000000000e+02 8.650000000000000000e+02 7.190000000000000000e+02
3.880000000000000000e+02 6.430000000000000000e+02 7.610000000000000000e+02 8.650000000000000000e+02 7.190000000000000000e+02
3.880000000000000000e+02 6.430000000000000000e+02 7.610000000000000000e+02 8.650000000000000000e+02 7.190000000000000000e+02
3.880000000000000000e+02 6.430000000000000000e+02 7.610000000000000000e+02 8.650000000000000000e+02 5.350000000000000000e+02
3.880000000000000000e+02 6.430000000000000000e+02 7.610000000000000000e+02 8.650000000000000000e+02 5.350000000000000000e+02
3.880000000000000000e+02 6.430000000000000000e+02 7.610000000000000000e+02 8.650000000000000000e+02 5.350000000000000000e+02
3.880000000000000000e+02 6.430000000000000000e+02 7.610000000000000000e+02 8.650000000000000000e+02 5.350000000000000000e+02
3.880000000000000000e+02 6.430000000000000000e+02 8.650000000000000000e+02 7.610000000000000000e+02 5.350000000000000000e+02
3.880000000000000000e+02 6.430000000000000000e+02 8.650000000000000000e+02 7.610000000000000000e+02 5.350000000000000000e+02
3.880000000000000000e+02 6.430000000000000000e+02 8.650000000000000000e+02 7.610000000000000000e+02 5.350000000000000000e+02
3.880000000000000000e+02 6.430000000000000000e+02 8.650000000000000000e+02 7.610000000000000000e+02 5.350000000000000000e+02
3.880000000000000000e+02 6.430000000000000000e+02 8.650000000000000000e+02 7.610000000000000000e+02 5.350000000000000000e+02
3.880000000000000000e+02 6.430000000000000000e+02 8.650000000000000000e+02 7.610000000000000000e+02 5.350000000000000000e+02
3.880000000000000000e+02 6.430000000000000000e+02 7.610000000000000000e+02 8.650000000000000000e+02 5.350000000000000000e+02
3.880000000000000000e+02 6.430000000000000000e+02 7.610000000000000000e+02 8.650000000000000000e+02 5.350000000000000000e+02
3.880000000000000000e+02 6.430000000000000000e+02 7.610000000000000000e+02 8.650000000000000000e+02 5.350000000000000000e+02
3.880000000000000000e+02 6.430000000000000000e+02 7.610000000000000000e+02 8.650000000000000000e+02 5.350000000000000000e+02
3.880000000000000000e+02 6.430000000000000000e+02 7.610000000000000000e+02 8.650000000000000000e+02 5.350000000000000000e+02
3.880000000000000000e+02 7.610000000000000000e+02 6.430000000000000000e+02 8.650000000000000000e+02 7.190000000000000000e+02
3.880000000000000000e+02 6.430000000000000000e+02 7.610000000000000000e+02 8.650000000000000000e+02 7.190000000000000000e+02
3.880000000000000000e+02 7.610000000000000000e+02 6.430000000000000000e+02 8.650000000000000000e+02 7.190000000000000000e+02
3.880000000000000000e+02 7.610000000000000000e+02 6.430000000000000000e+02 8.650000000000000000e+02 7.190000000000000000e+02
3.880000000000000000e+02 7.610000000000000000e+02 6.430000000000000000e+02 8.650000000000000000e+02 7.190000000000000000e+02
3.880000000000000000e+02 6.430000000000000000e+02 7.610000000000000000e+02 8.650000000000000000e+02 7.190000000000000000e+02
3.880000000000000000e+02 6.430000000000000000e+02 7.610000000000000000e+02 8.650000000000000000e+02 7.190000000000000000e+02
3.880000000000000000e+02 7.610000000000000000e+02 6.430000000000000000e+02 8.650000000000000000e+02 7.190000000000000000e+02
3.880000000000000000e+02 6.430000000000000000e+02 7.610000000000000000e+02 8.650000000000000000e+02 7.190000000000000000e+02
3.880000000000000000e+02 6.430000000000000000e+02 7.610000000000000000e+02 8.650000000000000000e+02 7.190000000000000000e+02
3.880000000000000000e+02 6.430000000000000000e+02 7.610000000000000000e+02 8.650000000000000000e+02 7.190000000000000000e+02
3.880000000000000000e+02 6.430000000000000000e+02 7.610000000000000000e+02 8.650000000000000000e+02 7.190000000000000000e+02
3.880000000000000000e+02 6.430000000000000000e+02 7.610000000000000000e+02 8.650000000000000000e+02 9.560000000000000000e+02
3.880000000000000000e+02 6.430000000000000000e+02 7.610000000000000000e+02 8.650000000000000000e+02 7.190000000000000000e+02
3.880000000000000000e+02 6.430000000000000000e+02 7.610000000000000000e+02 8.650000000000000000e+02 7.190000000000000000e+02
3.880000000000000000e+02 6.430000000000000000e+02 8.650000000000000000e+02 7.610000000000000000e+02 7.100000000000000000e+02
3.880000000000000000e+02 6.430000000000000000e+02 8.650000000000000000e+02 7.610000000000000000e+02 7.100000000000000000e+02
3.880000000000000000e+02 6.430000000000000000e+02 8.650000000000000000e+02 7.610000000000000000e+02 7.100000000000000000e+02
3.880000000000000000e+02 8.650000000000000000e+02 6.430000000000000000e+02 7.610000000000000000e+02 7.100000000000000000e+02
3.880000000000000000e+02 8.650000000000000000e+02 6.430000000000000000e+02 7.610000000000000000e+02 7.100000000000000000e+02
3.880000000000000000e+02 8.650000000000000000e+02 7.610000000000000000e+02 6.430000000000000000e+02 7.100000000000000000e+02
3.880000000000000000e+02 8.650000000000000000e+02 7.610000000000000000e+02 6.430000000000000000e+02 7.100000000000000000e+02
3.880000000000000000e+02 8.650000000000000000e+02 7.610000000000000000e+02 6.430000000000000000e+02 7.100000000000000000e+02
3.880000000000000000e+02 8.650000000000000000e+02 7.610000000000000000e+02 6.430000000000000000e+02 7.100000000000000000e+02
3.880000000000000000e+02 8.650000000000000000e+02 7.610000000000000000e+02 6.430000000000000000e+02 7.100000000000000000e+02
3.880000000000000000e+02 8.650000000000000000e+02 6.430000000000000000e+02 7.610000000000000000e+02 7.100000000000000000e+02
3.880000000000000000e+02 8.650000000000000000e+02 6.430000000000000000e+02 7.610000000000000000e+02 7.100000000000000000e+02
3.880000000000000000e+02 8.650000000000000000e+02 6.430000000000000000e+02 7.610000000000000000e+02 7.100000000000000000e+02
3.880000000000000000e+02 8.650000000000000000e+02 6.430000000000000000e+02 7.610000000000000000e+02 7.100000000000000000e+02
3.880000000000000000e+02 8.650000000000000000e+02 6.430000000000000000e+02 7.610000000000000000e+02 7.100000000000000000e+02
3.880000000000000000e+02 8.650000000000000000e+02 6.430000000000000000e+02 7.610000000000000000e+02 7.100000000000000000e+02
3.880000000000000000e+02 8.650000000000000000e+02 6.430000000000000000e+02 7.610000000000000000e+02 7.100000000000000000e+02
3.880000000000000000e+02 8.650000000000000000e+02 6.430000000000000000e+02 7.610000000000000000e+02 7.100000000000000000e+02
3.880000000000000000e+02 8.650000000000000000e+02 6.430000000000000000e+02 7.610000000000000000e+02 7.100000000000000000e+02
3.880000000000000000e+02 8.650000000000000000e+02 6.430000000000000000e+02 7.610000000000000000e+02 7.100000000000000000e+02
3.880000000000000000e+02 8.650000000000000000e+02 6.430000000000000000e+02 7.610000000000000000e+02 7.100000000000000000e+02
3.880000000000000000e+02 8.650000000000000000e+02 6.430000000000000000e+02 7.610000000000000000e+02 7.100000000000000000e+02
3.880000000000000000e+02 8.650000000000000000e+02 6.430000000000000000e+02 7.610000000000000000e+02 7.100000000000000000e+02
3.880000000000000000e+02 8.650000000000000000e+02 6.430000000000000000e+02 7.610000000000000000e+02 7.100000000000000000e+02
3.880000000000000000e+02 8.650000000000000000e+02 6.430000000000000000e+02 7.610000000000000000e+02 7.100000000000000000e+02
