4.283966158061325909e-04
9.841885661026773119e-04
3.823585977892370166e-04
3.007753658940184589e-04
1.846953054699760916e-03
5.025042430949874100e-02
5.046892176756118120e-01
7.159379433300874229e-01
7.190129548336430254e-01
6.636123377449943961e-01
6.184053391693187240e-01
5.538680860103558645e-01
4.722903752489673312e-01
3.632647678609319808e-01
3.490199260094200562e-01
3.061890425369556690e-01
2.713862268355836660e-01
2.585496095243108861e-01
2.861094212296030337e-01
2.893033425042192963e-01
3.248418973392612208e-01
3.420872210406619152e-01
4.094066131078244464e-01
4.103738102314621883e-01
3.830838067262771207e-01
3.303031240406794633e-01
3.036664308369939613e-01
2.638211956425719484e-01
2.120079965012066081e-01
2.031423746124503271e-01
1.844992882598971984e-01
1.796798095128178674e-01
1.646362762958979153e-01
1.621318598410769751e-01
1.656538683694160075e-01
1.847566899258279161e-01
1.960398825301707948e-01
1.914497211559838818e-01
1.905620434342661373e-01
1.945388124929789131e-01
1.760102340791906417e-01
1.657717530562434205e-01
1.527725392958503570e-01
1.541088873416146809e-01
1.493011970632180940e-01
1.490805175324678711e-01
1.569042618962382118e-01
1.460498258472336386e-01
1.635994186687013963e-01
1.706621284378687098e-01
1.604589072975927400e-01
1.685375810653193807e-01
1.874557970111317418e-01
1.908138372864500720e-01
1.938933109213740458e-01
1.951032721110819990e-01
2.006426162609835639e-01
2.122864274686877550e-01
2.408697405566074812e-01
2.447261375917503257e-01
2.578176089331387644e-01
2.534521972770988896e-01
2.712800100192939157e-01
3.028337609442062761e-01
2.965358544616761294e-01
3.132440340248370814e-01
3.191481272645693701e-01
3.467504498160064452e-01
3.824138538807548282e-01
3.750527843006299378e-01
3.956693989985409221e-01
4.150660428607013674e-01
4.232534207814602767e-01
4.443513426764334473e-01
4.694117578246940758e-01
4.955268339013204626e-01
4.949395812337950007e-01
4.986168297244036873e-01
5.091481230436343264e-01
5.202509309724557829e-01
5.464394814689794710e-01
5.710298653467440477e-01
5.974381456636254084e-01
6.184548447078790367e-01
6.239686522005574165e-01
6.357738840254671953e-01
6.455946130738158262e-01
6.535799589520093766e-01
6.627127961807531831e-01
6.749419907847339362e-01
6.778382155381906804e-01
7.018456882816530573e-01
6.978248858252136255e-01
7.005757898138345041e-01
7.248928379957481072e-01
7.359054385120408215e-01
7.374731540991641410e-01
7.394283515264680196e-01
7.360342373309990416e-01
7.406977073026337344e-01
7.615324237459436540e-01
