1.111132558435201645e-03 6.312620243988931179e-04 1.864358055172488093e-04 2.184867480536922812e-05 1.958028224180452526e-05 5.812702002003788948e-04
1.686063855886459351e-01 1.268739924853434786e-05 4.987501233699731529e-05 3.625720637501217425e-05 6.058234248484950513e-06 2.099068478855770081e-05
9.195669889450073242e-01 3.947241680180013645e-07 1.233903640240896493e-05 9.969260645448230207e-06 5.455963787426298950e-07 5.176224817660113331e-07
9.005961418151855469e-01 1.134454237217141781e-06 2.605114968901034445e-05 1.057953704730607569e-05 1.248102080353419296e-06 1.313296934313257225e-06
8.845794796943664551e-01 1.187935367852333002e-06 3.736800135811790824e-05 1.505376803834224120e-05 1.916885821628966369e-06 1.798212792891717982e-06
8.364270329475402832e-01 1.615528844922664575e-06 8.030157187022268772e-05 2.136519469786435366e-05 3.674793333630077541e-06 4.502600859268568456e-06
8.246718049049377441e-01 1.204171780955221038e-06 9.488682553637772799e-05 1.901433824968989938e-05 4.097599685337627307e-06 6.065772595320595428e-06
7.902235388755798340e-01 1.303762928728247061e-06 1.250588684342801571e-04 2.423082514724228531e-05 5.871302164450753480e-06 8.523748874722514302e-06
7.201225161552429199e-01 1.618650685486500151e-06 1.730333024170249701e-04 3.411760553717613220e-05 8.534877451893407851e-06 1.072030590876238421e-05
6.948261260986328125e-01 1.528929942651302554e-06 1.963799295481294394e-04 3.632427979027852416e-05 9.144388968707062304e-06 1.051798244589008391e-05
6.889002323150634766e-01 1.499483232692000456e-06 1.802177575882524252e-04 3.656756962300278246e-05 9.455828148929867893e-06 1.116061866923701018e-05
6.587210297584533691e-01 1.433240527148882393e-06 2.110801724484190345e-04 4.142126272199675441e-05 1.116392559197265655e-05 1.143159170169383287e-05
6.811934709548950195e-01 1.388289774695294909e-06 2.180440351366996765e-04 3.652726081782020628e-05 1.175612851511687040e-05 1.096024698199471459e-05
7.210666537284851074e-01 1.327838845099904574e-06 2.123236772604286671e-04 3.258254218962974846e-05 1.138841707870597020e-05 9.597017196938395500e-06
7.396108508110046387e-01 1.294277126362430863e-06 1.867580867838114500e-04 3.215807737433351576e-05 1.145780061051482335e-05 9.007682820083573461e-06
7.684708237648010254e-01 1.232139652529440355e-06 1.803430641302838922e-04 2.855927232303656638e-05 1.155193695012712851e-05 8.086816706054378301e-06
8.041937947273254395e-01 1.008110757538815960e-06 1.545256091048941016e-04 2.375272561039309949e-05 9.807610695133917034e-06 6.071400093787815422e-06
8.424509167671203613e-01 7.100549623828555923e-07 1.303661556448787451e-04 1.935099498950876296e-05 8.172079105861485004e-06 4.109343990421621129e-06
8.788793683052062988e-01 5.052791607340623159e-07 1.155190111603587866e-04 1.353578409180045128e-05 6.548149485752219334e-06 2.665747842911514454e-06
8.889037966728210449e-01 4.542626186321285786e-07 1.182710111606866121e-04 1.308154151047347113e-05 6.608496278204256669e-06 2.120871613442432135e-06
9.079534411430358887e-01 3.773465664380637463e-07 1.086657139239832759e-04 9.671396583144087344e-06 5.369945029087830335e-06 1.492609726483351551e-06
9.293630123138427734e-01 2.942315688869712176e-07 8.656470163259655237e-05 6.972548362682573497e-06 4.207176971249282360e-06 9.452305675949901342e-07
9.399877786636352539e-01 2.626036348374327645e-07 8.463637641398236156e-05 5.768686150986468419e-06 3.870708042086334899e-06 7.250621933962975163e-07
9.491515159606933594e-01 1.966029827826787368e-07 7.567647844552993774e-05 4.688557510235114023e-06 3.494292741379467770e-06 4.802708417628309689e-07
9.557772278785705566e-01 1.576264594405074604e-07 7.521895895479246974e-05 3.694322913361247629e-06 3.394371560716535896e-06 3.402955712772381958e-07
9.583179950714111328e-01 1.361955241918622050e-07 8.300148328999057412e-05 3.614446768551715650e-06 3.549597749952226877e-06 2.507808289919921663e-07
9.621758460998535156e-01 1.138954743851172680e-07 9.407478501088917255e-05 3.033560915355337784e-06 3.806534778050263412e-06 2.086772781240142649e-07
9.636707901954650879e-01 1.104799451923099696e-07 1.048529520630836487e-04 2.766380021057557315e-06 4.097402779734693468e-06 1.801350038022064837e-07
9.667956233024597168e-01 9.213852791845056345e-08 9.900490113068372011e-05 2.448241048114141449e-06 3.942071089113596827e-06 1.408154730597743765e-07
9.682428240776062012e-01 8.309036303444372606e-08 9.962190233636647463e-05 2.020396095758769661e-06 3.826830834441352636e-06 1.230948356578664971e-07
9.695079326629638672e-01 8.142973939584408072e-08 9.809435141505673528e-05 1.810137518987176009e-06 3.809807594734593295e-06 1.182351923034730135e-07
9.693576693534851074e-01 8.459229405843871064e-08 1.040113638737238944e-04 1.689870487098232843e-06 4.182182692602509633e-06 1.111233345341133827e-07
9.669062495231628418e-01 9.739957818055700045e-08 1.056933324434794486e-04 1.854802235357055906e-06 4.486193120101233944e-06 1.153458555336328573e-07
9.654463529586791992e-01 1.091793038199284638e-07 1.155737991211935878e-04 1.874197096185525879e-06 4.546841410046909004e-06 1.162279730237969488e-07
9.639971852302551270e-01 1.158449549620854668e-07 1.234898663824424148e-04 2.064260797851602547e-06 4.736432856589090079e-06 1.054403142575210950e-07
9.629724621772766113e-01 1.152916624391764344e-07 1.165414432762190700e-04 1.999954520215396769e-06 4.683019142248667777e-06 9.935482836453957134e-08
9.607762694358825684e-01 1.226297285938926507e-07 1.254687231266871095e-04 2.190292434534057975e-06 5.011626399209490046e-06 9.974596082429343369e-08
9.562304615974426270e-01 1.423167503844524617e-07 1.374051644233986735e-04 2.522461500120698474e-06 5.763788067270070314e-06 1.154253155277729093e-07
9.525249600410461426e-01 1.565875322739884723e-07 1.551362802274525166e-04 2.778758698696037754e-06 6.257098448259057477e-06 1.231599213724621222e-07
9.517120718955993652e-01 1.618129914504606859e-07 1.532640890218317509e-04 2.946738277387339622e-06 6.616530299652367830e-06 1.277078354178229347e-07
9.443942904472351074e-01 2.104386425116899773e-07 1.957894273800775409e-04 3.468707973297568969e-06 7.968976206029765308e-06 1.588160642995717353e-07
9.475245475769042969e-01 2.074781662031455198e-07 1.786171342246234417e-04 3.298859610367799178e-06 7.609837666677776724e-06 1.589699962778468034e-07
9.445613622665405273e-01 2.466797752731508808e-07 2.066999004455283284e-04 3.443978130235336721e-06 8.427698958257678896e-06 1.785284098332340363e-07
9.428636431694030762e-01 2.581450928573758574e-07 2.223388873971998692e-04 3.581726105039706454e-06 9.292833965446334332e-06 1.827508668839072925e-07
9.382292032241821289e-01 3.059223558921075892e-07 2.433416229905560613e-04 3.827757154795108363e-06 1.050592891260748729e-05 2.153637979063205421e-07
9.407711625099182129e-01 3.087937727741518756e-07 2.266204392071813345e-04 3.822690359811531380e-06 9.621695426176302135e-06 2.044413349722162820e-07
9.390966892242431641e-01 3.161660515615949407e-07 2.500152913853526115e-04 4.069519491167739034e-06 1.054054246196756139e-05 2.140262012062521535e-07
9.363334774971008301e-01 3.831561343758949079e-07 2.615768753457814455e-04 4.311062184569891542e-06 1.167348364106146619e-05 2.412590731637465069e-07
9.357680082321166992e-01 4.102130048977414845e-07 2.588080824352800846e-04 4.334318873588927090e-06 1.206880097015528008e-05 2.647138046540931100e-07
9.321497082710266113e-01 4.669808220114646247e-07 2.789891732390969992e-04 4.924820586893474683e-06 1.292874276259681210e-05 2.941399372957675951e-07
9.344697594642639160e-01 4.572667648972128518e-07 2.649127563927322626e-04 4.799357157025951892e-06 1.230597172252601013e-05 2.780706438443303341e-07
9.304684996604919434e-01 4.945484306517755613e-07 2.694673021323978901e-04 5.127077656652545556e-06 1.327807149209547788e-05 3.000835420152725419e-07
9.312514662742614746e-01 5.106272737975814380e-07 2.715954906307160854e-04 5.004627382731996477e-06 1.356090524495812133e-05 2.970879791064362507e-07
9.288237094879150391e-01 5.898057793274347205e-07 2.694476861506700516e-04 5.015797796659171581e-06 1.437397713743848726e-05 3.157054209168563830e-07
9.306395649909973145e-01 6.096196898397465702e-07 2.516069216653704643e-04 4.968024768459144980e-06 1.364958643534919247e-05 3.204725373961991863e-07
9.318447709083557129e-01 6.036534045961161610e-07 2.552715304773300886e-04 4.885278485744493082e-06 1.412006986356573179e-05 3.194262490069377236e-07
9.295629262924194336e-01 6.497865570054273121e-07 2.565736358519643545e-04 5.054650955571560189e-06 1.455122674087760970e-05 3.310739771222870331e-07
9.255965948104858398e-01 7.434554163410211913e-07 2.642551262397319078e-04 5.703551778424298391e-06 1.591027648828458041e-05 3.684574778617388802e-07
9.200999140739440918e-01 8.544417369193979539e-07 2.746837271843105555e-04 5.777675141871441156e-06 1.676235115155577660e-05 4.013072043562715407e-07
9.192830920219421387e-01 8.861608193910797127e-07 2.672136179171502590e-04 6.065786237741122022e-06 1.736000922392122447e-05 4.050973245739442063e-07
9.129373431205749512e-01 9.996682592827710323e-07 2.937350946012884378e-04 6.426100298995152116e-06 1.993077239603735507e-05 4.694510664648987586e-07
9.115451574325561523e-01 9.898133157548727468e-07 3.034802502952516079e-04 6.329350071609951556e-06 2.068818503175862134e-05 4.506140385274193250e-07
9.127137660980224609e-01 1.010303094517439604e-06 2.939598634839057922e-04 6.002324880682863295e-06 2.083580329781398177e-05 4.616910587174061220e-07
9.096061587333679199e-01 1.101995053431892302e-06 2.914130454882979393e-04 6.343472705339081585e-06 2.055628283414989710e-05 4.799187536264071241e-07
9.027822017669677734e-01 1.187713792205613572e-06 3.104644420091062784e-04 6.701415259158238769e-06 2.157882045139558613e-05 4.800170358976174612e-07
9.024176001548767090e-01 1.310822540290246252e-06 3.018043644260615110e-04 7.274459676409605891e-06 2.224728086730465293e-05 5.314238933351589367e-07
8.945521116256713867e-01 1.446119654247013386e-06 3.373371146153658628e-04 7.874343282310292125e-06 2.562110785220284015e-05 5.737369974667672068e-07
8.937193751335144043e-01 1.526481241853616666e-06 3.382626455277204514e-04 8.086907655524555594e-06 2.571624645497649908e-05 5.547159958041447680e-07
8.862492442131042480e-01 1.765423689903400373e-06 3.537411394063383341e-04 8.645594789413735271e-06 2.773157575575169176e-05 6.110172421358583961e-07
8.885619044303894043e-01 1.846569261942931917e-06 3.656835178844630718e-04 8.724608960619661957e-06 2.790946018649265170e-05 6.516281132462609094e-07
8.894236683845520020e-01 1.822173430809925776e-06 3.719976812135428190e-04 8.139822057273704559e-06 2.973311711684800684e-05 6.193356512085301802e-07
8.855193257331848145e-01 1.849624140959349461e-06 3.899879520758986473e-04 8.277125743916258216e-06 3.038282193301711231e-05 6.657249969066469930e-07
8.811097741127014160e-01 2.053345269814599305e-06 4.202300333417952061e-04 8.730750778340734541e-06 3.286223727627657354e-05 6.794708724555675872e-07
8.737905621528625488e-01 2.258258518850198016e-06 4.280385619495064020e-04 1.007752871373668313e-05 3.478765574982389808e-05 7.417488632199820131e-07
8.651653528213500977e-01 2.571215190982911736e-06 4.716684634331613779e-04 1.054400127031840384e-05 3.983289207099005580e-05 8.335055099450983107e-07
8.750492334365844727e-01 2.261388317492674105e-06 4.371208779048174620e-04 9.827699614106677473e-06 3.586443563108332455e-05 7.008756028881180100e-07
8.647381067276000977e-01 2.942581659226561897e-06 4.907659604214131832e-04 1.084175073629012331e-05 4.063259257236495614e-05 8.445484240837686229e-07
8.553314805030822754e-01 3.169191813867655583e-06 5.363940144889056683e-04 1.102763872040668502e-05 4.442930730874650180e-05 8.984969781522522680e-07
8.551685810089111328e-01 3.399275556148495525e-06 5.353679880499839783e-04 1.115652594307903200e-05 4.669288318837061524e-05 9.391274602421617601e-07
8.593161106109619141e-01 3.263659891672432423e-06 5.332290311343967915e-04 1.130474720412166789e-05 4.682506914832629263e-05 8.911031272873515263e-07
8.509647250175476074e-01 3.477175823718425818e-06 5.426749121397733688e-04 1.255178813153179362e-05 4.808216181118041277e-05 9.588816283212509006e-07
8.542236685752868652e-01 3.314351715744123794e-06 5.671258550137281418e-04 1.141071697929874063e-05 4.863470167038030922e-05 8.880189739102206659e-07
8.515965342521667480e-01 3.597088380047352985e-06 5.574543029069900513e-04 1.200682891067117453e-05 4.972128590452484787e-05 9.348453318125393707e-07
8.518969416618347168e-01 3.555373496055835858e-06 5.819504731334745884e-04 1.192840682051610202e-05 5.196482743485830724e-05 9.249739036931714509e-07
8.454839587211608887e-01 3.916608875442761928e-06 5.752915749326348305e-04 1.322228763456223533e-05 5.310932101565413177e-05 9.978940624932874925e-07
8.478850722312927246e-01 3.867217856168281287e-06 5.394153413362801075e-04 1.202674775413470343e-05 5.175479600438848138e-05 9.794889592740219086e-07
8.400675654411315918e-01 4.060299943375866860e-06 5.659496528096497059e-04 1.336849254585104063e-05 5.443216650746762753e-05 1.013399810290138703e-06
8.385238647460937500e-01 4.324861038185190409e-06 5.541967693716287613e-04 1.319708371738670394e-05 5.504136424860917032e-05 1.053915184456855059e-06
8.363901972770690918e-01 4.598597570293350145e-06 5.640964955091476440e-04 1.399550092173740268e-05 5.616714042844250798e-05 1.095166453524143435e-06
8.313562870025634766e-01 4.937269295623991638e-06 5.915971705690026283e-04 1.432705357728991657e-05 5.956185123068280518e-05 1.151129254139959812e-06
8.424218893051147461e-01 4.705790161096956581e-06 5.012162728235125542e-04 1.347804027318488806e-05 5.299742406350560486e-05 1.115639065574214328e-06
8.362238407135009766e-01 5.133646482136100531e-06 5.419078515842556953e-04 1.462057662138249725e-05 5.797702397103421390e-05 1.182355504170118365e-06
8.333480954170227051e-01 4.943541625834768638e-06 5.439892993308603764e-04 1.463555508962599561e-05 5.607664570561610162e-05 1.177816557174082845e-06
8.299578428268432617e-01 5.104297542857239023e-06 5.787091795355081558e-04 1.434880232409341261e-05 6.046143971616402268e-05 1.204447130476182792e-06
8.266024589538574219e-01 5.812383278680499643e-06 6.026543560437858105e-04 1.516667998657794669e-05 6.514041160698980093e-05 1.349442072751116939e-06
8.385539650917053223e-01 5.080101800558622926e-06 5.086706951260566711e-04 1.393355069012613967e-05 5.556458563660271466e-05 1.191052660942659713e-06
8.320306539535522461e-01 5.594724370894255117e-06 5.170690710656344891e-04 1.464150409447029233e-05 6.052279786672443151e-05 1.300140638704760931e-06
8.256888389587402344e-01 6.102025963627966121e-06 5.844970582984387875e-04 1.532573696749750525e-05 6.563762872247025371e-05 1.322817070104065351e-06
8.166128396987915039e-01 6.449304692068835720e-06 5.931753548793494701e-04 1.641078779357485473e-05 6.607873365283012390e-05 1.387067641189787537e-06
8.148937821388244629e-01 7.000255664024734870e-06 6.009305361658334732e-04 1.692428486421704292e-05 6.789608596591278911e-05 1.496407890044793021e-06
8.181139826774597168e-01 7.016707513685105368e-06 5.781454383395612240e-04 1.701134897302836180e-05 6.787844176869839430e-05 1.466596586396917701e-06
