6.857101792535006367e-03
5.260655663833882500e-02
1.916053272269268304e-01
9.869110540572663126e-01
9.998419277094645619e-01
9.999991655308946292e-01
1.000002861036932700e+00
1.000003695506038071e+00
1.000003099456677091e+00
1.000000596049360979e+00
9.999970197531949934e-01
9.999963044939618184e-01
9.999982118519170626e-01
9.999989271111502376e-01
9.999997615802556084e-01
1.000000953678977567e+00
1.000000238419744392e+00
1.000000476839488783e+00
1.000000238419744392e+00
9.999980926420448668e-01
9.999958276544730351e-01
9.999917745188182661e-01
9.999908208398406995e-01
9.999893903213743496e-01
9.999891519016299579e-01
9.999843835067420139e-01
9.999825953586589655e-01
9.999870061239303221e-01
9.999847411363586014e-01
9.999799727414706574e-01
9.999715088405445318e-01
9.999643562482125603e-01
9.999607799520466855e-01
9.999539849893313015e-01
9.999456402982773717e-01
9.999431368909612594e-01
9.999290701260418190e-01
9.999167915092053160e-01
9.999454018785329801e-01
9.999349114097795255e-01
9.999142881018892037e-01
9.998980755592701275e-01
9.998744720045747991e-01
9.998741143749582116e-01
9.998414508699757786e-01
9.998177877103443523e-01
9.998032441059361286e-01
9.997801173907295835e-01
9.997411357625205497e-01
9.997397052440541998e-01
9.997049555663083398e-01
9.996538145311351098e-01
9.996121506808016699e-01
9.995841363608349850e-01
9.995191073755506084e-01
9.995137429313015742e-01
9.994357200699476307e-01
9.994451376498513229e-01
9.994018048613070304e-01
9.994335742922479948e-01
9.994052619476008203e-01
9.999179836079272743e-01
9.999111886452120013e-01
9.997668850949155139e-01
9.996190052484530408e-01
9.994726751303292245e-01
9.993367758760226538e-01
9.992098173621311030e-01
9.991888364246240828e-01
9.990154456655111481e-01
9.990169953938496938e-01
9.990099024064539313e-01
9.989537545566483656e-01
9.989407606805786877e-01
9.989259190514899744e-01
9.988856857196228844e-01
9.987180170343754604e-01
9.988157691295783680e-01
9.987415609841346908e-01
9.988045634015917384e-01
9.987801849827271372e-01
9.986416631112322584e-01
9.986422591605932375e-01
9.987330970832085653e-01
9.984641000065923588e-01
9.986442857284205665e-01
9.984606429202985689e-01
9.983894746265958853e-01
9.983355321594260534e-01
9.982301506324023910e-01
9.981982023866531328e-01
9.980554485646953022e-01
9.980941321682237355e-01
9.980311893557027858e-01
9.979732533578142828e-01
9.979151981500534729e-01
9.978651300037301164e-01
9.977984320802348872e-01
9.975861192978491276e-01
9.972182972371800291e-01
9.976099612722888477e-01
