1.800000000000000000e+01 1.400000000000000000e+01 1.280000000000000000e+02 9.710000000000000000e+02 8.600000000000000000e+01
9.200000000000000000e+01 9.500000000000000000e+01 1.400000000000000000e+01 4.200000000000000000e+01 8.400000000000000000e+01
8.400000000000000000e+01 3.920000000000000000e+02 1.450000000000000000e+02 7.230000000000000000e+02 8.800000000000000000e+01
8.400000000000000000e+01 3.920000000000000000e+02 3.200000000000000000e+02 7.230000000000000000e+02 3.000000000000000000e+02
8.400000000000000000e+01 3.200000000000000000e+02 3.920000000000000000e+02 3.080000000000000000e+02 8.800000000000000000e+01
8.400000000000000000e+01 3.960000000000000000e+02 3.280000000000000000e+02 1.080000000000000000e+02 3.200000000000000000e+02
8.400000000000000000e+01 3.960000000000000000e+02 3.280000000000000000e+02 1.080000000000000000e+02 1.090000000000000000e+02
8.400000000000000000e+01 3.280000000000000000e+02 1.080000000000000000e+02 3.960000000000000000e+02 1.090000000000000000e+02
8.400000000000000000e+01 3.280000000000000000e+02 1.080000000000000000e+02 3.960000000000000000e+02 7.490000000000000000e+02
8.400000000000000000e+01 3.280000000000000000e+02 1.080000000000000000e+02 3.960000000000000000e+02 7.720000000000000000e+02
8.400000000000000000e+01 3.280000000000000000e+02 1.080000000000000000e+02 9.550000000000000000e+02 1.090000000000000000e+02
8.400000000000000000e+01 3.280000000000000000e+02 9.550000000000000000e+02 1.080000000000000000e+02 7.490000000000000000e+02
8.400000000000000000e+01 3.280000000000000000e+02 1.080000000000000000e+02 9.550000000000000000e+02 7.490000000000000000e+02
8.400000000000000000e+01 3.280000000000000000e+02 7.490000000000000000e+02 1.080000000000000000e+02 9.550000000000000000e+02
8.400000000000000000e+01 3.280000000000000000e+02 7.490000000000000000e+02 1.080000000000000000e+02 7.720000000000000000e+02
8.400000000000000000e+01 3.280000000000000000e+02 7.490000000000000000e+02 7.720000000000000000e+02 1.080000000000000000e+02
8.400000000000000000e+01 3.280000000000000000e+02 7.490000000000000000e+02 7.720000000000000000e+02 9.550000000000000000e+02
8.400000000000000000e+01 3.280000000000000000e+02 7.490000000000000000e+02 7.720000000000000000e+02 9.550000000000000000e+02
8.400000000000000000e+01 3.280000000000000000e+02 7.490000000000000000e+02 7.720000000000000000e+02 9.550000000000000000e+02
8.400000000000000000e+01 3.280000000000000000e+02 7.490000000000000000e+02 7.720000000000000000e+02 3.180000000000000000e+02
8.400000000000000000e+01 3.280000000000000000e+02 7.490000000000000000e+02 7.720000000000000000e+02 9.550000000000000000e+02
8.400000000000000000e+01 3.280000000000000000e+02 7.490000000000000000e+02 7.720000000000000000e+02 3.180000000000000000e+02
8.400000000000000000e+01 3.280000000000000000e+02 7.490000000000000000e+02 7.720000000000000000e+02 3.180000000000000000e+02
8.400000000000000000e+01 3.280000000000000000e+02 7.490000000000000000e+02 7.720000000000000000e+02 3.180000000000000000e+02
8.400000000000000000e+01 3.280000000000000000e+02 7.490000000000000000e+02 7.720000000000000000e+02 3.180000000000000000e+02
8.400000000000000000e+01 3.280000000000000000e+02 7.490000000000000000e+02 7.720000000000000000e+02 3.180000000000000000e+02
8.400000000000000000e+01 3.280000000000000000e+02 7.490000000000000000e+02 7.720000000000000000e+02 3.180000000000000000e+02
8.400000000000000000e+01 3.280000000000000000e+02 7.490000000000000000e+02 7.720000000000000000e+02 3.180000000000000000e+02
8.400000000000000000e+01 3.280000000000000000e+02 7.490000000000000000e+02 7.720000000000000000e+02 3.180000000000000000e+02
8.400000000000000000e+01 3.280000000000000000e+02 7.490000000000000000e+02 7.720000000000000000e+02 3.180000000000000000e+02
8.400000000000000000e+01 3.280000000000000000e+02 7.490000000000000000e+02 7.720000000000000000e+02 4.930000000000000000e+02
8.400000000000000000e+01 3.280000000000000000e+02 7.490000000000000000e+02 7.720000000000000000e+02 4.930000000000000000e+02
8.400000000000000000e+01 3.280000000000000000e+02 7.490000000000000000e+02 7.720000000000000000e+02 4.930000000000000000e+02
8.400000000000000000e+01 3.280000000000000000e+02 7.490000000000000000e+02 7.720000000000000000e+02 8.790000000000000000e+02
8.400000000000000000e+01 3.280000000000000000e+02 7.490000000000000000e+02 7.720000000000000000e+02 8.790000000000000000e+02
8.400000000000000000e+01 3.280000000000000000e+02 7.490000000000000000e+02 7.720000000000000000e+02 8.790000000000000000e+02
8.400000000000000000e+01 3.280000000000000000e+02 7.490000000000000000e+02 7.720000000000000000e+02 8.790000000000000000e+02
8.400000000000000000e+01 3.280000000000000000e+02 7.490000000000000000e+02 7.720000000000000000e+02 8.790000000000000000e+02
8.400000000000000000e+01 3.280000000000000000e+02 7.490000000000000000e+02 7.720000000000000000e+02 8.790000000000000000e+02
8.400000000000000000e+01 3.280000000000000000e+02 7.490000000000000000e+02 7.720000000000000000e+02 8.790000000000000000e+02
8.400000000000000000e+01 3.280000000000000000e+02 7.490000000000000000e+02 7.720000000000000000e+02 8.790000000000000000e+02
8.400000000000000000e+01 3.280000000000000000e+02 7.490000000000000000e+02 7.720000000000000000e+02 8.790000000000000000e+02
8.400000000000000000e+01 3.280000000000000000e+02 7.490000000000000000e+02 7.720000000000000000e+02 8.790000000000000000e+02
8.400000000000000000e+01 3.280000000000000000e+02 7.490000000000000000e+02 7.720000000000000000e+02 8.790000000000000000e+02
8.400000000000000000e+01 3.280000000000000000e+02 7.490000000000000000e+02 7.720000000000000000e+02 8.790000000000000000e+02
8.400000000000000000e+01 3.280000000000000000e+02 7.490000000000000000e+02 7.720000000000000000e+02 8.790000000000000000e+02
8.400000000000000000e+01 3.280000000000000000e+02 7.490000000000000000e+02 7.720000000000000000e+02 8.790000000000000000e+02
8.400000000000000000e+01 3.280000000000000000e+02 7.490000000000000000e+02 7.720000000000000000e+02 8.790000000000000000e+02
8.400000000000000000e+01 3.280000000000000000e+02 7.490000000000000000e+02 7.720000000000000000e+02 8.790000000000000000e+02
8.400000000000000000e+01 3.280000000000000000e+02 7.490000000000000000e+02 7.720000000000000000e+02 8.790000000000000000e+02
8.400000000000000000e+01 3.280000000000000000e+02 7.490000000000000000e+02 7.720000000000000000e+02 8.790000000000000000e+02
8.400000000000000000e+01 3.280000000000000000e+02 7.490000000000000000e+02 7.720000000000000000e+02 8.790000000000000000e+02
8.400000000000000000e+01 3.280000000000000000e+02 7.490000000000000000e+02 7.720000000000000000e+02 8.790000000000000000e+02
8.400000000000000000e+01 3.280000000000000000e+02 7.490000000000000000e+02 7.720000000000000000e+02 8.790000000000000000e+02
8.400000000000000000e+01 3.280000000000000000e+02 7.490000000000000000e+02 7.720000000000000000e+02 8.790000000000000000e+02
8.400000000000000000e+01 3.280000000000000000e+02 7.490000000000000000e+02 7.720000000000000000e+02 8.790000000000000000e+02
8.400000000000000000e+01 7.490000000000000000e+02 3.280000000000000000e+02 7.720000000000000000e+02 8.790000000000000000e+02
8.400000000000000000e+01 7.490000000000000000e+02 3.280000000000000000e+02 7.720000000000000000e+02 8.790000000000000000e+02
8.400000000000000000e+01 7.490000000000000000e+02 3.280000000000000000e+02 7.720000000000000000e+02 8.790000000000000000e+02
8.400000000000000000e+01 7.490000000000000000e+02 3.280000000000000000e+02 7.720000000000000000e+02 8.790000000000000000e+02
8.400000000000000000e+01 7.490000000000000000e+02 3.280000000000000000e+02 7.720000000000000000e+02 8.790000000000000000e+02
8.400000000000000000e+01 3.280000000000000000e+02 7.720000000000000000e+02 7.490000000000000000e+02 4.620000000000000000e+02
8.400000000000000000e+01 3.280000000000000000e+02 7.490000000000000000e+02 7.720000000000000000e+02 8.790000000000000000e+02
8.400000000000000000e+01 3.280000000000000000e+02 7.490000000000000000e+02 7.720000000000000000e+02 8.790000000000000000e+02
8.400000000000000000e+01 7.490000000000000000e+02 3.280000000000000000e+02 7.720000000000000000e+02 4.620000000000000000e+02
8.400000000000000000e+01 7.490000000000000000e+02 3.280000000000000000e+02 7.720000000000000000e+02 8.790000000000000000e+02
8.400000000000000000e+01 7.490000000000000000e+02 3.280000000000000000e+02 7.720000000000000000e+02 8.790000000000000000e+02
8.400000000000000000e+01 7.490000000000000000e+02 3.280000000000000000e+02 7.720000000000000000e+02 4.620000000000000000e+02
8.400000000000000000e+01 7.490000000000000000e+02 3.280000000000000000e+02 7.720000000000000000e+02 4.620000000000000000e+02
8.400000000000000000e+01 7.490000000000000000e+02 7.720000000000000000e+02 3.280000000000000000e+02 8.790000000000000000e+02
8.400000000000000000e+01 7.490000000000000000e+02 7.720000000000000000e+02 3.280000000000000000e+02 8.790000000000000000e+02
8.400000000000000000e+01 7.490000000000000000e+02 7.720000000000000000e+02 3.280000000000000000e+02 8.790000000000000000e+02
8.400000000000000000e+01 7.490000000000000000e+02 7.720000000000000000e+02 3.280000000000000000e+02 8.790000000000000000e+02
8.400000000000000000e+01 7.490000000000000000e+02 3.280000000000000000e+02 7.720000000000000000e+02 8.790000000000000000e+02
8.400000000000000000e+01 7.490000000000000000e+02 3.280000000000000000e+02 7.720000000000000000e+02 8.790000000000000000e+02
8.400000000000000000e+01 7.490000000000000000e+02 3.280000000000000000e+02 7.720000000000000000e+02 8.790000000000000000e+02
8.400000000000000000e+01 7.490000000000000000e+02 3.280000000000000000e+02 7.720000000000000000e+02 8.790000000000000000e+02
8.400000000000000000e+01 7.490000000000000000e+02 3.280000000000000000e+02 7.720000000000000000e+02 8.790000000000000000e+02
8.400000000000000000e+01 7.490000000000000000e+02 3.280000000000000000e+02 7.720000000000000000e+02 8.790000000000000000e+02
8.400000000000000000e+01 7.490000000000000000e+02 3.280000000000000000e+02 7.720000000000000000e+02 8.790000000000000000e+02
8.400000000000000000e+01 7.490000000000000000e+02 3.280000000000000000e+02 7.720000000000000000e+02 8.790000000000000000e+02
8.400000000000000000e+01 7.490000000000000000e+02 3.280000000000000000e+02 7.720000000000000000e+02 8.790000000000000000e+02
8.400000000000000000e+01 7.490000000000000000e+02 3.280000000000000000e+02 7.720000000000000000e+02 8.790000000000000000e+02
8.400000000000000000e+01 7.490000000000000000e+02 3.280000000000000000e+02 7.720000000000000000e+02 8.790000000000000000e+02
8.400000000000000000e+01 7.490000000000000000e+02 3.280000000000000000e+02 7.720000000000000000e+02 8.790000000000000000e+02
8.400000000000000000e+01 7.490000000000000000e+02 3.280000000000000000e+02 7.720000000000000000e+02 8.790000000000000000e+02
8.400000000000000000e+01 7.490000000000000000e+02 3.280000000000000000e+02 7.720000000000000000e+02 8.790000000000000000e+02
8.400000000000000000e+01 7.490000000000000000e+02 3.280000000000000000e+02 7.720000000000000000e+02 8.790000000000000000e+02
8.400000000000000000e+01 7.490000000000000000e+02 3.280000000000000000e+02 7.720000000000000000e+02 8.790000000000000000e+02
8.400000000000000000e+01 7.490000000000000000e+02 3.280000000000000000e+02 7.720000000000000000e+02 8.790000000000000000e+02
8.400000000000000000e+01 7.490000000000000000e+02 3.280000000000000000e+02 7.720000000000000000e+02 8.790000000000000000e+02
8.400000000000000000e+01 7.490000000000000000e+02 3.280000000000000000e+02 7.720000000000000000e+02 8.790000000000000000e+02
8.400000000000000000e+01 7.490000000000000000e+02 3.280000000000000000e+02 7.720000000000000000e+02 8.790000000000000000e+02
8.400000000000000000e+01 7.490000000000000000e+02 3.280000000000000000e+02 7.720000000000000000e+02 4.620000000000000000e+02
8.400000000000000000e+01 7.490000000000000000e+02 3.280000000000000000e+02 7.720000000000000000e+02 8.790000000000000000e+02
8.400000000000000000e+01 7.490000000000000000e+02 3.280000000000000000e+02 7.720000000000000000e+02 8.790000000000000000e+02
8.400000000000000000e+01 7.490000000000000000e+02 3.280000000000000000e+02 7.720000000000000000e+02 4.620000000000000000e+02
8.400000000000000000e+01 7.490000000000000000e+02 7.720000000000000000e+02 3.280000000000000000e+02 4.620000000000000000e+02
8.400000000000000000e+01 7.490000000000000000e+02 3.280000000000000000e+02 7.720000000000000000e+02 8.790000000000000000e+02
8.400000000000000000e+01 7.490000000000000000e+02 7.720000000000000000e+02 3.280000000000000000e+02 4.620000000000000000e+02
8.400000000000000000e+01 7.490000000000000000e+02 7.720000000000000000e+02 3.280000000000000000e+02 8.790000000000000000e+02
