1.117519102990627289e-03 1.634484360693022609e-04 1.062811817973852158e-03 4.242322756908833981e-04 8.116338285617530346e-04 7.164219859987497330e-04
1.392278447747230530e-02 4.327257338445633650e-04 1.302978722378611565e-03 8.005240815691649914e-04 3.904590616002678871e-03 8.814477478154003620e-04
1.187663078308105469e-01 4.464912635739892721e-04 3.818096884060651064e-04 3.945240459870547056e-04 1.539442455396056175e-04 4.382093611638993025e-04
7.950200438499450684e-01 5.210430572333279997e-06 1.500750749983126298e-05 2.799400317599065602e-05 1.445307407266227528e-05 5.850261004525236785e-06
9.937388896942138672e-01 4.725514557435417373e-08 2.108719172611017711e-07 2.168016379755499656e-07 1.413208110534469597e-06 4.636740769115021976e-08
9.996608495712280273e-01 1.677777916597733565e-10 9.915780418978670241e-10 1.031166485532253319e-09 6.054456491710880073e-08 1.082152215059473122e-10
9.999207258224487305e-01 1.357649149352768703e-11 8.165183806863041127e-11 1.134934576874080392e-10 1.257786585995290807e-08 8.657820120550052678e-12
9.999685287475585938e-01 2.287897952688022762e-12 1.364560200944886503e-11 2.410196868474212550e-11 7.865009976626424759e-09 1.188223347839412192e-12
9.999827146530151367e-01 1.081020147529476727e-12 4.480507111159770517e-12 1.435009836653344806e-11 6.495849635967942959e-09 4.406139082063775803e-13
9.999952316284179688e-01 2.866077329893162995e-13 1.111126056614619717e-12 3.502308686120780834e-12 2.654315878203306056e-09 1.568968750493421327e-13
9.999971389770507812e-01 1.130956900395954645e-13 3.390249235860065546e-13 1.223759591925666079e-12 9.359507613382334057e-10 7.380235338876398044e-14
9.999976158142089844e-01 7.652645200471527853e-14 1.839763150851547735e-13 9.616292137581972099e-13 5.542979408801329555e-10 5.416631702090217437e-14
9.999980926513671875e-01 6.796573395230487424e-14 1.337182182472793079e-13 8.946414030604199485e-13 3.479125876282296304e-10 5.466494160002825786e-14
9.999977350234985352e-01 1.016762154614110625e-13 1.753683868043962035e-13 1.322925276270314754e-12 3.704229423195926074e-10 8.429720680172558822e-14
9.999972581863403320e-01 1.464100379561933396e-13 1.848870042524611290e-13 2.230342646680760765e-12 3.113993507497525570e-10 1.214052729875403358e-13
9.999967813491821289e-01 2.944655966546222414e-13 3.175150843203605744e-13 4.126458723330284073e-12 4.137110098945129266e-10 2.537314705130383485e-13
9.999938011169433594e-01 5.556965478048514484e-13 5.375835410506568657e-13 7.338501334386293706e-12 6.516455708371893252e-10 4.732472009758015297e-13
9.999904632568359375e-01 9.681058038557566192e-13 8.727909345772333349e-13 1.322633842726350650e-11 8.137351903414469234e-10 8.484749903538146842e-13
9.999893903732299805e-01 1.146410006855336228e-12 1.003407101331232898e-12 1.515751933689468700e-11 6.790554785141011962e-10 1.077164074082814782e-12
9.999886751174926758e-01 1.760274001214034989e-12 1.585683299075435482e-12 1.849677702669971779e-11 8.295283904224959315e-10 1.454327869070126678e-12
9.999866485595703125e-01 2.341897075569532305e-12 2.163633855412072649e-12 2.400637848232189953e-11 9.355357599716285222e-10 2.012091014635952746e-12
9.999817609786987305e-01 4.325614953032408394e-12 3.727611535414565580e-12 3.948650781349094530e-11 1.254412684836836434e-09 3.888187081330096717e-12
9.999792575836181641e-01 6.934506788236483033e-12 6.134499592330699969e-12 5.530645733053951574e-11 1.715166675353430037e-09 6.613344420702826909e-12
9.999799728393554688e-01 8.100897556928554621e-12 7.077246774733758627e-12 5.637000935476699226e-11 1.814579930758952742e-09 7.385790763703159456e-12
9.999799728393554688e-01 9.675682997867252055e-12 8.087156812275342332e-12 6.594647050661706089e-11 1.864046250688033979e-09 8.358445879874665252e-12
9.999743700027465820e-01 1.689341722066473039e-11 1.328896281210800723e-11 1.038600386249477481e-10 2.733526738296632175e-09 1.480905502393436990e-11
9.999763965606689453e-01 2.131979488784185861e-11 1.657144386990605511e-11 1.207247496415320143e-10 2.794654507809468669e-09 1.860915067875001938e-11
9.999846220016479492e-01 1.338632937136763346e-11 1.056238690261279700e-11 7.544830732397755924e-11 1.929936210842697619e-09 1.101106272133334230e-11
9.999803304672241211e-01 1.956011567993964917e-11 1.463019115577335327e-11 1.000469290746153206e-10 2.362888551488140365e-09 1.516582692762113993e-11
9.999814033508300781e-01 2.198223894578354987e-11 1.766073398634659952e-11 9.675903828165743903e-11 2.533228515844143658e-09 1.701064809844776704e-11
9.999799728393554688e-01 2.631763904026307443e-11 2.186220648958681068e-11 1.088672138549462431e-10 2.622136507923755744e-09 2.122715545005426918e-11
9.999808073043823242e-01 2.830072461101895698e-11 2.307077098806509241e-11 1.102260435703605879e-10 3.007506910179813531e-09 2.206569649221279406e-11
9.999828338623046875e-01 3.173003179646194383e-11 2.496044516908657585e-11 1.151568979063100073e-10 3.027449624326550293e-09 2.267846327397293749e-11
9.999809265136718750e-01 2.731040567305331734e-11 2.192210302176533787e-11 1.246932695986302519e-10 2.817692745793465292e-09 2.123624713579186363e-11
9.999825954437255859e-01 3.175551141487709117e-11 2.282108529927384666e-11 1.321701081913317921e-10 2.752756245172349736e-09 2.394408976647000031e-11
9.999818801879882812e-01 3.869575493364862950e-11 2.708575551346736887e-11 1.438824476229783045e-10 2.687458922068231004e-09 3.004468202005838862e-11
9.999800920486450195e-01 4.462493916057574950e-11 3.028466366572502011e-11 1.640055036222776152e-10 3.024543948626501333e-09 3.581251614703795383e-11
9.999799728393554688e-01 4.725889818368855799e-11 3.157616876303670495e-11 1.665650117832484511e-10 3.194719155885650252e-09 3.800388129193699172e-11
9.999823570251464844e-01 4.331555947256759964e-11 3.178392271596663932e-11 1.504440044763910578e-10 3.238982637654430619e-09 3.473605431070225791e-11
9.999784231185913086e-01 6.407731983903985906e-11 4.598874753236614765e-11 2.197489135102870250e-10 4.192346025888582517e-09 5.155006629897762593e-11
9.999803304672241211e-01 6.389620083036007259e-11 4.639658796046219891e-11 2.079374450403292940e-10 4.226637706494784652e-09 5.015653170570288921e-11
9.999802112579345703e-01 6.423577642022948453e-11 5.132724800738230897e-11 2.105852575651212533e-10 4.703109457437903984e-09 5.342332479174594084e-11
9.999835491180419922e-01 4.325641234093069443e-11 3.205861270894061477e-11 1.692505857686654736e-10 3.415639993065155977e-09 3.874862583574945063e-11
9.999850988388061523e-01 4.220200924831551959e-11 3.299106474119462007e-11 1.601402066508939015e-10 3.559155192789376088e-09 3.853178887069930170e-11
9.999848604202270508e-01 5.190083432471404024e-11 3.879837423559351350e-11 1.840293473165388605e-10 4.327978420093359091e-09 4.316325769027073989e-11
9.999814033508300781e-01 8.596658107595800402e-11 6.040572209098371559e-11 2.839229129580900235e-10 6.233135341204842916e-09 7.352802394722246504e-11
9.999773502349853516e-01 1.219009893027589442e-10 7.691147024813105304e-11 3.715085461486467011e-10 7.707690485858620377e-09 9.912332760153574895e-11
9.999742507934570312e-01 1.405644212137957538e-10 8.925944011695108316e-11 4.360003469372486506e-10 8.945110430147451552e-09 1.141454014641496428e-10
9.999730587005615234e-01 1.615642758467927820e-10 9.939021827776173268e-11 4.905426065349161036e-10 1.122384141183374595e-08 1.189386367173028702e-10
9.999729394912719727e-01 1.580107850118750434e-10 9.882802215477326513e-11 4.733093361686258049e-10 1.029252416628878564e-08 1.122029691380532768e-10
9.999760389328002930e-01 8.333472800714503137e-11 6.133722002532593365e-11 3.123915570668600594e-10 6.205959746097278185e-09 6.875433555819654430e-11
9.999749660491943359e-01 7.188761391718756499e-11 5.068257966089895206e-11 3.496047618067876783e-10 5.530047531010495732e-09 7.706503490911842391e-11
9.999699592590332031e-01 1.463149879032954459e-10 9.328024463961526180e-11 5.343595566031922317e-10 9.950799295666001854e-09 1.293502804866619726e-10
9.999645948410034180e-01 2.246782759840471044e-10 1.388934106616446229e-10 6.905875871154876222e-10 1.342953037664074145e-08 1.809094402061006690e-10
9.999549388885498047e-01 3.059971998009558547e-10 1.882721895052341665e-10 9.083022667333295885e-10 1.718446007714646839e-08 2.449792035896791731e-10
9.999420642852783203e-01 4.309743117936193357e-10 2.717659708384445594e-10 1.183963260764642200e-09 2.334839699358326470e-08 3.350642818755744656e-10
9.999350309371948242e-01 5.387495449760137944e-10 3.250505697938166350e-10 1.365572876999010532e-09 2.585454161874167767e-08 4.024878486053040660e-10
9.999283552169799805e-01 6.732122082020453036e-10 3.897412947928557969e-10 1.643779001803125084e-09 3.095077261150436243e-08 4.797156005764691145e-10
9.999157190322875977e-01 8.849281307732326241e-10 4.969946121313739695e-10 2.009416411041797801e-09 3.545116200598386058e-08 6.294139098805828780e-10
9.999142885208129883e-01 9.426701641501722406e-10 5.332821406689447485e-10 2.010490884885030027e-09 3.719200947216450004e-08 6.564325194524656126e-10
9.999096393585205078e-01 9.875982254214932254e-10 5.426268323560634599e-10 2.199225912491442614e-09 4.052039770385817974e-08 6.551398867848945429e-10
9.998866319656372070e-01 1.338546495865955421e-09 7.236289900625081373e-10 2.971899171200220735e-09 4.784442353411577642e-08 8.761590897243820564e-10
9.998790025711059570e-01 1.336146304709018295e-09 7.144185798502178386e-10 2.912133867383204233e-09 4.574472711738053476e-08 8.754942326660852814e-10
9.998695850372314453e-01 1.600912624688533015e-09 8.235480630780500633e-10 3.480684629408870023e-09 5.270270619917027943e-08 1.055570519881143809e-09
9.998655319213867188e-01 1.696870977063724695e-09 8.443168386662591729e-10 3.466955167397145487e-09 5.689972226718964521e-08 1.040510233529801098e-09
9.998619556427001953e-01 1.821390593903515764e-09 8.747782498375045179e-10 3.505890466826144802e-09 5.934437297128170030e-08 1.076007949407653541e-09
9.998571872711181641e-01 1.808111105283671805e-09 8.528198702784095531e-10 3.560281847114765696e-09 5.593895124889058934e-08 1.082551048803281901e-09
9.998383522033691406e-01 2.099006968236949433e-09 1.010248551480685819e-09 4.085646487794747372e-09 6.838207156079079141e-08 1.259288229249477808e-09
9.998095631599426270e-01 2.775893515050142923e-09 1.288118833819851261e-09 4.947800835708449085e-09 7.561022385971227777e-08 1.517621472935104521e-09
9.998007416725158691e-01 3.013367111392994957e-09 1.364597990161087182e-09 5.278143699882775763e-09 7.904281318360517616e-08 1.593527643173331398e-09
9.997838139533996582e-01 3.492768740898100077e-09 1.520021664092041647e-09 5.943598502256008942e-09 8.471134549381531542e-08 1.836789831344276536e-09
9.997696280479431152e-01 3.452567565176423159e-09 1.460376375383987124e-09 5.619354759289763024e-09 9.328376648909397773e-08 1.754354550520531575e-09
9.997653365135192871e-01 3.972598250356895733e-09 1.627651013969000360e-09 6.321093426464585718e-09 9.627368768860833370e-08 2.005178689756803578e-09
9.997342228889465332e-01 4.521616414621121294e-09 1.764167478768285946e-09 6.927517670618499324e-09 1.031723257938210736e-07 2.140309485199054507e-09
9.997273087501525879e-01 5.092071653223229077e-09 2.047232827706579883e-09 7.668317536513313826e-09 1.088332268750491494e-07 2.380582175831591485e-09
9.997083544731140137e-01 5.534154468023189111e-09 2.248655928127618608e-09 7.966066029041485308e-09 1.266567437596677337e-07 2.486700401149732897e-09
9.996665716171264648e-01 6.639719885015438194e-09 2.649822361533438198e-09 9.497761688237460476e-09 1.372734175220102770e-07 2.962558864894049293e-09
9.996327161788940430e-01 7.566620219279229786e-09 2.926504150124742409e-09 1.069515676022092521e-08 1.427297178224762320e-07 3.385628888352698596e-09
9.996153116226196289e-01 8.187007516369249061e-09 3.028103767732659435e-09 1.117154546648180258e-08 1.451068101232522167e-07 3.606017484614199020e-09
9.995810389518737793e-01 9.814593582291308849e-09 3.592315334088880263e-09 1.276775041247901754e-08 1.511303224788207444e-07 4.120212615532636846e-09
9.995433092117309570e-01 1.077982414443567905e-08 3.733901188240906777e-09 1.392333359717667918e-08 1.659992960867384681e-07 4.409019371820477318e-09
9.995651841163635254e-01 1.042995467770424511e-08 3.741432941239963839e-09 1.329185828069512354e-08 1.567123746326615219e-07 4.284929300268913721e-09
9.994811415672302246e-01 1.333189736385520519e-08 4.663442521035676691e-09 1.624063727945213031e-08 1.784036527396892780e-07 5.463494545665525948e-09
9.994707703590393066e-01 1.501894786315460806e-08 5.069090480702698187e-09 1.752460043746850715e-08 1.914081337872630684e-07 6.078361813877108943e-09
9.993951320648193359e-01 1.633984503257579490e-08 5.584336992825456036e-09 1.881034528139480244e-08 2.188687631132779643e-07 6.371786209768970366e-09
9.993770718574523926e-01 1.779920921762823127e-08 6.019726939143765776e-09 2.036020063655996637e-08 2.342712974723326624e-07 6.780254135918539760e-09
9.993863105773925781e-01 1.807174321299953590e-08 5.696024985013536934e-09 2.024190237648326729e-08 2.349657535205551540e-07 6.621697856701302953e-09
9.993155002593994141e-01 2.132114396147244406e-08 6.776721406254182511e-09 2.237140428462680575e-08 2.475447047345369356e-07 7.656800526945062302e-09
9.993420243263244629e-01 2.127345055669138674e-08 6.532290708349819397e-09 2.173100632774094265e-08 2.670443564056768082e-07 7.378289534898385682e-09
9.992909431457519531e-01 2.315351288473266322e-08 6.982217026774151236e-09 2.327443304750431707e-08 2.676239603260910371e-07 8.196269440929881966e-09
9.992769360542297363e-01 2.504473783915273088e-08 7.785907918389511906e-09 2.522769193546992028e-08 3.011320188761601457e-07 8.370652615496965154e-09
9.992260932922363281e-01 2.626836348440519942e-08 7.862634987532146624e-09 2.526541109659774520e-08 2.935425129635405028e-07 8.571744203322850808e-09
9.991862177848815918e-01 2.880199367893965245e-08 8.455077527003140858e-09 2.674623367227013659e-08 3.219107611585059203e-07 9.133751532885980851e-09
9.991021156311035156e-01 3.414695015635516029e-08 9.981247828250161547e-09 2.949788502348837937e-08 3.696983981171797495e-07 1.015087125466607176e-08
9.991278052330017090e-01 3.715063812137486821e-08 1.080714273626881550e-08 3.113088098416483263e-08 3.609725069964042632e-07 1.096262103317258152e-08
9.990624785423278809e-01 3.802182746426296944e-08 1.096282442603069285e-08 3.291349770506712957e-08 3.838486577478761319e-07 1.139803362804059361e-08
9.990423321723937988e-01 3.867265618850979081e-08 1.134371441224857335e-08 3.216469934841370559e-08 3.858050945382274222e-07 1.148930106609213908e-08
9.989136457443237305e-01 5.066779706908164371e-08 1.440989105816470328e-08 3.940979809158307035e-08 4.539314204521360807e-07 1.398016458153961139e-08
9.988449811935424805e-01 5.428949734209709277e-08 1.528428406061266287e-08 4.223234384426177712e-08 4.550747974008118035e-07 1.497060253541349084e-08
9.987627267837524414e-01 5.628730193052433606e-08 1.561656226556351612e-08 4.238557238522844273e-08 5.003205956199963111e-07 1.578034591886989801e-08
9.987284541130065918e-01 6.115944728435351863e-08 1.637073232529928646e-08 4.525452013126596285e-08 4.981329198017192539e-07 1.610650812722269620e-08
