1.841206802055239677e-03 1.967628195416182280e-04 1.096876803785562515e-04 7.429566467180848122e-04 3.473325341474264860e-04 2.861121855676174164e-02
2.390388632193207741e-03 1.221487127622822300e-05 4.768018243339611217e-06 9.723687253426760435e-05 8.460925891995429993e-05 6.792184896767139435e-03
1.169736403971910477e-02 1.744609789966489188e-07 5.922202035435475409e-07 8.762771176407113671e-05 2.116469113389030099e-05 7.680611452087759972e-05
7.235824130475521088e-03 1.156950801828315889e-07 4.649004949897062033e-07 1.461725332774221897e-04 2.104617306031286716e-05 9.018745913635939360e-05
8.885868638753890991e-02 1.533940086062557384e-08 1.267495974843768636e-07 3.092821134487167001e-05 1.561989847687073052e-06 3.602636206778697670e-05
1.779525130987167358e-01 2.580503366544917299e-09 5.303109773535652494e-08 1.031462034006835893e-05 1.969153373693188769e-07 8.053377314354293048e-06
2.219787389039993286e-01 6.516615025375926962e-10 2.115730168839036196e-08 6.161076271382626146e-06 6.255508822050614981e-08 5.202797183301299810e-06
2.114199399948120117e-01 6.323372381267233777e-10 2.430682854992483044e-08 6.161007604532642290e-06 7.616626618300870177e-08 5.622986918751848862e-06
1.848736703395843506e-01 9.326639460738306298e-10 3.418305638547280978e-08 8.223128133977297693e-06 1.200475594487215858e-07 6.661197403445839882e-06
2.445270270109176636e-01 1.171039820668795528e-09 4.040588308384940319e-08 7.940824616525787860e-06 1.523896315802630852e-07 6.291577847150620073e-06
3.037241697311401367e-01 7.783397260041624577e-10 2.870611126581934514e-08 5.612724635284394026e-06 1.078432134704598866e-07 4.515722139331046492e-06
3.506760597229003906e-01 6.271463903750884583e-10 2.320597047855699202e-08 5.534178853849880397e-06 7.814490032842513756e-08 3.400101832085056230e-06
3.417992889881134033e-01 5.888974863310636465e-10 2.113156050143061293e-08 5.267639153316849843e-06 6.538724051097233314e-08 2.912320269388146698e-06
3.538449108600616455e-01 6.169188493387878225e-10 2.096346207736132783e-08 5.389598754845792428e-06 6.071778102523239795e-08 2.903441782109439373e-06
3.612489104270935059e-01 6.450833200943861812e-10 2.254123998568502429e-08 4.779536993737565354e-06 5.668553981763579941e-08 2.937132421720889397e-06
3.497691750526428223e-01 6.370108329711854367e-10 2.332144077854536590e-08 4.794028882315615192e-06 5.515015288892755052e-08 2.930287791969021782e-06
3.719111382961273193e-01 6.189739276685202185e-10 2.290369849333728780e-08 4.033648565382463858e-06 4.708528322794336418e-08 2.659007577676675282e-06
4.111945927143096924e-01 5.162629768129534114e-10 2.000932219914375310e-08 3.440434511503553949e-06 3.816401061840224429e-08 2.077569206448970363e-06
4.117232263088226318e-01 6.482835379628681949e-10 2.386278374899575283e-08 3.644724984042113647e-06 4.266295050570079184e-08 2.324066144865355454e-06
4.536452293395996094e-01 6.195884916238014739e-10 2.101001150833781139e-08 3.163356950608431362e-06 3.811285154142751708e-08 1.962864189408719540e-06
4.695449769496917725e-01 6.280888587006927537e-10 2.129955589680321282e-08 2.862647534129791893e-06 3.878739462948033179e-08 1.808878892006759997e-06
4.692147374153137207e-01 7.404057922322238028e-10 2.318643232968042867e-08 3.014199592143995687e-06 4.193254810047619685e-08 1.804191356313822325e-06
4.709732532501220703e-01 7.681008606930106453e-10 2.243731067608223384e-08 3.136859731966978870e-06 4.087644356332020834e-08 1.705126464912609663e-06
4.878367781639099121e-01 8.460837030987988783e-10 2.248607167132377072e-08 3.224666670575970784e-06 4.054798807828774443e-08 1.677565023783245124e-06
4.791999459266662598e-01 9.526895938805068909e-10 2.478207861145165225e-08 3.537098336892086081e-06 4.735314007575652795e-08 1.619729118829127401e-06
5.044363141059875488e-01 9.309834014814555303e-10 2.251414343845681287e-08 3.466478119662497193e-06 4.219678828576434171e-08 1.385872678838495631e-06
5.276427268981933594e-01 9.050105109764672306e-10 2.123141307208697981e-08 3.534759571266476996e-06 3.868373710247396957e-08 1.206648562401824165e-06
5.286602377891540527e-01 9.415918045263538261e-10 2.146399324942649400e-08 3.632161678979173303e-06 3.993560682147290208e-08 1.141339794230589177e-06
5.489198565483093262e-01 1.021763895714400405e-09 2.064316184657855047e-08 4.300214186514494941e-06 4.143805298895131273e-08 1.121852733376726974e-06
5.534862875938415527e-01 9.687428637050743419e-10 1.977559804799966514e-08 4.002174591732909903e-06 4.056373725802586705e-08 9.920588581735501066e-07
5.478687286376953125e-01 1.053420572993957194e-09 2.100599516552392743e-08 4.396267286210786551e-06 4.215770132987017860e-08 1.040338474922464229e-06
5.710267424583435059e-01 1.075890376789345737e-09 2.051746328390890994e-08 4.567099949781550094e-06 4.323445423892735562e-08 9.253989219359937124e-07
5.867818593978881836e-01 1.113213854431194250e-09 1.987803877057103819e-08 4.622051164915319532e-06 4.384596152817721304e-08 8.622041036687733140e-07
5.952269434928894043e-01 1.054516474141564686e-09 1.854392195355103468e-08 4.242900558892870322e-06 4.037730150230345316e-08 8.154172519425628707e-07
6.003672480583190918e-01 1.133513061191138149e-09 1.922552961275414418e-08 4.504437583818798885e-06 4.404411768632598978e-08 8.539360578652122058e-07
6.199873685836791992e-01 1.179845332544005032e-09 1.928833093245430064e-08 4.608767085301224142e-06 4.495744931887202256e-08 7.977103564371645916e-07
6.235539913177490234e-01 1.287706719033110403e-09 1.950875372358495952e-08 4.732751222036313266e-06 4.651110074860298482e-08 8.323528390974388458e-07
6.330803632736206055e-01 1.233731561356421480e-09 1.867502952279664896e-08 4.453628207556903362e-06 4.520342500313745404e-08 8.150024655151355546e-07
6.114553809165954590e-01 1.692027074007285137e-09 2.296411594215896912e-08 5.420943125500343740e-06 6.054568046920394409e-08 9.453647180635016412e-07
6.238418221473693848e-01 1.685875883339349457e-09 2.255728581701532676e-08 5.166773917153477669e-06 5.989470963640997070e-08 8.879534334482741542e-07
6.369175910949707031e-01 1.584131159582113924e-09 2.054034808907090337e-08 4.734692538477247581e-06 5.655946466731620603e-08 8.652177712065167725e-07
6.358623504638671875e-01 1.899683965689291654e-09 2.258605213967257441e-08 5.069504368293564767e-06 6.447447731261490844e-08 8.866090865922160447e-07
6.378389596939086914e-01 1.705226071457843773e-09 2.077925742582920066e-08 4.701767920778365806e-06 5.644058376219618367e-08 8.845665320222906303e-07
6.458543539047241211e-01 1.741096711249667806e-09 2.076200011913442722e-08 4.947529760102042928e-06 5.605237518579997413e-08 9.157317322205926757e-07
6.422032713890075684e-01 1.927000781165588705e-09 2.297796619643577287e-08 4.899685336567927152e-06 6.490216719612362795e-08 9.755871133165783249e-07
6.345071792602539062e-01 2.242902308324801197e-09 2.496947715258102107e-08 5.341136784409172833e-06 6.973845501079267706e-08 1.074178044291329570e-06
6.508704423904418945e-01 2.000176024807842623e-09 2.198911275286263844e-08 5.080451046524103731e-06 6.445134204113855958e-08 9.659679562901146710e-07
6.355563998222351074e-01 2.341133065186795648e-09 2.524041420315370488e-08 5.504634373210137710e-06 7.090470433013251750e-08 1.075083446266944520e-06
6.357828378677368164e-01 2.519243924581360261e-09 2.576578062019052595e-08 5.640891231450950727e-06 7.351014374989972566e-08 1.084451469068881124e-06
6.394187211990356445e-01 2.606937332672032426e-09 2.728278047925414285e-08 5.870946097275009379e-06 7.675134128248828347e-08 1.086181555365328677e-06
6.436578035354614258e-01 2.712447821906494028e-09 2.741498228431282769e-08 6.333195415209047496e-06 7.634353949015348917e-08 1.164622403848625254e-06
6.384696364402770996e-01 2.976529911435932263e-09 2.957009215265316016e-08 6.622310138482134789e-06 8.332379763942299178e-08 1.190658622363116592e-06
6.448405981063842773e-01 2.813565824766328660e-09 2.736934590075179585e-08 6.309359832812333480e-06 7.961012471469075535e-08 1.071945348485314753e-06
6.353633999824523926e-01 3.205568033237682357e-09 3.164871742455943604e-08 6.736058821843471378e-06 9.145396262510985252e-08 1.200878728013776708e-06
6.431854963302612305e-01 3.011244587014516583e-09 2.864617698605798068e-08 6.707203283440321684e-06 8.515139171549890307e-08 1.182621076623036060e-06
6.327797770500183105e-01 3.461280373429076462e-09 3.061739306531308102e-08 7.366055797319859266e-06 8.782406268892373191e-08 1.184029429168731440e-06
6.402117609977722168e-01 3.634474277092181183e-09 3.117758140547266521e-08 7.669462320336606354e-06 9.155669289384604781e-08 1.144028260569029953e-06
6.360099315643310547e-01 4.215788163008937772e-09 3.212842969446683128e-08 8.562060429539997131e-06 1.010429571124404902e-07 1.132700162997934967e-06
6.403284072875976562e-01 4.235517270245736654e-09 3.352131372480471327e-08 8.539673217455856502e-06 9.783801147023041267e-08 1.131348199123749509e-06
6.372851729393005371e-01 4.504243644731786844e-09 3.485255106738804898e-08 9.019086974149104208e-06 1.038097465766441019e-07 1.189438535220688209e-06
6.373624205589294434e-01 4.777821693835448968e-09 3.532905878955716616e-08 8.837898349156603217e-06 1.039957453485840233e-07 1.082159997167764232e-06
6.394206881523132324e-01 4.456983671019543181e-09 3.326122666180708620e-08 8.484265890729147941e-06 1.002157361540412239e-07 1.108514652514713816e-06
6.331412196159362793e-01 5.723062912466048147e-09 4.049346458145919314e-08 1.013763176160864532e-05 1.184204663218224596e-07 1.221049274136021268e-06
6.491248607635498047e-01 4.100613182345114183e-09 3.116134550396054692e-08 8.004562914720736444e-06 9.066604889085283503e-08 9.317118383478373289e-07
6.369411349296569824e-01 5.548826287338215479e-09 3.903672052274487214e-08 9.712769497127737850e-06 1.148741262113617267e-07 1.131519070440845098e-06
6.420056819915771484e-01 6.750629388818651933e-09 4.415771570620563580e-08 1.103401336877141148e-05 1.277267074328847229e-07 1.235184754477813840e-06
6.580071449279785156e-01 6.437470556619473427e-09 4.050117041742851143e-08 1.081388654711190611e-05 1.175098489625270304e-07 1.122358298744075000e-06
6.455388069152832031e-01 7.147614944358338107e-09 4.487854354806586343e-08 1.168037579191150144e-05 1.269298479655844858e-07 1.188371811622346286e-06
6.412309408187866211e-01 7.865339490820133506e-09 4.637389849904138828e-08 1.174602675746427849e-05 1.389403792018129025e-07 1.219152636622311547e-06
6.497606635093688965e-01 8.525673500514585612e-09 4.658943808522053587e-08 1.221730508405016735e-05 1.440735530877645942e-07 1.237402670994924847e-06
6.431375145912170410e-01 1.019476059127555345e-08 5.254225143858093361e-08 1.333555610472103581e-05 1.602739416739495937e-07 1.255071651939942967e-06
6.578509211540222168e-01 6.638910754475091380e-09 3.849159924129708088e-08 1.045313729264307767e-05 1.124410431430078461e-07 1.039828930515795946e-06
6.438905596733093262e-01 9.544112167247931211e-09 5.074220865708412020e-08 1.302615419263020158e-05 1.411060566169908270e-07 1.270715415557788219e-06
6.376901268959045410e-01 1.285930295580328675e-08 6.131590168934053509e-08 1.597092159499879926e-05 1.890115015612536808e-07 1.375364035993698053e-06
6.357327699661254883e-01 1.286657091981169287e-08 6.251144668567576446e-08 1.577835973876062781e-05 1.828923927860159893e-07 1.345355713056051172e-06
6.318698525428771973e-01 1.435157681584087186e-08 6.520507866980551626e-08 1.721226362860761583e-05 1.972157690488529624e-07 1.423397407052107155e-06
6.346617341041564941e-01 1.559455675703702582e-08 6.793919027359152096e-08 1.777795478119514883e-05 2.106691141534611234e-07 1.467180709369131364e-06
6.266198158264160156e-01 1.728651533028369158e-08 6.820785358740977244e-08 1.843743848439771682e-05 2.224541617579234298e-07 1.397695655214192811e-06
6.258648633956909180e-01 1.951985950654488988e-08 8.100507642438969924e-08 2.030486757575999945e-05 2.482156844507699134e-07 1.642588472350325901e-06
6.267511844635009766e-01 2.040492219634870708e-08 7.941594759586223518e-08 2.056989615084603429e-05 2.479845022662630072e-07 1.529417431811452843e-06
6.291051506996154785e-01 1.956329498398190481e-08 7.410827151943522040e-08 1.975672239495906979e-05 2.320903718100453261e-07 1.501809492765460163e-06
6.310985684394836426e-01 2.163752910178118327e-08 7.958412595598929329e-08 1.969288496184162796e-05 2.524486433230777038e-07 1.546237854199716821e-06
6.366464495658874512e-01 1.849678987753122783e-08 6.875957581087277504e-08 1.757708741934038699e-05 2.259285452055337373e-07 1.239947209796810057e-06
6.239823102951049805e-01 2.521117004050665855e-08 8.613339730345614953e-08 2.105547537212260067e-05 2.734675774718198227e-07 1.532428427708509844e-06
6.261475682258605957e-01 2.787750297272850730e-08 9.284157442834839458e-08 2.374154792050831020e-05 2.911700676122563891e-07 1.608726279300753959e-06
6.267747879028320312e-01 2.961160916470362281e-08 9.614220175535592716e-08 2.514834704925306141e-05 3.014065157458389876e-07 1.611499214959621895e-06
6.162974834442138672e-01 3.482523425191175193e-08 1.109330511894768279e-07 2.758180016826372594e-05 3.563492896319075953e-07 1.807833200473396573e-06
6.165921688079833984e-01 3.210323740177045693e-08 1.006724943408698891e-07 2.516600216040387750e-05 3.100144283507688669e-07 1.716613269309164025e-06
6.154659390449523926e-01 4.010012588651079568e-08 1.167902681231680617e-07 2.959056109830271453e-05 3.798365639795520110e-07 1.966570152944768779e-06
6.137993335723876953e-01 4.470851422411215026e-08 1.201010633167243213e-07 3.180297062499448657e-05 3.826494889835885260e-07 2.017655106101301499e-06
6.110017299652099609e-01 5.012131509829487186e-08 1.326631320353044430e-07 3.301291144452989101e-05 4.154008479417825583e-07 2.126186018358566798e-06
6.039288640022277832e-01 5.440985617610749614e-08 1.362002137739182217e-07 3.343396019772626460e-05 4.483512725528271403e-07 2.199720256612636149e-06
6.037385463714599609e-01 5.851156359426568088e-08 1.444435753228390240e-07 3.609951818361878395e-05 4.521904202192672528e-07 2.189428414567373693e-06
6.048343777656555176e-01 6.779978178883538931e-08 1.530143123318339349e-07 3.912969623343087733e-05 5.107501124257396441e-07 2.265040848214994185e-06
6.012704968452453613e-01 7.565359538830307429e-08 1.625813723649116582e-07 4.442793215275742114e-05 5.518140824278816581e-07 2.418084932287456468e-06
6.161308288574218750e-01 4.805907138916154508e-08 1.171481400774609938e-07 3.301796823507174850e-05 4.056219893300294643e-07 1.862774638539121952e-06
6.068699359893798828e-01 6.370238736508326838e-08 1.420888935399489128e-07 3.881693191942758858e-05 4.775811817125941161e-07 2.210841557825915515e-06
6.041675806045532227e-01 7.693986958656751085e-08 1.578131616497557843e-07 4.105043262825347483e-05 5.259545901026285719e-07 2.311229309270856902e-06
5.958354473114013672e-01 8.547087304577871691e-08 1.709069437083599041e-07 4.420986078912392259e-05 5.878645765733381268e-07 2.542918082326650620e-06
6.103987693786621094e-01 8.795672812311750022e-08 1.599811980668164324e-07 4.623994027497246861e-05 5.574155466092634015e-07 2.306898295501014218e-06
6.047387123107910156e-01 9.756896446333485073e-08 1.754046792257213383e-07 5.004096965421922505e-05 6.049398848517739680e-07 2.462341853970428929e-06
