6.110000000000000000e+02 7.350000000000000000e+02 9.110000000000000000e+02 5.910000000000000000e+02 7.410000000000000000e+02
1.360000000000000000e+02 1.280000000000000000e+02 1.400000000000000000e+01 8.600000000000000000e+01 3.310000000000000000e+02
3.180000000000000000e+02 3.220000000000000000e+02 3.070000000000000000e+02 9.880000000000000000e+02 1.400000000000000000e+01
3.070000000000000000e+02 3.100000000000000000e+02 3.040000000000000000e+02 3.180000000000000000e+02 7.800000000000000000e+01
3.070000000000000000e+02 3.100000000000000000e+02 3.180000000000000000e+02 3.040000000000000000e+02 7.000000000000000000e+01
3.070000000000000000e+02 3.180000000000000000e+02 3.030000000000000000e+02 3.100000000000000000e+02 7.700000000000000000e+01
3.070000000000000000e+02 7.700000000000000000e+01 3.030000000000000000e+02 3.180000000000000000e+02 3.100000000000000000e+02
3.070000000000000000e+02 7.700000000000000000e+01 3.030000000000000000e+02 3.100000000000000000e+02 3.110000000000000000e+02
3.070000000000000000e+02 7.700000000000000000e+01 3.030000000000000000e+02 3.110000000000000000e+02 7.300000000000000000e+01
3.070000000000000000e+02 7.700000000000000000e+01 3.030000000000000000e+02 3.110000000000000000e+02 7.300000000000000000e+01
3.070000000000000000e+02 7.700000000000000000e+01 3.030000000000000000e+02 3.110000000000000000e+02 7.300000000000000000e+01
3.070000000000000000e+02 7.700000000000000000e+01 3.030000000000000000e+02 7.400000000000000000e+01 7.300000000000000000e+01
7.700000000000000000e+01 3.070000000000000000e+02 7.400000000000000000e+01 3.030000000000000000e+02 7.300000000000000000e+01
7.700000000000000000e+01 3.070000000000000000e+02 7.400000000000000000e+01 7.300000000000000000e+01 3.030000000000000000e+02
7.700000000000000000e+01 3.070000000000000000e+02 7.400000000000000000e+01 7.300000000000000000e+01 3.030000000000000000e+02
7.700000000000000000e+01 3.070000000000000000e+02 7.400000000000000000e+01 7.300000000000000000e+01 3.030000000000000000e+02
7.700000000000000000e+01 3.070000000000000000e+02 7.400000000000000000e+01 7.300000000000000000e+01 3.030000000000000000e+02
7.700000000000000000e+01 3.070000000000000000e+02 7.400000000000000000e+01 7.300000000000000000e+01 7.000000000000000000e+01
7.700000000000000000e+01 3.070000000000000000e+02 7.400000000000000000e+01 7.300000000000000000e+01 3.100000000000000000e+02
7.700000000000000000e+01 3.070000000000000000e+02 7.400000000000000000e+01 7.300000000000000000e+01 3.100000000000000000e+02
7.700000000000000000e+01 3.070000000000000000e+02 7.400000000000000000e+01 7.300000000000000000e+01 3.100000000000000000e+02
7.700000000000000000e+01 3.070000000000000000e+02 7.400000000000000000e+01 7.300000000000000000e+01 3.100000000000000000e+02
7.700000000000000000e+01 3.070000000000000000e+02 7.400000000000000000e+01 7.300000000000000000e+01 3.100000000000000000e+02
7.700000000000000000e+01 3.070000000000000000e+02 7.400000000000000000e+01 7.300000000000000000e+01 3.100000000000000000e+02
7.700000000000000000e+01 3.070000000000000000e+02 7.400000000000000000e+01 7.300000000000000000e+01 3.100000000000000000e+02
7.700000000000000000e+01 3.070000000000000000e+02 7.400000000000000000e+01 7.300000000000000000e+01 3.100000000000000000e+02
7.700000000000000000e+01 3.070000000000000000e+02 7.400000000000000000e+01 7.300000000000000000e+01 3.100000000000000000e+02
7.700000000000000000e+01 3.070000000000000000e+02 7.400000000000000000e+01 7.300000000000000000e+01 3.100000000000000000e+02
7.700000000000000000e+01 3.070000000000000000e+02 7.400000000000000000e+01 7.300000000000000000e+01 3.100000000000000000e+02
7.700000000000000000e+01 3.070000000000000000e+02 7.400000000000000000e+01 7.300000000000000000e+01 3.100000000000000000e+02
7.700000000000000000e+01 7.400000000000000000e+01 3.070000000000000000e+02 7.300000000000000000e+01 3.100000000000000000e+02
7.700000000000000000e+01 7.400000000000000000e+01 3.070000000000000000e+02 7.300000000000000000e+01 3.100000000000000000e+02
7.700000000000000000e+01 7.400000000000000000e+01 7.300000000000000000e+01 3.070000000000000000e+02 7.000000000000000000e+01
7.700000000000000000e+01 7.400000000000000000e+01 7.300000000000000000e+01 3.070000000000000000e+02 7.000000000000000000e+01
7.700000000000000000e+01 7.400000000000000000e+01 7.300000000000000000e+01 3.070000000000000000e+02 7.000000000000000000e+01
7.700000000000000000e+01 7.400000000000000000e+01 7.300000000000000000e+01 3.070000000000000000e+02 7.000000000000000000e+01
7.700000000000000000e+01 7.400000000000000000e+01 7.300000000000000000e+01 3.070000000000000000e+02 7.000000000000000000e+01
7.700000000000000000e+01 7.400000000000000000e+01 7.300000000000000000e+01 3.070000000000000000e+02 7.000000000000000000e+01
7.700000000000000000e+01 7.400000000000000000e+01 7.300000000000000000e+01 3.070000000000000000e+02 7.000000000000000000e+01
7.700000000000000000e+01 7.400000000000000000e+01 7.300000000000000000e+01 3.070000000000000000e+02 7.000000000000000000e+01
7.700000000000000000e+01 7.400000000000000000e+01 7.300000000000000000e+01 3.070000000000000000e+02 7.000000000000000000e+01
7.700000000000000000e+01 7.400000000000000000e+01 7.300000000000000000e+01 3.070000000000000000e+02 7.000000000000000000e+01
7.700000000000000000e+01 7.400000000000000000e+01 7.300000000000000000e+01 3.070000000000000000e+02 7.000000000000000000e+01
7.700000000000000000e+01 7.400000000000000000e+01 7.300000000000000000e+01 3.070000000000000000e+02 7.000000000000000000e+01
7.700000000000000000e+01 7.400000000000000000e+01 7.300000000000000000e+01 3.070000000000000000e+02 7.000000000000000000e+01
7.700000000000000000e+01 7.400000000000000000e+01 7.300000000000000000e+01 3.070000000000000000e+02 7.000000000000000000e+01
7.700000000000000000e+01 7.400000000000000000e+01 7.300000000000000000e+01 3.070000000000000000e+02 7.000000000000000000e+01
7.700000000000000000e+01 7.400000000000000000e+01 7.300000000000000000e+01 3.070000000000000000e+02 7.000000000000000000e+01
7.700000000000000000e+01 7.400000000000000000e+01 7.300000000000000000e+01 3.070000000000000000e+02 7.000000000000000000e+01
7.700000000000000000e+01 7.400000000000000000e+01 7.300000000000000000e+01 3.070000000000000000e+02 7.000000000000000000e+01
7.700000000000000000e+01 7.400000000000000000e+01 7.300000000000000000e+01 3.070000000000000000e+02 7.000000000000000000e+01
7.700000000000000000e+01 7.400000000000000000e+01 7.300000000000000000e+01 3.070000000000000000e+02 7.000000000000000000e+01
7.700000000000000000e+01 7.400000000000000000e+01 7.300000000000000000e+01 3.070000000000000000e+02 7.000000000000000000e+01
7.700000000000000000e+01 7.400000000000000000e+01 7.300000000000000000e+01 3.070000000000000000e+02 7.000000000000000000e+01
7.700000000000000000e+01 7.400000000000000000e+01 7.300000000000000000e+01 3.070000000000000000e+02 7.000000000000000000e+01
7.700000000000000000e+01 7.400000000000000000e+01 7.300000000000000000e+01 3.070000000000000000e+02 7.000000000000000000e+01
7.700000000000000000e+01 7.400000000000000000e+01 7.300000000000000000e+01 3.070000000000000000e+02 7.000000000000000000e+01
7.700000000000000000e+01 7.400000000000000000e+01 7.300000000000000000e+01 3.070000000000000000e+02 7.000000000000000000e+01
7.700000000000000000e+01 7.400000000000000000e+01 7.300000000000000000e+01 3.070000000000000000e+02 7.000000000000000000e+01
7.700000000000000000e+01 7.400000000000000000e+01 7.300000000000000000e+01 3.070000000000000000e+02 7.000000000000000000e+01
7.700000000000000000e+01 7.400000000000000000e+01 7.300000000000000000e+01 3.070000000000000000e+02 7.000000000000000000e+01
7.700000000000000000e+01 7.400000000000000000e+01 7.300000000000000000e+01 3.070000000000000000e+02 7.000000000000000000e+01
7.700000000000000000e+01 7.400000000000000000e+01 7.300000000000000000e+01 3.070000000000000000e+02 7.000000000000000000e+01
7.700000000000000000e+01 7.400000000000000000e+01 7.300000000000000000e+01 3.070000000000000000e+02 7.200000000000000000e+01
7.700000000000000000e+01 7.400000000000000000e+01 7.300000000000000000e+01 3.070000000000000000e+02 7.200000000000000000e+01
7.700000000000000000e+01 7.400000000000000000e+01 7.300000000000000000e+01 3.070000000000000000e+02 3.100000000000000000e+02
7.700000000000000000e+01 7.400000000000000000e+01 7.300000000000000000e+01 3.070000000000000000e+02 7.200000000000000000e+01
7.700000000000000000e+01 7.400000000000000000e+01 7.300000000000000000e+01 3.070000000000000000e+02 7.200000000000000000e+01
7.700000000000000000e+01 7.400000000000000000e+01 7.300000000000000000e+01 3.070000000000000000e+02 7.200000000000000000e+01
7.700000000000000000e+01 7.400000000000000000e+01 7.300000000000000000e+01 3.070000000000000000e+02 7.200000000000000000e+01
7.700000000000000000e+01 7.400000000000000000e+01 7.300000000000000000e+01 3.070000000000000000e+02 7.200000000000000000e+01
7.700000000000000000e+01 7.400000000000000000e+01 7.300000000000000000e+01 3.070000000000000000e+02 7.200000000000000000e+01
7.700000000000000000e+01 7.400000000000000000e+01 7.300000000000000000e+01 3.070000000000000000e+02 7.200000000000000000e+01
7.700000000000000000e+01 7.400000000000000000e+01 7.300000000000000000e+01 3.070000000000000000e+02 7.200000000000000000e+01
7.700000000000000000e+01 7.400000000000000000e+01 7.300000000000000000e+01 3.070000000000000000e+02 7.200000000000000000e+01
7.700000000000000000e+01 7.400000000000000000e+01 7.300000000000000000e+01 3.070000000000000000e+02 7.200000000000000000e+01
7.700000000000000000e+01 7.400000000000000000e+01 7.300000000000000000e+01 3.070000000000000000e+02 7.200000000000000000e+01
7.700000000000000000e+01 7.400000000000000000e+01 7.300000000000000000e+01 3.070000000000000000e+02 7.200000000000000000e+01
7.700000000000000000e+01 7.400000000000000000e+01 7.300000000000000000e+01 3.070000000000000000e+02 7.200000000000000000e+01
7.700000000000000000e+01 7.400000000000000000e+01 7.300000000000000000e+01 3.070000000000000000e+02 7.200000000000000000e+01
7.700000000000000000e+01 7.400000000000000000e+01 7.300000000000000000e+01 3.070000000000000000e+02 7.200000000000000000e+01
7.700000000000000000e+01 7.400000000000000000e+01 7.300000000000000000e+01 3.070000000000000000e+02 7.200000000000000000e+01
7.700000000000000000e+01 7.400000000000000000e+01 7.300000000000000000e+01 3.070000000000000000e+02 7.200000000000000000e+01
7.700000000000000000e+01 7.400000000000000000e+01 7.300000000000000000e+01 3.070000000000000000e+02 7.200000000000000000e+01
7.700000000000000000e+01 7.400000000000000000e+01 7.300000000000000000e+01 3.070000000000000000e+02 7.200000000000000000e+01
7.700000000000000000e+01 7.400000000000000000e+01 7.300000000000000000e+01 3.070000000000000000e+02 7.200000000000000000e+01
7.700000000000000000e+01 7.400000000000000000e+01 7.300000000000000000e+01 3.070000000000000000e+02 7.200000000000000000e+01
7.700000000000000000e+01 7.400000000000000000e+01 7.300000000000000000e+01 3.070000000000000000e+02 7.200000000000000000e+01
7.700000000000000000e+01 7.400000000000000000e+01 7.300000000000000000e+01 3.070000000000000000e+02 7.200000000000000000e+01
7.700000000000000000e+01 7.400000000000000000e+01 7.300000000000000000e+01 3.070000000000000000e+02 7.200000000000000000e+01
7.700000000000000000e+01 7.400000000000000000e+01 7.300000000000000000e+01 3.070000000000000000e+02 7.200000000000000000e+01
7.700000000000000000e+01 7.400000000000000000e+01 7.300000000000000000e+01 3.070000000000000000e+02 7.200000000000000000e+01
7.700000000000000000e+01 7.400000000000000000e+01 7.300000000000000000e+01 3.070000000000000000e+02 7.200000000000000000e+01
7.700000000000000000e+01 7.400000000000000000e+01 7.300000000000000000e+01 3.070000000000000000e+02 7.200000000000000000e+01
7.700000000000000000e+01 7.400000000000000000e+01 7.300000000000000000e+01 3.070000000000000000e+02 7.200000000000000000e+01
7.700000000000000000e+01 7.400000000000000000e+01 7.300000000000000000e+01 3.070000000000000000e+02 7.200000000000000000e+01
7.700000000000000000e+01 7.400000000000000000e+01 7.300000000000000000e+01 3.070000000000000000e+02 7.200000000000000000e+01
7.700000000000000000e+01 7.400000000000000000e+01 7.300000000000000000e+01 3.070000000000000000e+02 7.200000000000000000e+01
7.700000000000000000e+01 7.400000000000000000e+01 7.300000000000000000e+01 3.070000000000000000e+02 7.200000000000000000e+01
7.700000000000000000e+01 7.400000000000000000e+01 7.300000000000000000e+01 3.070000000000000000e+02 7.200000000000000000e+01
7.700000000000000000e+01 7.400000000000000000e+01 7.300000000000000000e+01 3.070000000000000000e+02 7.200000000000000000e+01
