6.540447357110679150e-04 4.545966021396452561e-06 6.891417433507740498e-05 2.213223888247739524e-05 1.747871283441781998e-05 2.551952144131064415e-03
8.662747740745544434e-01 6.196041013595277036e-09 5.906240403419360518e-07 1.148680155438341899e-07 2.537932175528112566e-07 1.450797208235599101e-05
8.683531880378723145e-01 1.910704483520930808e-09 6.627792004110233393e-08 1.219265470808750251e-07 2.310622448931098916e-08 6.283927973527170252e-07
9.819684624671936035e-01 1.164023877286979314e-10 4.085503935158385502e-09 7.506914201371728268e-09 9.705404258042449328e-10 1.324991671936004423e-08
9.902667403221130371e-01 1.060751625425737643e-10 3.262570213991011769e-09 2.833072887398202511e-09 4.871738568112959911e-10 5.349030107737462458e-09
9.932384490966796875e-01 5.626446530904161136e-11 2.341935978478204561e-09 1.336249222383401047e-09 1.614835903884781487e-10 2.310545310635347960e-09
9.946191310882568359e-01 2.197892909339138612e-11 6.402830488028143918e-10 5.289950144593547066e-10 6.579228134517833837e-11 8.900817305423913695e-10
9.973772764205932617e-01 1.427810820964214855e-11 2.803192122868836123e-10 4.049343360623680610e-10 5.448350451353611845e-11 5.953653681167736522e-10
9.978533387184143066e-01 1.271977401878787717e-11 1.735860760687657489e-10 3.757631705791908416e-10 5.146799653132916319e-11 5.728065244348101714e-10
9.978518486022949219e-01 1.668555398015580948e-11 1.880030991996406442e-10 3.997089603746672992e-10 5.657811719128602590e-11 6.772382654673947400e-10
9.979500174522399902e-01 2.749900133991456386e-11 2.692442657714622101e-10 5.110352696569009368e-10 7.368960303066884876e-11 8.350337643570071577e-10
9.979875087738037109e-01 3.591418135107105059e-11 3.079001775763146043e-10 6.235612026728176716e-10 8.299960024826802396e-11 1.081176148609586107e-09
9.981777667999267578e-01 4.826276878144852844e-11 3.851222951656296800e-10 7.615748587319615126e-10 9.956836050095674295e-11 1.329585219700391008e-09
9.985108971595764160e-01 5.755357648795644820e-11 4.684656551567911720e-10 8.725921096797151222e-10 1.026941240378498321e-10 1.560374496278882361e-09
9.984925985336303711e-01 6.553913661777599486e-11 5.136551739504113812e-10 9.510154885816746173e-10 1.105737307272036674e-10 1.593493004214963094e-09
9.983733892440795898e-01 9.018921026671122831e-11 6.700571208995143024e-10 1.212567046771084733e-09 1.388690551440419085e-10 1.990961839837268599e-09
9.983875751495361328e-01 1.208199651436814293e-10 9.059467065419823939e-10 1.436550434164018952e-09 1.622412065804823555e-10 2.449310088081801950e-09
9.984256029129028320e-01 1.765369239681291447e-10 1.290786810770327975e-09 1.924062686953220691e-09 2.058559156470352036e-10 3.196739317701258187e-09
9.984011054039001465e-01 2.500596951726663519e-10 1.627294410333490760e-09 2.551776567827346298e-09 2.443485969116920842e-10 4.317581403512349425e-09
9.984171390533447266e-01 2.979474444941843103e-10 1.754857370528384308e-09 3.040310447843808106e-09 2.767219231536444113e-10 4.932181774108812533e-09
9.983295798301696777e-01 3.707633922100939117e-10 2.041409263853211087e-09 3.671450699016531871e-09 3.240345214372553073e-10 5.881661380158220709e-09
9.983255267143249512e-01 4.620115401365865182e-10 2.316919323064325908e-09 4.378079232481013605e-09 3.767003931010037832e-10 6.660778151257318314e-09
9.982205033302307129e-01 5.857830887023851574e-10 2.584275904382593581e-09 5.138367953350098105e-09 4.619100935077113945e-10 8.074511725908450899e-09
9.981148242950439453e-01 7.474345586899744376e-10 2.921793251786652945e-09 6.045770550855422698e-09 5.374612421782387628e-10 9.637114217753151024e-09
9.981076717376708984e-01 8.885698288274568313e-10 3.250327562653865243e-09 6.734302449018514380e-09 5.873972419578876725e-10 1.016284123522837035e-08
9.980522394180297852e-01 1.085089018637575009e-09 3.789074387583468706e-09 7.652768196919623733e-09 6.593811607835675659e-10 1.139704686181630677e-08
9.980917572975158691e-01 1.271055261042874918e-09 4.106829543104595359e-09 8.086861846834381140e-09 7.004481439309984125e-10 1.168163166198610270e-08
9.979865550994873047e-01 1.596475063259106264e-09 4.987445567650183875e-09 9.558136504494996188e-09 8.029310549773072125e-10 1.336227750670104797e-08
9.979330301284790039e-01 1.849024044986435911e-09 5.471527675382503730e-09 9.884100649060201249e-09 8.582948241020460500e-10 1.400282290120458129e-08
9.978303313255310059e-01 2.195887915945604618e-09 5.893955989932919692e-09 1.070566479910439739e-08 9.522119759353131485e-10 1.471766442051603008e-08
9.978454113006591797e-01 2.729924286626328467e-09 7.142235691759424299e-09 1.208258915141868783e-08 1.076475020234113344e-09 1.694461104762012837e-08
9.977517724037170410e-01 3.116707114614314378e-09 7.564362469736352068e-09 1.260040161099595935e-08 1.169385033250591732e-09 1.811034877619022154e-08
9.977745413780212402e-01 3.596247966086707493e-09 8.585142374784027197e-09 1.353161938055791325e-08 1.238716906826198283e-09 1.877035415986938460e-08
9.976775050163269043e-01 4.070980885728658905e-09 9.081165153190795536e-09 1.463281673608207711e-08 1.329859555809775884e-09 1.975108965268645989e-08
9.976527094841003418e-01 4.537930919923383044e-09 9.760467989394783217e-09 1.497856594312452216e-08 1.475635280634435276e-09 1.982672870326496195e-08
9.976069927215576172e-01 5.105822431517026416e-09 1.063751131624712798e-08 1.575475216952781921e-08 1.570185537147494870e-09 2.161253753740766115e-08
9.974859952926635742e-01 6.047379930151919325e-09 1.203000099536666312e-08 1.721733156045957003e-08 1.717838649106795401e-09 2.341706384356712078e-08
9.973927736282348633e-01 6.983430722584671457e-09 1.293057749762738240e-08 1.862333398605642287e-08 1.810340877206328969e-09 2.449611891108816053e-08
9.973684549331665039e-01 7.622825926034693111e-09 1.342907118839775649e-08 1.866523291482735658e-08 1.847332953275326872e-09 2.537326793117244961e-08
9.972158670425415039e-01 9.215421314934246766e-09 1.552545647598435608e-08 2.055400294409537310e-08 2.124689535420998254e-09 2.988326386343942431e-08
9.971972703933715820e-01 1.061486365472319449e-08 1.642661118239630014e-08 2.174711788427430292e-08 2.246779873260607019e-09 3.100164391867110680e-08
9.970884919166564941e-01 1.216503076051367316e-08 1.851764075411210797e-08 2.395159093282472895e-08 2.375929453179992379e-09 3.361384770528275112e-08
9.969810843467712402e-01 1.330258303511300255e-08 1.953315909020147956e-08 2.430815548848386243e-08 2.470875060112120991e-09 3.637134682321629953e-08
9.967652559280395508e-01 1.661824100551712036e-08 2.236979490533030912e-08 2.763560402740949939e-08 2.854772196414501195e-09 4.096862582514404494e-08
9.967336654663085938e-01 1.772168189972944674e-08 2.344819272082077077e-08 2.816934951965777145e-08 2.844772861720912260e-09 4.173033829601990874e-08
9.967227578163146973e-01 1.885284461877745343e-08 2.513672825443791226e-08 2.933209408695347520e-08 2.932950549094925918e-09 4.344222759300464531e-08
9.965785145759582520e-01 2.109756280788133154e-08 2.649373520569042739e-08 3.052843666750959528e-08 3.168289630650633626e-09 4.573351830572391918e-08
9.965183734893798828e-01 2.584450875531274505e-08 3.031614426163287135e-08 3.476545273883857590e-08 3.535320924896723227e-09 5.010112857917192741e-08
9.964614510536193848e-01 2.692914691238001978e-08 3.136211645937692083e-08 3.618298194396629697e-08 3.614771593163368379e-09 5.165898642189858947e-08
9.964099526405334473e-01 3.109710533522047626e-08 3.495554778965015430e-08 3.840089846107730409e-08 4.021369459650259159e-09 5.636868394276461913e-08
9.963151812553405762e-01 3.378967150524658791e-08 3.551875948915039771e-08 3.961066141755509307e-08 4.020189514619687543e-09 5.700433192146192596e-08
9.962143301963806152e-01 3.707269868868934282e-08 3.755071631417195022e-08 4.054597368963186454e-08 4.163196010154024407e-09 5.985224760252094711e-08
9.959294199943542480e-01 4.612408233128917345e-08 4.409610454558787751e-08 4.817048449012872879e-08 5.099969335731202591e-09 6.866886792522564065e-08
9.961788654327392578e-01 4.470101089282252360e-08 4.192101243916113162e-08 4.395882768903902615e-08 4.456223390292279873e-09 6.401500485253563966e-08
9.961243271827697754e-01 4.931004937702709867e-08 4.392482466641922656e-08 4.596482483520958340e-08 4.771039563422618812e-09 6.779142580626285053e-08
9.960697889328002930e-01 5.438186434503222699e-08 4.724823554624890676e-08 4.902695138753188075e-08 5.174977335542507717e-09 7.232458187900192570e-08
9.959663152694702148e-01 6.016258424779152847e-08 4.787457896782143507e-08 5.205644981742807431e-08 5.341373565670437529e-09 7.495657428080448881e-08
9.960330128669738770e-01 7.025742831956449663e-08 5.194864627355855191e-08 5.718494477946478582e-08 5.945791414774248551e-09 8.118353633790320600e-08
9.959064722061157227e-01 7.669819268585342797e-08 5.717964057794233668e-08 6.017906173383380519e-08 6.293682019986590603e-09 8.833516318418332958e-08
9.959892630577087402e-01 7.718991668070884771e-08 5.520114143564569531e-08 5.806187886037150747e-08 6.185250978063550065e-09 8.358868797131435713e-08
9.959206581115722656e-01 8.527602091135122464e-08 5.966548144442640478e-08 6.116435002923026332e-08 6.681729391999624568e-09 9.126629407774089486e-08
9.958326220512390137e-01 9.022669189562293468e-08 6.196702884153637569e-08 6.409658936945561436e-08 6.959751885915466119e-09 9.370592124469112605e-08
9.957304596900939941e-01 1.009148959951744473e-07 6.568636479187262012e-08 6.959174214671293157e-08 7.278154079415344313e-09 1.041941644075450313e-07
9.957333207130432129e-01 1.081648477452290535e-07 6.674235208947720821e-08 6.866778790026728529e-08 7.564771031809414126e-09 1.039796586610464146e-07
9.957399368286132812e-01 1.208081101822244818e-07 7.366226384419860551e-08 7.545875035930293961e-08 8.180021104919887875e-09 1.110703493623077520e-07
9.956810474395751953e-01 1.290460147629346466e-07 7.570468341100422549e-08 7.926885103870517923e-08 8.666941830881569331e-09 1.161737088750669500e-07
9.955028891563415527e-01 1.385984091939462814e-07 7.782811195511385449e-08 8.101645931901657605e-08 8.985866273292231199e-09 1.200795622935402207e-07
9.954598546028137207e-01 1.494640571308991639e-07 8.134554718708386645e-08 8.495366188299158239e-08 9.177427706674734509e-09 1.232090482972125756e-07
9.954555034637451172e-01 1.610138866681154468e-07 8.524838790435751434e-08 8.727348443926530308e-08 9.376566190155699587e-09 1.264136813006189186e-07
9.953735470771789551e-01 1.733540813120271196e-07 8.736122225627696025e-08 9.027889547041922924e-08 9.730891648018769047e-09 1.327610021917280392e-07
9.952858090400695801e-01 1.943764402767556021e-07 9.245730581142197479e-08 9.506383236157489591e-08 1.048639752809776837e-08 1.424527624749316601e-07
9.953141212463378906e-01 1.917999128409064724e-07 9.284855906344091636e-08 9.420445934438248514e-08 1.020541073870617765e-08 1.399179723193810787e-07
9.952766895294189453e-01 2.091653499292078777e-07 9.726479532901066705e-08 9.905876652283041039e-08 1.071603250579755695e-08 1.422193349753797520e-07
9.952771663665771484e-01 2.345139336057400214e-07 1.058491676531048142e-07 1.052520488542540988e-07 1.124505732974512284e-08 1.566558864851685939e-07
9.952902793884277344e-01 2.572535606759629445e-07 1.100573072676525044e-07 1.109935112708626548e-07 1.177838093724403734e-08 1.656927537396768457e-07
9.950090646743774414e-01 3.026178490017628064e-07 1.202570558689330937e-07 1.261615523162618047e-07 1.370865554406464071e-08 1.844105810278051649e-07
9.948988556861877441e-01 3.135442625534778927e-07 1.224986760917090578e-07 1.271282314974087058e-07 1.382249781300970426e-08 1.847191128945269156e-07
9.947900772094726562e-01 3.400672881070931908e-07 1.300958842875843402e-07 1.341558260037345462e-07 1.458612608473686123e-08 1.994570482111157617e-07
9.947072267532348633e-01 3.898732927609671606e-07 1.404332437004995882e-07 1.469199304438006948e-07 1.596766274758465443e-08 2.198850950207997812e-07
9.947032332420349121e-01 3.917557762633805396e-07 1.415478720900864573e-07 1.438906593875799445e-07 1.559173057330554002e-08 2.120197279964486370e-07
9.946405291557312012e-01 4.242378395247214939e-07 1.461699667970606242e-07 1.518710064374317881e-07 1.644658276234167715e-08 2.202331899070486543e-07
9.946101903915405273e-01 4.502931574279500637e-07 1.489754595240810886e-07 1.549231143371798680e-07 1.675047123228523560e-08 2.327379888811265118e-07
9.944175481796264648e-01 5.035743697590078227e-07 1.610974607046955498e-07 1.702385361568303779e-07 1.874552602032508730e-08 2.366832347888703225e-07
9.944213032722473145e-01 5.156185238774924073e-07 1.619341674086172134e-07 1.700921359315543668e-07 1.860649412321890850e-08 2.402502161658048863e-07
9.944643378257751465e-01 5.385651320466422476e-07 1.659122830233172863e-07 1.760906798153882846e-07 1.936015792125544976e-08 2.424539786716195522e-07
9.941976070404052734e-01 5.869178494322113693e-07 1.759679264523583697e-07 1.852435218552273000e-07 2.083749173209525907e-08 2.617332199861266417e-07
9.940326809883117676e-01 6.037598723196424544e-07 1.758623966452432796e-07 1.870885455446114065e-07 2.098410689654883754e-08 2.620606665004743263e-07
9.941036105155944824e-01 6.574746862497704569e-07 1.878426019175094552e-07 1.976004995185576263e-07 2.159270273693891795e-08 2.722285046274919296e-07
9.941450953483581543e-01 6.519941848637245130e-07 1.803015123869045055e-07 1.950898536051681731e-07 2.168742163632941811e-08 2.573840447439579293e-07
9.941869974136352539e-01 6.967687227188434917e-07 1.871154324817325687e-07 2.021586027467492386e-07 2.216732930548914737e-08 2.664043847744324012e-07
9.941390752792358398e-01 7.261285190907074139e-07 1.887498797259468120e-07 2.091168340712101781e-07 2.264910925475760450e-08 2.653069088864867808e-07
9.941772222518920898e-01 7.451120609403005801e-07 1.878849928971249028e-07 2.054527357131519238e-07 2.206397553550232260e-08 2.700421646295581013e-07
9.938308000564575195e-01 8.371582680410938337e-07 2.053486412023630692e-07 2.284616016368090641e-07 2.496174822397279058e-08 2.869813897632411681e-07
9.937909245491027832e-01 8.753819997764367145e-07 2.142451478448492708e-07 2.306514517158575472e-07 2.544761734668554709e-08 2.879466478589165490e-07
9.937346577644348145e-01 9.601477586329565383e-07 2.230190006002885639e-07 2.454563912124285707e-07 2.674580912298551993e-08 3.153009231482428731e-07
9.937586784362792969e-01 9.871248494164319709e-07 2.194915538211716921e-07 2.494203101832681568e-07 2.734299719975297194e-08 3.132485915102733998e-07
9.937568902969360352e-01 9.927014161803526804e-07 2.187209418025304331e-07 2.446504652198200347e-07 2.715796476593368425e-08 3.164454653870052425e-07
9.937394857406616211e-01 1.022642436510068364e-06 2.233331599654775346e-07 2.509343346446257783e-07 2.764789286402447033e-08 3.150959457798307994e-07
9.935349225997924805e-01 1.082889980352774728e-06 2.311283537892450113e-07 2.539448189509130316e-07 2.878525684479882329e-08 3.258421941154665546e-07
9.933395981788635254e-01 1.215005227095389273e-06 2.476700160514155868e-07 2.731172799030900933e-07 3.159199124525002844e-08 3.563748407486855285e-07
9.933729171752929688e-01 1.204622662953624967e-06 2.394685907347593457e-07 2.703458221731125377e-07 3.035453133293231076e-08 3.446122036621090956e-07
