2.738698039744499923e-04
2.228200134654259156e-03
7.084551234604655710e-04
3.471657077098699016e-04
4.554391570649052724e-04
5.113144711072810248e-04
9.223118114887804550e-04
1.539543372377271367e-03
3.483449537228342115e-03
8.449386768115216967e-03
2.336332609115621128e-02
6.700977962390715359e-02
1.444254407563620446e-01
2.697155922108571136e-01
3.588868171574208232e-01
3.502584917887719973e-01
5.607912714901205353e-01
7.308355657877293465e-01
8.631643771753528815e-01
9.458295452904748046e-01
9.564998639108687195e-01
9.726206685800683482e-01
9.712330486697928755e-01
9.714830923125808981e-01
9.697530122473059233e-01
9.647214730989195353e-01
9.622702578605643042e-01
9.604742512323494186e-01
9.595823036161047481e-01
9.656889528678174184e-01
9.714107222484669180e-01
9.748495830279133578e-01
9.768428323865164797e-01
9.767715362392648260e-01
9.746947003515407104e-01
9.756244737061599004e-01
9.762407826610633998e-01
9.740578676521564061e-01
9.781548604820907711e-01
9.788157369867825919e-01
9.826012939266302038e-01
9.850710640618852709e-01
9.884493678627037649e-01
9.903030676912469854e-01
9.915911713056096977e-01
9.930472235848371021e-01
9.933292460853045958e-01
9.939830824683429933e-01
9.939010471524676316e-01
9.939580840702689768e-01
9.949062929976921765e-01
9.957547469810108520e-01
9.960174389779556936e-01
9.961466669737273349e-01
9.963880596195685557e-01
9.963359149896957589e-01
9.970058601256697184e-01
9.970568711766322201e-01
9.972252971378803288e-01
9.974651982325237753e-01
9.979704164542200218e-01
9.980372379478784639e-01
9.981047157240640066e-01
9.984779018337368584e-01
9.984560655242020744e-01
9.984204472816001763e-01
9.982693233142458933e-01
9.982501121348190676e-01
9.982727837130246362e-01
9.981671222261772058e-01
9.984768279168745320e-01
9.983260619218076171e-01
9.979353351700493979e-01
9.984322007050383530e-01
9.983393665584914256e-01
9.980832373868165908e-01
9.982249347506012560e-01
9.981964759537484966e-01
9.984162709382465861e-01
9.983172916007649889e-01
9.982467710601361510e-01
9.982646696745088866e-01
9.982044110061204512e-01
9.981778017327529451e-01
9.982468903842319774e-01
9.983582197656307722e-01
9.984324393532300057e-01
9.983857836317648893e-01
9.984298142231219364e-01
9.984088131822579371e-01
9.983511199819296023e-01
9.983164563320942042e-01
9.984288596303554364e-01
9.984637619283823762e-01
9.983268971904784017e-01
9.983057768255184650e-01
9.984495026989320676e-01
9.983680640035358378e-01
9.982887731418642607e-01
9.982717097961621988e-01
9.983402018271620992e-01
