9.710000000000000000e+02 1.800000000000000000e+01 8.100000000000000000e+01 8.200000000000000000e+01 8.600000000000000000e+01
1.280000000000000000e+02 8.600000000000000000e+01 1.330000000000000000e+02 1.380000000000000000e+02 1.410000000000000000e+02
8.130000000000000000e+02 4.190000000000000000e+02 9.020000000000000000e+02 7.720000000000000000e+02 4.990000000000000000e+02
7.720000000000000000e+02 5.590000000000000000e+02 8.130000000000000000e+02 9.020000000000000000e+02 6.760000000000000000e+02
7.720000000000000000e+02 5.590000000000000000e+02 3.530000000000000000e+02 6.760000000000000000e+02 3.100000000000000000e+02
3.530000000000000000e+02 6.760000000000000000e+02 5.590000000000000000e+02 1.350000000000000000e+02 3.100000000000000000e+02
3.530000000000000000e+02 3.100000000000000000e+02 3.520000000000000000e+02 1.350000000000000000e+02 3.150000000000000000e+02
3.530000000000000000e+02 3.100000000000000000e+02 3.150000000000000000e+02 5.890000000000000000e+02 3.520000000000000000e+02
3.530000000000000000e+02 5.890000000000000000e+02 3.520000000000000000e+02 3.150000000000000000e+02 3.100000000000000000e+02
3.530000000000000000e+02 3.520000000000000000e+02 5.890000000000000000e+02 3.150000000000000000e+02 7.800000000000000000e+01
3.530000000000000000e+02 3.520000000000000000e+02 5.890000000000000000e+02 3.400000000000000000e+02 2.680000000000000000e+02
3.530000000000000000e+02 3.520000000000000000e+02 3.400000000000000000e+02 2.680000000000000000e+02 1.340000000000000000e+02
3.530000000000000000e+02 3.400000000000000000e+02 3.520000000000000000e+02 2.680000000000000000e+02 1.340000000000000000e+02
3.530000000000000000e+02 3.400000000000000000e+02 3.520000000000000000e+02 2.680000000000000000e+02 1.340000000000000000e+02
3.530000000000000000e+02 3.400000000000000000e+02 2.680000000000000000e+02 3.520000000000000000e+02 3.510000000000000000e+02
3.530000000000000000e+02 3.400000000000000000e+02 3.520000000000000000e+02 2.680000000000000000e+02 3.510000000000000000e+02
3.530000000000000000e+02 3.400000000000000000e+02 3.520000000000000000e+02 2.680000000000000000e+02 3.510000000000000000e+02
3.530000000000000000e+02 3.400000000000000000e+02 3.520000000000000000e+02 3.510000000000000000e+02 2.680000000000000000e+02
3.530000000000000000e+02 3.400000000000000000e+02 3.520000000000000000e+02 3.510000000000000000e+02 2.680000000000000000e+02
3.530000000000000000e+02 3.400000000000000000e+02 3.520000000000000000e+02 3.510000000000000000e+02 2.680000000000000000e+02
3.530000000000000000e+02 3.400000000000000000e+02 3.520000000000000000e+02 3.510000000000000000e+02 2.680000000000000000e+02
3.530000000000000000e+02 3.520000000000000000e+02 3.400000000000000000e+02 3.510000000000000000e+02 2.680000000000000000e+02
3.530000000000000000e+02 3.520000000000000000e+02 3.400000000000000000e+02 3.510000000000000000e+02 2.680000000000000000e+02
3.530000000000000000e+02 3.520000000000000000e+02 3.510000000000000000e+02 3.400000000000000000e+02 1.340000000000000000e+02
3.530000000000000000e+02 3.520000000000000000e+02 3.510000000000000000e+02 3.400000000000000000e+02 1.340000000000000000e+02
3.530000000000000000e+02 3.520000000000000000e+02 3.510000000000000000e+02 3.400000000000000000e+02 1.340000000000000000e+02
3.530000000000000000e+02 3.520000000000000000e+02 3.510000000000000000e+02 3.400000000000000000e+02 1.340000000000000000e+02
3.530000000000000000e+02 3.520000000000000000e+02 3.400000000000000000e+02 3.510000000000000000e+02 1.340000000000000000e+02
3.530000000000000000e+02 3.520000000000000000e+02 3.400000000000000000e+02 3.510000000000000000e+02 1.340000000000000000e+02
3.530000000000000000e+02 3.520000000000000000e+02 3.400000000000000000e+02 3.510000000000000000e+02 1.340000000000000000e+02
3.530000000000000000e+02 3.400000000000000000e+02 3.520000000000000000e+02 3.510000000000000000e+02 1.340000000000000000e+02
3.530000000000000000e+02 3.400000000000000000e+02 3.520000000000000000e+02 3.510000000000000000e+02 1.340000000000000000e+02
3.530000000000000000e+02 3.400000000000000000e+02 3.520000000000000000e+02 3.510000000000000000e+02 2.680000000000000000e+02
3.530000000000000000e+02 3.400000000000000000e+02 3.520000000000000000e+02 3.510000000000000000e+02 2.680000000000000000e+02
3.400000000000000000e+02 3.530000000000000000e+02 3.520000000000000000e+02 3.510000000000000000e+02 1.340000000000000000e+02
3.400000000000000000e+02 3.530000000000000000e+02 3.520000000000000000e+02 3.510000000000000000e+02 1.340000000000000000e+02
3.400000000000000000e+02 3.530000000000000000e+02 3.520000000000000000e+02 3.510000000000000000e+02 1.170000000000000000e+02
3.400000000000000000e+02 3.530000000000000000e+02 3.520000000000000000e+02 3.510000000000000000e+02 1.340000000000000000e+02
3.400000000000000000e+02 3.530000000000000000e+02 3.520000000000000000e+02 3.510000000000000000e+02 1.340000000000000000e+02
3.400000000000000000e+02 3.530000000000000000e+02 3.520000000000000000e+02 3.510000000000000000e+02 1.340000000000000000e+02
3.400000000000000000e+02 3.530000000000000000e+02 3.520000000000000000e+02 3.510000000000000000e+02 1.340000000000000000e+02
3.400000000000000000e+02 3.530000000000000000e+02 3.520000000000000000e+02 3.510000000000000000e+02 1.340000000000000000e+02
3.400000000000000000e+02 3.530000000000000000e+02 3.520000000000000000e+02 3.510000000000000000e+02 1.340000000000000000e+02
3.400000000000000000e+02 3.530000000000000000e+02 3.520000000000000000e+02 3.510000000000000000e+02 1.340000000000000000e+02
3.400000000000000000e+02 3.530000000000000000e+02 3.520000000000000000e+02 3.510000000000000000e+02 1.340000000000000000e+02
3.400000000000000000e+02 3.530000000000000000e+02 3.520000000000000000e+02 3.510000000000000000e+02 1.340000000000000000e+02
3.400000000000000000e+02 3.530000000000000000e+02 3.520000000000000000e+02 3.510000000000000000e+02 3.390000000000000000e+02
3.400000000000000000e+02 3.530000000000000000e+02 3.520000000000000000e+02 3.510000000000000000e+02 3.390000000000000000e+02
3.400000000000000000e+02 3.530000000000000000e+02 3.520000000000000000e+02 3.510000000000000000e+02 3.390000000000000000e+02
3.400000000000000000e+02 3.530000000000000000e+02 3.520000000000000000e+02 3.510000000000000000e+02 3.390000000000000000e+02
3.400000000000000000e+02 3.530000000000000000e+02 3.520000000000000000e+02 3.510000000000000000e+02 3.390000000000000000e+02
3.400000000000000000e+02 3.530000000000000000e+02 3.520000000000000000e+02 3.510000000000000000e+02 3.390000000000000000e+02
3.400000000000000000e+02 3.530000000000000000e+02 3.520000000000000000e+02 3.510000000000000000e+02 3.390000000000000000e+02
3.400000000000000000e+02 3.530000000000000000e+02 3.520000000000000000e+02 3.510000000000000000e+02 3.390000000000000000e+02
3.400000000000000000e+02 3.530000000000000000e+02 3.520000000000000000e+02 3.510000000000000000e+02 3.390000000000000000e+02
3.400000000000000000e+02 3.530000000000000000e+02 3.520000000000000000e+02 3.510000000000000000e+02 3.390000000000000000e+02
3.400000000000000000e+02 3.530000000000000000e+02 3.520000000000000000e+02 3.510000000000000000e+02 3.390000000000000000e+02
3.400000000000000000e+02 3.530000000000000000e+02 3.520000000000000000e+02 3.510000000000000000e+02 3.390000000000000000e+02
3.400000000000000000e+02 3.530000000000000000e+02 3.520000000000000000e+02 3.510000000000000000e+02 3.390000000000000000e+02
3.400000000000000000e+02 3.530000000000000000e+02 3.520000000000000000e+02 3.510000000000000000e+02 3.390000000000000000e+02
3.400000000000000000e+02 3.530000000000000000e+02 3.520000000000000000e+02 3.510000000000000000e+02 3.390000000000000000e+02
3.400000000000000000e+02 3.530000000000000000e+02 3.520000000000000000e+02 3.510000000000000000e+02 3.390000000000000000e+02
3.400000000000000000e+02 3.530000000000000000e+02 3.520000000000000000e+02 3.510000000000000000e+02 3.390000000000000000e+02
3.400000000000000000e+02 3.530000000000000000e+02 3.520000000000000000e+02 3.510000000000000000e+02 3.390000000000000000e+02
3.400000000000000000e+02 3.530000000000000000e+02 3.520000000000000000e+02 3.510000000000000000e+02 3.390000000000000000e+02
3.400000000000000000e+02 3.530000000000000000e+02 3.520000000000000000e+02 3.510000000000000000e+02 3.390000000000000000e+02
3.400000000000000000e+02 3.530000000000000000e+02 3.520000000000000000e+02 3.510000000000000000e+02 3.390000000000000000e+02
3.400000000000000000e+02 3.530000000000000000e+02 3.520000000000000000e+02 3.510000000000000000e+02 3.390000000000000000e+02
3.400000000000000000e+02 3.530000000000000000e+02 3.520000000000000000e+02 3.510000000000000000e+02 3.390000000000000000e+02
3.400000000000000000e+02 3.530000000000000000e+02 3.520000000000000000e+02 3.510000000000000000e+02 3.390000000000000000e+02
3.400000000000000000e+02 3.530000000000000000e+02 3.520000000000000000e+02 3.510000000000000000e+02 2.760000000000000000e+02
3.400000000000000000e+02 3.530000000000000000e+02 3.520000000000000000e+02 3.510000000000000000e+02 2.760000000000000000e+02
3.400000000000000000e+02 3.530000000000000000e+02 3.520000000000000000e+02 3.510000000000000000e+02 2.760000000000000000e+02
3.400000000000000000e+02 3.530000000000000000e+02 3.520000000000000000e+02 3.510000000000000000e+02 2.760000000000000000e+02
3.400000000000000000e+02 3.530000000000000000e+02 3.520000000000000000e+02 3.510000000000000000e+02 2.760000000000000000e+02
3.400000000000000000e+02 3.530000000000000000e+02 3.520000000000000000e+02 3.510000000000000000e+02 2.760000000000000000e+02
3.400000000000000000e+02 3.530000000000000000e+02 3.520000000000000000e+02 3.510000000000000000e+02 2.760000000000000000e+02
3.400000000000000000e+02 3.530000000000000000e+02 3.520000000000000000e+02 3.510000000000000000e+02 2.760000000000000000e+02
3.400000000000000000e+02 3.530000000000000000e+02 3.520000000000000000e+02 3.510000000000000000e+02 2.760000000000000000e+02
3.400000000000000000e+02 3.530000000000000000e+02 3.520000000000000000e+02 3.510000000000000000e+02 2.760000000000000000e+02
3.400000000000000000e+02 3.530000000000000000e+02 3.520000000000000000e+02 3.510000000000000000e+02 2.760000000000000000e+02
3.400000000000000000e+02 3.530000000000000000e+02 3.520000000000000000e+02 3.510000000000000000e+02 2.760000000000000000e+02
3.400000000000000000e+02 3.530000000000000000e+02 3.520000000000000000e+02 3.510000000000000000e+02 2.760000000000000000e+02
3.400000000000000000e+02 3.530000000000000000e+02 3.520000000000000000e+02 3.510000000000000000e+02 2.760000000000000000e+02
3.400000000000000000e+02 3.530000000000000000e+02 3.520000000000000000e+02 3.510000000000000000e+02 2.760000000000000000e+02
3.400000000000000000e+02 3.530000000000000000e+02 3.520000000000000000e+02 3.510000000000000000e+02 2.760000000000000000e+02
3.400000000000000000e+02 3.530000000000000000e+02 3.520000000000000000e+02 3.510000000000000000e+02 2.760000000000000000e+02
3.400000000000000000e+02 3.530000000000000000e+02 3.520000000000000000e+02 3.510000000000000000e+02 2.760000000000000000e+02
3.400000000000000000e+02 3.530000000000000000e+02 3.520000000000000000e+02 3.510000000000000000e+02 2.760000000000000000e+02
3.400000000000000000e+02 3.530000000000000000e+02 3.520000000000000000e+02 3.510000000000000000e+02 2.760000000000000000e+02
3.400000000000000000e+02 3.530000000000000000e+02 3.520000000000000000e+02 3.510000000000000000e+02 2.760000000000000000e+02
3.400000000000000000e+02 3.530000000000000000e+02 3.520000000000000000e+02 3.510000000000000000e+02 2.760000000000000000e+02
3.400000000000000000e+02 3.530000000000000000e+02 3.520000000000000000e+02 3.510000000000000000e+02 2.760000000000000000e+02
3.400000000000000000e+02 3.530000000000000000e+02 3.520000000000000000e+02 3.510000000000000000e+02 2.760000000000000000e+02
3.400000000000000000e+02 3.530000000000000000e+02 3.520000000000000000e+02 3.510000000000000000e+02 2.760000000000000000e+02
3.400000000000000000e+02 3.530000000000000000e+02 3.520000000000000000e+02 3.510000000000000000e+02 2.760000000000000000e+02
3.400000000000000000e+02 3.530000000000000000e+02 3.520000000000000000e+02 3.510000000000000000e+02 2.760000000000000000e+02
3.400000000000000000e+02 3.530000000000000000e+02 3.520000000000000000e+02 3.510000000000000000e+02 2.760000000000000000e+02
3.400000000000000000e+02 3.530000000000000000e+02 3.520000000000000000e+02 3.510000000000000000e+02 2.760000000000000000e+02
3.400000000000000000e+02 3.530000000000000000e+02 3.520000000000000000e+02 3.510000000000000000e+02 2.760000000000000000e+02
3.400000000000000000e+02 3.530000000000000000e+02 3.520000000000000000e+02 3.510000000000000000e+02 2.760000000000000000e+02
