7.350000000000000000e+02 9.710000000000000000e+02 8.240000000000000000e+02 9.110000000000000000e+02 1.800000000000000000e+01
8.600000000000000000e+01 1.350000000000000000e+02 9.000000000000000000e+00 1.280000000000000000e+02 3.720000000000000000e+02
3.400000000000000000e+02 7.300000000000000000e+01 7.100000000000000000e+01 2.900000000000000000e+01 1.260000000000000000e+02
3.400000000000000000e+02 3.530000000000000000e+02 3.520000000000000000e+02 7.300000000000000000e+01 3.510000000000000000e+02
3.400000000000000000e+02 3.530000000000000000e+02 3.520000000000000000e+02 3.510000000000000000e+02 8.300000000000000000e+01
3.400000000000000000e+02 3.530000000000000000e+02 3.520000000000000000e+02 3.510000000000000000e+02 8.300000000000000000e+01
3.400000000000000000e+02 3.530000000000000000e+02 3.520000000000000000e+02 3.510000000000000000e+02 2.680000000000000000e+02
3.400000000000000000e+02 3.530000000000000000e+02 3.520000000000000000e+02 3.510000000000000000e+02 2.680000000000000000e+02
3.400000000000000000e+02 3.530000000000000000e+02 3.520000000000000000e+02 3.510000000000000000e+02 5.220000000000000000e+02
3.400000000000000000e+02 3.530000000000000000e+02 3.520000000000000000e+02 3.510000000000000000e+02 5.220000000000000000e+02
3.400000000000000000e+02 3.530000000000000000e+02 3.520000000000000000e+02 3.510000000000000000e+02 5.220000000000000000e+02
3.400000000000000000e+02 3.530000000000000000e+02 3.520000000000000000e+02 3.510000000000000000e+02 3.390000000000000000e+02
3.400000000000000000e+02 3.530000000000000000e+02 3.520000000000000000e+02 3.510000000000000000e+02 3.390000000000000000e+02
3.400000000000000000e+02 3.530000000000000000e+02 3.520000000000000000e+02 3.510000000000000000e+02 3.390000000000000000e+02
3.400000000000000000e+02 3.530000000000000000e+02 3.520000000000000000e+02 3.510000000000000000e+02 3.390000000000000000e+02
3.400000000000000000e+02 3.530000000000000000e+02 3.520000000000000000e+02 3.510000000000000000e+02 3.390000000000000000e+02
3.400000000000000000e+02 3.530000000000000000e+02 3.520000000000000000e+02 3.510000000000000000e+02 3.390000000000000000e+02
3.400000000000000000e+02 3.530000000000000000e+02 3.520000000000000000e+02 3.510000000000000000e+02 5.220000000000000000e+02
3.400000000000000000e+02 3.530000000000000000e+02 3.520000000000000000e+02 3.510000000000000000e+02 5.220000000000000000e+02
3.400000000000000000e+02 3.530000000000000000e+02 3.520000000000000000e+02 3.510000000000000000e+02 5.220000000000000000e+02
3.400000000000000000e+02 3.530000000000000000e+02 3.520000000000000000e+02 3.510000000000000000e+02 5.220000000000000000e+02
3.400000000000000000e+02 3.530000000000000000e+02 3.520000000000000000e+02 3.510000000000000000e+02 5.220000000000000000e+02
3.400000000000000000e+02 3.530000000000000000e+02 3.520000000000000000e+02 3.510000000000000000e+02 5.220000000000000000e+02
3.400000000000000000e+02 3.530000000000000000e+02 3.520000000000000000e+02 3.510000000000000000e+02 5.220000000000000000e+02
3.400000000000000000e+02 3.530000000000000000e+02 3.520000000000000000e+02 3.510000000000000000e+02 5.220000000000000000e+02
3.400000000000000000e+02 3.530000000000000000e+02 3.520000000000000000e+02 3.510000000000000000e+02 5.220000000000000000e+02
3.400000000000000000e+02 3.530000000000000000e+02 3.520000000000000000e+02 3.510000000000000000e+02 5.220000000000000000e+02
3.400000000000000000e+02 3.530000000000000000e+02 3.520000000000000000e+02 3.510000000000000000e+02 5.220000000000000000e+02
3.400000000000000000e+02 3.530000000000000000e+02 3.520000000000000000e+02 3.510000000000000000e+02 5.220000000000000000e+02
3.400000000000000000e+02 3.530000000000000000e+02 3.520000000000000000e+02 3.510000000000000000e+02 5.220000000000000000e+02
3.400000000000000000e+02 3.530000000000000000e+02 3.520000000000000000e+02 3.510000000000000000e+02 5.220000000000000000e+02
3.400000000000000000e+02 3.530000000000000000e+02 3.520000000000000000e+02 3.510000000000000000e+02 5.220000000000000000e+02
3.400000000000000000e+02 3.530000000000000000e+02 3.520000000000000000e+02 3.510000000000000000e+02 5.220000000000000000e+02
3.400000000000000000e+02 3.530000000000000000e+02 3.520000000000000000e+02 3.510000000000000000e+02 5.220000000000000000e+02
3.400000000000000000e+02 3.530000000000000000e+02 3.520000000000000000e+02 3.510000000000000000e+02 5.220000000000000000e+02
3.400000000000000000e+02 3.530000000000000000e+02 3.520000000000000000e+02 3.510000000000000000e+02 5.220000000000000000e+02
3.400000000000000000e+02 3.530000000000000000e+02 3.520000000000000000e+02 3.510000000000000000e+02 5.220000000000000000e+02
3.400000000000000000e+02 3.530000000000000000e+02 3.520000000000000000e+02 3.510000000000000000e+02 5.220000000000000000e+02
3.400000000000000000e+02 3.530000000000000000e+02 3.520000000000000000e+02 3.510000000000000000e+02 5.220000000000000000e+02
3.400000000000000000e+02 3.530000000000000000e+02 3.520000000000000000e+02 3.510000000000000000e+02 5.220000000000000000e+02
3.400000000000000000e+02 3.530000000000000000e+02 3.520000000000000000e+02 3.510000000000000000e+02 5.220000000000000000e+02
3.400000000000000000e+02 3.530000000000000000e+02 3.520000000000000000e+02 3.510000000000000000e+02 2.930000000000000000e+02
3.400000000000000000e+02 3.530000000000000000e+02 3.520000000000000000e+02 3.510000000000000000e+02 5.220000000000000000e+02
3.400000000000000000e+02 3.530000000000000000e+02 3.520000000000000000e+02 3.510000000000000000e+02 2.930000000000000000e+02
3.400000000000000000e+02 3.530000000000000000e+02 3.520000000000000000e+02 3.510000000000000000e+02 2.930000000000000000e+02
3.400000000000000000e+02 3.530000000000000000e+02 3.520000000000000000e+02 3.510000000000000000e+02 2.930000000000000000e+02
3.400000000000000000e+02 3.530000000000000000e+02 3.520000000000000000e+02 3.510000000000000000e+02 2.930000000000000000e+02
3.400000000000000000e+02 3.530000000000000000e+02 3.520000000000000000e+02 3.510000000000000000e+02 2.930000000000000000e+02
3.400000000000000000e+02 3.530000000000000000e+02 3.520000000000000000e+02 3.510000000000000000e+02 2.930000000000000000e+02
3.400000000000000000e+02 3.530000000000000000e+02 3.520000000000000000e+02 3.510000000000000000e+02 2.930000000000000000e+02
3.400000000000000000e+02 3.530000000000000000e+02 3.520000000000000000e+02 3.510000000000000000e+02 2.930000000000000000e+02
3.400000000000000000e+02 3.530000000000000000e+02 3.520000000000000000e+02 3.510000000000000000e+02 2.930000000000000000e+02
3.400000000000000000e+02 3.530000000000000000e+02 3.520000000000000000e+02 3.510000000000000000e+02 2.930000000000000000e+02
3.400000000000000000e+02 3.530000000000000000e+02 3.520000000000000000e+02 3.510000000000000000e+02 2.930000000000000000e+02
3.400000000000000000e+02 3.530000000000000000e+02 3.520000000000000000e+02 3.510000000000000000e+02 2.930000000000000000e+02
3.400000000000000000e+02 3.530000000000000000e+02 3.520000000000000000e+02 3.510000000000000000e+02 2.930000000000000000e+02
3.400000000000000000e+02 3.530000000000000000e+02 3.520000000000000000e+02 3.510000000000000000e+02 2.930000000000000000e+02
3.400000000000000000e+02 3.530000000000000000e+02 3.520000000000000000e+02 3.510000000000000000e+02 2.930000000000000000e+02
3.400000000000000000e+02 3.530000000000000000e+02 3.520000000000000000e+02 3.510000000000000000e+02 2.930000000000000000e+02
3.400000000000000000e+02 3.530000000000000000e+02 3.520000000000000000e+02 3.510000000000000000e+02 2.930000000000000000e+02
3.400000000000000000e+02 3.530000000000000000e+02 3.520000000000000000e+02 3.510000000000000000e+02 2.930000000000000000e+02
3.400000000000000000e+02 3.530000000000000000e+02 3.520000000000000000e+02 3.510000000000000000e+02 2.930000000000000000e+02
3.400000000000000000e+02 3.530000000000000000e+02 3.520000000000000000e+02 3.510000000000000000e+02 2.930000000000000000e+02
3.400000000000000000e+02 3.530000000000000000e+02 3.520000000000000000e+02 3.510000000000000000e+02 2.930000000000000000e+02
3.400000000000000000e+02 3.530000000000000000e+02 3.520000000000000000e+02 3.510000000000000000e+02 2.930000000000000000e+02
3.400000000000000000e+02 3.530000000000000000e+02 3.520000000000000000e+02 3.510000000000000000e+02 2.930000000000000000e+02
3.400000000000000000e+02 3.530000000000000000e+02 3.520000000000000000e+02 3.510000000000000000e+02 2.930000000000000000e+02
3.400000000000000000e+02 3.530000000000000000e+02 3.520000000000000000e+02 3.510000000000000000e+02 2.930000000000000000e+02
3.400000000000000000e+02 3.530000000000000000e+02 3.520000000000000000e+02 3.510000000000000000e+02 2.930000000000000000e+02
3.400000000000000000e+02 3.530000000000000000e+02 3.520000000000000000e+02 3.510000000000000000e+02 2.930000000000000000e+02
3.400000000000000000e+02 3.530000000000000000e+02 3.520000000000000000e+02 2.930000000000000000e+02 3.510000000000000000e+02
3.400000000000000000e+02 3.530000000000000000e+02 3.520000000000000000e+02 3.510000000000000000e+02 2.930000000000000000e+02
3.400000000000000000e+02 3.530000000000000000e+02 3.520000000000000000e+02 3.510000000000000000e+02 2.930000000000000000e+02
3.400000000000000000e+02 3.530000000000000000e+02 3.520000000000000000e+02 3.510000000000000000e+02 2.930000000000000000e+02
3.400000000000000000e+02 3.530000000000000000e+02 3.520000000000000000e+02 2.930000000000000000e+02 3.510000000000000000e+02
3.400000000000000000e+02 3.530000000000000000e+02 3.520000000000000000e+02 3.510000000000000000e+02 2.900000000000000000e+02
3.400000000000000000e+02 3.530000000000000000e+02 3.520000000000000000e+02 3.510000000000000000e+02 2.900000000000000000e+02
3.400000000000000000e+02 3.530000000000000000e+02 3.520000000000000000e+02 2.900000000000000000e+02 3.510000000000000000e+02
3.400000000000000000e+02 3.530000000000000000e+02 3.520000000000000000e+02 3.510000000000000000e+02 2.900000000000000000e+02
3.400000000000000000e+02 3.530000000000000000e+02 3.520000000000000000e+02 2.900000000000000000e+02 3.510000000000000000e+02
3.400000000000000000e+02 3.530000000000000000e+02 3.520000000000000000e+02 2.900000000000000000e+02 3.510000000000000000e+02
3.400000000000000000e+02 3.530000000000000000e+02 3.520000000000000000e+02 3.510000000000000000e+02 2.900000000000000000e+02
3.400000000000000000e+02 3.530000000000000000e+02 3.520000000000000000e+02 3.510000000000000000e+02 2.900000000000000000e+02
3.400000000000000000e+02 3.530000000000000000e+02 3.520000000000000000e+02 2.900000000000000000e+02 3.510000000000000000e+02
3.400000000000000000e+02 3.530000000000000000e+02 3.520000000000000000e+02 2.900000000000000000e+02 3.510000000000000000e+02
3.400000000000000000e+02 3.530000000000000000e+02 3.520000000000000000e+02 2.900000000000000000e+02 3.510000000000000000e+02
3.400000000000000000e+02 3.530000000000000000e+02 3.520000000000000000e+02 2.900000000000000000e+02 3.510000000000000000e+02
3.400000000000000000e+02 3.530000000000000000e+02 3.520000000000000000e+02 2.900000000000000000e+02 2.930000000000000000e+02
3.400000000000000000e+02 3.530000000000000000e+02 3.520000000000000000e+02 2.900000000000000000e+02 2.930000000000000000e+02
3.400000000000000000e+02 3.530000000000000000e+02 3.520000000000000000e+02 2.900000000000000000e+02 2.930000000000000000e+02
3.400000000000000000e+02 3.530000000000000000e+02 3.520000000000000000e+02 2.900000000000000000e+02 2.930000000000000000e+02
3.400000000000000000e+02 3.530000000000000000e+02 3.520000000000000000e+02 2.900000000000000000e+02 2.930000000000000000e+02
3.400000000000000000e+02 3.530000000000000000e+02 3.520000000000000000e+02 2.900000000000000000e+02 3.510000000000000000e+02
3.400000000000000000e+02 3.530000000000000000e+02 3.520000000000000000e+02 2.900000000000000000e+02 3.510000000000000000e+02
3.400000000000000000e+02 3.530000000000000000e+02 3.520000000000000000e+02 2.900000000000000000e+02 2.930000000000000000e+02
3.400000000000000000e+02 3.530000000000000000e+02 3.520000000000000000e+02 2.900000000000000000e+02 3.510000000000000000e+02
3.400000000000000000e+02 3.530000000000000000e+02 3.520000000000000000e+02 2.900000000000000000e+02 2.930000000000000000e+02
3.400000000000000000e+02 3.530000000000000000e+02 3.520000000000000000e+02 2.900000000000000000e+02 2.930000000000000000e+02
3.400000000000000000e+02 3.530000000000000000e+02 3.520000000000000000e+02 2.900000000000000000e+02 2.930000000000000000e+02
3.400000000000000000e+02 3.530000000000000000e+02 3.520000000000000000e+02 2.900000000000000000e+02 2.930000000000000000e+02
3.400000000000000000e+02 3.530000000000000000e+02 3.520000000000000000e+02 2.900000000000000000e+02 2.930000000000000000e+02
