7.314555003252156881e-05
1.282729157003072141e-04
3.308314449642218123e-03
1.368868679857856117e-02
1.378130780953486234e-02
3.635341004828118033e-02
5.685395033794183456e-02
6.778475899266159233e-02
8.995563426136135576e-02
1.064444949193119050e-01
9.295133935904895117e-02
8.550197420834586282e-02
8.755696864387707556e-02
1.003577172267762219e-01
1.267314509633115094e-01
1.761068767761929665e-01
1.904092488429560137e-01
2.170022817184629749e-01
2.669505180659166310e-01
2.417118701767814459e-01
3.007394996249984076e-01
3.409853128411732825e-01
3.870022530923868942e-01
2.967183892151037949e-01
2.957806650233831269e-01
2.834820494685018621e-01
2.514867393005636442e-01
2.612826375802245749e-01
2.649725112599569110e-01
2.730877560987854946e-01
2.828995088205748520e-01
2.961377477972234606e-01
3.127155213226832653e-01
3.659582061491453708e-01
3.733998023479547790e-01
4.198462438404391150e-01
4.672408140022909495e-01
4.947994126809993620e-01
5.116071581925407674e-01
5.452614595687503840e-01
5.249504878984364575e-01
5.455147452917812334e-01
5.610136185253871144e-01
5.723839509886345933e-01
5.393955912319650103e-01
5.743747294285310723e-01
5.610889271254971833e-01
5.780314353951301332e-01
6.079583464169181495e-01
6.300779906432367738e-01
6.273897268499821767e-01
6.509569146727136602e-01
6.568698508845677297e-01
6.910859940537034118e-01
7.157453217284689417e-01
6.993239731936615744e-01
7.098116316114675417e-01
7.783898558875250728e-01
7.791151415647541434e-01
8.398496007983592415e-01
8.097913401275489420e-01
7.965456143310063464e-01
8.114816548690533260e-01
8.371928256887763986e-01
8.230724081180028628e-01
8.879553913250658459e-01
8.992586176599988157e-01
8.959747663341490753e-01
9.356900888157040352e-01
9.407711072169860911e-01
9.606020416117450056e-01
1.011824661320489982e+00
1.048791935549931109e+00
1.088108089420815272e+00
1.063132718856260484e+00
1.112835073725357837e+00
1.144753809139821721e+00
1.139789056647481313e+00
1.157320766632741194e+00
1.184492527933545203e+00
1.203599663005024523e+00
1.209911162275940422e+00
1.211670344750439998e+00
1.218595322851491858e+00
1.244179878334772615e+00
1.230536910682679119e+00
1.233173922789747579e+00
1.268125811163905325e+00
1.271412965498531999e+00
1.283388794520704757e+00
1.304290344160302428e+00
1.321148240355104253e+00
1.319667611620777503e+00
1.331471463985974157e+00
1.335280603807620370e+00
1.362251542174797825e+00
1.359410734426203415e+00
1.358553713748928082e+00
1.367496059510529438e+00
1.353713374587178997e+00
1.380721086452070923e+00
