2.912658988589867780e-04
2.788940820703522130e-04
2.375877420322878154e-04
2.154172660587709630e-04
1.821579165256411728e-04
4.661889426063885351e-05
4.580614049687079182e-05
9.525262600808440214e-05
1.540568502348787486e-04
2.929499744866908076e-04
5.192145404504302239e-04
8.492256801033833341e-04
1.478612379471369066e-03
3.230528549347507893e-03
5.021880643589314054e-03
8.070707506932627701e-03
1.479038832919912089e-02
2.661299979602301663e-02
4.863536129700750388e-02
8.529045076940265646e-02
8.320532873221768433e-02
8.893835837744819284e-02
9.586738653441130575e-02
1.138220397007778523e-01
1.386720383072228835e-01
1.779968646246441188e-01
2.054492808886391741e-01
2.107088255686012657e-01
2.395495709700548592e-01
2.841536274729126177e-01
3.599520419773287183e-01
4.565506209458957687e-01
5.073649380090020644e-01
5.631591175861950793e-01
6.308128815781652854e-01
6.628446674570878105e-01
6.834025630065664325e-01
7.194313851763735057e-01
7.380426817522486305e-01
7.638687700385188295e-01
7.749097950635597254e-01
8.025461482510638511e-01
8.344053429637436903e-01
8.513115695399960936e-01
8.619881121128537549e-01
8.666608375783320106e-01
8.778739604758213355e-01
8.990586474525444904e-01
9.243619676404204455e-01
9.186270573125995265e-01
9.198679378518880290e-01
9.374716818531272366e-01
9.470920207508967126e-01
9.547479404367474887e-01
9.629107194961299410e-01
9.660636684434287247e-01
9.759490294321275794e-01
9.829039786364323072e-01
9.871742380275746465e-01
9.908176443297481706e-01
9.951904471683579168e-01
9.937883828818173670e-01
9.946856842934516107e-01
9.956505669548899595e-01
9.944778842826484944e-01
9.903597443652899512e-01
9.927167021139365888e-01
9.876148110475118092e-01
9.901029849454133780e-01
9.920368816038165338e-01
9.915004246026333234e-01
9.916452063312285459e-01
9.935650441164972646e-01
9.920899106866920558e-01
9.901547191320791974e-01
9.886998724095601432e-01
9.872812211191899223e-01
9.908616708008797236e-01
9.945536665417811228e-01
9.957518771678720571e-01
9.891770108319918320e-01
9.905523755919217743e-01
9.911553655935964047e-01
9.941545302005559970e-01
9.935815694586026536e-01
9.906570771997388336e-01
9.917754975546193563e-01
9.882388893588882617e-01
9.897674218419146852e-01
9.869010765890411374e-01
9.849296279405551635e-01
9.856357163452158510e-01
9.786339658921872076e-01
9.780822784451083107e-01
9.752882007330838654e-01
9.796345506919802437e-01
9.752962784189638246e-01
9.741510352140241302e-01
9.746248439033450284e-01
9.764405350363150049e-01
9.752941819203384544e-01
