1.000000000000000000e+00 6.110000000000000000e+02 7.940000000000000000e+02 9.600000000000000000e+01 9.710000000000000000e+02
3.260000000000000000e+02 9.860000000000000000e+02 5.900000000000000000e+01 4.000000000000000000e+01 9.500000000000000000e+01
3.260000000000000000e+02 9.850000000000000000e+02 9.880000000000000000e+02 5.900000000000000000e+01 7.230000000000000000e+02
3.260000000000000000e+02 9.850000000000000000e+02 7.230000000000000000e+02 3.840000000000000000e+02 9.880000000000000000e+02
9.880000000000000000e+02 3.260000000000000000e+02 4.700000000000000000e+01 6.800000000000000000e+02 9.950000000000000000e+02
3.840000000000000000e+02 5.740000000000000000e+02 4.880000000000000000e+02 3.260000000000000000e+02 4.290000000000000000e+02
3.840000000000000000e+02 5.120000000000000000e+02 6.260000000000000000e+02 4.290000000000000000e+02 6.310000000000000000e+02
3.840000000000000000e+02 3.740000000000000000e+02 6.840000000000000000e+02 3.580000000000000000e+02 5.120000000000000000e+02
3.740000000000000000e+02 3.560000000000000000e+02 3.590000000000000000e+02 3.580000000000000000e+02 3.840000000000000000e+02
3.560000000000000000e+02 3.590000000000000000e+02 2.080000000000000000e+02 7.730000000000000000e+02 3.740000000000000000e+02
2.080000000000000000e+02 2.070000000000000000e+02 7.730000000000000000e+02 2.220000000000000000e+02 1.670000000000000000e+02
2.080000000000000000e+02 2.070000000000000000e+02 2.220000000000000000e+02 1.670000000000000000e+02 7.730000000000000000e+02
2.080000000000000000e+02 2.070000000000000000e+02 2.220000000000000000e+02 1.670000000000000000e+02 2.570000000000000000e+02
2.080000000000000000e+02 2.070000000000000000e+02 1.670000000000000000e+02 2.220000000000000000e+02 2.570000000000000000e+02
2.080000000000000000e+02 2.070000000000000000e+02 1.670000000000000000e+02 2.220000000000000000e+02 2.570000000000000000e+02
2.080000000000000000e+02 2.070000000000000000e+02 1.670000000000000000e+02 2.220000000000000000e+02 1.620000000000000000e+02
2.080000000000000000e+02 2.070000000000000000e+02 1.670000000000000000e+02 2.220000000000000000e+02 1.620000000000000000e+02
2.080000000000000000e+02 2.070000000000000000e+02 1.670000000000000000e+02 2.220000000000000000e+02 1.620000000000000000e+02
2.080000000000000000e+02 2.070000000000000000e+02 1.670000000000000000e+02 2.220000000000000000e+02 1.620000000000000000e+02
2.080000000000000000e+02 2.070000000000000000e+02 1.670000000000000000e+02 2.220000000000000000e+02 1.620000000000000000e+02
2.080000000000000000e+02 2.070000000000000000e+02 1.670000000000000000e+02 2.220000000000000000e+02 1.620000000000000000e+02
2.080000000000000000e+02 2.070000000000000000e+02 1.670000000000000000e+02 1.620000000000000000e+02 2.220000000000000000e+02
2.080000000000000000e+02 2.070000000000000000e+02 1.670000000000000000e+02 1.620000000000000000e+02 2.220000000000000000e+02
2.080000000000000000e+02 2.070000000000000000e+02 1.670000000000000000e+02 1.620000000000000000e+02 2.220000000000000000e+02
2.080000000000000000e+02 2.070000000000000000e+02 1.670000000000000000e+02 1.620000000000000000e+02 2.220000000000000000e+02
2.080000000000000000e+02 2.070000000000000000e+02 1.670000000000000000e+02 1.620000000000000000e+02 2.220000000000000000e+02
2.080000000000000000e+02 2.070000000000000000e+02 1.670000000000000000e+02 1.620000000000000000e+02 2.220000000000000000e+02
2.080000000000000000e+02 2.070000000000000000e+02 1.670000000000000000e+02 1.620000000000000000e+02 2.220000000000000000e+02
2.080000000000000000e+02 2.070000000000000000e+02 1.670000000000000000e+02 1.620000000000000000e+02 2.220000000000000000e+02
2.080000000000000000e+02 2.070000000000000000e+02 1.670000000000000000e+02 1.620000000000000000e+02 2.220000000000000000e+02
2.080000000000000000e+02 2.070000000000000000e+02 1.670000000000000000e+02 1.620000000000000000e+02 2.220000000000000000e+02
2.080000000000000000e+02 2.070000000000000000e+02 1.670000000000000000e+02 1.620000000000000000e+02 2.220000000000000000e+02
2.080000000000000000e+02 2.070000000000000000e+02 1.670000000000000000e+02 2.220000000000000000e+02 1.620000000000000000e+02
2.080000000000000000e+02 2.070000000000000000e+02 1.670000000000000000e+02 2.220000000000000000e+02 1.620000000000000000e+02
2.080000000000000000e+02 2.070000000000000000e+02 1.670000000000000000e+02 2.220000000000000000e+02 1.620000000000000000e+02
2.080000000000000000e+02 2.070000000000000000e+02 1.670000000000000000e+02 2.220000000000000000e+02 1.620000000000000000e+02
2.080000000000000000e+02 2.070000000000000000e+02 1.670000000000000000e+02 2.220000000000000000e+02 1.620000000000000000e+02
2.080000000000000000e+02 2.070000000000000000e+02 1.670000000000000000e+02 2.220000000000000000e+02 1.620000000000000000e+02
2.080000000000000000e+02 2.070000000000000000e+02 1.670000000000000000e+02 2.220000000000000000e+02 1.620000000000000000e+02
2.080000000000000000e+02 2.070000000000000000e+02 1.670000000000000000e+02 2.220000000000000000e+02 1.620000000000000000e+02
2.080000000000000000e+02 2.070000000000000000e+02 1.670000000000000000e+02 2.220000000000000000e+02 1.620000000000000000e+02
2.080000000000000000e+02 2.070000000000000000e+02 1.670000000000000000e+02 1.620000000000000000e+02 2.220000000000000000e+02
2.080000000000000000e+02 2.070000000000000000e+02 1.670000000000000000e+02 2.220000000000000000e+02 1.620000000000000000e+02
2.080000000000000000e+02 2.070000000000000000e+02 1.670000000000000000e+02 2.220000000000000000e+02 2.430000000000000000e+02
2.080000000000000000e+02 2.070000000000000000e+02 1.670000000000000000e+02 2.220000000000000000e+02 2.430000000000000000e+02
2.080000000000000000e+02 2.070000000000000000e+02 1.670000000000000000e+02 2.430000000000000000e+02 1.620000000000000000e+02
2.080000000000000000e+02 2.070000000000000000e+02 1.670000000000000000e+02 2.430000000000000000e+02 2.220000000000000000e+02
2.080000000000000000e+02 2.070000000000000000e+02 1.670000000000000000e+02 2.430000000000000000e+02 1.620000000000000000e+02
2.080000000000000000e+02 2.070000000000000000e+02 2.430000000000000000e+02 1.670000000000000000e+02 1.620000000000000000e+02
2.080000000000000000e+02 2.070000000000000000e+02 2.430000000000000000e+02 1.670000000000000000e+02 1.620000000000000000e+02
2.080000000000000000e+02 2.070000000000000000e+02 2.430000000000000000e+02 1.670000000000000000e+02 1.620000000000000000e+02
2.080000000000000000e+02 2.070000000000000000e+02 2.430000000000000000e+02 1.670000000000000000e+02 1.620000000000000000e+02
2.080000000000000000e+02 2.070000000000000000e+02 2.430000000000000000e+02 1.670000000000000000e+02 1.590000000000000000e+02
2.080000000000000000e+02 2.070000000000000000e+02 2.430000000000000000e+02 1.670000000000000000e+02 1.590000000000000000e+02
2.080000000000000000e+02 2.070000000000000000e+02 2.430000000000000000e+02 1.670000000000000000e+02 1.590000000000000000e+02
2.080000000000000000e+02 2.070000000000000000e+02 2.430000000000000000e+02 1.670000000000000000e+02 1.590000000000000000e+02
2.080000000000000000e+02 2.070000000000000000e+02 2.430000000000000000e+02 1.670000000000000000e+02 1.590000000000000000e+02
2.080000000000000000e+02 2.070000000000000000e+02 2.430000000000000000e+02 1.670000000000000000e+02 1.590000000000000000e+02
2.080000000000000000e+02 2.070000000000000000e+02 2.430000000000000000e+02 1.590000000000000000e+02 1.670000000000000000e+02
2.080000000000000000e+02 2.070000000000000000e+02 2.430000000000000000e+02 1.590000000000000000e+02 1.670000000000000000e+02
2.080000000000000000e+02 2.070000000000000000e+02 2.430000000000000000e+02 1.590000000000000000e+02 1.670000000000000000e+02
2.080000000000000000e+02 2.070000000000000000e+02 2.430000000000000000e+02 1.590000000000000000e+02 1.670000000000000000e+02
2.080000000000000000e+02 2.070000000000000000e+02 2.430000000000000000e+02 1.590000000000000000e+02 1.670000000000000000e+02
2.080000000000000000e+02 2.070000000000000000e+02 2.430000000000000000e+02 1.590000000000000000e+02 1.670000000000000000e+02
2.080000000000000000e+02 2.070000000000000000e+02 2.430000000000000000e+02 1.590000000000000000e+02 1.670000000000000000e+02
2.080000000000000000e+02 2.070000000000000000e+02 2.430000000000000000e+02 1.590000000000000000e+02 1.670000000000000000e+02
2.080000000000000000e+02 2.070000000000000000e+02 2.430000000000000000e+02 1.590000000000000000e+02 1.670000000000000000e+02
2.080000000000000000e+02 2.070000000000000000e+02 2.430000000000000000e+02 1.590000000000000000e+02 1.670000000000000000e+02
2.080000000000000000e+02 2.070000000000000000e+02 2.430000000000000000e+02 1.590000000000000000e+02 1.670000000000000000e+02
2.080000000000000000e+02 2.070000000000000000e+02 2.430000000000000000e+02 1.590000000000000000e+02 1.670000000000000000e+02
2.080000000000000000e+02 2.070000000000000000e+02 2.430000000000000000e+02 1.590000000000000000e+02 2.460000000000000000e+02
2.080000000000000000e+02 2.070000000000000000e+02 2.430000000000000000e+02 1.590000000000000000e+02 2.460000000000000000e+02
2.080000000000000000e+02 2.070000000000000000e+02 2.430000000000000000e+02 1.590000000000000000e+02 2.570000000000000000e+02
2.080000000000000000e+02 2.070000000000000000e+02 2.430000000000000000e+02 1.590000000000000000e+02 2.460000000000000000e+02
2.080000000000000000e+02 2.070000000000000000e+02 2.430000000000000000e+02 1.590000000000000000e+02 2.460000000000000000e+02
2.080000000000000000e+02 2.070000000000000000e+02 2.430000000000000000e+02 1.590000000000000000e+02 2.460000000000000000e+02
2.080000000000000000e+02 2.070000000000000000e+02 2.430000000000000000e+02 1.590000000000000000e+02 2.460000000000000000e+02
2.080000000000000000e+02 2.070000000000000000e+02 2.430000000000000000e+02 1.590000000000000000e+02 2.460000000000000000e+02
2.080000000000000000e+02 2.070000000000000000e+02 2.430000000000000000e+02 1.590000000000000000e+02 2.460000000000000000e+02
2.080000000000000000e+02 2.070000000000000000e+02 2.430000000000000000e+02 1.590000000000000000e+02 2.460000000000000000e+02
2.080000000000000000e+02 2.070000000000000000e+02 2.430000000000000000e+02 1.590000000000000000e+02 2.460000000000000000e+02
2.080000000000000000e+02 2.070000000000000000e+02 2.430000000000000000e+02 1.590000000000000000e+02 2.460000000000000000e+02
2.080000000000000000e+02 2.070000000000000000e+02 2.430000000000000000e+02 1.590000000000000000e+02 1.800000000000000000e+02
2.080000000000000000e+02 2.070000000000000000e+02 2.430000000000000000e+02 1.590000000000000000e+02 1.800000000000000000e+02
2.080000000000000000e+02 2.070000000000000000e+02 2.430000000000000000e+02 1.590000000000000000e+02 2.460000000000000000e+02
2.080000000000000000e+02 2.070000000000000000e+02 2.430000000000000000e+02 1.590000000000000000e+02 1.800000000000000000e+02
2.080000000000000000e+02 2.070000000000000000e+02 2.430000000000000000e+02 1.590000000000000000e+02 2.470000000000000000e+02
2.080000000000000000e+02 2.070000000000000000e+02 2.430000000000000000e+02 1.590000000000000000e+02 2.470000000000000000e+02
2.080000000000000000e+02 2.070000000000000000e+02 2.430000000000000000e+02 1.590000000000000000e+02 1.800000000000000000e+02
2.080000000000000000e+02 2.070000000000000000e+02 2.430000000000000000e+02 1.590000000000000000e+02 2.470000000000000000e+02
2.080000000000000000e+02 2.070000000000000000e+02 2.430000000000000000e+02 1.590000000000000000e+02 2.460000000000000000e+02
2.080000000000000000e+02 2.070000000000000000e+02 2.430000000000000000e+02 1.590000000000000000e+02 2.470000000000000000e+02
2.080000000000000000e+02 2.070000000000000000e+02 2.430000000000000000e+02 1.590000000000000000e+02 2.460000000000000000e+02
2.080000000000000000e+02 2.070000000000000000e+02 2.430000000000000000e+02 1.590000000000000000e+02 2.460000000000000000e+02
2.080000000000000000e+02 2.070000000000000000e+02 2.430000000000000000e+02 1.590000000000000000e+02 2.460000000000000000e+02
2.080000000000000000e+02 2.070000000000000000e+02 2.430000000000000000e+02 1.590000000000000000e+02 2.460000000000000000e+02
2.080000000000000000e+02 2.070000000000000000e+02 2.430000000000000000e+02 1.590000000000000000e+02 2.460000000000000000e+02
2.080000000000000000e+02 2.070000000000000000e+02 2.430000000000000000e+02 1.590000000000000000e+02 2.460000000000000000e+02
2.080000000000000000e+02 2.070000000000000000e+02 2.430000000000000000e+02 1.590000000000000000e+02 2.460000000000000000e+02
2.080000000000000000e+02 2.070000000000000000e+02 2.430000000000000000e+02 1.590000000000000000e+02 2.460000000000000000e+02
2.080000000000000000e+02 2.070000000000000000e+02 2.430000000000000000e+02 1.590000000000000000e+02 2.460000000000000000e+02
