7.940000000000000000e+02 6.110000000000000000e+02 9.710000000000000000e+02 1.000000000000000000e+00 9.400000000000000000e+01
9.860000000000000000e+02 9.500000000000000000e+01 7.940000000000000000e+02 7.230000000000000000e+02 4.160000000000000000e+02
4.160000000000000000e+02 1.450000000000000000e+02 7.230000000000000000e+02 6.440000000000000000e+02 6.020000000000000000e+02
7.230000000000000000e+02 4.160000000000000000e+02 8.400000000000000000e+01 6.020000000000000000e+02 7.020000000000000000e+02
7.230000000000000000e+02 8.400000000000000000e+01 4.160000000000000000e+02 3.920000000000000000e+02 7.020000000000000000e+02
7.230000000000000000e+02 8.400000000000000000e+01 3.920000000000000000e+02 7.020000000000000000e+02 3.930000000000000000e+02
8.400000000000000000e+01 7.230000000000000000e+02 3.920000000000000000e+02 8.800000000000000000e+01 3.930000000000000000e+02
8.400000000000000000e+01 7.230000000000000000e+02 8.800000000000000000e+01 3.920000000000000000e+02 8.980000000000000000e+02
8.400000000000000000e+01 7.230000000000000000e+02 8.980000000000000000e+02 8.350000000000000000e+02 8.800000000000000000e+01
8.400000000000000000e+01 7.230000000000000000e+02 3.920000000000000000e+02 8.800000000000000000e+01 3.960000000000000000e+02
8.400000000000000000e+01 3.920000000000000000e+02 3.960000000000000000e+02 7.230000000000000000e+02 3.930000000000000000e+02
8.400000000000000000e+01 3.920000000000000000e+02 3.930000000000000000e+02 3.960000000000000000e+02 1.080000000000000000e+02
8.400000000000000000e+01 3.930000000000000000e+02 3.920000000000000000e+02 1.080000000000000000e+02 3.960000000000000000e+02
8.400000000000000000e+01 3.930000000000000000e+02 3.920000000000000000e+02 1.080000000000000000e+02 3.960000000000000000e+02
8.400000000000000000e+01 3.930000000000000000e+02 3.920000000000000000e+02 1.080000000000000000e+02 3.960000000000000000e+02
8.400000000000000000e+01 3.920000000000000000e+02 3.930000000000000000e+02 1.080000000000000000e+02 7.230000000000000000e+02
8.400000000000000000e+01 3.920000000000000000e+02 1.080000000000000000e+02 3.930000000000000000e+02 3.960000000000000000e+02
8.400000000000000000e+01 3.920000000000000000e+02 1.080000000000000000e+02 3.930000000000000000e+02 7.230000000000000000e+02
8.400000000000000000e+01 3.920000000000000000e+02 1.080000000000000000e+02 3.930000000000000000e+02 3.960000000000000000e+02
8.400000000000000000e+01 1.080000000000000000e+02 3.920000000000000000e+02 3.930000000000000000e+02 3.960000000000000000e+02
8.400000000000000000e+01 1.080000000000000000e+02 3.920000000000000000e+02 3.930000000000000000e+02 3.960000000000000000e+02
8.400000000000000000e+01 1.080000000000000000e+02 3.920000000000000000e+02 3.930000000000000000e+02 3.960000000000000000e+02
8.400000000000000000e+01 1.080000000000000000e+02 3.960000000000000000e+02 3.930000000000000000e+02 3.920000000000000000e+02
8.400000000000000000e+01 1.080000000000000000e+02 3.960000000000000000e+02 3.930000000000000000e+02 3.920000000000000000e+02
8.400000000000000000e+01 1.080000000000000000e+02 3.960000000000000000e+02 3.930000000000000000e+02 3.970000000000000000e+02
8.400000000000000000e+01 1.080000000000000000e+02 3.960000000000000000e+02 3.930000000000000000e+02 3.970000000000000000e+02
8.400000000000000000e+01 3.960000000000000000e+02 1.080000000000000000e+02 3.930000000000000000e+02 3.970000000000000000e+02
8.400000000000000000e+01 3.960000000000000000e+02 1.080000000000000000e+02 3.970000000000000000e+02 3.930000000000000000e+02
8.400000000000000000e+01 3.960000000000000000e+02 1.080000000000000000e+02 3.970000000000000000e+02 3.930000000000000000e+02
8.400000000000000000e+01 3.960000000000000000e+02 1.080000000000000000e+02 3.970000000000000000e+02 3.930000000000000000e+02
8.400000000000000000e+01 3.960000000000000000e+02 1.080000000000000000e+02 3.970000000000000000e+02 3.930000000000000000e+02
8.400000000000000000e+01 3.960000000000000000e+02 1.080000000000000000e+02 3.970000000000000000e+02 3.930000000000000000e+02
8.400000000000000000e+01 3.960000000000000000e+02 1.080000000000000000e+02 3.970000000000000000e+02 3.930000000000000000e+02
8.400000000000000000e+01 3.960000000000000000e+02 1.080000000000000000e+02 3.970000000000000000e+02 7.720000000000000000e+02
8.400000000000000000e+01 3.960000000000000000e+02 1.080000000000000000e+02 7.720000000000000000e+02 3.970000000000000000e+02
8.400000000000000000e+01 3.960000000000000000e+02 1.080000000000000000e+02 7.720000000000000000e+02 3.970000000000000000e+02
8.400000000000000000e+01 3.960000000000000000e+02 1.080000000000000000e+02 3.970000000000000000e+02 7.720000000000000000e+02
8.400000000000000000e+01 3.960000000000000000e+02 1.080000000000000000e+02 7.720000000000000000e+02 3.970000000000000000e+02
8.400000000000000000e+01 3.960000000000000000e+02 1.080000000000000000e+02 7.720000000000000000e+02 8.980000000000000000e+02
8.400000000000000000e+01 3.960000000000000000e+02 1.080000000000000000e+02 7.720000000000000000e+02 8.980000000000000000e+02
8.400000000000000000e+01 3.960000000000000000e+02 1.080000000000000000e+02 7.720000000000000000e+02 8.980000000000000000e+02
8.400000000000000000e+01 3.960000000000000000e+02 1.080000000000000000e+02 3.970000000000000000e+02 8.980000000000000000e+02
8.400000000000000000e+01 3.960000000000000000e+02 1.080000000000000000e+02 3.970000000000000000e+02 8.980000000000000000e+02
8.400000000000000000e+01 3.960000000000000000e+02 1.080000000000000000e+02 8.980000000000000000e+02 3.970000000000000000e+02
8.400000000000000000e+01 3.960000000000000000e+02 1.080000000000000000e+02 3.970000000000000000e+02 8.980000000000000000e+02
8.400000000000000000e+01 3.960000000000000000e+02 1.080000000000000000e+02 3.970000000000000000e+02 8.980000000000000000e+02
8.400000000000000000e+01 3.960000000000000000e+02 1.080000000000000000e+02 8.980000000000000000e+02 3.970000000000000000e+02
8.400000000000000000e+01 3.960000000000000000e+02 1.080000000000000000e+02 8.980000000000000000e+02 3.970000000000000000e+02
8.400000000000000000e+01 3.960000000000000000e+02 1.080000000000000000e+02 8.980000000000000000e+02 3.970000000000000000e+02
8.400000000000000000e+01 3.960000000000000000e+02 1.080000000000000000e+02 8.980000000000000000e+02 3.970000000000000000e+02
8.400000000000000000e+01 3.960000000000000000e+02 1.080000000000000000e+02 8.980000000000000000e+02 3.970000000000000000e+02
8.400000000000000000e+01 3.960000000000000000e+02 8.980000000000000000e+02 1.080000000000000000e+02 7.720000000000000000e+02
8.400000000000000000e+01 3.960000000000000000e+02 8.980000000000000000e+02 1.080000000000000000e+02 3.970000000000000000e+02
8.400000000000000000e+01 3.960000000000000000e+02 8.980000000000000000e+02 1.080000000000000000e+02 7.720000000000000000e+02
8.400000000000000000e+01 3.960000000000000000e+02 8.980000000000000000e+02 1.080000000000000000e+02 3.970000000000000000e+02
8.400000000000000000e+01 3.960000000000000000e+02 8.980000000000000000e+02 1.080000000000000000e+02 3.970000000000000000e+02
8.400000000000000000e+01 3.960000000000000000e+02 8.980000000000000000e+02 1.080000000000000000e+02 3.970000000000000000e+02
8.400000000000000000e+01 3.960000000000000000e+02 8.980000000000000000e+02 1.080000000000000000e+02 3.970000000000000000e+02
8.400000000000000000e+01 3.960000000000000000e+02 8.980000000000000000e+02 1.080000000000000000e+02 7.720000000000000000e+02
8.400000000000000000e+01 3.960000000000000000e+02 8.980000000000000000e+02 1.080000000000000000e+02 3.970000000000000000e+02
8.400000000000000000e+01 3.960000000000000000e+02 8.980000000000000000e+02 1.080000000000000000e+02 8.010000000000000000e+02
8.400000000000000000e+01 3.960000000000000000e+02 8.980000000000000000e+02 1.080000000000000000e+02 8.010000000000000000e+02
8.400000000000000000e+01 3.960000000000000000e+02 8.980000000000000000e+02 1.080000000000000000e+02 8.010000000000000000e+02
8.400000000000000000e+01 3.960000000000000000e+02 8.980000000000000000e+02 1.080000000000000000e+02 7.720000000000000000e+02
8.400000000000000000e+01 3.960000000000000000e+02 8.980000000000000000e+02 1.080000000000000000e+02 8.010000000000000000e+02
8.400000000000000000e+01 3.960000000000000000e+02 8.980000000000000000e+02 1.080000000000000000e+02 7.720000000000000000e+02
8.400000000000000000e+01 3.960000000000000000e+02 8.980000000000000000e+02 1.080000000000000000e+02 8.010000000000000000e+02
8.400000000000000000e+01 3.960000000000000000e+02 8.980000000000000000e+02 1.080000000000000000e+02 3.280000000000000000e+02
8.400000000000000000e+01 3.960000000000000000e+02 8.980000000000000000e+02 1.080000000000000000e+02 3.280000000000000000e+02
8.400000000000000000e+01 3.960000000000000000e+02 8.980000000000000000e+02 1.080000000000000000e+02 3.280000000000000000e+02
8.400000000000000000e+01 3.960000000000000000e+02 8.980000000000000000e+02 1.080000000000000000e+02 3.280000000000000000e+02
8.400000000000000000e+01 3.960000000000000000e+02 8.980000000000000000e+02 1.080000000000000000e+02 3.280000000000000000e+02
8.400000000000000000e+01 3.960000000000000000e+02 8.980000000000000000e+02 1.080000000000000000e+02 3.280000000000000000e+02
8.400000000000000000e+01 3.960000000000000000e+02 8.980000000000000000e+02 1.080000000000000000e+02 3.280000000000000000e+02
8.400000000000000000e+01 3.960000000000000000e+02 8.980000000000000000e+02 1.080000000000000000e+02 3.280000000000000000e+02
8.400000000000000000e+01 3.960000000000000000e+02 8.980000000000000000e+02 1.080000000000000000e+02 3.280000000000000000e+02
8.400000000000000000e+01 3.960000000000000000e+02 8.980000000000000000e+02 1.080000000000000000e+02 3.280000000000000000e+02
8.400000000000000000e+01 3.960000000000000000e+02 8.980000000000000000e+02 1.080000000000000000e+02 3.280000000000000000e+02
8.400000000000000000e+01 3.960000000000000000e+02 8.980000000000000000e+02 1.080000000000000000e+02 3.280000000000000000e+02
8.400000000000000000e+01 3.960000000000000000e+02 8.980000000000000000e+02 1.080000000000000000e+02 3.280000000000000000e+02
8.400000000000000000e+01 3.960000000000000000e+02 8.980000000000000000e+02 1.080000000000000000e+02 7.490000000000000000e+02
8.400000000000000000e+01 3.960000000000000000e+02 8.980000000000000000e+02 1.080000000000000000e+02 3.280000000000000000e+02
8.400000000000000000e+01 3.960000000000000000e+02 8.980000000000000000e+02 1.080000000000000000e+02 3.280000000000000000e+02
8.400000000000000000e+01 3.960000000000000000e+02 8.980000000000000000e+02 1.080000000000000000e+02 7.490000000000000000e+02
8.400000000000000000e+01 3.960000000000000000e+02 8.980000000000000000e+02 7.490000000000000000e+02 1.080000000000000000e+02
8.400000000000000000e+01 3.960000000000000000e+02 8.980000000000000000e+02 7.490000000000000000e+02 1.080000000000000000e+02
8.400000000000000000e+01 3.960000000000000000e+02 8.980000000000000000e+02 7.490000000000000000e+02 3.280000000000000000e+02
8.400000000000000000e+01 3.960000000000000000e+02 8.980000000000000000e+02 7.490000000000000000e+02 7.720000000000000000e+02
8.400000000000000000e+01 3.960000000000000000e+02 8.980000000000000000e+02 7.490000000000000000e+02 7.720000000000000000e+02
8.400000000000000000e+01 3.960000000000000000e+02 8.980000000000000000e+02 7.490000000000000000e+02 7.720000000000000000e+02
8.400000000000000000e+01 3.960000000000000000e+02 8.980000000000000000e+02 7.490000000000000000e+02 7.720000000000000000e+02
8.400000000000000000e+01 3.960000000000000000e+02 8.980000000000000000e+02 7.490000000000000000e+02 7.720000000000000000e+02
8.400000000000000000e+01 3.960000000000000000e+02 8.980000000000000000e+02 7.490000000000000000e+02 7.720000000000000000e+02
8.400000000000000000e+01 3.960000000000000000e+02 8.980000000000000000e+02 7.490000000000000000e+02 7.720000000000000000e+02
8.400000000000000000e+01 3.960000000000000000e+02 8.980000000000000000e+02 7.720000000000000000e+02 7.490000000000000000e+02
8.400000000000000000e+01 3.960000000000000000e+02 8.980000000000000000e+02 7.490000000000000000e+02 7.720000000000000000e+02
8.400000000000000000e+01 3.960000000000000000e+02 8.980000000000000000e+02 7.490000000000000000e+02 7.720000000000000000e+02
8.400000000000000000e+01 3.960000000000000000e+02 8.980000000000000000e+02 7.490000000000000000e+02 7.720000000000000000e+02
8.400000000000000000e+01 3.960000000000000000e+02 8.980000000000000000e+02 7.490000000000000000e+02 7.720000000000000000e+02
8.400000000000000000e+01 3.960000000000000000e+02 8.980000000000000000e+02 7.490000000000000000e+02 7.720000000000000000e+02
8.400000000000000000e+01 3.960000000000000000e+02 8.980000000000000000e+02 7.490000000000000000e+02 7.720000000000000000e+02
