2.399284276179969311e-04 3.583273382901097648e-06 3.293067038612207398e-06 7.035914313746616244e-05 9.910701191984117031e-05 6.219122587935999036e-05
1.536492910236120224e-02 1.968912692973390222e-05 4.735631227958947420e-05 3.129398683086037636e-04 1.516311313025653362e-04 4.970700319972820580e-05
1.919539570808410645e-01 7.279008968907874078e-07 4.348748461779905483e-06 2.081592538161203265e-05 2.249055978609248996e-05 6.040098469384247437e-06
5.789529681205749512e-01 2.265571481530059827e-07 6.695461820527270902e-07 6.646136171184480190e-06 1.022747164824977517e-05 1.243656811311666388e-06
7.856807708740234375e-01 1.286308588532847352e-07 5.195017820369685069e-07 6.358010978146921843e-06 1.018233342620078474e-05 6.542376809193228837e-07
8.114196658134460449e-01 9.765634700897862785e-08 6.035239152879512403e-07 7.766916496620979160e-06 1.407046875101514161e-05 4.822034043172607198e-07
7.688727974891662598e-01 1.577608372826944105e-07 8.065604788498603739e-07 1.115987561206566170e-05 2.448913801345042884e-05 7.017985126367420889e-07
6.643410325050354004e-01 2.293180756396395736e-07 1.044508280756417662e-06 1.686838004388846457e-05 5.754268204327672720e-05 9.565861773808137514e-07
5.387797355651855469e-01 1.766882746778719593e-07 6.145162956272542942e-07 1.260787212231662124e-05 7.179766544140875340e-05 6.676341399725060910e-07
3.900858759880065918e-01 8.770408044256328139e-08 2.013293283198436256e-07 4.738704319606767967e-06 4.231083948980085552e-05 2.792340865198639221e-07
3.734430670738220215e-01 9.074188511704051052e-08 2.051682201908988645e-07 4.918072136206319556e-06 5.159026113688014448e-05 2.175751063759889803e-07
4.547998309135437012e-01 8.510958338092677877e-08 2.353862527115779812e-07 5.750778655055910349e-06 6.357557140290737152e-05 1.338179060894617578e-07
5.104060769081115723e-01 7.303203375386146945e-08 2.358125783530340414e-07 7.883952093834523112e-06 5.989257988403551280e-05 1.000314711063765571e-07
5.344720482826232910e-01 9.950377943823696114e-08 3.027459740678750677e-07 1.252189213118981570e-05 7.140616799006238580e-05 1.112441978534661757e-07
5.353338718414306641e-01 1.036548482602484000e-07 3.045682035462959902e-07 1.384282768412958831e-05 6.033166209817864001e-05 1.424756987944419961e-07
4.421691000461578369e-01 1.330003271959867561e-07 3.815354148173355497e-07 1.792564398783724755e-05 7.047266990412026644e-05 2.082026213656718028e-07
3.931283652782440186e-01 1.301727934333030134e-07 3.713944067840202479e-07 1.974753467948175967e-05 6.348985334625467658e-05 2.182700882258359343e-07
4.227471649646759033e-01 1.041632202714026789e-07 3.203270750873343786e-07 1.787901419447734952e-05 5.813920870423316956e-05 1.670834279821065138e-07
5.142522454261779785e-01 8.381344684948999202e-08 2.704481119053525617e-07 1.631579470995347947e-05 5.213571057538501918e-05 1.256373423075274331e-07
5.538672804832458496e-01 6.617101178107986925e-08 2.321488921097625280e-07 1.523296123195905238e-05 4.625496876542456448e-05 8.907680637548764935e-08
6.260452270507812500e-01 3.793313396727171494e-08 1.522610375559452223e-07 1.301509837503544986e-05 3.707454743562266231e-05 4.931679598030314082e-08
6.880948543548583984e-01 2.852497438254886220e-08 1.181301669817003130e-07 1.148033697973005474e-05 3.298377123428508639e-05 3.559238237471618049e-08
7.633070349693298340e-01 2.705652057954921474e-08 1.136455907158051559e-07 1.132125817093765363e-05 3.424453825573436916e-05 2.964478440503626189e-08
8.213410973548889160e-01 2.844978475025072839e-08 1.230416302178127808e-07 1.027881808113306761e-05 3.444159665377810597e-05 2.732823212170387706e-08
8.412624597549438477e-01 2.752469541178470536e-08 1.141302234941576899e-07 8.581996553402859718e-06 3.230947913834825158e-05 2.339731786094034760e-08
8.613900542259216309e-01 2.742152638290917821e-08 1.147953625491027196e-07 7.432251550198998302e-06 3.243919127271510661e-05 2.180649971705861390e-08
8.717341423034667969e-01 2.393803910649694444e-08 1.021266200496029342e-07 5.636886726279044524e-06 2.704361759242601693e-05 1.976456687202698959e-08
8.894687294960021973e-01 1.717192077421714203e-08 7.742283969491836615e-08 4.166146936768200248e-06 2.086300264636520296e-05 1.532657201153142523e-08
8.980587720870971680e-01 1.371807023531346204e-08 6.301567623268056195e-08 3.162619805152644403e-06 1.628271456866059452e-05 1.320751952249565875e-08
9.029819965362548828e-01 1.464610921431130919e-08 6.843553990165673895e-08 3.475704033917281777e-06 1.792100920283701271e-05 1.416042216817459121e-08
9.045568704605102539e-01 1.241100644477910464e-08 6.122500906258210307e-08 3.242605998821090907e-06 1.707009323581587523e-05 1.218714729134262598e-08
9.184979796409606934e-01 1.040683095254735235e-08 5.418028692361076537e-08 3.199870207026833668e-06 1.642267125134821981e-05 1.069462651770436423e-08
9.224490523338317871e-01 9.518157817467454151e-09 5.217701826154552691e-08 3.197850674041546881e-06 1.632890416658483446e-05 1.059112886281354804e-08
9.266319274902343750e-01 7.501745002969073539e-09 4.245555729198713379e-08 2.715567688937881030e-06 1.375267675030045211e-05 8.676057206002951716e-09
9.273753166198730469e-01 6.293200183193903285e-09 3.721608266005205223e-08 2.471689185767900199e-06 1.312393305852310732e-05 8.115582872392224090e-09
9.367958903312683105e-01 4.900102101856873560e-09 2.847817803797170200e-08 2.029208644671598449e-06 1.151640753960236907e-05 6.797308049755201864e-09
9.369126558303833008e-01 4.225694461013063119e-09 2.464244097666323796e-08 1.912300604089978151e-06 1.115866416512290016e-05 6.251690720660008083e-09
9.360167384147644043e-01 4.142542753271527545e-09 2.522015130068666622e-08 1.920203885674709454e-06 1.143775898526655510e-05 6.182114820063588922e-09
9.421561360359191895e-01 3.208821208744438991e-09 2.089913309077928716e-08 1.677648697295808233e-06 9.870767826214432716e-06 4.953726762124688321e-09
9.414701461791992188e-01 2.748595573365264499e-09 1.896417067825950653e-08 1.554747541376855224e-06 9.249007234757300466e-06 4.368573502944173015e-09
9.402215480804443359e-01 2.736789905810610435e-09 1.933098481288197945e-08 1.641486846892803442e-06 9.353620043839327991e-06 4.236689221670530969e-09
9.430351853370666504e-01 2.221112849198902950e-09 1.650000136521612148e-08 1.536198510621034075e-06 8.147519110934808850e-06 3.596904329938865885e-09
9.439934492111206055e-01 1.948203598445275020e-09 1.554892214983283338e-08 1.505786144662124570e-06 7.948920938360970467e-06 3.325935971076887654e-09
9.427997469902038574e-01 1.839282615101467400e-09 1.541746463828985725e-08 1.571348320794641040e-06 7.728305718046613038e-06 3.183066921152999385e-09
9.471390843391418457e-01 1.673228555709727061e-09 1.438962549116240552e-08 1.534699435978836846e-06 7.179583462857408449e-06 2.932817988465785675e-09
9.481717348098754883e-01 1.525542803193502550e-09 1.357185652750558802e-08 1.513390316176810302e-06 6.889637006679549813e-06 2.730624393265657091e-09
9.472390413284301758e-01 1.515120917616741281e-09 1.324980480887916201e-08 1.560544774292793591e-06 7.054049547150498256e-06 2.948175925610030390e-09
9.446630477905273438e-01 1.471121890972426627e-09 1.344538080871870989e-08 1.701455744296254124e-06 7.450380508089438081e-06 2.982929681039081515e-09
9.490645527839660645e-01 1.409383276751441372e-09 1.289244888624807572e-08 1.783983407221967354e-06 7.447143161698477343e-06 2.835597756600805042e-09
9.473885893821716309e-01 1.458392073772074582e-09 1.309928077120048329e-08 1.985859626074670814e-06 8.024122507777065039e-06 3.023510330990575312e-09
9.451159238815307617e-01 1.426584628205773697e-09 1.379956593439146673e-08 2.291117425556876697e-06 8.659031664137728512e-06 3.099741130441202586e-09
9.404917359352111816e-01 1.587442621797663378e-09 1.498093027407776390e-08 2.499043375792098232e-06 9.098876944335643202e-06 3.569566864314310806e-09
9.416447877883911133e-01 1.672360028237562801e-09 1.510512070979075361e-08 2.630664312164299190e-06 9.448421224078629166e-06 3.749005106357117256e-09
9.398322701454162598e-01 1.660633741629169435e-09 1.564601959103129047e-08 2.664830162757425569e-06 9.618953299650456756e-06 3.949547355830418383e-09
9.367542266845703125e-01 1.669453242314489216e-09 1.548525752070872841e-08 2.824277771651395597e-06 9.818020771490409970e-06 4.095983108243217430e-09
9.376155138015747070e-01 1.659306914092439911e-09 1.539431160324511438e-08 2.918857489930815063e-06 9.893332389765419066e-06 4.134142361778003760e-09
9.382810592651367188e-01 1.603192800736508161e-09 1.533891946792209637e-08 2.932478764705592766e-06 9.962021067622117698e-06 3.995089148389752154e-09
9.347780942916870117e-01 1.737145205460421948e-09 1.619439160549518419e-08 3.287821073172381148e-06 1.094828894565580413e-05 4.331750957931035373e-09
9.328068494796752930e-01 1.912366487388794667e-09 1.766014712245578266e-08 3.604749281294061802e-06 1.199004054797114804e-05 4.824369792544302982e-09
9.269465804100036621e-01 2.217985350938533884e-09 2.001583609967383381e-08 4.052857548231258988e-06 1.303138105868129060e-05 5.632926125542780937e-09
9.319033622741699219e-01 2.060677850579395454e-09 1.835457652532568318e-08 3.826440206466941163e-06 1.252520632988307625e-05 5.281642678767184407e-09
9.330552220344543457e-01 2.134569410117137522e-09 1.818534656194970012e-08 4.037320650240872055e-06 1.282175890082726255e-05 5.611262121618665333e-09
9.263417124748229980e-01 2.360726059080775485e-09 2.100867924070826120e-08 4.441057171788997948e-06 1.417391831637360156e-05 6.231416271873513324e-09
9.257344007492065430e-01 2.437058332915853498e-09 2.137545251912342792e-08 4.688237368100089952e-06 1.510882430011406541e-05 6.481639669431160655e-09
9.247928261756896973e-01 2.481735705828214122e-09 2.101559815059772518e-08 4.759668627229984850e-06 1.550806155137252063e-05 6.830890963982483299e-09
9.218402504920959473e-01 2.628060880027760504e-09 2.330462045563308493e-08 5.196105121285654604e-06 1.662742397456895560e-05 7.166081505971533261e-09
9.241499304771423340e-01 2.438322210807086776e-09 2.205414517675308161e-08 4.914569672109792009e-06 1.581572178110945970e-05 6.628464443991788357e-09
9.211856126785278320e-01 2.412833488563137507e-09 2.238686569455694553e-08 5.086034889245638624e-06 1.585989048180636019e-05 6.907550087476010958e-09
9.209824800491333008e-01 2.655425435094116438e-09 2.407127652759299963e-08 5.505043645825935528e-06 1.706182410998735577e-05 7.463180295985694102e-09
9.205885529518127441e-01 2.500570639440979903e-09 2.308385127491874300e-08 5.274063823890173808e-06 1.681686808296944946e-05 6.965712007200863809e-09
9.189237952232360840e-01 2.672873700149125398e-09 2.377653629537235247e-08 5.556239102588733658e-06 1.785111999197397381e-05 7.535295054594826070e-09
9.200794100761413574e-01 2.573346868928183540e-09 2.338872029383765039e-08 5.590233286056900397e-06 1.831397821661084890e-05 7.169138616092141092e-09
9.179695844650268555e-01 2.656028286196487898e-09 2.404539678479977738e-08 5.785992016171803698e-06 1.892224645416717976e-05 7.389609368857463778e-09
9.143295884132385254e-01 2.729733994399907715e-09 2.506307872351953847e-08 5.912535470997681841e-06 1.959919791261199862e-05 7.864922046962874447e-09
9.163880348205566406e-01 2.505561091936669982e-09 2.259859854802925838e-08 5.455367499962449074e-06 1.757524296408519149e-05 7.414201697031330696e-09
9.137347936630249023e-01 2.409417554360970826e-09 2.198232174066561129e-08 5.402596798376180232e-06 1.817777229007333517e-05 7.064498319664380688e-09
9.066030979156494141e-01 2.588410152881692738e-09 2.397037413004454720e-08 5.923701792198698968e-06 1.980832712433766574e-05 7.787282818583207700e-09
9.066925644874572754e-01 2.513877994658741954e-09 2.324883041637804126e-08 5.673500709235668182e-06 1.869039624580182135e-05 7.628957021665883076e-09
9.033943414688110352e-01 2.800490506160713267e-09 2.580421565312462917e-08 6.320095508272061124e-06 2.105256498907692730e-05 8.436312981530136312e-09
8.972834944725036621e-01 2.977626145650447143e-09 2.779247232354009611e-08 6.581367870239773765e-06 2.135316026397049427e-05 9.045863613721394358e-09
8.940105438232421875e-01 3.142668125732939188e-09 2.898986650734514114e-08 6.994882369326660410e-06 2.273381505801808089e-05 9.596307748438448471e-09
8.972604274749755859e-01 2.794130926631055445e-09 2.572195789696252177e-08 6.542256414832081646e-06 2.081061029457487166e-05 8.666638962040451588e-09
8.892196416854858398e-01 3.058843844883085694e-09 2.799276899168035015e-08 6.891289558552671224e-06 2.237130138382781297e-05 9.566334391308828344e-09
8.912569284439086914e-01 2.903316254077026315e-09 2.743484195377732249e-08 6.653262516920221969e-06 2.178051363443955779e-05 9.044272886171711434e-09
8.867044448852539062e-01 2.903405293963601252e-09 2.707641044707997935e-08 6.781266620237147436e-06 2.372087328694760799e-05 8.979164967115593754e-09
8.851378560066223145e-01 3.146702676204427007e-09 2.918391395212438510e-08 6.997312993917148560e-06 2.415186281723435968e-05 9.680369394970966823e-09
8.837722539901733398e-01 2.896896722504038735e-09 2.681626298794981267e-08 6.547334123752079904e-06 2.296723323524929583e-05 9.319194305135169998e-09
8.749004602432250977e-01 3.055098396487210266e-09 2.764325657267363567e-08 6.785396180930547416e-06 2.429246342217084020e-05 9.954770341380481113e-09
8.748636245727539062e-01 3.014924088162729277e-09 2.745539973147970159e-08 7.041900516924215481e-06 2.526392017898615450e-05 9.760141139736333571e-09
8.730527758598327637e-01 3.006629833990359657e-09 2.697935386208882846e-08 7.150007604650454596e-06 2.550239332776982337e-05 9.859055793981497118e-09
8.733393549919128418e-01 3.073314047696840134e-09 2.821701627908623777e-08 7.056882168399170041e-06 2.472948835929855704e-05 1.001110661036364036e-08
8.727841973304748535e-01 2.992399883439134101e-09 2.820838673756043136e-08 6.950439455977175385e-06 2.448443046887405217e-05 9.959524760461135884e-09
8.684377074241638184e-01 3.100256051880023733e-09 2.884355865262477892e-08 6.994605428189970553e-06 2.485563527443446219e-05 1.024904339175236601e-08
8.715425133705139160e-01 2.867613035917315756e-09 2.695683853914943029e-08 6.797246896894648671e-06 2.434628913761116564e-05 9.523832389390918252e-09
8.684636950492858887e-01 2.945249599761723402e-09 2.807645671509817475e-08 7.034692316665314138e-06 2.550474710005801171e-05 9.913965648422617960e-09
8.700461983680725098e-01 3.045841356907885711e-09 2.847486868517989933e-08 7.047799954307265580e-06 2.471038351359311491e-05 1.015451900343578018e-08
8.711596727371215820e-01 2.860820469408054123e-09 2.707972690529913962e-08 6.799725724704330787e-06 2.469766332069411874e-05 9.530586098094318004e-09
8.673666119575500488e-01 2.931061615640828677e-09 2.686572209142923384e-08 6.955644039408070967e-06 2.457950722600799054e-05 9.739681949838541186e-09
8.648514747619628906e-01 2.914790853125737158e-09 2.708157076369843708e-08 7.130473022698424757e-06 2.526716343709267676e-05 9.693692071266468702e-09
8.665918111801147461e-01 2.647091879026675088e-09 2.498023299324358959e-08 6.413959454221185297e-06 2.314076846232637763e-05 9.123819033618474350e-09
8.646906614303588867e-01 2.916951569176262637e-09 2.688110001258792181e-08 6.762536941096186638e-06 2.448410123179201037e-05 9.947288326372927258e-09
