1.070000000000000000e+02 9.710000000000000000e+02 3.090000000000000000e+02 1.110000000000000000e+02 8.850000000000000000e+02
6.290000000000000000e+02 6.770000000000000000e+02 6.800000000000000000e+02 7.830000000000000000e+02 7.190000000000000000e+02
6.040000000000000000e+02 7.490000000000000000e+02 5.120000000000000000e+02 6.000000000000000000e+02 8.920000000000000000e+02
6.000000000000000000e+02 4.880000000000000000e+02 5.120000000000000000e+02 8.920000000000000000e+02 6.160000000000000000e+02
6.000000000000000000e+02 5.060000000000000000e+02 5.120000000000000000e+02 4.880000000000000000e+02 6.160000000000000000e+02
6.000000000000000000e+02 5.060000000000000000e+02 5.120000000000000000e+02 4.880000000000000000e+02 6.160000000000000000e+02
6.000000000000000000e+02 5.060000000000000000e+02 4.880000000000000000e+02 5.120000000000000000e+02 4.700000000000000000e+02
6.000000000000000000e+02 5.060000000000000000e+02 4.700000000000000000e+02 4.880000000000000000e+02 5.120000000000000000e+02
6.000000000000000000e+02 5.060000000000000000e+02 4.700000000000000000e+02 4.880000000000000000e+02 5.120000000000000000e+02
6.000000000000000000e+02 5.060000000000000000e+02 4.880000000000000000e+02 4.700000000000000000e+02 5.120000000000000000e+02
6.000000000000000000e+02 5.060000000000000000e+02 4.880000000000000000e+02 6.300000000000000000e+01 4.700000000000000000e+02
6.000000000000000000e+02 4.880000000000000000e+02 5.060000000000000000e+02 6.300000000000000000e+01 7.390000000000000000e+02
6.000000000000000000e+02 4.880000000000000000e+02 6.300000000000000000e+01 5.060000000000000000e+02 7.390000000000000000e+02
6.000000000000000000e+02 4.880000000000000000e+02 6.300000000000000000e+01 5.060000000000000000e+02 7.390000000000000000e+02
6.000000000000000000e+02 4.880000000000000000e+02 6.300000000000000000e+01 7.390000000000000000e+02 6.660000000000000000e+02
6.000000000000000000e+02 4.880000000000000000e+02 6.300000000000000000e+01 7.390000000000000000e+02 6.660000000000000000e+02
6.000000000000000000e+02 4.880000000000000000e+02 6.300000000000000000e+01 7.390000000000000000e+02 6.660000000000000000e+02
6.000000000000000000e+02 4.880000000000000000e+02 6.300000000000000000e+01 7.390000000000000000e+02 6.660000000000000000e+02
6.000000000000000000e+02 4.880000000000000000e+02 6.300000000000000000e+01 6.660000000000000000e+02 7.390000000000000000e+02
6.000000000000000000e+02 4.880000000000000000e+02 6.300000000000000000e+01 6.660000000000000000e+02 5.060000000000000000e+02
6.000000000000000000e+02 4.880000000000000000e+02 6.300000000000000000e+01 5.060000000000000000e+02 6.660000000000000000e+02
6.000000000000000000e+02 4.880000000000000000e+02 6.300000000000000000e+01 5.060000000000000000e+02 6.660000000000000000e+02
6.000000000000000000e+02 4.880000000000000000e+02 6.300000000000000000e+01 5.060000000000000000e+02 6.660000000000000000e+02
6.000000000000000000e+02 4.880000000000000000e+02 6.300000000000000000e+01 5.120000000000000000e+02 5.060000000000000000e+02
6.000000000000000000e+02 4.880000000000000000e+02 6.300000000000000000e+01 5.120000000000000000e+02 6.660000000000000000e+02
6.000000000000000000e+02 4.880000000000000000e+02 6.300000000000000000e+01 5.120000000000000000e+02 5.060000000000000000e+02
6.000000000000000000e+02 4.880000000000000000e+02 6.300000000000000000e+01 5.120000000000000000e+02 5.060000000000000000e+02
6.000000000000000000e+02 4.880000000000000000e+02 6.300000000000000000e+01 5.060000000000000000e+02 5.120000000000000000e+02
6.000000000000000000e+02 4.880000000000000000e+02 6.300000000000000000e+01 5.060000000000000000e+02 5.120000000000000000e+02
6.000000000000000000e+02 4.880000000000000000e+02 6.300000000000000000e+01 5.060000000000000000e+02 5.120000000000000000e+02
6.000000000000000000e+02 4.880000000000000000e+02 6.300000000000000000e+01 5.060000000000000000e+02 5.120000000000000000e+02
6.000000000000000000e+02 4.880000000000000000e+02 6.300000000000000000e+01 5.060000000000000000e+02 6.950000000000000000e+02
6.000000000000000000e+02 4.880000000000000000e+02 6.300000000000000000e+01 5.060000000000000000e+02 6.950000000000000000e+02
6.000000000000000000e+02 4.880000000000000000e+02 6.300000000000000000e+01 6.950000000000000000e+02 5.060000000000000000e+02
6.000000000000000000e+02 4.880000000000000000e+02 6.300000000000000000e+01 6.950000000000000000e+02 5.060000000000000000e+02
6.000000000000000000e+02 4.880000000000000000e+02 6.300000000000000000e+01 6.950000000000000000e+02 5.060000000000000000e+02
6.000000000000000000e+02 4.880000000000000000e+02 6.300000000000000000e+01 6.950000000000000000e+02 5.060000000000000000e+02
6.000000000000000000e+02 4.880000000000000000e+02 6.300000000000000000e+01 6.950000000000000000e+02 5.060000000000000000e+02
6.000000000000000000e+02 4.880000000000000000e+02 6.300000000000000000e+01 6.950000000000000000e+02 5.060000000000000000e+02
6.000000000000000000e+02 4.880000000000000000e+02 6.300000000000000000e+01 6.950000000000000000e+02 5.060000000000000000e+02
6.000000000000000000e+02 4.880000000000000000e+02 6.300000000000000000e+01 6.950000000000000000e+02 5.060000000000000000e+02
6.000000000000000000e+02 6.300000000000000000e+01 4.880000000000000000e+02 6.950000000000000000e+02 5.060000000000000000e+02
6.000000000000000000e+02 6.300000000000000000e+01 4.880000000000000000e+02 6.950000000000000000e+02 5.060000000000000000e+02
6.000000000000000000e+02 4.880000000000000000e+02 6.300000000000000000e+01 6.950000000000000000e+02 5.060000000000000000e+02
6.000000000000000000e+02 4.880000000000000000e+02 6.300000000000000000e+01 6.950000000000000000e+02 6.660000000000000000e+02
6.000000000000000000e+02 4.880000000000000000e+02 6.300000000000000000e+01 6.950000000000000000e+02 5.060000000000000000e+02
6.000000000000000000e+02 4.880000000000000000e+02 6.300000000000000000e+01 6.950000000000000000e+02 5.060000000000000000e+02
6.000000000000000000e+02 4.880000000000000000e+02 6.300000000000000000e+01 6.950000000000000000e+02 5.060000000000000000e+02
6.000000000000000000e+02 4.880000000000000000e+02 6.300000000000000000e+01 6.950000000000000000e+02 6.660000000000000000e+02
6.000000000000000000e+02 4.880000000000000000e+02 6.300000000000000000e+01 6.950000000000000000e+02 6.660000000000000000e+02
6.000000000000000000e+02 4.880000000000000000e+02 6.300000000000000000e+01 6.950000000000000000e+02 6.660000000000000000e+02
6.000000000000000000e+02 4.880000000000000000e+02 6.300000000000000000e+01 6.950000000000000000e+02 6.660000000000000000e+02
6.000000000000000000e+02 4.880000000000000000e+02 6.300000000000000000e+01 6.950000000000000000e+02 6.660000000000000000e+02
6.000000000000000000e+02 4.880000000000000000e+02 6.300000000000000000e+01 6.950000000000000000e+02 6.660000000000000000e+02
6.000000000000000000e+02 4.880000000000000000e+02 6.300000000000000000e+01 6.950000000000000000e+02 6.660000000000000000e+02
6.000000000000000000e+02 4.880000000000000000e+02 6.300000000000000000e+01 6.950000000000000000e+02 6.660000000000000000e+02
6.000000000000000000e+02 6.300000000000000000e+01 4.880000000000000000e+02 6.950000000000000000e+02 6.660000000000000000e+02
6.000000000000000000e+02 6.300000000000000000e+01 4.880000000000000000e+02 6.950000000000000000e+02 6.660000000000000000e+02
6.000000000000000000e+02 6.300000000000000000e+01 4.880000000000000000e+02 6.950000000000000000e+02 6.660000000000000000e+02
6.000000000000000000e+02 6.300000000000000000e+01 4.880000000000000000e+02 6.950000000000000000e+02 6.660000000000000000e+02
6.000000000000000000e+02 6.300000000000000000e+01 4.880000000000000000e+02 6.950000000000000000e+02 6.660000000000000000e+02
6.000000000000000000e+02 6.300000000000000000e+01 4.880000000000000000e+02 6.950000000000000000e+02 6.660000000000000000e+02
6.000000000000000000e+02 6.300000000000000000e+01 4.880000000000000000e+02 6.950000000000000000e+02 6.660000000000000000e+02
6.000000000000000000e+02 6.300000000000000000e+01 4.880000000000000000e+02 6.950000000000000000e+02 6.660000000000000000e+02
6.000000000000000000e+02 6.300000000000000000e+01 4.880000000000000000e+02 6.950000000000000000e+02 6.660000000000000000e+02
6.000000000000000000e+02 6.300000000000000000e+01 4.880000000000000000e+02 6.950000000000000000e+02 6.660000000000000000e+02
6.000000000000000000e+02 6.300000000000000000e+01 4.880000000000000000e+02 6.950000000000000000e+02 6.660000000000000000e+02
6.000000000000000000e+02 6.300000000000000000e+01 4.880000000000000000e+02 6.950000000000000000e+02 6.660000000000000000e+02
6.000000000000000000e+02 6.300000000000000000e+01 4.880000000000000000e+02 6.950000000000000000e+02 6.200000000000000000e+01
6.000000000000000000e+02 6.300000000000000000e+01 4.880000000000000000e+02 6.950000000000000000e+02 6.200000000000000000e+01
6.000000000000000000e+02 6.300000000000000000e+01 4.880000000000000000e+02 6.950000000000000000e+02 6.200000000000000000e+01
6.000000000000000000e+02 6.300000000000000000e+01 4.880000000000000000e+02 6.950000000000000000e+02 6.200000000000000000e+01
6.000000000000000000e+02 6.300000000000000000e+01 4.880000000000000000e+02 6.950000000000000000e+02 6.200000000000000000e+01
6.000000000000000000e+02 6.300000000000000000e+01 4.880000000000000000e+02 6.950000000000000000e+02 6.200000000000000000e+01
6.000000000000000000e+02 6.300000000000000000e+01 4.880000000000000000e+02 6.950000000000000000e+02 6.200000000000000000e+01
6.000000000000000000e+02 6.300000000000000000e+01 4.880000000000000000e+02 6.950000000000000000e+02 6.200000000000000000e+01
6.000000000000000000e+02 6.300000000000000000e+01 4.880000000000000000e+02 6.950000000000000000e+02 6.200000000000000000e+01
6.300000000000000000e+01 6.000000000000000000e+02 4.880000000000000000e+02 6.200000000000000000e+01 6.950000000000000000e+02
6.300000000000000000e+01 6.000000000000000000e+02 4.880000000000000000e+02 6.200000000000000000e+01 6.950000000000000000e+02
6.300000000000000000e+01 6.000000000000000000e+02 4.880000000000000000e+02 6.200000000000000000e+01 6.950000000000000000e+02
6.300000000000000000e+01 6.000000000000000000e+02 4.880000000000000000e+02 6.200000000000000000e+01 6.950000000000000000e+02
6.300000000000000000e+01 6.000000000000000000e+02 4.880000000000000000e+02 6.200000000000000000e+01 6.950000000000000000e+02
6.300000000000000000e+01 6.000000000000000000e+02 4.880000000000000000e+02 6.200000000000000000e+01 6.950000000000000000e+02
6.300000000000000000e+01 6.000000000000000000e+02 4.880000000000000000e+02 6.200000000000000000e+01 6.950000000000000000e+02
6.300000000000000000e+01 6.000000000000000000e+02 4.880000000000000000e+02 6.200000000000000000e+01 6.950000000000000000e+02
6.000000000000000000e+02 6.300000000000000000e+01 4.880000000000000000e+02 6.200000000000000000e+01 6.950000000000000000e+02
6.300000000000000000e+01 6.000000000000000000e+02 4.880000000000000000e+02 6.200000000000000000e+01 6.950000000000000000e+02
6.300000000000000000e+01 6.000000000000000000e+02 4.880000000000000000e+02 6.200000000000000000e+01 6.950000000000000000e+02
6.300000000000000000e+01 6.000000000000000000e+02 4.880000000000000000e+02 6.200000000000000000e+01 6.950000000000000000e+02
6.300000000000000000e+01 6.000000000000000000e+02 4.880000000000000000e+02 6.200000000000000000e+01 6.950000000000000000e+02
6.300000000000000000e+01 6.000000000000000000e+02 4.880000000000000000e+02 6.200000000000000000e+01 6.950000000000000000e+02
6.300000000000000000e+01 6.000000000000000000e+02 4.880000000000000000e+02 6.200000000000000000e+01 6.950000000000000000e+02
6.300000000000000000e+01 6.000000000000000000e+02 4.880000000000000000e+02 6.200000000000000000e+01 6.950000000000000000e+02
6.300000000000000000e+01 6.000000000000000000e+02 4.880000000000000000e+02 6.200000000000000000e+01 6.950000000000000000e+02
6.300000000000000000e+01 6.000000000000000000e+02 4.880000000000000000e+02 6.200000000000000000e+01 6.950000000000000000e+02
6.300000000000000000e+01 6.000000000000000000e+02 4.880000000000000000e+02 6.200000000000000000e+01 6.950000000000000000e+02
6.300000000000000000e+01 6.000000000000000000e+02 4.880000000000000000e+02 6.200000000000000000e+01 6.950000000000000000e+02
6.300000000000000000e+01 6.000000000000000000e+02 4.880000000000000000e+02 6.200000000000000000e+01 6.950000000000000000e+02
6.300000000000000000e+01 6.000000000000000000e+02 4.880000000000000000e+02 6.200000000000000000e+01 6.950000000000000000e+02
6.300000000000000000e+01 6.000000000000000000e+02 4.880000000000000000e+02 6.200000000000000000e+01 6.950000000000000000e+02
6.300000000000000000e+01 6.000000000000000000e+02 4.880000000000000000e+02 6.200000000000000000e+01 6.950000000000000000e+02
