6.700000000000000000e+01 5.800000000000000000e+01 6.000000000000000000e+01 6.400000000000000000e+01 6.300000000000000000e+01
1.350000000000000000e+02 1.330000000000000000e+02 9.500000000000000000e+01 9.100000000000000000e+01 5.900000000000000000e+01
9.860000000000000000e+02 3.260000000000000000e+02 5.900000000000000000e+01 3.190000000000000000e+02 3.100000000000000000e+02
9.860000000000000000e+02 3.260000000000000000e+02 5.900000000000000000e+01 3.100000000000000000e+02 4.000000000000000000e+01
3.260000000000000000e+02 5.900000000000000000e+01 9.860000000000000000e+02 1.350000000000000000e+02 3.100000000000000000e+02
3.260000000000000000e+02 1.350000000000000000e+02 9.860000000000000000e+02 5.900000000000000000e+01 1.600000000000000000e+01
3.260000000000000000e+02 1.600000000000000000e+01 1.350000000000000000e+02 9.860000000000000000e+02 5.900000000000000000e+01
3.260000000000000000e+02 9.860000000000000000e+02 3.090000000000000000e+02 3.220000000000000000e+02 9.850000000000000000e+02
3.260000000000000000e+02 3.220000000000000000e+02 9.850000000000000000e+02 3.090000000000000000e+02 3.250000000000000000e+02
3.260000000000000000e+02 3.220000000000000000e+02 3.090000000000000000e+02 9.850000000000000000e+02 3.250000000000000000e+02
3.220000000000000000e+02 3.260000000000000000e+02 3.090000000000000000e+02 9.850000000000000000e+02 3.250000000000000000e+02
3.220000000000000000e+02 3.260000000000000000e+02 9.850000000000000000e+02 3.090000000000000000e+02 3.250000000000000000e+02
3.220000000000000000e+02 3.260000000000000000e+02 9.850000000000000000e+02 3.090000000000000000e+02 3.250000000000000000e+02
3.220000000000000000e+02 3.260000000000000000e+02 9.850000000000000000e+02 3.090000000000000000e+02 3.250000000000000000e+02
3.220000000000000000e+02 3.260000000000000000e+02 3.250000000000000000e+02 9.850000000000000000e+02 3.090000000000000000e+02
3.220000000000000000e+02 3.260000000000000000e+02 3.090000000000000000e+02 3.250000000000000000e+02 9.850000000000000000e+02
3.220000000000000000e+02 3.260000000000000000e+02 3.250000000000000000e+02 3.090000000000000000e+02 9.850000000000000000e+02
3.220000000000000000e+02 3.260000000000000000e+02 3.250000000000000000e+02 3.090000000000000000e+02 9.850000000000000000e+02
3.220000000000000000e+02 3.090000000000000000e+02 3.260000000000000000e+02 3.250000000000000000e+02 3.100000000000000000e+02
3.220000000000000000e+02 3.090000000000000000e+02 3.260000000000000000e+02 3.100000000000000000e+02 3.250000000000000000e+02
3.220000000000000000e+02 3.090000000000000000e+02 9.440000000000000000e+02 3.100000000000000000e+02 3.260000000000000000e+02
3.220000000000000000e+02 9.440000000000000000e+02 3.090000000000000000e+02 3.100000000000000000e+02 3.260000000000000000e+02
3.220000000000000000e+02 9.440000000000000000e+02 3.100000000000000000e+02 3.090000000000000000e+02 3.260000000000000000e+02
3.220000000000000000e+02 9.440000000000000000e+02 3.100000000000000000e+02 3.260000000000000000e+02 3.090000000000000000e+02
9.440000000000000000e+02 3.220000000000000000e+02 9.460000000000000000e+02 3.260000000000000000e+02 3.100000000000000000e+02
9.440000000000000000e+02 3.220000000000000000e+02 9.460000000000000000e+02 3.250000000000000000e+02 3.260000000000000000e+02
3.220000000000000000e+02 9.440000000000000000e+02 3.250000000000000000e+02 3.260000000000000000e+02 9.460000000000000000e+02
3.220000000000000000e+02 9.440000000000000000e+02 3.260000000000000000e+02 3.250000000000000000e+02 3.090000000000000000e+02
3.220000000000000000e+02 9.440000000000000000e+02 3.090000000000000000e+02 3.260000000000000000e+02 3.210000000000000000e+02
3.220000000000000000e+02 9.440000000000000000e+02 3.090000000000000000e+02 3.260000000000000000e+02 3.210000000000000000e+02
3.220000000000000000e+02 9.440000000000000000e+02 3.090000000000000000e+02 3.260000000000000000e+02 3.210000000000000000e+02
3.220000000000000000e+02 9.440000000000000000e+02 3.090000000000000000e+02 3.260000000000000000e+02 3.210000000000000000e+02
3.220000000000000000e+02 3.090000000000000000e+02 9.440000000000000000e+02 3.260000000000000000e+02 3.210000000000000000e+02
3.220000000000000000e+02 9.440000000000000000e+02 3.090000000000000000e+02 3.260000000000000000e+02 3.210000000000000000e+02
3.220000000000000000e+02 3.090000000000000000e+02 9.440000000000000000e+02 3.100000000000000000e+02 3.260000000000000000e+02
3.220000000000000000e+02 3.090000000000000000e+02 9.440000000000000000e+02 3.100000000000000000e+02 3.260000000000000000e+02
3.220000000000000000e+02 3.090000000000000000e+02 3.100000000000000000e+02 9.440000000000000000e+02 3.260000000000000000e+02
3.220000000000000000e+02 3.100000000000000000e+02 3.090000000000000000e+02 9.440000000000000000e+02 3.260000000000000000e+02
3.100000000000000000e+02 3.220000000000000000e+02 3.090000000000000000e+02 9.440000000000000000e+02 3.260000000000000000e+02
3.220000000000000000e+02 3.100000000000000000e+02 3.090000000000000000e+02 9.440000000000000000e+02 3.160000000000000000e+02
3.100000000000000000e+02 3.220000000000000000e+02 3.090000000000000000e+02 9.440000000000000000e+02 3.160000000000000000e+02
3.220000000000000000e+02 3.100000000000000000e+02 3.090000000000000000e+02 9.440000000000000000e+02 3.160000000000000000e+02
3.220000000000000000e+02 3.100000000000000000e+02 3.090000000000000000e+02 3.210000000000000000e+02 3.160000000000000000e+02
3.100000000000000000e+02 3.220000000000000000e+02 3.090000000000000000e+02 3.160000000000000000e+02 3.210000000000000000e+02
3.100000000000000000e+02 3.220000000000000000e+02 3.090000000000000000e+02 3.160000000000000000e+02 3.210000000000000000e+02
3.100000000000000000e+02 3.220000000000000000e+02 3.090000000000000000e+02 3.160000000000000000e+02 3.210000000000000000e+02
3.100000000000000000e+02 3.220000000000000000e+02 3.090000000000000000e+02 3.160000000000000000e+02 3.210000000000000000e+02
3.100000000000000000e+02 3.220000000000000000e+02 3.090000000000000000e+02 3.160000000000000000e+02 3.030000000000000000e+02
3.100000000000000000e+02 3.220000000000000000e+02 3.090000000000000000e+02 3.030000000000000000e+02 3.160000000000000000e+02
3.100000000000000000e+02 3.220000000000000000e+02 3.030000000000000000e+02 3.090000000000000000e+02 3.160000000000000000e+02
3.100000000000000000e+02 3.030000000000000000e+02 3.220000000000000000e+02 3.160000000000000000e+02 3.090000000000000000e+02
3.100000000000000000e+02 3.030000000000000000e+02 3.160000000000000000e+02 3.220000000000000000e+02 3.090000000000000000e+02
3.100000000000000000e+02 3.030000000000000000e+02 3.160000000000000000e+02 3.070000000000000000e+02 3.110000000000000000e+02
3.100000000000000000e+02 3.030000000000000000e+02 3.160000000000000000e+02 3.070000000000000000e+02 7.700000000000000000e+01
3.100000000000000000e+02 3.030000000000000000e+02 3.070000000000000000e+02 7.700000000000000000e+01 3.160000000000000000e+02
3.100000000000000000e+02 3.030000000000000000e+02 3.070000000000000000e+02 7.700000000000000000e+01 3.160000000000000000e+02
3.100000000000000000e+02 3.030000000000000000e+02 3.070000000000000000e+02 7.700000000000000000e+01 3.160000000000000000e+02
3.100000000000000000e+02 3.030000000000000000e+02 3.070000000000000000e+02 7.700000000000000000e+01 3.160000000000000000e+02
3.100000000000000000e+02 3.030000000000000000e+02 3.070000000000000000e+02 7.700000000000000000e+01 3.160000000000000000e+02
3.100000000000000000e+02 3.030000000000000000e+02 3.070000000000000000e+02 7.700000000000000000e+01 3.180000000000000000e+02
3.100000000000000000e+02 3.030000000000000000e+02 3.070000000000000000e+02 7.700000000000000000e+01 3.180000000000000000e+02
3.100000000000000000e+02 3.030000000000000000e+02 3.070000000000000000e+02 7.700000000000000000e+01 3.160000000000000000e+02
3.100000000000000000e+02 3.030000000000000000e+02 3.070000000000000000e+02 7.700000000000000000e+01 3.160000000000000000e+02
3.100000000000000000e+02 3.030000000000000000e+02 3.070000000000000000e+02 7.700000000000000000e+01 3.180000000000000000e+02
3.030000000000000000e+02 3.100000000000000000e+02 3.070000000000000000e+02 7.700000000000000000e+01 3.120000000000000000e+02
3.030000000000000000e+02 3.100000000000000000e+02 3.070000000000000000e+02 7.700000000000000000e+01 3.120000000000000000e+02
3.030000000000000000e+02 3.100000000000000000e+02 3.070000000000000000e+02 7.700000000000000000e+01 3.120000000000000000e+02
3.030000000000000000e+02 3.100000000000000000e+02 3.070000000000000000e+02 7.700000000000000000e+01 3.120000000000000000e+02
3.030000000000000000e+02 3.100000000000000000e+02 3.070000000000000000e+02 7.700000000000000000e+01 3.120000000000000000e+02
3.030000000000000000e+02 3.100000000000000000e+02 3.070000000000000000e+02 7.700000000000000000e+01 3.120000000000000000e+02
3.030000000000000000e+02 3.070000000000000000e+02 3.100000000000000000e+02 7.700000000000000000e+01 3.120000000000000000e+02
3.030000000000000000e+02 3.070000000000000000e+02 3.100000000000000000e+02 7.700000000000000000e+01 3.120000000000000000e+02
3.030000000000000000e+02 3.070000000000000000e+02 3.100000000000000000e+02 7.700000000000000000e+01 3.120000000000000000e+02
3.030000000000000000e+02 3.070000000000000000e+02 3.100000000000000000e+02 7.700000000000000000e+01 3.120000000000000000e+02
3.030000000000000000e+02 3.070000000000000000e+02 3.100000000000000000e+02 7.700000000000000000e+01 3.120000000000000000e+02
3.030000000000000000e+02 3.070000000000000000e+02 3.100000000000000000e+02 7.700000000000000000e+01 3.120000000000000000e+02
3.070000000000000000e+02 3.030000000000000000e+02 7.700000000000000000e+01 3.100000000000000000e+02 3.120000000000000000e+02
3.030000000000000000e+02 3.070000000000000000e+02 7.700000000000000000e+01 3.100000000000000000e+02 7.300000000000000000e+01
3.070000000000000000e+02 3.030000000000000000e+02 7.700000000000000000e+01 3.100000000000000000e+02 7.300000000000000000e+01
3.070000000000000000e+02 3.030000000000000000e+02 7.700000000000000000e+01 3.100000000000000000e+02 7.300000000000000000e+01
3.070000000000000000e+02 3.030000000000000000e+02 7.700000000000000000e+01 3.100000000000000000e+02 7.300000000000000000e+01
3.070000000000000000e+02 7.700000000000000000e+01 3.030000000000000000e+02 3.100000000000000000e+02 7.300000000000000000e+01
3.070000000000000000e+02 7.700000000000000000e+01 3.030000000000000000e+02 3.100000000000000000e+02 7.300000000000000000e+01
3.070000000000000000e+02 7.700000000000000000e+01 3.030000000000000000e+02 3.100000000000000000e+02 7.300000000000000000e+01
3.070000000000000000e+02 7.700000000000000000e+01 3.030000000000000000e+02 3.100000000000000000e+02 7.300000000000000000e+01
3.070000000000000000e+02 7.700000000000000000e+01 3.030000000000000000e+02 3.100000000000000000e+02 7.300000000000000000e+01
3.070000000000000000e+02 7.700000000000000000e+01 3.030000000000000000e+02 3.100000000000000000e+02 7.300000000000000000e+01
3.070000000000000000e+02 7.700000000000000000e+01 3.030000000000000000e+02 3.100000000000000000e+02 7.300000000000000000e+01
3.070000000000000000e+02 7.700000000000000000e+01 3.030000000000000000e+02 3.100000000000000000e+02 7.300000000000000000e+01
7.700000000000000000e+01 3.070000000000000000e+02 3.030000000000000000e+02 3.100000000000000000e+02 7.300000000000000000e+01
7.700000000000000000e+01 3.070000000000000000e+02 3.030000000000000000e+02 3.100000000000000000e+02 7.300000000000000000e+01
7.700000000000000000e+01 3.070000000000000000e+02 3.030000000000000000e+02 3.100000000000000000e+02 7.300000000000000000e+01
7.700000000000000000e+01 3.070000000000000000e+02 3.030000000000000000e+02 3.100000000000000000e+02 7.300000000000000000e+01
7.700000000000000000e+01 3.070000000000000000e+02 3.030000000000000000e+02 3.100000000000000000e+02 7.300000000000000000e+01
7.700000000000000000e+01 3.070000000000000000e+02 3.030000000000000000e+02 3.100000000000000000e+02 7.300000000000000000e+01
7.700000000000000000e+01 3.070000000000000000e+02 3.030000000000000000e+02 3.100000000000000000e+02 7.300000000000000000e+01
7.700000000000000000e+01 3.070000000000000000e+02 3.030000000000000000e+02 3.100000000000000000e+02 7.300000000000000000e+01
7.700000000000000000e+01 3.070000000000000000e+02 3.030000000000000000e+02 3.100000000000000000e+02 7.300000000000000000e+01
7.700000000000000000e+01 3.070000000000000000e+02 3.030000000000000000e+02 3.100000000000000000e+02 7.300000000000000000e+01
7.700000000000000000e+01 3.070000000000000000e+02 3.030000000000000000e+02 3.100000000000000000e+02 7.300000000000000000e+01
7.700000000000000000e+01 3.070000000000000000e+02 3.030000000000000000e+02 3.100000000000000000e+02 7.300000000000000000e+01
