 Iterations  Total_Loss        PSNR
        100  0.01269923 18.96222687
        200  0.01051584 19.78155899
        300  0.00885394 20.52863312
        400  0.00716369 21.44863319
        500  0.00620385 22.07338905
        600  0.00557702 22.53597832
        700  0.00527485 22.77789688
        800  0.00511102 22.91492653
        900  0.00471844 23.26201439
       1000  0.00467424 23.30289268
       1100  0.00418381 23.78428268
       1200  0.00423244 23.73408699
       1300  0.00428201 23.68352127
       1400  0.00379509 24.20777321
       1500  0.00359858 24.43868256
       1600  0.00403600 23.94048309
       1700  0.00358384 24.45651436
       1800  0.00305836 25.14510918
       1900  0.00298443 25.25138283
       2000  0.00327488 24.84804535
       2100  0.00269699 25.69120979
       2200  0.00272495 25.64641953
       2300  0.00272862 25.64057159
       2400  0.00256402 25.91079330
       2500  0.00259743 25.85456657
       2600  0.00239665 26.20395851
       2700  0.00226050 26.45796013
       2800  0.00206690 26.84680176
       2900  0.00212696 26.72241402
       3000  0.00219202 26.59156227
       3100  0.00227168 26.43652344
       3200  0.00217322 26.62896729
       3300  0.00175559 27.55575752
       3400  0.00171136 27.66658020
       3500  0.00160284 27.95109177
       3600  0.00176484 27.53295708
       3700  0.00155889 28.07184410
       3800  0.00152742 28.16041565
       3900  0.00158789 27.99179649
       4000  0.00149494 28.25377274
       4100  0.00150589 28.22206879
       4200  0.00140091 28.53590202
       4300  0.00148795 28.27412033
       4400  0.00147510 28.31179428
       4500  0.00132460 28.77915764
       4600  0.00130592 28.84082603
       4700  0.00136236 28.65709114
       4800  0.00141307 28.49837112
       4900  0.00142059 28.47531128
       5000  0.00119914 29.21130753
       5100  0.00122621 29.11435318
       5200  0.00140861 28.51208878
       5300  0.00175813 27.54948425
       5400  0.00110110 29.58175087
       5500  0.00118564 29.26047897
       5600  0.00111229 29.53782463
       5700  0.00114483 29.41260147
       5800  0.00112524 29.48753738
       5900  0.00106580 29.72324181
       6000  0.00104095 29.82569885
       6100  0.00091433 30.38896370
       6200  0.00098217 30.07814789
       6300  0.00117030 29.31702042
       6400  0.00093345 30.29909897
       6500  0.00090706 30.42364120
       6600  0.00110649 29.56052208
       6700  0.00091799 30.37161255
       6800  0.00093004 30.31499863
       6900  0.00104011 29.82918930
       7000  0.00096230 30.16688538
       7100  0.00084242 30.74470520
       7200  0.00084840 30.71401405
       7300  0.00086864 30.61162376
       7400  0.00083275 30.79487038
       7500  0.00093656 30.28463936
       7600  0.00082793 30.82004166
       7700  0.00095475 30.20108986
       7800  0.00082921 30.81336784
       7900  0.00097698 30.10113907
       8000  0.00080115 30.96283722
       8100  0.00082618 30.82922745
       8200  0.00073067 31.36277390
       8300  0.00077865 31.08655167
       8400  0.00080110 30.96315002
       8500  0.00080943 30.91820526
       8600  0.00072866 31.37475395
       8700  0.00085724 30.66898155
       8800  0.00079005 31.02347946
       8900  0.00070327 31.52879715
       9000  0.00079969 30.97075653
       9100  0.00077495 31.10724831
       9200  0.00072187 31.41543770
       9300  0.00074752 31.26374435
       9400  0.00082453 30.83793640
       9500  0.00076297 31.17490387
       9600  0.00068433 31.64732933
       9700  0.00071525 31.45539665
       9800  0.00072645 31.38793755
       9900  0.00078490 31.05184364
      10000  0.00075730 31.20731163
