5.552129005081951618e-05 1.275681734114186838e-05 1.845132064772769809e-04 1.665755553403869271e-05 1.574863199493847787e-05 1.168899820186197758e-03
4.171624314039945602e-03 4.133023594476981089e-06 7.516419282183051109e-05 1.735104888211935759e-05 8.317062747664749622e-05 5.343595403246581554e-04
9.956591529771685600e-04 1.616083267208523466e-07 5.695716481568524614e-06 3.049726728932000697e-06 1.128018720919499174e-05 9.554157441016286612e-05
5.107736797071993351e-04 1.723440945511356404e-08 9.368712881041574292e-07 1.586342364134907257e-07 5.897423420719860587e-07 8.015207640710286796e-06
3.813362494111061096e-02 1.808970395700271183e-08 2.227309323643567041e-06 9.443918997931177728e-07 5.756151608693471644e-07 1.236708158103283495e-05
1.482056379318237305e-01 2.329505477405291458e-09 1.955366712991235545e-07 1.843539649826198001e-07 2.845447255594990565e-08 2.721348209888674319e-06
2.475867569446563721e-01 1.574692154449053305e-09 1.299160174994540284e-07 8.655840844085105346e-08 8.804279083562960295e-09 2.063471583824139088e-06
3.067854344844818115e-01 1.138772853792602291e-09 7.888291264634972322e-08 4.665085384658596013e-08 8.031213916126489494e-09 3.154631940560648218e-06
4.421995580196380615e-01 1.806528926451278494e-09 1.216238842971506529e-07 9.966054648202771205e-08 1.495587831357170217e-08 3.713378873726469465e-06
6.877610683441162109e-01 9.274957468718980635e-10 3.772734302742719592e-08 7.507588151156596723e-08 1.926722070777486806e-08 7.328204105760960374e-07
9.863394498825073242e-01 2.078813857164796275e-11 1.560609308448590582e-09 6.260818086190056420e-09 7.639285315441668445e-10 1.045955571044032695e-07
9.975411891937255859e-01 6.043208902045682507e-12 5.079258125206820296e-10 2.347657845902517693e-09 1.703150120935248424e-10 8.765506720465054968e-08
9.979329109191894531e-01 2.157922061526984514e-12 1.905775121047170728e-10 6.745253799955719387e-10 4.053746227583587824e-11 1.822320960798151646e-08
9.941188097000122070e-01 3.523407260397348750e-12 2.465288806430265822e-10 7.335551610587742744e-10 6.933958962562769557e-11 1.312421726851198400e-08
9.916403293609619141e-01 4.089424545522524213e-12 2.317114278227450086e-10 6.272171115817570808e-10 7.883448754908428668e-11 8.128555606390364119e-09
9.906064271926879883e-01 6.014810611382204186e-12 2.574447599545948151e-10 6.457573920037873449e-10 9.681710294584533472e-11 6.682454145590099870e-09
9.883092641830444336e-01 8.513765213657986664e-12 2.945032828716165341e-10 6.718399170324573788e-10 1.106685715290822714e-10 6.088121562441983770e-09
9.886261820793151855e-01 9.688021218590137096e-12 3.149331073704075834e-10 6.850176537120944431e-10 1.111311945245496702e-10 5.345753173457978846e-09
9.887694120407104492e-01 1.196043871581897733e-11 3.907872636599307725e-10 8.277891150321181613e-10 1.204223248896241216e-10 5.260415658625561264e-09
9.888561367988586426e-01 1.492827909899130390e-11 4.635599959446068397e-10 9.739109518847044455e-10 1.215498257600700072e-10 4.997608993306812408e-09
9.891946315765380859e-01 1.855302890485521772e-11 5.718412410260498291e-10 1.238521174506956868e-09 1.300535512616107781e-10 5.602219577127698358e-09
9.878461956977844238e-01 2.193564947738924076e-11 6.159076026968079987e-10 1.356365242344281796e-09 1.314673786501074915e-10 5.888669996068074397e-09
9.884741902351379395e-01 2.477135510603467594e-11 7.085419473362719600e-10 1.444364516878238192e-09 1.278776529112235494e-10 5.719113183033641690e-09
9.898227453231811523e-01 2.656472611328730693e-11 7.927287715148167990e-10 1.539768201830327143e-09 1.239058855517782831e-10 5.698716609714438164e-09
9.893094301223754883e-01 3.314361285422506853e-11 9.776168763409032181e-10 1.712798902708811966e-09 1.372120056464254390e-10 5.733627350679171286e-09
9.893200397491455078e-01 3.485676330905462805e-11 1.054552112300655153e-09 1.791832460185105447e-09 1.339414135159699981e-10 5.360035082446756860e-09
9.893416166305541992e-01 3.993425382042836702e-11 1.185921250090871126e-09 2.146361310906286235e-09 1.555427037169820892e-10 5.240080369617317047e-09
9.897410869598388672e-01 3.734282674749955788e-11 1.021645101850765514e-09 2.034106660886436657e-09 1.386597225927488353e-10 4.783299978328159341e-09
9.899297356605529785e-01 3.739799095403562035e-11 9.623275509795803373e-10 2.127598097700911239e-09 1.462132359630885503e-10 4.439584255777617727e-09
9.908556938171386719e-01 3.120051092486697542e-11 8.074791391088353976e-10 1.893217138615455042e-09 1.392218285101165520e-10 3.560584493911278514e-09
9.923227429389953613e-01 2.679317878673259656e-11 6.821917475363648009e-10 1.766456203533550706e-09 1.244602476635492394e-10 2.887228234271788097e-09
9.936115145683288574e-01 2.146788649626252266e-11 4.971805189768474520e-10 1.456311515823927039e-09 1.065093985230802787e-10 2.091101292123198618e-09
9.945564270019531250e-01 1.788555067938624177e-11 3.938233628097975725e-10 1.241508673643920702e-09 9.198237310714674209e-11 1.591855980365153300e-09
9.950260519981384277e-01 1.604050225978426170e-11 3.435857154343580078e-10 1.117755887847238228e-09 8.861249928271419662e-11 1.369934166106645534e-09
9.947750568389892578e-01 1.508443717157526009e-11 3.053489128213016102e-10 1.024741957955654925e-09 9.190174315998334009e-11 1.255523351950671440e-09
9.947240948677062988e-01 1.726328628659512532e-11 3.323185060466471441e-10 1.090233348044478134e-09 1.059687129711939235e-10 1.195294641043176398e-09
9.950799942016601562e-01 1.450132375291346420e-11 2.681316557673341094e-10 9.573344339486311583e-10 9.363281677776669198e-11 9.484523166847225184e-10
9.950018525123596191e-01 1.673611943475705743e-11 3.009565374689771033e-10 1.077269495830535107e-09 1.056767312546114113e-10 9.709197890117593488e-10
9.956466555595397949e-01 1.659633715178632229e-11 2.818253963532413309e-10 1.016500106310047613e-09 1.047417361177416240e-10 8.304474330422806361e-10
9.957638978958129883e-01 1.761065078487167312e-11 2.926910103173696598e-10 1.049475062409044313e-09 1.064491828017821717e-10 8.293327136144057476e-10
9.961503744125366211e-01 1.739885666096618877e-11 2.774926954884904262e-10 1.011852157617454395e-09 9.898629138582748510e-11 7.278234126495419787e-10
9.965113997459411621e-01 1.723368323047758111e-11 2.607324633974172912e-10 9.356851959907430683e-10 9.466565725757547511e-11 6.688635201257397966e-10
9.965245127677917480e-01 1.690502425544249121e-11 2.446090829888447615e-10 8.736011913867969270e-10 9.136905121387428608e-11 6.533555363397169913e-10
9.966619014739990234e-01 1.746346123265851702e-11 2.458224457324575951e-10 8.245387705940743217e-10 9.411334905840007536e-11 6.158219489904581678e-10
9.966290593147277832e-01 1.787230086147673092e-11 2.416694067086666564e-10 7.860060380338040886e-10 9.533079881052231030e-11 5.881974907140374853e-10
9.966835379600524902e-01 2.092597276015517593e-11 2.544719157615560334e-10 8.506790272200248637e-10 1.089743711935042825e-10 6.097715110620072210e-10
9.965761303901672363e-01 2.043231556170255203e-11 2.455356196140456859e-10 7.829598636099888154e-10 1.062202895085739840e-10 5.973920802482268755e-10
9.966216087341308594e-01 2.458091195867151413e-11 2.835286450064700148e-10 8.703515130825678625e-10 1.253190745620358371e-10 6.558327214634118718e-10
9.961988329887390137e-01 2.461368435457966797e-11 2.806183341252932451e-10 8.546113261509447057e-10 1.266803884014677806e-10 6.385622586257966304e-10
9.965414404869079590e-01 2.251659969587649357e-11 2.571144130936175998e-10 7.885496144943715535e-10 1.210930244965879865e-10 6.040521971506507271e-10
9.968358874320983887e-01 2.194077905470770418e-11 2.458081793665911619e-10 7.752084529855096662e-10 1.210909289506290065e-10 5.889055909591434101e-10
9.969165325164794922e-01 2.154862226155795923e-11 2.301535767523787968e-10 7.286111158855135272e-10 1.194267046367158969e-10 5.732158636639894667e-10
9.966980218887329102e-01 2.198788720542133035e-11 2.241015567561177591e-10 7.319220785007019003e-10 1.239635755156953678e-10 5.648136403024750507e-10
9.968526959419250488e-01 2.179470666441307714e-11 2.200990084633147603e-10 7.203126983768015634e-10 1.213088796081507326e-10 5.713836070952993396e-10
9.969390630722045898e-01 2.168049940964866806e-11 2.085141503904708316e-10 6.863739576701277656e-10 1.253546849655506890e-10 5.641652700560939593e-10
9.970263838768005371e-01 2.115053444884384959e-11 1.955680339893461905e-10 6.351202896937024889e-10 1.195846061063932098e-10 5.203264485942327155e-10
9.970454573631286621e-01 2.228923816349759335e-11 2.109716290554786156e-10 6.615893943795470022e-10 1.274494815239890499e-10 5.649415379949118687e-10
9.969714879989624023e-01 2.218452505031720534e-11 1.954677808502225389e-10 6.297536936372694072e-10 1.261283993914119606e-10 5.781899958812175555e-10
9.970856308937072754e-01 2.035149132550984064e-11 1.825692652612787015e-10 5.863885488288644865e-10 1.183735054421930499e-10 5.481705644960754853e-10
9.971655011177062988e-01 1.895079926317322361e-11 1.609979233263558740e-10 5.554939841445616366e-10 1.156602799645689572e-10 5.214820797405650410e-10
9.972205162048339844e-01 1.899443796693489617e-11 1.632907559168117473e-10 5.688634008294002342e-10 1.150690168150170223e-10 5.536491820556932453e-10
9.972710013389587402e-01 1.772228197527425664e-11 1.445568664770746636e-10 5.257480562015359737e-10 1.076866928961806025e-10 5.236224787097398803e-10
9.972572922706604004e-01 1.783288447465558590e-11 1.466882448841744235e-10 5.301028505044769190e-10 1.109967534551614676e-10 5.221601484528548553e-10
9.973208308219909668e-01 1.773070752719707599e-11 1.384651698854710844e-10 5.291900251336301153e-10 1.110495723155580094e-10 5.299434779892919778e-10
9.975126981735229492e-01 1.743428665323953908e-11 1.324182707929111302e-10 5.258002921948445874e-10 1.071795499574257349e-10 5.331714514333896204e-10
9.974143505096435547e-01 1.888026020246957870e-11 1.377970654248272808e-10 5.527290292128839155e-10 1.187903109212129493e-10 5.949447601238944117e-10
9.974217414855957031e-01 1.889877317140520319e-11 1.398461346724388932e-10 5.455230156492518745e-10 1.199196436596494664e-10 6.130380647562105878e-10
9.974635839462280273e-01 1.791266614203923524e-11 1.340840216634830995e-10 5.100151412307241117e-10 1.122467813141625470e-10 5.729268726106795384e-10
9.973347783088684082e-01 1.735173116301780283e-11 1.301602020609138322e-10 4.928853436503288776e-10 1.087736636873337659e-10 5.516695988916353599e-10
9.972688555717468262e-01 1.750201372718862558e-11 1.314975350830138723e-10 4.882605431077990943e-10 1.072633648568910303e-10 5.549669612747720748e-10
9.971731901168823242e-01 1.632371494919571120e-11 1.223430246000134503e-10 4.528624697464067594e-10 1.005228608685904135e-10 5.401765701407157394e-10
9.971867203712463379e-01 1.664272365753394212e-11 1.212884376267098219e-10 4.405708853294498795e-10 9.935440664632366747e-11 5.265455849112754549e-10
9.970905780792236328e-01 1.597936019614998315e-11 1.189764120557157412e-10 4.306281997656924432e-10 9.407699619323750539e-11 5.166592154104421297e-10
9.971201419830322266e-01 1.501518701041426596e-11 1.113852621248412333e-10 4.024548472258970833e-10 8.705822174270849700e-11 4.914941786893223252e-10
9.968578815460205078e-01 1.686989437033048489e-11 1.255605619476796164e-10 4.348505167062199916e-10 9.603641493161063636e-11 5.401253333481292884e-10
9.969231486320495605e-01 1.555848679057891815e-11 1.170199770417212903e-10 3.894023714590133523e-10 8.584813415701830763e-11 4.918574991741309077e-10
9.969406127929687500e-01 1.610936037343968508e-11 1.245006459038577873e-10 3.922464020256200001e-10 8.777141513593988975e-11 5.073064190952436547e-10
9.969545602798461914e-01 1.449186083635201072e-11 1.090657703040065485e-10 3.574581186605030325e-10 7.845036426035179034e-11 4.831484656797613297e-10
9.967862367630004883e-01 1.618462655561536678e-11 1.185356118815761306e-10 3.846059581924521353e-10 8.366502629586491935e-11 5.190960439271918858e-10
9.967803955078125000e-01 1.613696849755985596e-11 1.201485438917515580e-10 3.824771055427333977e-10 8.264534889779184823e-11 5.168562244861618638e-10
9.966051578521728516e-01 1.520430135959482953e-11 1.162701532275711713e-10 3.537812820475494391e-10 7.775517035790713294e-11 5.183111717599331314e-10
9.964004755020141602e-01 1.579424958875197404e-11 1.192228954449703338e-10 3.576310081410127850e-10 7.907750843028082954e-11 5.126815638689663501e-10
9.966521859169006348e-01 1.587211612141814499e-11 1.187971526706022019e-10 3.637561363234453893e-10 7.645786087584482971e-11 5.233704025719987385e-10
9.965406060218811035e-01 1.497580705278611646e-11 1.140038966007672627e-10 3.324361619316817951e-10 7.166271742686802781e-11 4.769927786085759180e-10
9.965713024139404297e-01 1.592452905652130823e-11 1.214218448009063422e-10 3.451796071196611138e-10 7.388286510368047288e-11 4.991573265833437745e-10
9.964926838874816895e-01 1.648573465240499303e-11 1.246908548635516922e-10 3.613152832482313670e-10 7.603048052251537570e-11 5.236581168688303478e-10
9.965164661407470703e-01 1.581453544508004683e-11 1.216901301948070113e-10 3.462684028399110048e-10 7.240495009108727231e-11 4.930683639159383347e-10
9.964514970779418945e-01 1.547390167389028903e-11 1.192997506338500102e-10 3.502090006879399198e-10 7.102426285987561982e-11 4.965478583862648065e-10
9.965227842330932617e-01 1.471367125360778516e-11 1.147978517801462317e-10 3.311663998584180035e-10 6.595052975955084662e-11 4.658700092363687872e-10
9.963510036468505859e-01 1.581163845687516556e-11 1.230100188376326287e-10 3.410963733685434818e-10 6.787934797580774671e-11 4.919841756212406381e-10
9.964663982391357422e-01 1.434312477816002129e-11 1.139208588574192049e-10 3.262768388800907360e-10 6.255744533500973148e-11 4.544972731501673024e-10
9.964812994003295898e-01 1.462961349285585300e-11 1.172593966369817053e-10 3.284151839366700187e-10 6.342644465195945713e-11 4.482614557321795701e-10
9.962041974067687988e-01 1.504891003478725509e-11 1.209046057715212896e-10 3.332658871091354058e-10 6.301743848968754946e-11 4.535758435508796538e-10
9.962548017501831055e-01 1.473096818138674990e-11 1.206939270748108584e-10 3.263239400919104582e-10 5.985904133476438460e-11 4.496476802007265405e-10
9.965369701385498047e-01 1.452059132656113860e-11 1.177821867814898837e-10 3.117367197713605265e-10 5.606288697168615442e-11 4.302372624831463099e-10
9.962755441665649414e-01 1.438393328057063769e-11 1.186266224140197778e-10 3.136652326762856546e-10 5.604112660040350136e-11 4.268837783261147933e-10
9.963569045066833496e-01 1.312539920500510604e-11 1.126506388171577555e-10 2.960745815183685181e-10 5.093508947950908805e-11 3.872338283361642652e-10
9.963739514350891113e-01 1.331057312980998830e-11 1.135460753198813677e-10 2.971625168157743246e-10 5.079605833180345087e-11 3.719582974959223520e-10
9.964744448661804199e-01 1.333534584840867510e-11 1.161148469042139197e-10 3.036008111578780699e-10 4.919792351287810561e-11 3.922477065376739347e-10
9.965924620628356934e-01 1.321185088415388620e-11 1.160329610172539105e-10 2.961157985481577271e-10 4.856839930234002622e-11 3.967170758567561961e-10
9.964637160301208496e-01 1.307308688386354945e-11 1.138827504520989464e-10 2.948551958148470931e-10 4.708095718841676103e-11 3.852228813716607192e-10
