9.710000000000000000e+02 1.400000000000000000e+01 1.800000000000000000e+01 1.280000000000000000e+02 8.200000000000000000e+01
5.900000000000000000e+01 3.770000000000000000e+02 9.500000000000000000e+01 1.400000000000000000e+01 5.500000000000000000e+01
5.300000000000000000e+02 3.880000000000000000e+02 7.140000000000000000e+02 7.610000000000000000e+02 4.090000000000000000e+02
3.880000000000000000e+02 7.140000000000000000e+02 5.280000000000000000e+02 3.840000000000000000e+02 6.260000000000000000e+02
3.880000000000000000e+02 3.840000000000000000e+02 5.280000000000000000e+02 7.140000000000000000e+02 8.650000000000000000e+02
3.880000000000000000e+02 3.840000000000000000e+02 8.650000000000000000e+02 8.890000000000000000e+02 5.280000000000000000e+02
3.880000000000000000e+02 3.840000000000000000e+02 8.650000000000000000e+02 8.890000000000000000e+02 7.140000000000000000e+02
3.880000000000000000e+02 3.840000000000000000e+02 8.650000000000000000e+02 8.890000000000000000e+02 7.140000000000000000e+02
3.880000000000000000e+02 3.840000000000000000e+02 8.650000000000000000e+02 7.610000000000000000e+02 7.140000000000000000e+02
3.880000000000000000e+02 3.840000000000000000e+02 7.610000000000000000e+02 8.650000000000000000e+02 7.140000000000000000e+02
3.880000000000000000e+02 3.840000000000000000e+02 7.610000000000000000e+02 8.650000000000000000e+02 6.260000000000000000e+02
3.880000000000000000e+02 7.610000000000000000e+02 3.840000000000000000e+02 6.260000000000000000e+02 2.510000000000000000e+02
3.880000000000000000e+02 7.610000000000000000e+02 3.840000000000000000e+02 2.510000000000000000e+02 6.260000000000000000e+02
3.880000000000000000e+02 7.610000000000000000e+02 3.840000000000000000e+02 6.260000000000000000e+02 2.510000000000000000e+02
3.880000000000000000e+02 7.610000000000000000e+02 3.840000000000000000e+02 6.260000000000000000e+02 8.650000000000000000e+02
3.880000000000000000e+02 7.610000000000000000e+02 3.840000000000000000e+02 6.260000000000000000e+02 8.650000000000000000e+02
3.880000000000000000e+02 7.610000000000000000e+02 3.840000000000000000e+02 6.260000000000000000e+02 8.650000000000000000e+02
3.880000000000000000e+02 7.610000000000000000e+02 3.840000000000000000e+02 6.260000000000000000e+02 8.650000000000000000e+02
3.880000000000000000e+02 7.610000000000000000e+02 3.840000000000000000e+02 6.260000000000000000e+02 2.510000000000000000e+02
3.880000000000000000e+02 7.610000000000000000e+02 3.840000000000000000e+02 6.260000000000000000e+02 8.650000000000000000e+02
3.880000000000000000e+02 7.610000000000000000e+02 3.840000000000000000e+02 6.260000000000000000e+02 8.650000000000000000e+02
3.880000000000000000e+02 7.610000000000000000e+02 3.840000000000000000e+02 8.650000000000000000e+02 6.260000000000000000e+02
3.880000000000000000e+02 7.610000000000000000e+02 3.840000000000000000e+02 8.650000000000000000e+02 6.260000000000000000e+02
3.880000000000000000e+02 7.610000000000000000e+02 3.840000000000000000e+02 8.650000000000000000e+02 6.260000000000000000e+02
3.880000000000000000e+02 7.610000000000000000e+02 3.840000000000000000e+02 8.650000000000000000e+02 6.260000000000000000e+02
3.880000000000000000e+02 7.610000000000000000e+02 3.840000000000000000e+02 8.650000000000000000e+02 8.500000000000000000e+02
3.880000000000000000e+02 7.610000000000000000e+02 3.840000000000000000e+02 8.650000000000000000e+02 8.500000000000000000e+02
3.880000000000000000e+02 7.610000000000000000e+02 3.840000000000000000e+02 8.650000000000000000e+02 8.500000000000000000e+02
3.880000000000000000e+02 7.610000000000000000e+02 3.840000000000000000e+02 8.650000000000000000e+02 8.500000000000000000e+02
3.880000000000000000e+02 7.610000000000000000e+02 3.840000000000000000e+02 8.650000000000000000e+02 8.500000000000000000e+02
3.880000000000000000e+02 7.610000000000000000e+02 8.650000000000000000e+02 3.840000000000000000e+02 8.500000000000000000e+02
3.880000000000000000e+02 7.610000000000000000e+02 8.650000000000000000e+02 8.500000000000000000e+02 3.840000000000000000e+02
3.880000000000000000e+02 7.610000000000000000e+02 8.500000000000000000e+02 8.650000000000000000e+02 3.840000000000000000e+02
3.880000000000000000e+02 7.610000000000000000e+02 8.500000000000000000e+02 8.650000000000000000e+02 3.840000000000000000e+02
3.880000000000000000e+02 8.500000000000000000e+02 7.610000000000000000e+02 8.650000000000000000e+02 3.840000000000000000e+02
3.880000000000000000e+02 8.500000000000000000e+02 7.610000000000000000e+02 8.650000000000000000e+02 3.840000000000000000e+02
3.880000000000000000e+02 8.500000000000000000e+02 7.610000000000000000e+02 8.650000000000000000e+02 3.840000000000000000e+02
3.880000000000000000e+02 8.500000000000000000e+02 8.650000000000000000e+02 7.610000000000000000e+02 2.480000000000000000e+02
3.880000000000000000e+02 8.500000000000000000e+02 8.650000000000000000e+02 7.610000000000000000e+02 2.480000000000000000e+02
3.880000000000000000e+02 8.500000000000000000e+02 8.650000000000000000e+02 7.610000000000000000e+02 2.480000000000000000e+02
3.880000000000000000e+02 8.500000000000000000e+02 8.650000000000000000e+02 7.610000000000000000e+02 2.480000000000000000e+02
3.880000000000000000e+02 8.500000000000000000e+02 8.650000000000000000e+02 7.610000000000000000e+02 2.480000000000000000e+02
3.880000000000000000e+02 8.500000000000000000e+02 8.650000000000000000e+02 7.610000000000000000e+02 2.480000000000000000e+02
3.880000000000000000e+02 8.500000000000000000e+02 8.650000000000000000e+02 7.610000000000000000e+02 2.480000000000000000e+02
3.880000000000000000e+02 8.500000000000000000e+02 8.650000000000000000e+02 7.610000000000000000e+02 2.480000000000000000e+02
3.880000000000000000e+02 8.500000000000000000e+02 8.650000000000000000e+02 7.610000000000000000e+02 2.480000000000000000e+02
3.880000000000000000e+02 8.500000000000000000e+02 8.650000000000000000e+02 7.610000000000000000e+02 2.480000000000000000e+02
3.880000000000000000e+02 8.500000000000000000e+02 8.650000000000000000e+02 7.610000000000000000e+02 2.480000000000000000e+02
3.880000000000000000e+02 8.500000000000000000e+02 8.650000000000000000e+02 7.610000000000000000e+02 2.480000000000000000e+02
3.880000000000000000e+02 8.500000000000000000e+02 8.650000000000000000e+02 7.610000000000000000e+02 2.480000000000000000e+02
3.880000000000000000e+02 8.500000000000000000e+02 8.650000000000000000e+02 7.610000000000000000e+02 2.480000000000000000e+02
3.880000000000000000e+02 8.500000000000000000e+02 8.650000000000000000e+02 7.610000000000000000e+02 2.480000000000000000e+02
3.880000000000000000e+02 8.500000000000000000e+02 8.650000000000000000e+02 7.610000000000000000e+02 2.480000000000000000e+02
3.880000000000000000e+02 8.500000000000000000e+02 8.650000000000000000e+02 7.610000000000000000e+02 2.480000000000000000e+02
3.880000000000000000e+02 8.500000000000000000e+02 8.650000000000000000e+02 7.610000000000000000e+02 2.480000000000000000e+02
3.880000000000000000e+02 8.500000000000000000e+02 8.650000000000000000e+02 7.610000000000000000e+02 2.480000000000000000e+02
3.880000000000000000e+02 8.500000000000000000e+02 8.650000000000000000e+02 7.610000000000000000e+02 2.480000000000000000e+02
3.880000000000000000e+02 8.500000000000000000e+02 8.650000000000000000e+02 7.610000000000000000e+02 2.480000000000000000e+02
3.880000000000000000e+02 8.500000000000000000e+02 8.650000000000000000e+02 7.610000000000000000e+02 3.840000000000000000e+02
3.880000000000000000e+02 8.500000000000000000e+02 8.650000000000000000e+02 7.610000000000000000e+02 3.840000000000000000e+02
3.880000000000000000e+02 8.500000000000000000e+02 8.650000000000000000e+02 7.610000000000000000e+02 3.840000000000000000e+02
3.880000000000000000e+02 8.500000000000000000e+02 8.650000000000000000e+02 7.610000000000000000e+02 2.480000000000000000e+02
3.880000000000000000e+02 8.500000000000000000e+02 8.650000000000000000e+02 7.610000000000000000e+02 3.840000000000000000e+02
3.880000000000000000e+02 8.500000000000000000e+02 8.650000000000000000e+02 7.610000000000000000e+02 3.840000000000000000e+02
3.880000000000000000e+02 8.500000000000000000e+02 8.650000000000000000e+02 7.610000000000000000e+02 3.840000000000000000e+02
3.880000000000000000e+02 8.500000000000000000e+02 8.650000000000000000e+02 7.610000000000000000e+02 3.840000000000000000e+02
3.880000000000000000e+02 8.500000000000000000e+02 8.650000000000000000e+02 7.610000000000000000e+02 3.840000000000000000e+02
3.880000000000000000e+02 8.500000000000000000e+02 8.650000000000000000e+02 7.610000000000000000e+02 3.840000000000000000e+02
3.880000000000000000e+02 8.500000000000000000e+02 8.650000000000000000e+02 7.610000000000000000e+02 3.840000000000000000e+02
3.880000000000000000e+02 8.500000000000000000e+02 8.650000000000000000e+02 7.610000000000000000e+02 3.840000000000000000e+02
3.880000000000000000e+02 8.500000000000000000e+02 8.650000000000000000e+02 3.840000000000000000e+02 7.610000000000000000e+02
3.880000000000000000e+02 8.500000000000000000e+02 8.650000000000000000e+02 3.840000000000000000e+02 7.610000000000000000e+02
3.880000000000000000e+02 8.500000000000000000e+02 8.650000000000000000e+02 3.840000000000000000e+02 7.610000000000000000e+02
3.880000000000000000e+02 8.500000000000000000e+02 8.650000000000000000e+02 3.840000000000000000e+02 7.610000000000000000e+02
3.880000000000000000e+02 8.500000000000000000e+02 8.650000000000000000e+02 3.840000000000000000e+02 7.610000000000000000e+02
3.880000000000000000e+02 8.500000000000000000e+02 8.650000000000000000e+02 3.840000000000000000e+02 7.610000000000000000e+02
3.880000000000000000e+02 8.500000000000000000e+02 8.650000000000000000e+02 3.840000000000000000e+02 7.610000000000000000e+02
3.880000000000000000e+02 8.500000000000000000e+02 8.650000000000000000e+02 3.840000000000000000e+02 7.610000000000000000e+02
3.880000000000000000e+02 8.500000000000000000e+02 8.650000000000000000e+02 3.840000000000000000e+02 7.610000000000000000e+02
3.880000000000000000e+02 8.500000000000000000e+02 8.650000000000000000e+02 3.840000000000000000e+02 7.610000000000000000e+02
3.880000000000000000e+02 8.500000000000000000e+02 8.650000000000000000e+02 3.840000000000000000e+02 7.610000000000000000e+02
3.880000000000000000e+02 8.500000000000000000e+02 8.650000000000000000e+02 3.840000000000000000e+02 7.610000000000000000e+02
3.880000000000000000e+02 8.500000000000000000e+02 8.650000000000000000e+02 3.840000000000000000e+02 2.480000000000000000e+02
3.880000000000000000e+02 8.500000000000000000e+02 8.650000000000000000e+02 3.840000000000000000e+02 2.480000000000000000e+02
3.880000000000000000e+02 8.500000000000000000e+02 8.650000000000000000e+02 3.840000000000000000e+02 2.480000000000000000e+02
3.880000000000000000e+02 8.500000000000000000e+02 8.650000000000000000e+02 3.840000000000000000e+02 2.480000000000000000e+02
3.880000000000000000e+02 8.500000000000000000e+02 8.650000000000000000e+02 3.840000000000000000e+02 2.480000000000000000e+02
3.880000000000000000e+02 8.500000000000000000e+02 8.650000000000000000e+02 3.840000000000000000e+02 2.480000000000000000e+02
3.880000000000000000e+02 8.500000000000000000e+02 8.650000000000000000e+02 3.840000000000000000e+02 2.480000000000000000e+02
3.880000000000000000e+02 8.500000000000000000e+02 8.650000000000000000e+02 3.840000000000000000e+02 2.480000000000000000e+02
3.880000000000000000e+02 8.500000000000000000e+02 8.650000000000000000e+02 3.840000000000000000e+02 2.480000000000000000e+02
3.880000000000000000e+02 8.500000000000000000e+02 8.650000000000000000e+02 3.840000000000000000e+02 2.480000000000000000e+02
3.880000000000000000e+02 8.500000000000000000e+02 8.650000000000000000e+02 3.840000000000000000e+02 2.220000000000000000e+02
3.880000000000000000e+02 8.500000000000000000e+02 8.650000000000000000e+02 3.840000000000000000e+02 2.480000000000000000e+02
3.880000000000000000e+02 8.500000000000000000e+02 8.650000000000000000e+02 3.840000000000000000e+02 2.480000000000000000e+02
3.880000000000000000e+02 8.500000000000000000e+02 8.650000000000000000e+02 3.840000000000000000e+02 2.220000000000000000e+02
3.880000000000000000e+02 8.500000000000000000e+02 8.650000000000000000e+02 3.840000000000000000e+02 2.220000000000000000e+02
3.880000000000000000e+02 8.500000000000000000e+02 8.650000000000000000e+02 3.840000000000000000e+02 2.220000000000000000e+02
3.880000000000000000e+02 8.500000000000000000e+02 8.650000000000000000e+02 3.840000000000000000e+02 2.220000000000000000e+02
3.880000000000000000e+02 8.500000000000000000e+02 8.650000000000000000e+02 3.840000000000000000e+02 2.220000000000000000e+02
3.880000000000000000e+02 8.500000000000000000e+02 8.650000000000000000e+02 3.840000000000000000e+02 2.220000000000000000e+02
