2.709704313019756228e-05 2.709704313019756228e-05 1.049932761816307902e-04 7.167406693042721599e-06 1.867677565314806998e-05 2.113225855282507837e-05
3.574159368872642517e-02 3.574159368872642517e-02 3.216071799397468567e-02 6.577848643064498901e-02 4.197111353278160095e-02 3.503670170903205872e-02
2.996819913387298584e-01 2.996819913387298584e-01 5.136365815997123718e-02 2.678215503692626953e-01 8.513984829187393188e-02 2.356421574950218201e-02
4.304412901401519775e-01 4.304412901401519775e-01 5.532563105225563049e-02 3.064883649349212646e-01 4.180074483156204224e-02 8.026859723031520844e-03
4.602307677268981934e-01 4.602307677268981934e-01 7.206198573112487793e-02 2.908366322517395020e-01 3.143873810768127441e-02 6.689236033707857132e-03
5.540302395820617676e-01 5.540302395820617676e-01 8.378106355667114258e-02 1.930045783519744873e-01 3.288713842630386353e-02 7.059833966195583344e-03
6.104320883750915527e-01 6.104320883750915527e-01 1.054170355200767517e-01 1.476639956235885620e-01 3.105992637574672699e-02 1.250316202640533447e-02
6.226864457130432129e-01 6.226864457130432129e-01 1.214447766542434692e-01 1.178416311740875244e-01 2.427214384078979492e-02 2.069016546010971069e-02
6.537334322929382324e-01 6.537334322929382324e-01 1.292403191328048706e-01 8.755301684141159058e-02 1.843937113881111145e-02 1.877723261713981628e-02
6.409496068954467773e-01 6.409496068954467773e-01 1.565725356340408325e-01 8.952829241752624512e-02 1.779144257307052612e-02 1.703959889709949493e-02
6.403694152832031250e-01 6.403694152832031250e-01 1.702119410037994385e-01 8.308421075344085693e-02 1.888716965913772583e-02 1.292892266064882278e-02
6.093138456344604492e-01 6.093138456344604492e-01 1.753614246845245361e-01 8.180917054414749146e-02 2.230808138847351074e-02 1.131641399115324020e-02
6.227290630340576172e-01 6.227290630340576172e-01 1.629536449909210205e-01 8.466575294733047485e-02 2.715202420949935913e-02 9.438595734536647797e-03
6.554898619651794434e-01 6.554898619651794434e-01 1.456403136253356934e-01 8.170942962169647217e-02 2.947905845940113068e-02 7.025716360658407211e-03
6.503195166587829590e-01 6.503195166587829590e-01 1.504886299371719360e-01 9.666652977466583252e-02 3.137309476733207703e-02 7.454364094883203506e-03
6.376550197601318359e-01 6.376550197601318359e-01 1.667986363172531128e-01 1.082355976104736328e-01 3.182354196906089783e-02 6.148477084934711456e-03
6.735252737998962402e-01 6.735252737998962402e-01 1.557067632675170898e-01 1.013897284865379333e-01 2.873703464865684509e-02 5.580494180321693420e-03
6.901328563690185547e-01 6.901328563690185547e-01 1.476503759622573853e-01 9.105771034955978394e-02 3.080029971897602081e-02 5.599520169198513031e-03
6.923630833625793457e-01 6.923630833625793457e-01 1.491686105728149414e-01 8.595000952482223511e-02 3.268011286854743958e-02 5.487949121743440628e-03
7.088385224342346191e-01 7.088385224342346191e-01 1.407839059829711914e-01 8.502521365880966187e-02 3.115295618772506714e-02 4.491369705647230148e-03
7.178577184677124023e-01 7.178577184677124023e-01 1.383636295795440674e-01 7.865735888481140137e-02 3.124277293682098389e-02 5.124053452163934708e-03
7.236862778663635254e-01 7.236862778663635254e-01 1.402689069509506226e-01 7.473862916231155396e-02 2.955230139195919037e-02 4.968469962477684021e-03
7.404206991195678711e-01 7.404206991195678711e-01 1.349401921033859253e-01 6.497251242399215698e-02 2.824871614575386047e-02 4.297364037483930588e-03
7.280700206756591797e-01 7.280700206756591797e-01 1.399773955345153809e-01 6.735817342996597290e-02 3.166874498128890991e-02 4.764628596603870392e-03
7.330171465873718262e-01 7.330171465873718262e-01 1.325781047344207764e-01 6.518566608428955078e-02 3.470139205455780029e-02 4.442184697836637497e-03
7.123996615409851074e-01 7.123996615409851074e-01 1.421570330858230591e-01 7.124122232198715210e-02 3.598769009113311768e-02 5.299236625432968140e-03
7.201219201087951660e-01 7.201219201087951660e-01 1.371228098869323730e-01 6.755290180444717407e-02 3.831319510936737061e-02 5.081531591713428497e-03
7.078412175178527832e-01 7.078412175178527832e-01 1.353188604116439819e-01 7.174117118120193481e-02 4.305506870150566101e-02 5.332446657121181488e-03
7.160156369209289551e-01 7.160156369209289551e-01 1.341536790132522583e-01 6.876460462808609009e-02 4.187279939651489258e-02 5.260253790766000748e-03
7.126750946044921875e-01 7.126750946044921875e-01 1.351783275604248047e-01 6.725606322288513184e-02 4.462302103638648987e-02 5.292298737913370132e-03
7.127634882926940918e-01 7.127634882926940918e-01 1.438511759042739868e-01 6.540033966302871704e-02 4.060655832290649414e-02 4.750301595777273178e-03
7.202835679054260254e-01 7.202835679054260254e-01 1.308023780584335327e-01 6.529215723276138306e-02 4.330687224864959717e-02 5.359215196222066879e-03
7.165732383728027344e-01 7.165732383728027344e-01 1.336755603551864624e-01 6.794767826795578003e-02 4.342331364750862122e-02 5.258274264633655548e-03
7.206857204437255859e-01 7.206857204437255859e-01 1.397394239902496338e-01 6.858993321657180786e-02 3.739426285028457642e-02 5.012356676161289215e-03
7.305763959884643555e-01 7.305763959884643555e-01 1.392015069723129272e-01 6.526539474725723267e-02 3.416641801595687866e-02 4.950710106641054153e-03
7.339979410171508789e-01 7.339979410171508789e-01 1.362191438674926758e-01 5.963369831442832947e-02 3.756128624081611633e-02 5.125250667333602905e-03
7.368059158325195312e-01 7.368059158325195312e-01 1.317092925310134888e-01 5.527061223983764648e-02 4.222359135746955872e-02 5.527559202164411545e-03
7.218962907791137695e-01 7.218962907791137695e-01 1.412767469882965088e-01 5.832142010331153870e-02 4.368801414966583252e-02 5.849975626915693283e-03
7.278065681457519531e-01 7.278065681457519531e-01 1.404150724411010742e-01 5.423942580819129944e-02 4.411808773875236511e-02 5.970557685941457748e-03
7.263163328170776367e-01 7.263163328170776367e-01 1.438830047845840454e-01 5.313770473003387451e-02 4.283699393272399902e-02 6.366755813360214233e-03
7.164186239242553711e-01 7.164186239242553711e-01 1.462816447019577026e-01 5.799115821719169617e-02 4.447892308235168457e-02 6.613320671021938324e-03
7.136583924293518066e-01 7.136583924293518066e-01 1.463880240917205811e-01 5.733944103121757507e-02 4.557256028056144714e-02 7.542372681200504303e-03
7.111899852752685547e-01 7.111899852752685547e-01 1.455014050006866455e-01 5.899585410952568054e-02 4.592148587107658386e-02 8.004477247595787048e-03
7.004296779632568359e-01 7.004296779632568359e-01 1.549725830554962158e-01 6.285347789525985718e-02 4.438590630888938904e-02 8.209064602851867676e-03
6.961620450019836426e-01 6.961620450019836426e-01 1.572372913360595703e-01 6.391526013612747192e-02 4.433610290288925171e-02 8.975491859018802643e-03
6.904764175415039062e-01 6.904764175415039062e-01 1.638033837080001831e-01 6.358925998210906982e-02 4.436329379677772522e-02 8.692976087331771851e-03
6.937130093574523926e-01 6.937130093574523926e-01 1.671539098024368286e-01 6.693157553672790527e-02 3.815821930766105652e-02 8.552676998078823090e-03
6.913252472877502441e-01 6.913252472877502441e-01 1.713280826807022095e-01 6.929724663496017456e-02 3.520203009247779846e-02 8.608433417975902557e-03
6.882368326187133789e-01 6.882368326187133789e-01 1.725080758333206177e-01 7.179215550422668457e-02 3.368400409817695618e-02 9.062003344297409058e-03
6.756269335746765137e-01 6.756269335746765137e-01 1.835610121488571167e-01 7.531978189945220947e-02 3.159605711698532104e-02 9.418336674571037292e-03
6.588416099548339844e-01 6.588416099548339844e-01 1.939782053232192993e-01 7.788408547639846802e-02 3.302549943327903748e-02 1.038463320583105087e-02
