6.151819834485650063e-04 6.151819834485650063e-04 1.884343655547127128e-04 1.490919385105371475e-03 1.518769277026876807e-04 1.670916535658761859e-04
4.352896511554718018e-01 4.352896511554718018e-01 2.626828849315643311e-03 7.449282705783843994e-02 4.106059204787015915e-03 2.010411582887172699e-03
9.076378941535949707e-01 9.076378941535949707e-01 9.536431753076612949e-05 6.840976327657699585e-02 2.164032310247421265e-02 5.365598917705938220e-05
9.761012196540832520e-01 9.761012196540832520e-01 1.649977930355817080e-04 1.605440489947795868e-02 7.420696318149566650e-03 3.050356644962448627e-05
9.664801359176635742e-01 9.664801359176635742e-01 2.353015588596463203e-04 2.382905781269073486e-02 9.235040284693241119e-03 3.852583904517814517e-05
9.632747769355773926e-01 9.632747769355773926e-01 4.842206253670156002e-04 2.834315225481987000e-02 7.580511271953582764e-03 5.775556928711012006e-05
9.711119532585144043e-01 9.711119532585144043e-01 1.754671335220336914e-03 1.892110519111156464e-02 7.516992278397083282e-03 1.463274384150281549e-04
9.695623517036437988e-01 9.695623517036437988e-01 9.994622319936752319e-03 1.119544170796871185e-02 7.365461438894271851e-03 4.190452746115624905e-04
9.420118331909179688e-01 9.420118331909179688e-01 4.176950082182884216e-02 7.866975851356983185e-03 4.765554796904325485e-03 9.378583054058253765e-04
9.240197539329528809e-01 9.240197539329528809e-01 6.209218502044677734e-02 6.590955425053834915e-03 3.284958191215991974e-03 1.012141816318035126e-03
9.009240865707397461e-01 9.009240865707397461e-01 8.600347489118576050e-02 5.890602711588144302e-03 2.339768223464488983e-03 1.331111765466630459e-03
9.097527265548706055e-01 9.097527265548706055e-01 7.918278872966766357e-02 5.465879105031490326e-03 1.794184092432260513e-03 1.164659857749938965e-03
9.461072683334350586e-01 9.461072683334350586e-01 4.464231804013252258e-02 5.307716783136129379e-03 1.455886638723313808e-03 8.668560767546296120e-04
9.606273174285888672e-01 9.606273174285888672e-01 3.120421059429645538e-02 5.187500733882188797e-03 1.087301177904009819e-03 6.828012992627918720e-04
9.652130603790283203e-01 9.652130603790283203e-01 2.692739851772785187e-02 5.108092445880174637e-03 9.882875019684433937e-04 6.324653513729572296e-04
9.687726497650146484e-01 9.687726497650146484e-01 2.415994741022586823e-02 4.672354552894830704e-03 8.647596114315092564e-04 5.479417159222066402e-04
9.769894480705261230e-01 9.769894480705261230e-01 1.689402014017105103e-02 4.241952672600746155e-03 7.122157257981598377e-04 4.054601304233074188e-04
9.763596653938293457e-01 9.763596653938293457e-01 1.767067052423954010e-02 3.959182649850845337e-03 8.289872203022241592e-04 3.881444572471082211e-04
9.750324487686157227e-01 9.750324487686157227e-01 1.931006088852882385e-02 3.584061050787568092e-03 8.113535004667937756e-04 3.818556433543562889e-04
9.713315963745117188e-01 9.713315963745117188e-01 2.222000993788242340e-02 4.243315663188695908e-03 8.168732747435569763e-04 4.278099804650992155e-04
9.724707007408142090e-01 9.724707007408142090e-01 2.106976881623268127e-02 4.299615975469350815e-03 8.428629953414201736e-04 3.993278660345822573e-04
9.672407507896423340e-01 9.672407507896423340e-01 2.600830234587192535e-02 4.296900238841772079e-03 8.169335778802633286e-04 4.916983889415860176e-04
9.670354723930358887e-01 9.670354723930358887e-01 2.587474323809146881e-02 4.429395776242017746e-03 9.863731684163212776e-04 4.735202819574624300e-04
9.673343896865844727e-01 9.673343896865844727e-01 2.580052614212036133e-02 4.118465818464756012e-03 1.099318498745560646e-03 4.156271170359104872e-04
9.612402319908142090e-01 9.612402319908142090e-01 3.174984827637672424e-02 3.854118287563323975e-03 1.307642436586320400e-03 3.907789941877126694e-04
9.568319320678710938e-01 9.568319320678710938e-01 3.651556372642517090e-02 3.340462688356637955e-03 1.301578478887677193e-03 3.991147677879780531e-04
9.538221359252929688e-01 9.538221359252929688e-01 3.950595855712890625e-02 3.346774494275450706e-03 1.316792215220630169e-03 3.981379268225282431e-04
9.494748115539550781e-01 9.494748115539550781e-01 4.464796558022499084e-02 2.742012962698936462e-03 1.184758730232715607e-03 3.568261745385825634e-04
9.552037715911865234e-01 9.552037715911865234e-01 3.948497027158737183e-02 2.574612852185964584e-03 1.039496855810284615e-03 3.190334246028214693e-04
9.639120101928710938e-01 9.639120101928710938e-01 3.094361908733844757e-02 2.735290676355361938e-03 9.524499182589352131e-04 2.975026727654039860e-04
9.687105417251586914e-01 9.687105417251586914e-01 2.678848803043365479e-02 2.463977551087737083e-03 7.940429495647549629e-04 2.676915319170802832e-04
9.718121886253356934e-01 9.718121886253356934e-01 2.422671392560005188e-02 2.071445109322667122e-03 7.477340986952185631e-04 2.581459411885589361e-04
9.745972752571105957e-01 9.745972752571105957e-01 2.157186158001422882e-02 2.046880312263965607e-03 7.448671385645866394e-04 2.430001186439767480e-04
9.772017002105712891e-01 9.772017002105712891e-01 1.931653171777725220e-02 1.799979363568127155e-03 6.922372267581522465e-04 2.265469083795323968e-04
9.751605391502380371e-01 9.751605391502380371e-01 2.180315181612968445e-02 1.479423488490283489e-03 5.744628142565488815e-04 2.214783016825094819e-04
9.733852744102478027e-01 9.733852744102478027e-01 2.355741709470748901e-02 1.449532923288643360e-03 5.497017409652471542e-04 2.510313061065971851e-04
9.748690724372863770e-01 9.748690724372863770e-01 2.219651825726032257e-02 1.428581192158162594e-03 5.073618958704173565e-04 2.560779685154557228e-04
9.720958471298217773e-01 9.720958471298217773e-01 2.515904791653156281e-02 1.292359316721558571e-03 4.577001091092824936e-04 2.548077609390020370e-04
9.735342860221862793e-01 9.735342860221862793e-01 2.375702746212482452e-02 1.221069716848433018e-03 4.533954488579183817e-04 2.733467845246195793e-04
9.753007888793945312e-01 9.753007888793945312e-01 2.220857143402099609e-02 1.044505974277853966e-03 4.385620995890349150e-04 2.775671600829809904e-04
9.773080348968505859e-01 9.773080348968505859e-01 2.042861096560955048e-02 9.427912882529199123e-04 3.993636346422135830e-04 2.594249090179800987e-04
9.786704182624816895e-01 9.786704182624816895e-01 1.924498192965984344e-02 8.479331154376268387e-04 3.547331143636256456e-04 2.654077834449708462e-04
9.803075194358825684e-01 9.803075194358825684e-01 1.772641018033027649e-02 8.045134600251913071e-04 3.514350682962685823e-04 2.428404550300911069e-04
9.828271865844726562e-01 9.828271865844726562e-01 1.534452382475137711e-02 7.417759625241160393e-04 3.346757730469107628e-04 2.296438324265182018e-04
9.850702285766601562e-01 9.850702285766601562e-01 1.327718980610370636e-02 6.838041590526700020e-04 2.922838903032243252e-04 2.139561402145773172e-04
9.843755364418029785e-01 9.843755364418029785e-01 1.395445782691240311e-02 6.563839269801974297e-04 2.952575741801410913e-04 2.349353890167549253e-04
9.850327968597412109e-01 9.850327968597412109e-01 1.322429347783327103e-02 7.077249465510249138e-04 3.100697649642825127e-04 2.372693998040631413e-04
9.864076375961303711e-01 9.864076375961303711e-01 1.191932335495948792e-02 7.074371096678078175e-04 2.679309109225869179e-04 2.382186066824942827e-04
9.866937994956970215e-01 9.866937994956970215e-01 1.173608843237161636e-02 6.389822228811681271e-04 2.428293228149414062e-04 2.423873957013711333e-04
9.863595366477966309e-01 9.863595366477966309e-01 1.211672648787498474e-02 6.023916648700833321e-04 2.335232566110789776e-04 2.466055157128721476e-04
9.869450926780700684e-01 9.869450926780700684e-01 1.166307367384433746e-02 5.405715201050043106e-04 2.058909012703225017e-04 2.343747182749211788e-04
