1.471653262624954793e-02
5.212810736646527054e-01
8.919453632616494154e-01
9.560547553288309963e-01
9.695749666972347525e-01
9.581545360679437628e-01
9.437034133376752676e-01
9.096423026589253169e-01
8.569365448878716318e-01
8.099093225148211728e-01
7.433121006163716515e-01
7.236966732859760887e-01
6.448990373011292965e-01
6.147359311582261121e-01
6.012234305619861274e-01
5.344441985764121217e-01
4.787197930500479148e-01
4.967340994613099192e-01
4.158932283998856838e-01
4.146260018474771103e-01
4.526990153284173313e-01
4.644387854948062166e-01
4.648337384178523601e-01
4.658992595387332347e-01
4.999087259760133795e-01
5.140911073756703198e-01
5.123754306824893634e-01
5.034810251047200369e-01
5.332663631850199648e-01
5.214607525880997629e-01
5.142221905024566553e-01
5.313454245413674615e-01
5.797663839263993424e-01
5.822312009880308281e-01
5.945302412300128569e-01
6.280446641396852936e-01
6.292522069246081484e-01
6.372954986663950105e-01
6.577901931171854510e-01
6.473722226426286142e-01
6.485611758915594827e-01
6.761024401784547777e-01
6.847634305213402550e-01
6.996001516332311931e-01
7.006529410140275305e-01
6.951152915849414526e-01
6.888651428985401726e-01
9.589425889377796164e-01
9.703768870022800863e-01
9.502961833112351098e-01
9.209483269477380940e-01
