1.416664745192974806e-04 1.416664745192974806e-04 2.255450817756354809e-04 2.945873420685529709e-04 5.327295002643950284e-05 1.697954394330736250e-05
1.997758867219090462e-03 1.997758867219090462e-03 3.621213138103485107e-03 1.885229954496026039e-03 1.354330684989690781e-03 2.606690977700054646e-04
6.743708848953247070e-01 6.743708848953247070e-01 2.124469319824129343e-04 6.369929178617894650e-04 5.854355171322822571e-03 2.372087765252217650e-04
9.960635304450988770e-01 9.960635304450988770e-01 2.197172761952970177e-06 4.198765509499935433e-06 3.413780941627919674e-04 6.216248038981575519e-06
9.999958276748657227e-01 9.999958276748657227e-01 6.501314153695147979e-09 5.435160321809462403e-09 2.983881358886719681e-06 6.286847931136207990e-09
1.000000000000000000e+00 1.000000000000000000e+00 2.417216427019752700e-10 7.797674311804669856e-11 1.582133535293905879e-08 4.178127288589905675e-11
1.000000000000000000e+00 1.000000000000000000e+00 1.069177246737496034e-10 3.942882825791471646e-11 2.580792468620529689e-09 8.174772490876502928e-12
1.000000000000000000e+00 1.000000000000000000e+00 6.714007128039156669e-11 4.091832428443353820e-11 1.182869358018479033e-09 2.666573992865517440e-12
1.000000000000000000e+00 1.000000000000000000e+00 1.096885290929883183e-10 9.256276300995125439e-11 1.891951262322777438e-09 3.214331145001692036e-12
1.000000000000000000e+00 1.000000000000000000e+00 1.505907759602465035e-10 1.902629304106895347e-10 3.289482686241740339e-09 4.225045660555259985e-12
1.000000000000000000e+00 1.000000000000000000e+00 1.938712662630237560e-10 2.952470490313885421e-10 4.473674763971757784e-09 5.082535520922748518e-12
1.000000000000000000e+00 1.000000000000000000e+00 1.886073797141563091e-10 4.247415474889493225e-10 3.207115906178614750e-09 4.552428746473768939e-12
1.000000000000000000e+00 1.000000000000000000e+00 2.491584161212756499e-10 6.576167388416820359e-10 3.076221943842938344e-09 5.275101102458767954e-12
1.000000000000000000e+00 1.000000000000000000e+00 3.670157233681692333e-10 9.740955819736996091e-10 3.293531891657153210e-09 7.747930769186339717e-12
1.000000000000000000e+00 1.000000000000000000e+00 6.608696367926825133e-10 1.609624544762766618e-09 5.285583526415393862e-09 1.478256753117968003e-11
1.000000000000000000e+00 1.000000000000000000e+00 7.496722687072576718e-10 1.739808519474195236e-09 4.967913191933348571e-09 1.679857988823307835e-11
1.000000000000000000e+00 1.000000000000000000e+00 9.272272949445437007e-10 1.969552076985792155e-09 5.913602940665896313e-09 1.993275856870813101e-11
1.000000000000000000e+00 1.000000000000000000e+00 1.266192706239621657e-09 2.453204972496791925e-09 6.184154077715220410e-09 2.894109604745231934e-11
1.000000000000000000e+00 1.000000000000000000e+00 1.323601672709173727e-09 2.242470653612826936e-09 5.707420314138289541e-09 3.011562527133193612e-11
1.000000000000000000e+00 1.000000000000000000e+00 1.723857390167893300e-09 2.723469449961157807e-09 7.632304566129732848e-09 3.931273362400844462e-11
1.000000000000000000e+00 1.000000000000000000e+00 1.319835352120435346e-09 2.301304702356787857e-09 4.908087714028397386e-09 2.912838720225963129e-11
1.000000000000000000e+00 1.000000000000000000e+00 1.244239045128381349e-09 2.107249263971766595e-09 3.906833967448619660e-09 2.756258589420301774e-11
1.000000000000000000e+00 1.000000000000000000e+00 1.228868673486260832e-09 1.955593242897180062e-09 3.187406338867049271e-09 2.638697767232134339e-11
1.000000000000000000e+00 1.000000000000000000e+00 1.130712190544613804e-09 1.485091716268982509e-09 2.631934892249887525e-09 2.564811904526287378e-11
1.000000000000000000e+00 1.000000000000000000e+00 9.003912060379093418e-10 1.202076882478309017e-09 2.087316319787646535e-09 1.937314371425191695e-11
1.000000000000000000e+00 1.000000000000000000e+00 9.630793940118564933e-10 1.182289710577322239e-09 2.069410198757282160e-09 2.012575696375140666e-11
1.000000000000000000e+00 1.000000000000000000e+00 8.363469916616850242e-10 1.015952322269697561e-09 1.654002046436175988e-09 1.819980104122986830e-11
1.000000000000000000e+00 1.000000000000000000e+00 9.614661289347736783e-10 1.063509391663330916e-09 1.843399766165987330e-09 2.024746342810246347e-11
1.000000000000000000e+00 1.000000000000000000e+00 9.558963620648341930e-10 1.070706301398161031e-09 1.754561274047716779e-09 2.190647142852331086e-11
1.000000000000000000e+00 1.000000000000000000e+00 1.006781769063991305e-09 1.004752170352674057e-09 1.859768672396455713e-09 2.355525843822370291e-11
1.000000000000000000e+00 1.000000000000000000e+00 1.095284418717312747e-09 9.986992344224177032e-10 1.976216079668802195e-09 2.701499440815879893e-11
1.000000000000000000e+00 1.000000000000000000e+00 1.485692346925304719e-09 1.304175212268887663e-09 2.408749200100146481e-09 3.599099490658730360e-11
1.000000000000000000e+00 1.000000000000000000e+00 1.689725137588027337e-09 1.380271341666627904e-09 2.258429887547208637e-09 4.012849774692739402e-11
1.000000000000000000e+00 1.000000000000000000e+00 1.866634624647645069e-09 1.510989555697506148e-09 2.216459238368884144e-09 4.565143402190940947e-11
1.000000000000000000e+00 1.000000000000000000e+00 1.764777879387224857e-09 1.446026409723799588e-09 1.891503842443853500e-09 4.129600134072930473e-11
1.000000000000000000e+00 1.000000000000000000e+00 1.907139113299649580e-09 1.588900788718206059e-09 1.922078718408215536e-09 4.547172013924516421e-11
1.000000000000000000e+00 1.000000000000000000e+00 2.166647750101446945e-09 1.759652090704832972e-09 1.938658122924152849e-09 5.412304979190984966e-11
1.000000000000000000e+00 1.000000000000000000e+00 2.332507964553087731e-09 1.805519178610381914e-09 2.026730561155432042e-09 5.591965085427474946e-11
1.000000000000000000e+00 1.000000000000000000e+00 2.183474290262665818e-09 1.652989745082322770e-09 1.821523931688773246e-09 5.578489059576696718e-11
1.000000000000000000e+00 1.000000000000000000e+00 2.258864872928256773e-09 1.726354725839485127e-09 1.654873016398994423e-09 5.754328957774390574e-11
1.000000000000000000e+00 1.000000000000000000e+00 2.348565564247451221e-09 1.880291922162768969e-09 1.681090600058610107e-09 5.894093546565670749e-11
1.000000000000000000e+00 1.000000000000000000e+00 2.437510193686875937e-09 1.842173080746078995e-09 1.607351252097544148e-09 6.037677996451051854e-11
1.000000000000000000e+00 1.000000000000000000e+00 2.412574806598399846e-09 1.796138682230719041e-09 1.462960197429197251e-09 5.699473185072356785e-11
1.000000000000000000e+00 1.000000000000000000e+00 2.265635012932420977e-09 1.700984686436868287e-09 1.465663701516461970e-09 5.235060995811835483e-11
1.000000000000000000e+00 1.000000000000000000e+00 2.478375726866488549e-09 1.602890598029205194e-09 1.572805552463307777e-09 5.496917851455229709e-11
1.000000000000000000e+00 1.000000000000000000e+00 2.422950728941941634e-09 1.550218176049611429e-09 1.490926937464109869e-09 5.490169777133679929e-11
1.000000000000000000e+00 1.000000000000000000e+00 2.480522898196113601e-09 1.448425157590804702e-09 1.456120224396784124e-09 5.740078551363936299e-11
1.000000000000000000e+00 1.000000000000000000e+00 2.306864033130295866e-09 1.366815993719683320e-09 1.377226110932383563e-09 5.192201529835571705e-11
1.000000000000000000e+00 1.000000000000000000e+00 2.258335074500905648e-09 1.277894345896868344e-09 1.367251423189941306e-09 5.150714577073500777e-11
1.000000000000000000e+00 1.000000000000000000e+00 2.378762076205021003e-09 1.227704382600336430e-09 1.218075862396972298e-09 5.489908180833502627e-11
1.000000000000000000e+00 1.000000000000000000e+00 2.398452547680562930e-09 1.124132120722265427e-09 1.222031920100619118e-09 5.738349032058387422e-11
