6.500000000000000000e+01 9.730000000000000000e+02 4.000000000000000000e+00 9.130000000000000000e+02 6.000000000000000000e+00
5.500000000000000000e+01 3.770000000000000000e+02 6.400000000000000000e+01 5.900000000000000000e+01 3.660000000000000000e+02
3.700000000000000000e+02 3.710000000000000000e+02 3.820000000000000000e+02 3.800000000000000000e+02 3.750000000000000000e+02
3.700000000000000000e+02 3.710000000000000000e+02 3.750000000000000000e+02 3.820000000000000000e+02 3.800000000000000000e+02
3.700000000000000000e+02 3.710000000000000000e+02 3.800000000000000000e+02 3.820000000000000000e+02 3.750000000000000000e+02
3.700000000000000000e+02 3.710000000000000000e+02 3.800000000000000000e+02 3.820000000000000000e+02 3.750000000000000000e+02
3.700000000000000000e+02 3.710000000000000000e+02 3.800000000000000000e+02 3.750000000000000000e+02 3.820000000000000000e+02
3.700000000000000000e+02 3.710000000000000000e+02 3.800000000000000000e+02 3.750000000000000000e+02 3.820000000000000000e+02
3.700000000000000000e+02 3.710000000000000000e+02 3.800000000000000000e+02 3.750000000000000000e+02 3.730000000000000000e+02
3.700000000000000000e+02 3.710000000000000000e+02 3.800000000000000000e+02 3.740000000000000000e+02 3.750000000000000000e+02
3.700000000000000000e+02 3.710000000000000000e+02 3.800000000000000000e+02 3.740000000000000000e+02 3.730000000000000000e+02
3.700000000000000000e+02 3.710000000000000000e+02 3.800000000000000000e+02 3.740000000000000000e+02 3.750000000000000000e+02
3.700000000000000000e+02 3.710000000000000000e+02 3.740000000000000000e+02 3.750000000000000000e+02 3.800000000000000000e+02
3.700000000000000000e+02 3.710000000000000000e+02 3.740000000000000000e+02 3.750000000000000000e+02 3.800000000000000000e+02
3.700000000000000000e+02 3.710000000000000000e+02 3.740000000000000000e+02 3.750000000000000000e+02 3.800000000000000000e+02
3.700000000000000000e+02 3.710000000000000000e+02 3.740000000000000000e+02 3.750000000000000000e+02 3.800000000000000000e+02
3.700000000000000000e+02 3.710000000000000000e+02 3.740000000000000000e+02 3.750000000000000000e+02 3.800000000000000000e+02
3.700000000000000000e+02 3.710000000000000000e+02 3.740000000000000000e+02 3.750000000000000000e+02 3.720000000000000000e+02
3.700000000000000000e+02 3.710000000000000000e+02 3.740000000000000000e+02 3.750000000000000000e+02 3.720000000000000000e+02
3.700000000000000000e+02 3.710000000000000000e+02 3.740000000000000000e+02 3.750000000000000000e+02 3.720000000000000000e+02
3.700000000000000000e+02 3.710000000000000000e+02 3.740000000000000000e+02 3.750000000000000000e+02 3.720000000000000000e+02
3.700000000000000000e+02 3.710000000000000000e+02 3.740000000000000000e+02 3.750000000000000000e+02 3.720000000000000000e+02
3.700000000000000000e+02 3.710000000000000000e+02 3.740000000000000000e+02 3.750000000000000000e+02 3.720000000000000000e+02
3.700000000000000000e+02 3.710000000000000000e+02 3.740000000000000000e+02 3.750000000000000000e+02 3.730000000000000000e+02
3.700000000000000000e+02 3.710000000000000000e+02 3.740000000000000000e+02 3.750000000000000000e+02 3.720000000000000000e+02
3.700000000000000000e+02 3.710000000000000000e+02 3.740000000000000000e+02 3.750000000000000000e+02 3.730000000000000000e+02
3.700000000000000000e+02 3.710000000000000000e+02 3.740000000000000000e+02 3.750000000000000000e+02 3.730000000000000000e+02
3.700000000000000000e+02 3.710000000000000000e+02 3.740000000000000000e+02 3.750000000000000000e+02 3.720000000000000000e+02
3.700000000000000000e+02 3.710000000000000000e+02 3.740000000000000000e+02 3.750000000000000000e+02 3.730000000000000000e+02
3.700000000000000000e+02 3.710000000000000000e+02 3.740000000000000000e+02 3.750000000000000000e+02 3.730000000000000000e+02
3.700000000000000000e+02 3.710000000000000000e+02 3.740000000000000000e+02 3.750000000000000000e+02 3.720000000000000000e+02
3.700000000000000000e+02 3.710000000000000000e+02 3.740000000000000000e+02 3.750000000000000000e+02 3.720000000000000000e+02
3.700000000000000000e+02 3.710000000000000000e+02 3.740000000000000000e+02 3.750000000000000000e+02 3.720000000000000000e+02
3.700000000000000000e+02 3.710000000000000000e+02 3.740000000000000000e+02 3.750000000000000000e+02 3.720000000000000000e+02
3.700000000000000000e+02 3.710000000000000000e+02 3.740000000000000000e+02 3.750000000000000000e+02 3.720000000000000000e+02
3.700000000000000000e+02 3.710000000000000000e+02 3.740000000000000000e+02 3.750000000000000000e+02 3.720000000000000000e+02
3.700000000000000000e+02 3.710000000000000000e+02 3.740000000000000000e+02 3.750000000000000000e+02 3.720000000000000000e+02
3.700000000000000000e+02 3.710000000000000000e+02 3.740000000000000000e+02 3.750000000000000000e+02 3.720000000000000000e+02
3.700000000000000000e+02 3.710000000000000000e+02 3.740000000000000000e+02 3.750000000000000000e+02 3.720000000000000000e+02
3.700000000000000000e+02 3.710000000000000000e+02 3.740000000000000000e+02 3.750000000000000000e+02 3.720000000000000000e+02
3.700000000000000000e+02 3.710000000000000000e+02 3.740000000000000000e+02 3.750000000000000000e+02 3.720000000000000000e+02
3.700000000000000000e+02 3.710000000000000000e+02 3.740000000000000000e+02 3.750000000000000000e+02 3.720000000000000000e+02
3.700000000000000000e+02 3.710000000000000000e+02 3.740000000000000000e+02 3.750000000000000000e+02 3.720000000000000000e+02
3.700000000000000000e+02 3.740000000000000000e+02 3.710000000000000000e+02 3.750000000000000000e+02 3.720000000000000000e+02
3.700000000000000000e+02 3.710000000000000000e+02 3.740000000000000000e+02 3.750000000000000000e+02 3.720000000000000000e+02
3.700000000000000000e+02 3.710000000000000000e+02 3.740000000000000000e+02 3.750000000000000000e+02 3.720000000000000000e+02
3.700000000000000000e+02 3.710000000000000000e+02 3.740000000000000000e+02 3.750000000000000000e+02 3.720000000000000000e+02
3.700000000000000000e+02 3.710000000000000000e+02 3.740000000000000000e+02 3.750000000000000000e+02 3.720000000000000000e+02
3.700000000000000000e+02 3.710000000000000000e+02 3.740000000000000000e+02 3.750000000000000000e+02 3.720000000000000000e+02
3.700000000000000000e+02 3.710000000000000000e+02 3.740000000000000000e+02 3.750000000000000000e+02 3.720000000000000000e+02
3.700000000000000000e+02 3.710000000000000000e+02 3.740000000000000000e+02 3.750000000000000000e+02 3.720000000000000000e+02
