          0  0.08836207 10.53734112
        100  0.01263117 18.98556328
        200  0.01063876 19.73108864
        300  0.00976484 20.10334778
        400  0.00916503 20.37866402
        500  0.00870567 20.60197639
        600  0.00829114 20.81385612
        700  0.00785977 21.04590034
        800  0.00756516 21.21181679
        900  0.00736892 21.32596207
       1000  0.00725214 21.39533806
       1100  0.00693930 21.58684349
       1200  0.00668122 21.75144386
       1300  0.00650810 21.86546135
       1400  0.00635293 21.97025681
       1500  0.00616962 22.09741592
       1600  0.00584294 22.33368874
       1700  0.00575897 22.39655304
       1800  0.00556723 22.54360580
       1900  0.00571565 22.42934227
       2000  0.00525552 22.79384041
       2100  0.00518314 22.85407066
       2200  0.00494105 23.06180382
       2300  0.00473182 23.24971771
       2400  0.00460740 23.36544037
       2500  0.00452916 23.43982506
       2600  0.00431949 23.64567947
       2700  0.00414168 23.82823372
       2800  0.00404466 23.93117523
       2900  0.00398613 23.99448204
       3000  0.00384665 24.14916992
       3100  0.00366952 24.35391235
       3200  0.00370653 24.31032944
       3300  0.00349379 24.56702805
       3400  0.00326846 24.85656929
       3500  0.00317751 24.97912788
       3600  0.00315182 25.01438141
       3700  0.00346000 24.60924530
       3800  0.00303173 25.18309402
       3900  0.00283549 25.47371674
       4000  0.00283059 25.48122406
       4100  0.00272451 25.64712334
       4200  0.00278225 25.55603409
       4300  0.00250645 26.00940514
       4400  0.00238235 26.22995186
       4500  0.00231012 26.36365128
       4600  0.00232065 26.34391022
       4700  0.00222727 26.52227783
       4800  0.00214551 26.68468666
       4900  0.00197999 27.03337669
       5000  0.00196390 27.06879997
