1.240000000000000000e+02 6.000000000000000000e+00 3.950000000000000000e+02 3.910000000000000000e+02 6.110000000000000000e+02
7.100000000000000000e+01 7.600000000000000000e+01 7.800000000000000000e+01 7.700000000000000000e+01 3.060000000000000000e+02
6.000000000000000000e+02 4.880000000000000000e+02 6.160000000000000000e+02 7.830000000000000000e+02 6.770000000000000000e+02
6.000000000000000000e+02 4.880000000000000000e+02 6.300000000000000000e+01 6.770000000000000000e+02 6.160000000000000000e+02
6.300000000000000000e+01 6.000000000000000000e+02 4.880000000000000000e+02 6.770000000000000000e+02 6.160000000000000000e+02
6.300000000000000000e+01 6.000000000000000000e+02 4.880000000000000000e+02 6.800000000000000000e+01 6.600000000000000000e+01
6.300000000000000000e+01 6.000000000000000000e+02 6.800000000000000000e+01 6.600000000000000000e+01 6.700000000000000000e+01
6.300000000000000000e+01 6.800000000000000000e+01 6.600000000000000000e+01 6.700000000000000000e+01 5.400000000000000000e+01
6.300000000000000000e+01 6.800000000000000000e+01 6.700000000000000000e+01 6.600000000000000000e+01 5.400000000000000000e+01
6.300000000000000000e+01 6.700000000000000000e+01 6.800000000000000000e+01 6.600000000000000000e+01 5.400000000000000000e+01
6.300000000000000000e+01 6.700000000000000000e+01 6.800000000000000000e+01 6.600000000000000000e+01 5.400000000000000000e+01
6.300000000000000000e+01 6.700000000000000000e+01 6.800000000000000000e+01 6.000000000000000000e+01 6.600000000000000000e+01
6.300000000000000000e+01 6.700000000000000000e+01 6.000000000000000000e+01 6.800000000000000000e+01 5.400000000000000000e+01
6.300000000000000000e+01 6.000000000000000000e+01 5.800000000000000000e+01 6.700000000000000000e+01 5.400000000000000000e+01
6.300000000000000000e+01 5.800000000000000000e+01 6.000000000000000000e+01 5.300000000000000000e+01 5.400000000000000000e+01
6.300000000000000000e+01 5.800000000000000000e+01 5.300000000000000000e+01 6.000000000000000000e+01 5.400000000000000000e+01
6.300000000000000000e+01 5.800000000000000000e+01 6.000000000000000000e+01 5.300000000000000000e+01 5.400000000000000000e+01
6.300000000000000000e+01 5.800000000000000000e+01 6.000000000000000000e+01 5.300000000000000000e+01 5.400000000000000000e+01
6.300000000000000000e+01 5.800000000000000000e+01 6.000000000000000000e+01 5.300000000000000000e+01 5.400000000000000000e+01
6.300000000000000000e+01 5.800000000000000000e+01 6.000000000000000000e+01 5.300000000000000000e+01 5.400000000000000000e+01
6.300000000000000000e+01 5.800000000000000000e+01 6.000000000000000000e+01 5.300000000000000000e+01 5.400000000000000000e+01
6.300000000000000000e+01 5.800000000000000000e+01 6.000000000000000000e+01 5.300000000000000000e+01 5.400000000000000000e+01
6.300000000000000000e+01 5.800000000000000000e+01 6.000000000000000000e+01 5.300000000000000000e+01 5.400000000000000000e+01
6.300000000000000000e+01 5.800000000000000000e+01 6.000000000000000000e+01 5.300000000000000000e+01 5.400000000000000000e+01
6.300000000000000000e+01 5.800000000000000000e+01 6.000000000000000000e+01 5.300000000000000000e+01 5.400000000000000000e+01
6.300000000000000000e+01 5.800000000000000000e+01 6.000000000000000000e+01 5.300000000000000000e+01 5.400000000000000000e+01
6.300000000000000000e+01 5.800000000000000000e+01 6.000000000000000000e+01 5.300000000000000000e+01 5.400000000000000000e+01
6.300000000000000000e+01 5.800000000000000000e+01 5.300000000000000000e+01 6.000000000000000000e+01 5.400000000000000000e+01
6.300000000000000000e+01 5.800000000000000000e+01 5.300000000000000000e+01 6.000000000000000000e+01 5.400000000000000000e+01
6.300000000000000000e+01 5.800000000000000000e+01 5.300000000000000000e+01 6.000000000000000000e+01 5.400000000000000000e+01
6.300000000000000000e+01 5.800000000000000000e+01 6.000000000000000000e+01 5.300000000000000000e+01 5.400000000000000000e+01
6.300000000000000000e+01 5.800000000000000000e+01 5.300000000000000000e+01 6.000000000000000000e+01 5.400000000000000000e+01
6.300000000000000000e+01 5.800000000000000000e+01 6.000000000000000000e+01 5.300000000000000000e+01 5.400000000000000000e+01
6.300000000000000000e+01 5.800000000000000000e+01 6.000000000000000000e+01 5.300000000000000000e+01 5.400000000000000000e+01
6.300000000000000000e+01 5.800000000000000000e+01 6.000000000000000000e+01 5.300000000000000000e+01 5.400000000000000000e+01
6.300000000000000000e+01 5.800000000000000000e+01 6.000000000000000000e+01 5.300000000000000000e+01 5.400000000000000000e+01
6.300000000000000000e+01 6.000000000000000000e+02 5.800000000000000000e+01 5.300000000000000000e+01 6.600000000000000000e+01
6.300000000000000000e+01 6.000000000000000000e+02 4.880000000000000000e+02 6.160000000000000000e+02 6.800000000000000000e+01
6.300000000000000000e+01 6.800000000000000000e+01 6.000000000000000000e+02 6.200000000000000000e+01 6.600000000000000000e+01
6.300000000000000000e+01 6.800000000000000000e+01 6.600000000000000000e+01 5.400000000000000000e+01 6.200000000000000000e+01
6.300000000000000000e+01 6.800000000000000000e+01 6.600000000000000000e+01 6.700000000000000000e+01 5.400000000000000000e+01
6.300000000000000000e+01 6.800000000000000000e+01 6.700000000000000000e+01 6.600000000000000000e+01 5.400000000000000000e+01
6.300000000000000000e+01 6.800000000000000000e+01 6.600000000000000000e+01 6.700000000000000000e+01 5.400000000000000000e+01
6.300000000000000000e+01 6.800000000000000000e+01 6.600000000000000000e+01 6.700000000000000000e+01 5.400000000000000000e+01
6.300000000000000000e+01 6.800000000000000000e+01 6.600000000000000000e+01 5.400000000000000000e+01 6.700000000000000000e+01
6.300000000000000000e+01 5.800000000000000000e+01 6.800000000000000000e+01 6.000000000000000000e+01 5.300000000000000000e+01
6.300000000000000000e+01 5.800000000000000000e+01 5.300000000000000000e+01 6.000000000000000000e+01 5.400000000000000000e+01
6.300000000000000000e+01 5.800000000000000000e+01 5.300000000000000000e+01 6.000000000000000000e+01 5.400000000000000000e+01
6.300000000000000000e+01 5.800000000000000000e+01 5.300000000000000000e+01 6.000000000000000000e+01 5.400000000000000000e+01
6.300000000000000000e+01 5.800000000000000000e+01 5.300000000000000000e+01 6.000000000000000000e+01 5.400000000000000000e+01
6.300000000000000000e+01 5.800000000000000000e+01 5.300000000000000000e+01 6.000000000000000000e+01 5.400000000000000000e+01
