4.302076995372772217e-04 4.302076995372772217e-04 1.265530381351709366e-02 6.902838940732181072e-04 1.254199771210551262e-03 1.574642397463321686e-02
3.271803725510835648e-03 3.271803725510835648e-03 5.475317128002643585e-03 2.597190206870436668e-03 7.368476362898945808e-04 1.035907538607716560e-03
1.386047247797250748e-02 1.386047247797250748e-02 1.725400448776781559e-03 2.214956330135464668e-03 3.154451260343194008e-04 7.514411117881536484e-05
8.546307682991027832e-02 8.546307682991027832e-02 8.910048054531216621e-04 1.766538131050765514e-03 8.437364012934267521e-04 1.244665036210790277e-04
4.373844265937805176e-01 4.373844265937805176e-01 1.398149877786636353e-03 2.753056120127439499e-03 3.174224169924855232e-03 4.626209556590765715e-04
8.027665615081787109e-01 8.027665615081787109e-01 1.941474387422204018e-03 3.000529017299413681e-03 4.572965670377016068e-03 7.873484282754361629e-04
9.054356813430786133e-01 9.054356813430786133e-01 2.162984572350978851e-03 2.618087688460946083e-03 4.621386993676424026e-03 8.409952279180288315e-04
9.082809686660766602e-01 9.082809686660766602e-01 2.626951318234205246e-03 2.982710488140583038e-03 5.657987669110298157e-03 9.312861948274075985e-04
9.185181856155395508e-01 9.185181856155395508e-01 2.565565519034862518e-03 2.577752107754349709e-03 5.728665739297866821e-03 9.634748566895723343e-04
9.239866733551025391e-01 9.239866733551025391e-01 3.166996873915195465e-03 2.763046883046627045e-03 6.077315192669630051e-03 1.179830636829137802e-03
9.182309508323669434e-01 9.182309508323669434e-01 4.510654602199792862e-03 3.839502809569239616e-03 7.873040623962879181e-03 1.563066733069717884e-03
9.200061559677124023e-01 9.200061559677124023e-01 6.223938893526792526e-03 5.154627840965986252e-03 8.987704291939735413e-03 2.268398646265268326e-03
9.162746667861938477e-01 9.162746667861938477e-01 7.682031020522117615e-03 7.195750251412391663e-03 1.028535235673189163e-02 2.780899871140718460e-03
9.109912514686584473e-01 9.109912514686584473e-01 1.078495383262634277e-02 9.343164041638374329e-03 1.178400963544845581e-02 3.529301146045327187e-03
8.948580622673034668e-01 8.948580622673034668e-01 1.562149170786142349e-02 1.386549044400453568e-02 1.440654322504997253e-02 4.566396586596965790e-03
8.998563289642333984e-01 8.998563289642333984e-01 1.802440918982028961e-02 1.461639255285263062e-02 1.453127618879079819e-02 4.449015948921442032e-03
8.910617828369140625e-01 8.910617828369140625e-01 2.237863279879093170e-02 1.598785817623138428e-02 1.598973385989665985e-02 4.679815843701362610e-03
8.848570585250854492e-01 8.848570585250854492e-01 2.635949663817882538e-02 1.582757942378520966e-02 1.625123433768749237e-02 4.881874658167362213e-03
8.635855317115783691e-01 8.635855317115783691e-01 3.271906077861785889e-02 1.843827217817306519e-02 1.963814906775951385e-02 4.942492116242647171e-03
8.638200163841247559e-01 8.638200163841247559e-01 3.303147479891777039e-02 1.623587496578693390e-02 1.989556849002838135e-02 4.979407414793968201e-03
8.581630587577819824e-01 8.581630587577819824e-01 3.749474510550498962e-02 1.814587414264678955e-02 2.011657319962978363e-02 4.965737927705049515e-03
8.518111109733581543e-01 8.518111109733581543e-01 3.898531198501586914e-02 1.841024681925773621e-02 2.123088389635086060e-02 5.360344890505075455e-03
8.485672473907470703e-01 8.485672473907470703e-01 4.078626632690429688e-02 1.999313384294509888e-02 2.109155803918838501e-02 5.651651881635189056e-03
8.405379056930541992e-01 8.405379056930541992e-01 4.338115453720092773e-02 2.002049237489700317e-02 2.345195412635803223e-02 5.868017207831144333e-03
8.098288178443908691e-01 8.098288178443908691e-01 5.272750556468963623e-02 2.462268993258476257e-02 2.734402939677238464e-02 6.968761328607797623e-03
7.864592075347900391e-01 7.864592075347900391e-01 6.145085766911506653e-02 2.879383042454719543e-02 3.003313019871711731e-02 8.091351948678493500e-03
7.763672471046447754e-01 7.763672471046447754e-01 6.787555664777755737e-02 2.956055849790573120e-02 3.007478825747966766e-02 8.497291244566440582e-03
7.566352486610412598e-01 7.566352486610412598e-01 7.341498881578445435e-02 3.426479920744895935e-02 3.258096426725387573e-02 9.527947753667831421e-03
7.374857068061828613e-01 7.374857068061828613e-01 8.251870423555374146e-02 3.540390357375144958e-02 3.421347215771675110e-02 1.012366358190774918e-02
7.284317016601562500e-01 7.284317016601562500e-01 8.394537866115570068e-02 3.812234476208686829e-02 3.611365333199501038e-02 1.084803231060504913e-02
7.201960682868957520e-01 7.201960682868957520e-01 8.675453811883926392e-02 3.836767747998237610e-02 3.881638497114181519e-02 1.079031731933355331e-02
6.933273673057556152e-01 6.933273673057556152e-01 9.702739864587783813e-02 4.159840941429138184e-02 4.057917371392250061e-02 1.217737514525651932e-02
7.024038434028625488e-01 7.024038434028625488e-01 9.163419157266616821e-02 3.962641954421997070e-02 4.083566740155220032e-02 1.178384386003017426e-02
6.933858394622802734e-01 6.933858394622802734e-01 9.223049134016036987e-02 3.967472538352012634e-02 4.330430924892425537e-02 1.210899651050567627e-02
6.913080215454101562e-01 6.913080215454101562e-01 9.257752448320388794e-02 4.170798882842063904e-02 4.452984407544136047e-02 1.220104843378067017e-02
6.846008896827697754e-01 6.846008896827697754e-01 9.899228811264038086e-02 4.155525192618370056e-02 4.515733942389488220e-02 1.217720657587051392e-02
8.550577163696289062e-01 8.550577163696289062e-01 1.769172772765159607e-02 1.360137853771448135e-02 5.841422360390424728e-03 3.518837969750165939e-03
6.326224207878112793e-01 6.326224207878112793e-01 1.155683887191116810e-03 2.896731952205300331e-03 3.463573288172483444e-03 4.844407085329294205e-04
9.295455813407897949e-01 9.295455813407897949e-01 8.591370424255728722e-04 2.203018171712756157e-03 2.928849775344133377e-03 5.618754075840115547e-04
9.390922784805297852e-01 9.390922784805297852e-01 1.332768588326871395e-03 2.316533820703625679e-03 3.229130525141954422e-03 5.041910917498171329e-04
9.125358462333679199e-01 9.125358462333679199e-01 2.711551031097769737e-03 3.303186269477009773e-03 6.078914739191532135e-03 8.228744845837354660e-04
9.045650362968444824e-01 9.045650362968444824e-01 3.827609121799468994e-03 4.010305739939212799e-03 8.096613921225070953e-03 1.162565429694950581e-03
9.128394126892089844e-01 9.128394126892089844e-01 5.006113089621067047e-03 5.054483655840158463e-03 8.220871910452842712e-03 1.675673993304371834e-03
9.060620665550231934e-01 9.060620665550231934e-01 6.989568937569856644e-03 6.801556795835494995e-03 9.324933402240276337e-03 2.413299400359392166e-03
8.992103934288024902e-01 8.992103934288024902e-01 9.818513877689838409e-03 9.247007779777050018e-03 1.130926702171564102e-02 2.722000470384955406e-03
8.810912370681762695e-01 8.810912370681762695e-01 1.476348098367452621e-02 1.380171533674001694e-02 1.386686414480209351e-02 3.863151185214519501e-03
8.718433976173400879e-01 8.718433976173400879e-01 1.939124800264835358e-02 1.690183207392692566e-02 1.565927267074584961e-02 4.698292817920446396e-03
8.721260428428649902e-01 8.721260428428649902e-01 2.242849767208099365e-02 1.718965545296669006e-02 1.584008149802684784e-02 5.019612144678831100e-03
8.689463138580322266e-01 8.689463138580322266e-01 2.681652829051017761e-02 1.825149543583393097e-02 1.536683924496173859e-02 5.577306728810071945e-03
8.609101772308349609e-01 8.609101772308349609e-01 3.147532045841217041e-02 1.853756234049797058e-02 1.653585210442543030e-02 5.964834243059158325e-03
8.456189036369323730e-01 8.456189036369323730e-01 3.790155053138732910e-02 1.956172846257686615e-02 1.795146614313125610e-02 6.551676895469427109e-03
