1.552688656374812126e-03 1.397527637891471386e-03 9.007838671095669270e-04 2.588026458397507668e-03 2.137376740574836731e-02 2.439105592202395201e-04
7.505005341954529285e-04 6.060799478291301057e-06 2.532128928578458726e-05 5.458336090669035912e-05 1.345705473795533180e-03 3.172108336002565920e-05
1.825705170631408691e-01 2.669091614393437339e-09 1.759568135639710817e-07 2.757940364972455427e-06 1.855270170381118078e-06 8.333056939591187984e-06
6.490678191184997559e-01 5.920207435394786444e-09 3.343453727211453952e-07 2.873416633519809693e-05 6.477126134996069595e-06 1.575894930283538997e-05
4.551039934158325195e-01 8.332475154304574971e-09 6.163718921925465111e-07 6.141973426565527916e-05 9.914550901157781482e-06 1.520169553259620443e-05
4.146478474140167236e-01 9.000634015876585181e-09 6.974001394155493472e-07 5.300589691614732146e-05 7.946938239911105484e-06 1.181809238914866000e-05
4.061230421066284180e-01 8.066249890248400334e-09 6.102543466113274917e-07 4.350868402980268002e-05 5.045043053542030975e-06 9.739703273226041347e-06
4.681791961193084717e-01 6.894945059343626781e-09 5.255382120594731532e-07 3.341665069456212223e-05 3.031520236618234776e-06 9.216812941303942353e-06
4.107183516025543213e-01 7.237977772689418998e-09 5.226921189205313567e-07 3.273095353506505489e-05 2.494281034159939736e-06 1.084435916709480807e-05
3.725252151489257812e-01 7.208617258669391958e-09 4.837648361899482552e-07 3.031110463780350983e-05 2.520524276405922137e-06 1.208538196806330234e-05
3.614342510700225830e-01 6.816780917517917260e-09 4.413421379467763472e-07 2.625450542836915702e-05 2.605204144856543280e-06 1.140505082730669528e-05
3.732949197292327881e-01 7.043633676317995196e-09 4.301049614241492236e-07 2.921503619290888309e-05 3.605668325690203346e-06 1.268914456886705011e-05
3.442807197570800781e-01 8.763388237298386230e-09 4.155832300511974609e-07 3.226454282412305474e-05 5.037646133132511750e-06 1.420669923390960321e-05
3.029928505420684814e-01 1.341277755528835769e-08 5.257696216176555026e-07 4.182528937235474586e-05 8.093269570963457227e-06 1.856837661762256175e-05
2.718895971775054932e-01 1.888623479828765994e-08 6.401429573088535108e-07 5.185726695344783366e-05 1.320830779150128365e-05 2.144183963537216187e-05
2.358390986919403076e-01 2.754353367606654501e-08 8.428558544437692035e-07 6.276602653088048100e-05 2.096068237733561546e-05 2.619146107463166118e-05
2.440933585166931152e-01 3.328946363012619258e-08 8.730845024729205761e-07 6.920163286849856377e-05 2.777848749246913940e-05 2.562102235970087349e-05
2.324925661087036133e-01 3.938182402407619520e-08 8.601662671026133467e-07 8.347108814632520080e-05 3.606448080972768366e-05 3.020878830284345895e-05
2.428586035966873169e-01 4.529519159746087098e-08 9.116881187765102368e-07 9.143434726865962148e-05 4.557716965791769326e-05 3.412212026887573302e-05
2.512669265270233154e-01 5.192276120169481146e-08 8.996780138659232762e-07 9.867912012850865722e-05 5.695227810065262020e-05 3.540667967172339559e-05
2.718651890754699707e-01 5.540458047903484839e-08 8.866795724316034466e-07 9.892710659187287092e-05 6.651083822362124920e-05 3.882696182699874043e-05
2.872354686260223389e-01 6.823108833486912772e-08 9.581218591847573407e-07 1.043266893248073757e-04 7.809008093317970634e-05 4.098932913620956242e-05
2.928528189659118652e-01 7.859229356199648464e-08 9.667077165431692265e-07 1.124436748796142638e-04 1.002271601464599371e-04 4.849341348744928837e-05
2.657766938209533691e-01 8.682546592808648711e-08 1.071685801434796304e-06 1.170019750134088099e-04 1.063013405655510724e-04 5.148467243998311460e-05
2.632089555263519287e-01 1.045855029246922641e-07 1.199603161694540177e-06 1.302705350099131465e-04 1.229201006935909390e-04 5.714584767702035606e-05
2.439103275537490845e-01 1.107592950688740530e-07 1.222442733705975115e-06 1.268605847144499421e-04 1.364002091577276587e-04 6.061442036298103631e-05
2.293512225151062012e-01 1.413564376662179711e-07 1.260012822967837565e-06 1.408843527315184474e-04 1.561945828143507242e-04 6.571727135451510549e-05
2.031514793634414673e-01 1.580223880637277034e-07 1.335210640718287323e-06 1.529508881503716111e-04 1.717717677820473909e-04 6.911435048095881939e-05
1.907944530248641968e-01 1.737869155249427422e-07 1.337451521976618096e-06 1.596192450961098075e-04 1.747156056808307767e-04 7.043647929094731808e-05
1.632301956415176392e-01 1.980539821033744374e-07 1.342514906355063431e-06 1.609433093108236790e-04 1.923382951645180583e-04 7.412325066979974508e-05
1.420547515153884888e-01 2.465695274622703437e-07 1.391619321111647878e-06 1.725996262393891811e-04 2.233134437119588256e-04 7.873965660110116005e-05
1.318823099136352539e-01 3.267811905516282422e-07 1.485507937104557641e-06 2.014759083976969123e-04 2.691979752853512764e-04 9.086410864256322384e-05
1.138046309351921082e-01 4.027531019801244838e-07 1.585146833349426743e-06 2.140665746992453933e-04 3.006108454428613186e-04 9.767465235199779272e-05
9.628412127494812012e-02 5.280023742670891806e-07 1.671742666076170281e-06 2.290289849042892456e-04 3.591013664845377207e-04 1.048585036187432706e-04
8.363335579633712769e-02 7.460082542820600793e-07 1.885054302874777932e-06 2.523711009416729212e-04 4.163791891187429428e-04 1.135427373810671270e-04
7.290770113468170166e-02 1.102686383092077449e-06 2.297579840160324238e-06 2.863811096176505089e-04 4.645541193895041943e-04 1.248369808308780193e-04
6.195601075887680054e-02 1.540913103781349491e-06 2.526667003621696495e-06 3.199979255441576242e-04 5.997304106131196022e-04 1.343690528301522136e-04
5.373464152216911316e-02 2.312603783138911240e-06 3.086732931478763930e-06 3.447307972237467766e-04 7.115248590707778931e-04 1.439659390598535538e-04
5.167190358042716980e-02 3.449135419941740111e-06 3.642349611254758202e-06 3.849282802548259497e-04 8.627869538031518459e-04 1.723342284094542265e-04
4.681953042745590210e-02 4.790025286638410762e-06 3.856535840895958245e-06 4.078219644725322723e-04 9.612292633391916752e-04 1.802591868909075856e-04
4.362903162837028503e-02 6.175116141093894839e-06 4.010617431049467996e-06 4.496494075283408165e-04 1.049373415298759937e-03 1.902684889500960708e-04
3.732885420322418213e-02 8.907682968128938228e-06 4.597792667482281104e-06 4.719888966064900160e-04 1.226097927428781986e-03 2.100240526488050818e-04
3.632761910557746887e-02 1.375615556753473356e-05 5.602392775472253561e-06 5.440787062980234623e-04 1.432949444279074669e-03 2.501689305063337088e-04
3.211287036538124084e-02 1.756292658683378249e-05 6.159478743938961998e-06 5.904599092900753021e-04 1.532740425318479538e-03 2.828364376910030842e-04
3.272160887718200684e-02 2.599446270323824137e-05 7.437728982040425763e-06 6.604536902159452438e-04 1.636948320083320141e-03 3.252806782256811857e-04
3.070541284978389740e-02 3.956740329158492386e-05 8.849950063449796289e-06 7.472751894965767860e-04 2.012197393923997879e-03 3.798077523242682219e-04
2.921510487794876099e-02 5.521424100152216852e-05 1.024312496156198904e-05 8.317891042679548264e-04 2.026372822001576424e-03 4.558336804620921612e-04
2.868382818996906281e-02 8.051980694290250540e-05 1.230127418239135295e-05 9.403742151334881783e-04 2.262693131342530251e-03 5.264058127067983150e-04
2.789931744337081909e-02 1.077962515410035849e-04 1.396866809955099598e-05 9.722053073346614838e-04 2.323768334463238716e-03 5.883045378141105175e-04
2.741597592830657959e-02 1.585497084306553006e-04 1.686406176304444671e-05 1.079426612704992294e-03 2.464999910444021225e-03 7.109070429578423500e-04
2.848887816071510315e-02 2.248633099952712655e-04 2.068338835670147091e-05 1.192899071611464024e-03 2.634956268593668938e-03 8.309721015393733978e-04
2.790832705795764923e-02 2.995925606228411198e-04 2.493531428626738489e-05 1.237675314769148827e-03 2.956765471026301384e-03 8.928296156227588654e-04
2.839680202305316925e-02 3.814602387137711048e-04 2.845613016688730568e-05 1.260878168977797031e-03 3.146706381812691689e-03 1.018755370751023293e-03
2.677347883582115173e-02 5.941907293163239956e-04 3.668043427751399577e-05 1.446668407879769802e-03 3.437105799093842506e-03 1.200882252305746078e-03
2.816342003643512726e-02 7.695516105741262436e-04 4.172956687398254871e-05 1.528881723061203957e-03 3.735490143299102783e-03 1.327304984442889690e-03
2.671112865209579468e-02 1.034418120980262756e-03 5.008502921555191278e-05 1.638079294934868813e-03 3.912378568202257156e-03 1.572477980516850948e-03
2.726143971085548401e-02 1.388766104355454445e-03 5.739649714087136090e-05 1.689212280325591564e-03 4.326140508055686951e-03 1.652653445489704609e-03
2.759709767997264862e-02 1.741253421641886234e-03 6.502140604425221682e-05 1.702302484773099422e-03 4.515212494879961014e-03 1.754787284880876541e-03
2.469879202544689178e-02 1.974822720512747765e-03 6.657137419097125530e-05 1.759880105964839458e-03 4.472460597753524780e-03 1.859107054769992828e-03
2.424259856343269348e-02 2.459579613059759140e-03 7.422050839522853494e-05 1.726553542539477348e-03 4.722343757748603821e-03 1.802884507924318314e-03
2.523369900882244110e-02 2.273744903504848480e-03 7.077879854477941990e-05 1.753619057126343250e-03 4.494758322834968567e-03 1.792634488083422184e-03
2.393625676631927490e-02 3.622969845309853554e-03 8.921829430619254708e-05 1.820073113776743412e-03 5.837721750140190125e-03 1.917448709718883038e-03
2.243375964462757111e-02 5.409880541265010834e-03 1.025651436066254973e-04 2.008208539336919785e-03 6.368469446897506714e-03 2.283259993419051170e-03
2.201730757951736450e-02 7.063857745379209518e-03 1.155206336989067495e-04 1.984254224225878716e-03 6.928852293640375137e-03 2.286814618855714798e-03
2.042938023805618286e-02 9.222480468451976776e-03 1.223272993229329586e-04 2.197846770286560059e-03 7.913326844573020935e-03 2.323338761925697327e-03
1.872330345213413239e-02 1.336166728287935257e-02 1.472107833251357079e-04 2.222970360890030861e-03 8.337092585861682892e-03 2.377959666773676872e-03
1.864760741591453552e-02 1.616886258125305176e-02 1.566133578307926655e-04 2.322466811165213585e-03 9.521586820483207703e-03 2.286226022988557816e-03
1.723605394363403320e-02 1.904160156846046448e-02 1.701960864011198282e-04 2.381626050919294357e-03 1.048789825290441513e-02 2.374907955527305603e-03
1.605355367064476013e-02 2.438666298985481262e-02 1.911845756694674492e-04 2.430662745609879494e-03 1.145780831575393677e-02 2.472716150805354118e-03
1.476381253451108932e-02 2.910451777279376984e-02 2.075532684102654457e-04 2.603046828880906105e-03 1.163385994732379913e-02 2.681625541299581528e-03
1.501396764069795609e-02 3.720540180802345276e-02 2.358750934945419431e-04 2.702747238799929619e-03 1.266556512564420700e-02 2.810738747939467430e-03
1.385533716529607773e-02 4.973676055669784546e-02 2.570802171248942614e-04 2.855611266568303108e-03 1.385067403316497803e-02 3.072722116485238075e-03
1.308783795684576035e-02 5.717579647898674011e-02 2.886149159166961908e-04 2.928631147369742393e-03 1.415888685733079910e-02 3.272293368354439735e-03
1.192100625485181808e-02 7.026018947362899780e-02 3.245054394938051701e-04 3.057398134842514992e-03 1.404741592705249786e-02 3.393301973119378090e-03
1.154332142323255539e-02 8.163659274578094482e-02 3.797413373831659555e-04 3.292323555797338486e-03 1.441243570297956467e-02 3.536973614245653152e-03
1.070956606417894363e-02 1.094883456826210022e-01 4.035698366351425648e-04 3.401263616979122162e-03 1.530729886144399643e-02 3.827321110293269157e-03
9.400621056556701660e-03 1.489317715167999268e-01 4.780394083354622126e-04 3.506067208945751190e-03 1.535692717880010605e-02 3.992268349975347519e-03
8.913392201066017151e-03 1.795508265495300293e-01 4.878637555520981550e-04 3.684808732941746712e-03 1.592192240059375763e-02 4.134194459766149521e-03
8.740091696381568909e-03 1.978173404932022095e-01 4.590560565702617168e-04 3.666000440716743469e-03 1.687681302428245544e-02 4.112308844923973083e-03
8.132747374475002289e-03 2.345697432756423950e-01 4.711368819698691368e-04 3.565956139937043190e-03 1.561107113957405090e-02 3.988577052950859070e-03
7.885019294917583466e-03 2.524704635143280029e-01 4.706602485384792089e-04 3.566602477803826332e-03 1.591023243963718414e-02 3.957645967602729797e-03
7.358060684055089951e-03 2.881737053394317627e-01 4.864828079007565975e-04 3.567392937839031219e-03 1.584720425307750702e-02 4.072470590472221375e-03
6.806554738432168961e-03 3.261122703552246094e-01 4.903135704807937145e-04 3.475435078144073486e-03 1.573048718273639679e-02 3.703252645209431648e-03
6.630066316574811935e-03 3.758184313774108887e-01 4.751924716401845217e-04 3.331002080813050270e-03 1.621769927442073822e-02 3.651333739981055260e-03
1.924816370010375977e-01 9.136321637015498709e-07 4.712356712843757123e-06 2.791705992422066629e-05 4.182757402304559946e-05 1.906524412333965302e-04
8.523104339838027954e-02 8.575241849939629901e-08 1.453952791052870452e-06 6.030902659404091537e-05 2.576590850367210805e-05 6.383111031027510762e-05
1.633813530206680298e-01 3.866914966010881471e-08 1.591068780726345722e-06 8.505153527949005365e-05 2.168825267290230840e-05 4.227383396937511861e-05
1.451624780893325806e-01 2.602468107681943366e-08 1.179259697892121039e-06 8.558850095141679049e-05 1.564400918141473085e-05 1.926914228533860296e-05
1.072842776775360107e-01 2.349364258691366558e-08 1.556391794110822957e-06 8.240787428803741932e-05 1.562944635224994272e-05 1.988825351872947067e-05
9.960588067770004272e-02 1.896842150017619133e-08 1.758132839313475415e-06 5.745773523813113570e-05 1.051683375408174470e-05 1.782592516974546015e-05
1.168201640248298645e-01 1.643130964623651380e-08 1.591969976288964972e-06 5.215432975091971457e-05 7.554584044555667788e-06 1.822467493184376508e-05
1.493116170167922974e-01 1.370725311033993421e-08 1.201334043798851781e-06 4.236548920744098723e-05 6.800933988415636122e-06 1.694940328889060766e-05
1.822148263454437256e-01 1.236353774913823145e-08 9.678236665422446094e-07 3.917852882295846939e-05 6.825421678513521329e-06 1.708106537989806384e-05
2.134517133235931396e-01 1.187812603831162050e-08 8.659199579597043339e-07 3.628142076195217669e-05 7.508230282837757841e-06 1.582948425493668765e-05
2.372246384620666504e-01 1.136863758688377857e-08 6.988255449869029690e-07 3.624702367233112454e-05 8.524234544893261045e-06 1.388038162986049429e-05
2.435642033815383911e-01 1.242671743284518016e-08 7.886866342232679017e-07 4.041809006594121456e-05 9.998922905651852489e-06 1.595662615727633238e-05
2.732226848602294922e-01 1.320415243810657557e-08 7.430433015542803332e-07 4.376607466838322580e-05 1.014667577692307532e-05 1.630877159186638892e-05
3.047747611999511719e-01 1.191834275715564218e-08 5.743258384427463170e-07 4.089810681762173772e-05 9.593949471309315413e-06 1.442549546482041478e-05
3.065181672573089600e-01 1.222687284752055348e-08 5.600599592980870511e-07 4.107004860998131335e-05 1.065426840796135366e-05 1.505925501987803727e-05
3.233557045459747314e-01 1.419632500443412937e-08 5.944268082203052472e-07 4.484556120587512851e-05 1.197497022076277062e-05 1.635426997381728142e-05
3.184023201465606689e-01 1.491417123133942368e-08 5.974883947601483669e-07 4.514132888289168477e-05 1.327813424722990021e-05 1.684671588009223342e-05
