3.966238204881566650e-04
6.475399862010804706e-04
2.417637157249282950e-02
1.200735604412734303e-01
4.440268673927035836e-01
5.009854685693079235e-01
3.191920861074408200e-01
1.960942166795007213e-01
3.496476329545644690e-01
5.514141837128138102e-01
7.266855332152201141e-01
7.842207638363968281e-01
8.969593415039218698e-01
8.553620160027206598e-01
8.435338123487039486e-01
8.541544861070279326e-01
8.430433086319142344e-01
8.297364412628066566e-01
7.795646654159263944e-01
7.718148246710981875e-01
7.460476733923633308e-01
6.851255927688013614e-01
6.173995427815174297e-01
5.697499308523962247e-01
5.518300279267096542e-01
5.535745900787732987e-01
5.578534091446203380e-01
5.022643766366561291e-01
4.484015824422675767e-01
3.995781387832041953e-01
3.698446691529571617e-01
3.524716424773564061e-01
3.368467542361802125e-01
2.999413821512835199e-01
2.643978915713955935e-01
2.580120338583242190e-01
2.083658240429260011e-01
1.932415784633769174e-01
1.768916634940986554e-01
1.557997271554640850e-01
1.539645965743344225e-01
1.368192629481146394e-01
1.322489215665237638e-01
1.252258956909779453e-01
1.151823306728004676e-01
1.055724636286553553e-01
1.035694966415759144e-01
9.611145472916887700e-02
9.885589196943214696e-02
9.079773512932021173e-02
9.200862009403189268e-02
8.749134226283108995e-02
8.483672685660487156e-02
7.836266954067040713e-02
7.229479218075725300e-02
7.669681325221291979e-02
7.338767826200641442e-02
6.575271176218622227e-02
6.622809923394556986e-02
6.112673522510558843e-02
6.375519676226253096e-02
6.202990782261256358e-02
6.065067489609793361e-02
6.339996039543802087e-02
6.048624425389127063e-02
5.681878051868482354e-02
5.616707679620256549e-02
5.529943198312820690e-02
5.255748800157267892e-02
5.155536851967497392e-02
5.024277150379870965e-02
4.680531434084064801e-02
4.616550544409721291e-02
4.354574035644400570e-02
4.284507474761953955e-02
4.334242686078580015e-02
4.172238938577092077e-02
6.127380246341702641e-01
4.987698694745423822e-01
7.743359931288186226e-01
7.047441192092154250e-01
5.558712269944576789e-01
4.411145568776002057e-01
3.524303493202003423e-01
4.038433532285239380e-01
4.857644421526742251e-01
5.891424141262711078e-01
7.215480008249782751e-01
7.246792019418991648e-01
7.623258783699732311e-01
9.025179166215944182e-01
9.980992612285496390e-01
1.092259162638187453e+00
1.118418746385466234e+00
1.138630935697779512e+00
1.014867453758484750e+00
9.744391670314843656e-01
8.188545145476898712e-01
7.549079313757869336e-01
7.250809991085839235e-01
7.097071142726921744e-01
