3.699461012729443610e-05 9.648207342252135277e-04 7.370839011855423450e-04 5.172743112780153751e-04 2.497317036613821983e-04 8.151444490067660809e-05
2.083241706714034081e-03 1.126725765061564744e-04 8.105987799353897572e-04 7.183945272117853165e-04 7.932284643175080419e-05 8.873527258401736617e-05
2.125080861151218414e-02 8.564825861867575441e-07 6.849404890090227127e-04 1.138044390245340765e-04 2.203744588769041002e-05 7.367336365859955549e-06
9.762229025363922119e-02 3.159681227771216072e-07 2.503865689504891634e-04 1.588122722750995308e-05 8.136982614814769477e-06 3.080308033531764522e-06
1.282230168581008911e-01 4.019401558252866380e-07 3.105267242062836885e-04 1.114983660954749212e-05 9.159281034953892231e-06 2.235460897281882353e-06
1.204700842499732971e-01 1.810915364330867305e-07 2.911078045144677162e-04 3.535142241162247956e-06 3.316926267871167511e-06 1.070116127266373951e-06
1.666759848594665527e-01 2.262784022377672954e-07 2.222926996182650328e-04 4.272489150025648996e-06 3.281042836533742957e-06 1.502809936937410384e-06
2.368416488170623779e-01 2.204108113801339641e-07 1.054231324815191329e-04 4.500621344050159678e-06 2.483254320395644754e-06 1.921499688251060434e-06
2.724472582340240479e-01 1.959773356929872534e-07 6.347414455376565456e-05 4.627732323569944128e-06 2.184231334467767738e-06 2.226442802566452883e-06
3.084169924259185791e-01 1.505728306483433698e-07 4.762658500112593174e-05 3.580202701414236799e-06 1.951831336555187590e-06 2.542870561228482984e-06
3.282603323459625244e-01 1.774469211568430183e-07 4.794509368366561830e-05 4.148334483033977449e-06 2.075371185128460638e-06 3.424284159336821176e-06
3.528900742530822754e-01 1.513065512881439645e-07 3.243409810238517821e-05 3.528555225784657523e-06 1.866442630671372171e-06 4.051806172356009483e-06
3.344779014587402344e-01 1.509026503754284931e-07 3.098596425843425095e-05 3.487330786811071448e-06 1.868207959887513425e-06 5.302883437252603471e-06
3.143320977687835693e-01 1.503124309465420083e-07 2.971180947497487068e-05 3.316225047456100583e-06 1.947068540175678208e-06 6.208186732692411169e-06
3.136146366596221924e-01 1.818202974845917197e-07 3.047435529879294336e-05 3.744038849617936648e-06 2.216846269220695831e-06 8.262182745966129005e-06
3.233458101749420166e-01 2.011265820556218387e-07 2.769938328128773719e-05 4.493458163778996095e-06 2.453106162647600286e-06 9.645071259001269937e-06
3.036142587661743164e-01 2.195077399846923072e-07 2.654506533872336149e-05 5.005024377169320360e-06 2.758869868557667360e-06 1.134870763053186238e-05
2.802006006240844727e-01 2.837290651314106071e-07 3.042877324332948774e-05 6.014124210196314380e-06 3.284637159595149569e-06 1.482752304582390934e-05
2.795279026031494141e-01 2.772245579762966372e-07 2.700264303712174296e-05 5.898225936107337475e-06 3.069470039918087423e-06 1.572555629536509514e-05
2.705860137939453125e-01 2.960584026823198656e-07 2.659474739630240947e-05 6.048816430848091841e-06 3.087512823185534216e-06 1.666976277192588896e-05
2.669476866722106934e-01 3.860795345644874033e-07 2.655473144841380417e-05 6.961440703889820725e-06 3.446008804530720226e-06 1.997058643610216677e-05
2.654984593391418457e-01 4.104248887415451463e-07 2.691824920475482941e-05 6.698737252008868381e-06 3.500902948871953413e-06 2.024292734859045595e-05
2.671957015991210938e-01 4.326206806126720039e-07 2.690407745831180364e-05 6.411637968994909897e-06 3.527748049236834049e-06 1.985498784051742405e-05
2.601521909236907959e-01 5.117071850690990686e-07 2.691004920052364469e-05 6.443111942644463852e-06 3.854302576655754820e-06 2.168838364013936371e-05
2.537968158721923828e-01 6.804784220548754092e-07 3.046874553547240794e-05 7.302518952201353386e-06 4.962827006238512695e-06 2.659095298440661281e-05
2.565352320671081543e-01 7.703167739236960188e-07 2.758901064225938171e-05 6.861477686470607296e-06 5.053949735156493261e-06 2.706573832256253809e-05
2.412261664867401123e-01 9.290428693020658102e-07 2.863910231098998338e-05 7.083112905093003064e-06 5.706022420781664550e-06 3.046172241738531739e-05
2.392660975456237793e-01 1.025233018481230829e-06 2.881333784898743033e-05 6.949506314413156360e-06 5.990574209135957062e-06 3.201501385774463415e-05
2.290870249271392822e-01 1.318132376582070719e-06 3.303348421468399465e-05 7.467258001270238310e-06 6.566426236531697214e-06 3.514900527079589665e-05
2.212620228528976440e-01 1.563282125971454661e-06 3.518990706652402878e-05 7.427126547554507852e-06 6.596380444534588605e-06 3.603365621529519558e-05
2.021106034517288208e-01 2.148674184354604222e-06 4.159441232332028449e-05 8.575154424761421978e-06 7.689387530263047665e-06 4.122760583413764834e-05
1.961515545845031738e-01 2.838327645804383792e-06 4.684895975515246391e-05 8.834094842313788831e-06 8.147341759467963129e-06 4.650043047149665654e-05
1.841686367988586426e-01 3.806054792221402749e-06 5.341301584849134088e-05 9.961840987671166658e-06 9.341883924207650125e-06 5.276345837046392262e-05
1.806597262620925903e-01 4.212050498608732596e-06 5.626552956528030336e-05 1.004714613372925669e-05 9.321833204012364149e-06 5.349861385184340179e-05
1.742686480283737183e-01 5.566795152844861150e-06 6.106641376391053200e-05 1.122083176596788689e-05 1.045775752572808415e-05 6.175402086228132248e-05
1.717339158058166504e-01 7.156633273552870378e-06 6.249127909541130066e-05 1.216095188283361495e-05 1.117649389925645664e-05 6.461448356276378036e-05
1.643372178077697754e-01 9.204829439113382250e-06 7.159180677263066173e-05 1.338005313300527632e-05 1.218708166561555117e-05 7.103010284481570125e-05
1.558389514684677124e-01 1.246699503099080175e-05 8.155927935149520636e-05 1.527558015368413180e-05 1.314434575760969892e-05 8.508180326316505671e-05
1.493985056877136230e-01 1.619181603018660098e-05 9.063888137461617589e-05 1.706193870631977916e-05 1.366618471365654841e-05 1.016038950183428824e-04
1.420146375894546509e-01 1.918302950798533857e-05 9.445848263567313552e-05 1.827368578233290464e-05 1.445702582714147866e-05 1.089961078832857311e-04
1.412863582372665405e-01 2.435779060760978609e-05 9.669129212852567434e-05 1.986152528843376786e-05 1.520528621767880395e-05 1.192033159895800054e-04
1.350347250699996948e-01 3.015147194673772901e-05 1.031350475386716425e-04 2.209331250924151391e-05 1.579894160386174917e-05 1.314524124609306455e-04
1.283773332834243774e-01 3.533493872964754701e-05 1.092088932637125254e-04 2.318805127288214862e-05 1.587859696883242577e-05 1.433606375940144062e-04
1.171833351254463196e-01 4.656665259972214699e-05 1.325331395491957664e-04 2.545454117353074253e-05 1.787496876204386353e-05 1.739726139931008220e-04
1.082746088504791260e-01 6.105613283580169082e-05 1.469741109758615494e-04 2.944782318081706762e-05 1.829847315093502402e-05 1.984021946555003524e-04
1.084791868925094604e-01 7.298737909877672791e-05 1.562910038046538830e-04 3.180543717462569475e-05 1.841254197643138468e-05 2.180096053052693605e-04
1.023367270827293396e-01 8.644811896374449134e-05 1.754657860146835446e-04 3.434661630308255553e-05 1.864375190052669495e-05 2.267874951940029860e-04
9.775999188423156738e-02 1.055291431839577854e-04 1.950392033904790878e-04 3.695382838486693799e-05 1.950513797055464238e-05 2.504085423424839973e-04
9.533507376909255981e-02 1.280392316402867436e-04 2.056163357337936759e-04 4.016076127300038934e-05 1.986663482966832817e-05 2.653835399542003870e-04
9.004547446966171265e-02 1.679013221291825175e-04 2.305182424606755376e-04 4.584566704579629004e-05 2.095887066388968378e-05 2.875990176107734442e-04
8.979023993015289307e-02 1.890618877951055765e-04 2.467492886353284121e-04 4.849023389397189021e-05 2.078730176435783505e-05 3.001001896336674690e-04
8.543813973665237427e-02 2.392167807556688786e-04 2.750852727331221104e-04 5.550725472858175635e-05 2.350680370000191033e-05 3.364401927683502436e-04
8.119326084852218628e-02 2.845063863787800074e-04 2.965134917758405209e-04 6.015336475684307516e-05 2.404134465905372053e-05 3.532447153702378273e-04
8.011800795793533325e-02 3.589580010157078505e-04 3.220014914404600859e-04 6.840825517429038882e-05 2.493559259164612740e-05 3.893100074492394924e-04
7.668211311101913452e-02 4.219787078909575939e-04 3.476490383036434650e-04 7.415179425152018666e-05 2.711405431909952313e-05 4.104193940293043852e-04
7.267840206623077393e-02 5.154579412192106247e-04 3.852969384752213955e-04 7.936581823742017150e-05 2.740678428381215781e-05 4.469249979592859745e-04
7.255617529153823853e-02 6.361697451211512089e-04 4.448323161341249943e-04 8.641983731649816036e-05 2.932001189037691802e-05 4.725781909655779600e-04
6.822154670953750610e-02 7.381538744084537029e-04 4.268783377483487129e-04 9.350157779408618808e-05 3.170598574797622859e-05 5.053686327300965786e-04
6.783513724803924561e-02 8.956261444836854935e-04 4.778301517944782972e-04 9.966122161131352186e-05 2.993731322931125760e-05 5.528393085114657879e-04
6.768316030502319336e-02 1.108283177018165588e-03 5.346585530787706375e-04 1.134536651079542935e-04 3.278149233665317297e-05 5.925574805587530136e-04
6.690332293510437012e-02 1.185146276839077473e-03 5.646144272759556770e-04 1.116045241360552609e-04 3.232992457924410701e-05 5.999142304062843323e-04
6.500793248414993286e-02 1.388827571645379066e-03 5.982873844914138317e-04 1.180138060590252280e-04 3.398773333174176514e-05 6.136001902632415295e-04
6.476231664419174194e-02 1.613477244973182678e-03 6.891112425364553928e-04 1.283886376768350601e-04 3.397518230485729873e-05 6.301765097305178642e-04
6.275079399347305298e-02 1.897893031127750874e-03 7.261057617142796516e-04 1.392574195051565766e-04 3.643834497779607773e-05 6.809936021454632282e-04
5.825553089380264282e-02 2.331899479031562805e-03 7.632679189555346966e-04 1.526649430161342025e-04 3.901381205650977790e-05 7.361770258285105228e-04
5.769217386841773987e-02 2.609318587929010391e-03 8.286655647680163383e-04 1.573388290125876665e-04 3.947054574382491410e-05 7.331690867431461811e-04
5.424422770738601685e-02 3.235871205106377602e-03 9.387804311700165272e-04 1.791226677596569061e-04 4.302358138374984264e-05 8.150644134730100632e-04
5.446742847561836243e-02 3.858729964122176170e-03 9.916952112689614296e-04 1.958462235052138567e-04 4.607722439686767757e-05 8.475371869280934334e-04
5.228397622704505920e-02 4.625013098120689392e-03 1.086373231373727322e-03 2.173417888116091490e-04 4.632410127669572830e-05 8.640218875370919704e-04
5.030103027820587158e-02 5.368676502257585526e-03 1.086523989215493202e-03 2.334841265110298991e-04 4.905321839032694697e-05 8.833003230392932892e-04
5.171493068337440491e-02 5.495595745742321014e-03 1.115263323299586773e-03 2.395754854660481215e-04 5.045900616096332669e-05 9.140493348240852356e-04
5.218315124511718750e-02 5.142164416611194611e-03 1.152218086645007133e-03 2.355059550609439611e-04 4.953969619236886501e-05 8.804684621281921864e-04
5.076719820499420166e-02 7.182522211223840714e-03 1.228795852512121201e-03 2.766502148006111383e-04 5.269893517834134400e-05 9.824653388932347298e-04
4.959877207875251770e-02 9.108826518058776855e-03 1.232032198458909988e-03 2.968648041132837534e-04 5.758780753239989281e-05 1.070978469215333462e-03
4.911921173334121704e-02 1.009546685963869095e-02 1.304687350057065487e-03 3.056683344766497612e-04 5.913107452215626836e-05 1.100120018236339092e-03
4.838257282972335815e-02 1.067502424120903015e-02 1.277620904147624969e-03 3.067759680561721325e-04 5.990581848891451955e-05 1.092577353119850159e-03
4.756209626793861389e-02 1.204624772071838379e-02 1.380245899781584740e-03 3.343873540870845318e-04 6.155041774036362767e-05 1.137689105235040188e-03
4.644089564681053162e-02 1.385858282446861267e-02 1.390666817314922810e-03 3.592397843021899462e-04 6.083393964217975736e-05 1.152415759861469269e-03
4.628377407789230347e-02 1.377779431641101837e-02 1.448234077543020248e-03 3.460146253928542137e-04 6.137515447335317731e-05 1.237509306520223618e-03
4.519798606634140015e-02 1.890855468809604645e-02 1.610260922461748123e-03 4.077075282111763954e-04 6.525967182824388146e-05 1.329195918515324593e-03
4.537690058350563049e-02 1.981852017343044281e-02 1.699152635410428047e-03 4.087061097379773855e-04 6.939837476238608360e-05 1.330512459389865398e-03
4.444636031985282898e-02 2.375486306846141815e-02 1.664114650338888168e-03 4.388658562675118446e-04 7.145233394112437963e-05 1.428723917342722416e-03
4.494102671742439270e-02 2.653472125530242920e-02 1.619419082999229431e-03 4.635944787878543139e-04 7.426394586218520999e-05 1.465336186811327934e-03
4.478085041046142578e-02 2.997856214642524719e-02 1.779975718818604946e-03 4.696782561950385571e-04 7.523245585616677999e-05 1.519725075922906399e-03
4.544379562139511108e-02 3.116296790540218353e-02 1.605847035534679890e-03 4.805339849554002285e-04 7.546631968580186367e-05 1.516744494438171387e-03
4.255925863981246948e-02 3.359246253967285156e-02 1.750869909301400185e-03 4.895569873042404652e-04 7.948128768475726247e-05 1.598317758180201054e-03
4.208979010581970215e-02 3.791563585400581360e-02 1.788320951163768768e-03 5.268841050565242767e-04 7.995476335054263473e-05 1.607569283805787563e-03
4.217419773340225220e-02 3.675723448395729065e-02 1.687059062533080578e-03 5.314869922585785389e-04 8.211508247768506408e-05 1.578380120918154716e-03
3.969921171665191650e-02 4.426322132349014282e-02 1.997505314648151398e-03 5.706298979930579662e-04 8.566855103708803654e-05 1.589441439136862755e-03
3.777258843183517456e-02 5.262164399027824402e-02 2.060520928353071213e-03 6.234578322619199753e-04 8.892420009942725301e-05 1.624559401534497738e-03
3.618819639086723328e-02 6.324084848165512085e-02 2.052769064903259277e-03 6.568956887349486351e-04 9.194085578201338649e-05 1.606454956345260143e-03
3.688309341669082642e-02 6.894648820161819458e-02 2.002722583711147308e-03 6.736565264873206615e-04 9.518031583866104484e-05 1.691247918643057346e-03
3.664825856685638428e-02 6.935707479715347290e-02 2.000243868678808212e-03 6.627808907069265842e-04 9.273162868339568377e-05 1.725658657960593700e-03
3.483563289046287537e-02 8.976836502552032471e-02 2.121225232258439064e-03 7.602262776345014572e-04 9.671406587585806847e-05 1.739205094054341316e-03
3.367369994521141052e-02 1.002312675118446350e-01 2.243158407509326935e-03 7.967330748215317726e-04 9.845040767686441541e-05 1.805145526304841042e-03
3.237329795956611633e-02 1.077034622430801392e-01 2.291402779519557953e-03 7.961210212670266628e-04 9.978440357372164726e-05 1.840550685301423073e-03
3.101833723485469818e-02 1.170693486928939819e-01 2.320467960089445114e-03 8.372251177206635475e-04 1.077232009265571833e-04 1.876204973086714745e-03
3.085562959313392639e-02 1.283498853445053101e-01 2.284232527017593384e-03 8.668071241118013859e-04 1.051247527357190847e-04 1.887377700768411160e-03
3.076949715614318848e-02 1.419218033552169800e-01 2.247865544632077217e-03 9.007884655147790909e-04 1.078460918506607413e-04 1.792030758224427700e-03
2.928943932056427002e-02 1.557798832654953003e-01 2.462797332555055618e-03 9.289789013564586639e-04 1.114021142711862922e-04 1.884547411464154720e-03
2.899032458662986755e-02 1.719248145818710327e-01 2.323422115296125412e-03 9.614005684852600098e-04 1.067781849997118115e-04 1.798896118998527527e-03
