4.593177698552608490e-03 1.786888969945721328e-05 5.052296546637080610e-05 3.033972279808949679e-05 3.509446105454117060e-05 3.438286948949098587e-04
2.049942612648010254e-01 9.992202649300452322e-06 2.913274875027127564e-05 2.198015317844692618e-05 1.889680788735859096e-05 1.118298023357056081e-04
8.152844905853271484e-01 4.157079125377549644e-10 1.649666514502712289e-09 3.738449994017400968e-09 6.606580615908796972e-09 9.868892369979676005e-09
9.020847678184509277e-01 1.207556554749800171e-10 7.626055342768722767e-10 5.306579620167894973e-10 1.318820719298230415e-09 2.427881451438906879e-09
8.487063646316528320e-01 5.620043874721147859e-10 3.713469531874125096e-09 1.282902672983254888e-09 4.172180823047710874e-09 1.144697758803658871e-08
8.972892165184020996e-01 1.281878936332248031e-09 8.196380463232344482e-09 1.763479695604530662e-09 6.665949126016812443e-09 1.533015492327649554e-08
9.202572703361511230e-01 2.210154947945852655e-09 1.362845836183623760e-08 2.327573023208628911e-09 1.119762060852735885e-08 1.874883714947372937e-08
9.404382705688476562e-01 3.088355349234461755e-09 1.695465634554693679e-08 2.368963247789679372e-09 1.465445986781332977e-08 2.340539140277542174e-08
9.476257562637329102e-01 3.995361819164600092e-09 2.122998488118810201e-08 2.576717950120155365e-09 1.633111423871014267e-08 3.093124689712567488e-08
9.645786881446838379e-01 3.673199300280316493e-09 1.926440518218441866e-08 2.078929473015023177e-09 1.284290007674826484e-08 2.332776816160730959e-08
9.754471182823181152e-01 2.596208803495869688e-09 1.322690224014877458e-08 1.335083932296754483e-09 8.333594259113397129e-09 1.254358572566616203e-08
9.838010668754577637e-01 1.945379413115233547e-09 9.499780517785438860e-09 9.481021523427557440e-10 5.440083938879070047e-09 7.775279975419380207e-09
9.857506752014160156e-01 1.811132577245189168e-09 8.461132239290236612e-09 7.858034223318099976e-10 4.300760636510858603e-09 6.869241175877505157e-09
9.871670603752136230e-01 1.855875342293700214e-09 8.292222908323765296e-09 7.408723079471712936e-10 4.098892780746155040e-09 6.903533300572917142e-09
9.888576269149780273e-01 1.718596043254194683e-09 7.652907640931516653e-09 6.669165220074546596e-10 3.475880028247502196e-09 6.213610515004575063e-09
9.888643026351928711e-01 2.273396138008365597e-09 9.573710713084437884e-09 8.721814936940575080e-10 4.101869510719780010e-09 7.541197888372153102e-09
9.880120754241943359e-01 2.809562138494925421e-09 1.136550586977591593e-08 1.123508064360123626e-09 4.986290935704573712e-09 9.320238802956737345e-09
9.871748089790344238e-01 3.518241475930494744e-09 1.313829223192897189e-08 1.310279995614394011e-09 6.066941615756604733e-09 1.059956655780069923e-08
9.873865246772766113e-01 3.879358612124406136e-09 1.386882253484600369e-08 1.382433945096295247e-09 6.131732899206099319e-09 1.043277642054363241e-08
9.873578548431396484e-01 4.469483450009192893e-09 1.508489688717418176e-08 1.497846402465086157e-09 6.575940236785982052e-09 1.026430940243017176e-08
9.872238636016845703e-01 5.422161830637151070e-09 1.707530472572216240e-08 1.664113735699856989e-09 7.410171143362731527e-09 1.108435743191193978e-08
9.867048859596252441e-01 6.433947596917732881e-09 2.044719771276959364e-08 1.890363421352958540e-09 8.087019942593087762e-09 1.231872648332910103e-08
9.860442876815795898e-01 7.968704807126414380e-09 2.504745744147385267e-08 2.080621230859946991e-09 8.752493840802344494e-09 1.210550681918221017e-08
9.853209853172302246e-01 1.014206318927790562e-08 2.991985681433106947e-08 2.455615488727858065e-09 1.046757969191958182e-08 1.353257506053751058e-08
9.859806299209594727e-01 9.996217187335787457e-09 2.809868249187275069e-08 2.440295743255660454e-09 9.841766512863614480e-09 1.221740753010180924e-08
9.850790500640869141e-01 1.275119920762790571e-08 3.305958529153940617e-08 2.963751466467101636e-09 1.113996539459094492e-08 1.277551842093771484e-08
9.834243655204772949e-01 1.561071982791872870e-08 3.769059020442000474e-08 3.495568723366204722e-09 1.307445440801302539e-08 1.409813599195786082e-08
9.817646741867065430e-01 2.045755209678645770e-08 4.665164254902265384e-08 4.264042896551245576e-09 1.514334613261780760e-08 1.688602324634302931e-08
9.788984060287475586e-01 2.740950932889063552e-08 5.845783945801485970e-08 5.129066948938998394e-09 1.726745324504008749e-08 2.037601198878746800e-08
9.783009886741638184e-01 3.145597560205715126e-08 6.171386957021240960e-08 5.799734914546661457e-09 1.884573386234933423e-08 1.940080451845460630e-08
9.771543145179748535e-01 3.645159551979304524e-08 6.812952335621957900e-08 6.511919004026367475e-09 1.989436348992512649e-08 2.034964197150657128e-08
9.737966060638427734e-01 4.573400858021159365e-08 7.705674676117268973e-08 7.516308464516896493e-09 2.269592158654631930e-08 2.356422257321355573e-08
9.706247448921203613e-01 6.522125772789877374e-08 1.012060408811521484e-07 9.921196308937396680e-09 2.761178308219314204e-08 2.802435972171224421e-08
9.685248732566833496e-01 7.121162326484409277e-08 1.074153459512672271e-07 1.050633890997687558e-08 2.882097938083916233e-08 2.932508458286520181e-08
9.619932174682617188e-01 1.036354788652715797e-07 1.449132582820311654e-07 1.442836694565130529e-08 3.685973126721364679e-08 3.802129810992482817e-08
9.533201456069946289e-01 1.497870982802851358e-07 1.904687962905882159e-07 1.922672510090706055e-08 4.575529644057496625e-08 4.921154328485499718e-08
9.488971829414367676e-01 1.792940338418702595e-07 2.126423908066499280e-07 2.231789864026723080e-08 5.031910887964841095e-08 5.296268668075754249e-08
9.415596127510070801e-01 2.229017468380334321e-07 2.530777010179008357e-07 2.501832874202136736e-08 5.573080485987702559e-08 5.775698852517052728e-08
9.272224903106689453e-01 3.065850933126057498e-07 3.093632585660088807e-07 3.094796241498443123e-08 6.668949481536401436e-08 6.872263469404060743e-08
9.142385721206665039e-01 4.157477917487995001e-07 3.894104452228930313e-07 3.847472385132277850e-08 7.863333451041398803e-08 8.658861361254821531e-08
9.063538908958435059e-01 4.919725142826791853e-07 4.458828186670871219e-07 4.370737372028088430e-08 8.553196551019937033e-08 9.195215255886068917e-08
8.915384411811828613e-01 6.761031272617401555e-07 5.666702804774104152e-07 5.625330956604557286e-08 1.074281570367929817e-07 1.229988981776841683e-07
8.707284331321716309e-01 9.153646942650084384e-07 7.202856977528426796e-07 7.345134633851557737e-08 1.323905820527215838e-07 1.438845487200524076e-07
8.459916710853576660e-01 1.234898604707268532e-06 9.032661409946740605e-07 9.083545648991275812e-08 1.597595229441139963e-07 1.762268908578334958e-07
8.318454027175903320e-01 1.456051791137724649e-06 1.002941530714451801e-06 1.027237246375989344e-07 1.710435952873012866e-07 1.850999638008943293e-07
8.130028247833251953e-01 1.736035642352362629e-06 1.094436242965457495e-06 1.156637026156204229e-07 1.868342707211922971e-07 1.914844887096478487e-07
7.933095097541809082e-01 2.270641289214836434e-06 1.325494508819247130e-06 1.408415641890314873e-07 2.112649610808148282e-07 2.119476789630425628e-07
7.841101288795471191e-01 2.895450961659662426e-06 1.524400545349635649e-06 1.749717597476774245e-07 2.440858395402756287e-07 2.352083043888342218e-07
7.771990895271301270e-01 3.098962451986153610e-06 1.567909748700913042e-06 1.761835477509521297e-07 2.398119249846786261e-07 2.376542909132695058e-07
7.414866089820861816e-01 4.212219664623262361e-06 1.865838044068368617e-06 2.302386832297997898e-07 2.809532588798901998e-07 2.535281282689538784e-07
7.251610159873962402e-01 4.951182290824363008e-06 2.098430513797211461e-06 2.522299951124296058e-07 3.066670331008936046e-07 2.628744084631762234e-07
7.155840396881103516e-01 5.543054612644482404e-06 2.209278136433567852e-06 2.607845601687586168e-07 3.167686770666477969e-07 2.572880930529208854e-07
6.739824414253234863e-01 7.905578058853279799e-06 2.870797970899729989e-06 3.402483912395837251e-07 3.631457161645812448e-07 3.176291727413627086e-07
6.644663810729980469e-01 1.026234167511574924e-05 3.296172053524060175e-06 4.206933397199463798e-07 3.997844544301187852e-07 3.412263254176650662e-07
6.361365318298339844e-01 1.204281124955741689e-05 3.726670911419205368e-06 4.514902229857398197e-07 4.222466429837368196e-07 3.447098606557119638e-07
5.883083343505859375e-01 1.777069883246440440e-05 4.760075626109028235e-06 6.026295977790141478e-07 5.384875407798972446e-07 3.952069675960956374e-07
5.848518013954162598e-01 1.891641477413941175e-05 4.794770575244911015e-06 6.143618520582094789e-07 5.338441724234144203e-07 4.056604439028888009e-07
5.574610829353332520e-01 2.807166856655385345e-05 6.052956450730562210e-06 8.055760076786100399e-07 6.210196374922816176e-07 4.275134983799944166e-07
5.291774272918701172e-01 3.435403050389140844e-05 6.812780611653579399e-06 9.113052215070638340e-07 6.940353500795026775e-07 4.284215435745863942e-07
5.207527279853820801e-01 4.476800313568674028e-05 7.756450941087678075e-06 1.119149260375706945e-06 8.087911851362150628e-07 4.714435135610983707e-07
5.048236846923828125e-01 6.132992712082341313e-05 9.085712008527480066e-06 1.450467721042514313e-06 9.844229680311400443e-07 4.982579184797941707e-07
4.964212775230407715e-01 7.530522998422384262e-05 1.035599507304141298e-05 1.705856448097620159e-06 1.124387267736892682e-06 5.421048285825236235e-07
4.759471714496612549e-01 1.075670297723263502e-04 1.264383354282472283e-05 2.382187858529505320e-06 1.455903657188173383e-06 6.036875106474326458e-07
4.356356859207153320e-01 1.514869945822283626e-04 1.588367376825772226e-05 2.977352778543718159e-06 1.798801577024278231e-06 6.794283535782597028e-07
4.026727378368377686e-01 1.832177222240716219e-04 1.677021464274730533e-05 3.447086101004970260e-06 2.013131052081007510e-06 6.735836564075725619e-07
3.931688368320465088e-01 2.423065307084470987e-04 1.978576256078667939e-05 4.343864929978735745e-06 2.261514055135194212e-06 7.443605340995418373e-07
3.729262053966522217e-01 2.773584856186062098e-04 2.185714583902154118e-05 4.662432729674037546e-06 2.528614004404516891e-06 7.893686415627598763e-07
3.248764276504516602e-01 3.749554743990302086e-04 2.532310099923051894e-05 5.831810085510369390e-06 3.032650283785187639e-06 8.959872843661287334e-07
3.263331651687622070e-01 4.804958880413323641e-04 2.924874024756718427e-05 7.113899755495367572e-06 3.370070317032514140e-06 9.518846582068363205e-07
3.202259242534637451e-01 5.837071803398430347e-04 3.248192297178320587e-05 8.490710570185910910e-06 3.929213107767282054e-06 1.013842506836226676e-06
3.144800961017608643e-01 7.241709972731769085e-04 3.642831507022492588e-05 9.999775102187413722e-06 4.280080247553996742e-06 1.142106498264183756e-06
2.817842960357666016e-01 1.016471534967422485e-03 4.580610766424797475e-05 1.259786949958652258e-05 5.085603334009647369e-06 1.284977656723640393e-06
2.817273139953613281e-01 1.206791610457003117e-03 4.843153146794065833e-05 1.428413452231325209e-05 5.839002824359340593e-06 1.334567173216782976e-06
2.825172841548919678e-01 1.603763434104621410e-03 5.672143379342742264e-05 1.796919605112634599e-05 6.840818059572484344e-06 1.451529897167347372e-06
2.593578100204467773e-01 1.787096611224114895e-03 6.008120180922560394e-05 1.946206793945748359e-05 7.478556199203012511e-06 1.585078393873118330e-06
2.467693984508514404e-01 2.413201378658413887e-03 6.862730515422299504e-05 2.291772580065298826e-05 8.676614925207104534e-06 1.635977241676300764e-06
2.330865710973739624e-01 2.965210704132914543e-03 7.722097507212311029e-05 2.668996239663101733e-05 9.866880645859055221e-06 1.840330924096633680e-06
2.165507376194000244e-01 3.684014081954956055e-03 8.744639490032568574e-05 3.002494668180588633e-05 1.054120457411045209e-05 1.873710516520077363e-06
2.191915661096572876e-01 4.459938034415245056e-03 9.373677312396466732e-05 3.316211223136633635e-05 1.148191859101643786e-05 2.010006028285715729e-06
2.142244130373001099e-01 5.139211658388376236e-03 1.007031314657069743e-04 3.543352795531973243e-05 1.205096032208530232e-05 2.044124812528025359e-06
1.988737732172012329e-01 6.506591569632291794e-03 1.134315170929767191e-04 4.191000334685668349e-05 1.428788345947396010e-05 2.378637873334810138e-06
2.061330080032348633e-01 7.320776116102933884e-03 1.096576452255249023e-04 4.495240500546060503e-05 1.487371810071635991e-05 2.433612962704501115e-06
2.068471014499664307e-01 8.916635997593402863e-03 1.224876468768343329e-04 5.175288970349356532e-05 1.684672497503925115e-05 2.716311428230255842e-06
1.966037601232528687e-01 1.112288981676101685e-02 1.394014980178326368e-04 6.124086212366819382e-05 1.895155037345830351e-05 2.982224259540089406e-06
1.832695454359054565e-01 1.452374644577503204e-02 1.632876374060288072e-04 7.140886009437963367e-05 2.180376395699568093e-05 3.352927933519822545e-06
1.745752990245819092e-01 1.726550981402397156e-02 1.780179736670106649e-04 8.053631609072908759e-05 2.375781878072302788e-05 3.756699697987642139e-06
1.783227473497390747e-01 2.070339582860469818e-02 1.899082126328721642e-04 9.348541789222508669e-05 2.669624518603086472e-05 3.906255642505129799e-06
1.655101180076599121e-01 2.593410015106201172e-02 2.149489446310326457e-04 1.053034502547234297e-04 3.151000419165939093e-05 4.129356057092081755e-06
1.531545370817184448e-01 3.108073957264423370e-02 2.351799630559980869e-04 1.136241771746426821e-04 3.211991497664712369e-05 4.541998805507319048e-06
1.469531357288360596e-01 3.581732511520385742e-02 2.648257359396666288e-04 1.273817906621843576e-04 3.492728501441888511e-05 4.856158739130478352e-06
1.437535136938095093e-01 3.806717693805694580e-02 2.790796861518174410e-04 1.315877452725544572e-04 3.722684414242394269e-05 5.053788299846928567e-06
1.339592486619949341e-01 4.874420911073684692e-02 3.171355929225683212e-04 1.473575539421290159e-04 4.052060103276744485e-05 5.431361387309152633e-06
1.325087845325469971e-01 5.396977066993713379e-02 3.396787215024232864e-04 1.625275035621598363e-04 4.412647467688657343e-05 5.443264853965956718e-06
1.177317872643470764e-01 6.671334058046340942e-02 3.550944093149155378e-04 1.754716213326901197e-04 4.719229036709293723e-05 6.247043074836255983e-06
1.072360053658485413e-01 7.345785945653915405e-02 3.689363948069512844e-04 1.782065228326246142e-04 4.765169433085247874e-05 6.479001058323774487e-06
1.097556948661804199e-01 7.294625043869018555e-02 3.704883274622261524e-04 1.708554773358628154e-04 4.681812424678355455e-05 6.729717370035359636e-06
1.107158958911895752e-01 8.286525309085845947e-02 3.949511738028377295e-04 1.897452166303992271e-04 5.318276089383289218e-05 7.069454568409128115e-06
1.014283373951911926e-01 9.874336421489715576e-02 4.472290165722370148e-04 2.020953834289684892e-04 5.890670945518650115e-05 7.612585704919183627e-06
1.023420989513397217e-01 1.034537255764007568e-01 4.329502407927066088e-04 2.040764375124126673e-04 5.645380952046252787e-05 7.674624612263869494e-06
9.683983027935028076e-02 1.270719468593597412e-01 4.783091135323047638e-04 2.333832817384973168e-04 6.145462975837290287e-05 7.901031494839116931e-06
9.709759801626205444e-02 1.399755775928497314e-01 5.025404389016330242e-04 2.605132176540791988e-04 6.683492392767220736e-05 8.469794011034537107e-06
