7.350000000000000000e+02 5.910000000000000000e+02 9.110000000000000000e+02 7.410000000000000000e+02 6.110000000000000000e+02
1.810000000000000000e+02 3.770000000000000000e+02 3.560000000000000000e+02 3.780000000000000000e+02 1.880000000000000000e+02
2.080000000000000000e+02 2.220000000000000000e+02 2.070000000000000000e+02 2.570000000000000000e+02 1.670000000000000000e+02
2.080000000000000000e+02 2.070000000000000000e+02 2.220000000000000000e+02 1.670000000000000000e+02 2.570000000000000000e+02
2.080000000000000000e+02 2.070000000000000000e+02 2.220000000000000000e+02 1.670000000000000000e+02 1.590000000000000000e+02
2.080000000000000000e+02 2.070000000000000000e+02 2.220000000000000000e+02 1.590000000000000000e+02 1.670000000000000000e+02
2.080000000000000000e+02 2.070000000000000000e+02 2.430000000000000000e+02 1.590000000000000000e+02 2.220000000000000000e+02
2.080000000000000000e+02 2.070000000000000000e+02 2.430000000000000000e+02 1.590000000000000000e+02 2.570000000000000000e+02
2.080000000000000000e+02 2.070000000000000000e+02 2.430000000000000000e+02 1.590000000000000000e+02 2.460000000000000000e+02
2.080000000000000000e+02 2.070000000000000000e+02 2.430000000000000000e+02 1.590000000000000000e+02 2.460000000000000000e+02
2.080000000000000000e+02 2.070000000000000000e+02 2.430000000000000000e+02 1.590000000000000000e+02 2.460000000000000000e+02
2.080000000000000000e+02 2.070000000000000000e+02 2.430000000000000000e+02 1.590000000000000000e+02 2.460000000000000000e+02
2.080000000000000000e+02 2.070000000000000000e+02 1.590000000000000000e+02 2.430000000000000000e+02 2.460000000000000000e+02
2.080000000000000000e+02 2.070000000000000000e+02 1.590000000000000000e+02 2.430000000000000000e+02 2.460000000000000000e+02
2.080000000000000000e+02 2.070000000000000000e+02 1.590000000000000000e+02 2.430000000000000000e+02 2.460000000000000000e+02
2.080000000000000000e+02 2.070000000000000000e+02 1.590000000000000000e+02 2.430000000000000000e+02 2.460000000000000000e+02
2.080000000000000000e+02 2.070000000000000000e+02 1.590000000000000000e+02 2.430000000000000000e+02 2.460000000000000000e+02
2.080000000000000000e+02 2.070000000000000000e+02 1.590000000000000000e+02 2.430000000000000000e+02 2.460000000000000000e+02
2.080000000000000000e+02 2.070000000000000000e+02 1.590000000000000000e+02 2.430000000000000000e+02 2.460000000000000000e+02
2.080000000000000000e+02 2.070000000000000000e+02 1.590000000000000000e+02 2.430000000000000000e+02 2.460000000000000000e+02
2.080000000000000000e+02 2.070000000000000000e+02 1.590000000000000000e+02 2.430000000000000000e+02 2.460000000000000000e+02
2.080000000000000000e+02 2.070000000000000000e+02 1.590000000000000000e+02 2.430000000000000000e+02 2.460000000000000000e+02
2.080000000000000000e+02 1.590000000000000000e+02 2.070000000000000000e+02 2.430000000000000000e+02 2.460000000000000000e+02
2.080000000000000000e+02 1.590000000000000000e+02 2.070000000000000000e+02 2.430000000000000000e+02 2.460000000000000000e+02
2.080000000000000000e+02 1.590000000000000000e+02 2.460000000000000000e+02 2.430000000000000000e+02 2.070000000000000000e+02
2.080000000000000000e+02 1.590000000000000000e+02 2.460000000000000000e+02 2.430000000000000000e+02 2.070000000000000000e+02
2.080000000000000000e+02 1.590000000000000000e+02 2.460000000000000000e+02 2.430000000000000000e+02 2.070000000000000000e+02
2.080000000000000000e+02 1.590000000000000000e+02 2.460000000000000000e+02 2.430000000000000000e+02 2.070000000000000000e+02
2.080000000000000000e+02 1.590000000000000000e+02 2.460000000000000000e+02 2.430000000000000000e+02 2.070000000000000000e+02
2.080000000000000000e+02 1.590000000000000000e+02 2.460000000000000000e+02 2.430000000000000000e+02 2.070000000000000000e+02
2.080000000000000000e+02 1.590000000000000000e+02 2.460000000000000000e+02 2.430000000000000000e+02 2.070000000000000000e+02
2.080000000000000000e+02 1.590000000000000000e+02 2.460000000000000000e+02 2.070000000000000000e+02 2.430000000000000000e+02
2.080000000000000000e+02 1.590000000000000000e+02 2.460000000000000000e+02 2.070000000000000000e+02 2.430000000000000000e+02
2.080000000000000000e+02 1.590000000000000000e+02 2.460000000000000000e+02 2.070000000000000000e+02 2.430000000000000000e+02
2.080000000000000000e+02 1.590000000000000000e+02 2.460000000000000000e+02 2.070000000000000000e+02 2.430000000000000000e+02
2.080000000000000000e+02 1.590000000000000000e+02 2.460000000000000000e+02 2.070000000000000000e+02 2.430000000000000000e+02
2.080000000000000000e+02 1.590000000000000000e+02 2.460000000000000000e+02 2.070000000000000000e+02 2.430000000000000000e+02
2.080000000000000000e+02 1.590000000000000000e+02 2.460000000000000000e+02 2.070000000000000000e+02 2.430000000000000000e+02
2.080000000000000000e+02 1.590000000000000000e+02 2.460000000000000000e+02 2.070000000000000000e+02 2.430000000000000000e+02
2.080000000000000000e+02 1.590000000000000000e+02 2.460000000000000000e+02 2.070000000000000000e+02 2.430000000000000000e+02
2.080000000000000000e+02 1.590000000000000000e+02 2.460000000000000000e+02 2.070000000000000000e+02 2.430000000000000000e+02
2.080000000000000000e+02 1.590000000000000000e+02 2.460000000000000000e+02 2.070000000000000000e+02 2.430000000000000000e+02
2.080000000000000000e+02 1.590000000000000000e+02 2.460000000000000000e+02 2.070000000000000000e+02 2.430000000000000000e+02
2.080000000000000000e+02 1.590000000000000000e+02 2.460000000000000000e+02 2.070000000000000000e+02 2.430000000000000000e+02
2.080000000000000000e+02 1.590000000000000000e+02 2.070000000000000000e+02 2.460000000000000000e+02 2.430000000000000000e+02
2.080000000000000000e+02 1.590000000000000000e+02 2.460000000000000000e+02 2.070000000000000000e+02 2.430000000000000000e+02
2.080000000000000000e+02 1.590000000000000000e+02 2.460000000000000000e+02 2.070000000000000000e+02 2.430000000000000000e+02
2.080000000000000000e+02 1.590000000000000000e+02 2.460000000000000000e+02 2.070000000000000000e+02 2.430000000000000000e+02
2.080000000000000000e+02 1.590000000000000000e+02 2.070000000000000000e+02 2.460000000000000000e+02 2.430000000000000000e+02
2.080000000000000000e+02 1.590000000000000000e+02 2.070000000000000000e+02 2.460000000000000000e+02 2.430000000000000000e+02
2.080000000000000000e+02 1.590000000000000000e+02 2.460000000000000000e+02 2.070000000000000000e+02 2.430000000000000000e+02
2.080000000000000000e+02 1.590000000000000000e+02 2.460000000000000000e+02 2.070000000000000000e+02 8.520000000000000000e+02
2.080000000000000000e+02 1.590000000000000000e+02 2.460000000000000000e+02 2.070000000000000000e+02 8.520000000000000000e+02
2.080000000000000000e+02 1.590000000000000000e+02 2.460000000000000000e+02 2.070000000000000000e+02 8.520000000000000000e+02
2.080000000000000000e+02 1.590000000000000000e+02 2.460000000000000000e+02 2.070000000000000000e+02 8.520000000000000000e+02
2.080000000000000000e+02 1.590000000000000000e+02 2.460000000000000000e+02 2.070000000000000000e+02 8.520000000000000000e+02
2.080000000000000000e+02 1.590000000000000000e+02 2.460000000000000000e+02 2.070000000000000000e+02 8.520000000000000000e+02
2.080000000000000000e+02 1.590000000000000000e+02 2.460000000000000000e+02 2.070000000000000000e+02 8.520000000000000000e+02
2.080000000000000000e+02 1.590000000000000000e+02 2.460000000000000000e+02 2.070000000000000000e+02 8.520000000000000000e+02
2.080000000000000000e+02 1.590000000000000000e+02 2.460000000000000000e+02 2.070000000000000000e+02 8.520000000000000000e+02
2.080000000000000000e+02 1.590000000000000000e+02 2.460000000000000000e+02 2.070000000000000000e+02 8.520000000000000000e+02
2.080000000000000000e+02 1.590000000000000000e+02 2.460000000000000000e+02 2.070000000000000000e+02 8.520000000000000000e+02
2.080000000000000000e+02 1.590000000000000000e+02 2.460000000000000000e+02 2.070000000000000000e+02 8.520000000000000000e+02
2.080000000000000000e+02 1.590000000000000000e+02 2.460000000000000000e+02 2.070000000000000000e+02 8.520000000000000000e+02
2.080000000000000000e+02 1.590000000000000000e+02 2.460000000000000000e+02 2.070000000000000000e+02 8.520000000000000000e+02
2.080000000000000000e+02 1.590000000000000000e+02 2.460000000000000000e+02 2.070000000000000000e+02 8.520000000000000000e+02
2.080000000000000000e+02 1.590000000000000000e+02 2.460000000000000000e+02 2.070000000000000000e+02 8.520000000000000000e+02
2.080000000000000000e+02 1.590000000000000000e+02 2.460000000000000000e+02 2.070000000000000000e+02 1.760000000000000000e+02
2.080000000000000000e+02 1.590000000000000000e+02 2.460000000000000000e+02 2.070000000000000000e+02 1.760000000000000000e+02
2.080000000000000000e+02 1.590000000000000000e+02 2.460000000000000000e+02 2.070000000000000000e+02 1.760000000000000000e+02
2.080000000000000000e+02 1.590000000000000000e+02 2.460000000000000000e+02 2.070000000000000000e+02 1.760000000000000000e+02
2.080000000000000000e+02 1.590000000000000000e+02 2.460000000000000000e+02 2.070000000000000000e+02 1.760000000000000000e+02
2.080000000000000000e+02 1.590000000000000000e+02 2.460000000000000000e+02 2.070000000000000000e+02 1.760000000000000000e+02
2.080000000000000000e+02 1.590000000000000000e+02 2.460000000000000000e+02 2.070000000000000000e+02 1.760000000000000000e+02
2.080000000000000000e+02 1.590000000000000000e+02 2.460000000000000000e+02 2.070000000000000000e+02 1.760000000000000000e+02
2.080000000000000000e+02 1.590000000000000000e+02 2.460000000000000000e+02 2.070000000000000000e+02 1.760000000000000000e+02
2.080000000000000000e+02 1.590000000000000000e+02 2.460000000000000000e+02 2.070000000000000000e+02 1.760000000000000000e+02
2.080000000000000000e+02 1.590000000000000000e+02 2.070000000000000000e+02 2.460000000000000000e+02 1.760000000000000000e+02
2.080000000000000000e+02 1.590000000000000000e+02 2.460000000000000000e+02 2.070000000000000000e+02 1.760000000000000000e+02
2.080000000000000000e+02 1.590000000000000000e+02 2.460000000000000000e+02 2.070000000000000000e+02 1.760000000000000000e+02
2.080000000000000000e+02 1.590000000000000000e+02 2.460000000000000000e+02 2.070000000000000000e+02 1.760000000000000000e+02
2.080000000000000000e+02 2.070000000000000000e+02 2.220000000000000000e+02 8.520000000000000000e+02 1.760000000000000000e+02
2.080000000000000000e+02 2.070000000000000000e+02 2.220000000000000000e+02 1.760000000000000000e+02 1.670000000000000000e+02
2.080000000000000000e+02 2.070000000000000000e+02 2.220000000000000000e+02 1.590000000000000000e+02 8.520000000000000000e+02
2.080000000000000000e+02 2.070000000000000000e+02 1.590000000000000000e+02 2.220000000000000000e+02 2.430000000000000000e+02
2.080000000000000000e+02 2.070000000000000000e+02 2.430000000000000000e+02 1.590000000000000000e+02 2.220000000000000000e+02
2.080000000000000000e+02 2.070000000000000000e+02 2.430000000000000000e+02 1.590000000000000000e+02 8.520000000000000000e+02
2.080000000000000000e+02 2.070000000000000000e+02 2.430000000000000000e+02 1.590000000000000000e+02 8.520000000000000000e+02
2.080000000000000000e+02 2.070000000000000000e+02 2.430000000000000000e+02 1.590000000000000000e+02 8.520000000000000000e+02
2.080000000000000000e+02 2.070000000000000000e+02 2.430000000000000000e+02 1.590000000000000000e+02 8.520000000000000000e+02
2.080000000000000000e+02 2.070000000000000000e+02 2.430000000000000000e+02 1.590000000000000000e+02 2.460000000000000000e+02
2.080000000000000000e+02 2.070000000000000000e+02 2.430000000000000000e+02 1.590000000000000000e+02 2.460000000000000000e+02
2.080000000000000000e+02 2.070000000000000000e+02 2.430000000000000000e+02 1.590000000000000000e+02 2.460000000000000000e+02
2.080000000000000000e+02 2.070000000000000000e+02 2.430000000000000000e+02 1.590000000000000000e+02 2.460000000000000000e+02
2.080000000000000000e+02 2.070000000000000000e+02 2.430000000000000000e+02 1.590000000000000000e+02 2.460000000000000000e+02
2.080000000000000000e+02 2.070000000000000000e+02 1.590000000000000000e+02 2.430000000000000000e+02 2.460000000000000000e+02
2.080000000000000000e+02 2.070000000000000000e+02 1.590000000000000000e+02 2.430000000000000000e+02 2.460000000000000000e+02
2.080000000000000000e+02 2.070000000000000000e+02 1.590000000000000000e+02 2.430000000000000000e+02 2.460000000000000000e+02
2.080000000000000000e+02 2.070000000000000000e+02 1.590000000000000000e+02 2.430000000000000000e+02 2.460000000000000000e+02
2.080000000000000000e+02 2.070000000000000000e+02 1.590000000000000000e+02 2.430000000000000000e+02 2.460000000000000000e+02
2.080000000000000000e+02 2.070000000000000000e+02 1.590000000000000000e+02 2.430000000000000000e+02 2.460000000000000000e+02
