2.692087864028682820e-04
1.638894338860397756e-03
1.162627466700623044e-02
5.365927204585340116e-01
8.250684132645538238e-01
9.297114961475386741e-01
9.637065134585448556e-01
1.000575953471564361e+00
1.009527450252444725e+00
1.014682237163355927e+00
1.022967789830496299e+00
1.027296626994400164e+00
1.026367458582090775e+00
1.023970180027381938e+00
1.009753729617737461e+00
9.946096473843287766e-01
9.842017318956298721e-01
9.743014919005416052e-01
9.620911580486207759e-01
9.549570446672260848e-01
9.517060241553055855e-01
9.393414969833092654e-01
9.314964107629877255e-01
9.204523476166810436e-01
9.125059133605906148e-01
9.037020626964202830e-01
8.960867298676670201e-01
8.823973293289389952e-01
8.600928112842787243e-01
8.543883265234624158e-01
8.454974915860086204e-01
8.314136554486126762e-01
8.184668948344769879e-01
8.239345445347787678e-01
8.289516397504232970e-01
8.153092721828102407e-01
8.172533907331551717e-01
8.283144231616538233e-01
8.201600149864148870e-01
8.091591767439595406e-01
8.143759616622494590e-01
8.070736252392819443e-01
8.006629110215688350e-01
7.936934130390761455e-01
7.935895930999958825e-01
7.890968754273637309e-01
7.785081101477443477e-01
7.717334248694718291e-01
7.712330314694002542e-01
7.583279591705708311e-01
7.515558126038074382e-01
7.457682852533664697e-01
7.458869366123153100e-01
7.362589400224729408e-01
7.297244302145953210e-01
7.205817283721654976e-01
7.115439822081752741e-01
6.964568873673248062e-01
6.938405447326646547e-01
6.900064890802335427e-01
6.858051219573626511e-01
6.818682484888152207e-01
6.771092333405240860e-01
6.722602943582548507e-01
6.646036072551831930e-01
6.561384741528770714e-01
6.416090941456443764e-01
6.436916392814296950e-01
6.295152069821514651e-01
6.219190481061112052e-01
6.198046354600675878e-01
6.147323566732002531e-01
6.096391001122845044e-01
5.994938076483761202e-01
5.913786826933297158e-01
5.841593220517893315e-01
5.711228380282682426e-01
5.807112841651277391e-01
5.607795928748522396e-01
5.574289947443995530e-01
5.508107074567234474e-01
5.446559020399415196e-01
5.393482245688081544e-01
5.367203241159621552e-01
5.319241636098018811e-01
5.320815303192636403e-01
5.266195927198572546e-01
5.092902143427445738e-01
5.445190120430460912e-01
1.857372114244957573e-01
3.445795803549960290e-01
7.787398009770432061e-01
9.557950866980001736e-01
9.870383411577980937e-01
9.508663119195912561e-01
9.600326638639736787e-01
9.680416974012212572e-01
9.634094842119869107e-01
9.625920191060756137e-01
9.628203027172964612e-01
9.636515971201123909e-01
