1.130510703660547733e-03 5.043072451371699572e-05 1.040694842231459916e-04 6.364908040268346667e-05 1.037537702359259129e-03 1.631445484235882759e-04
4.114286974072456360e-03 7.183352863648906350e-05 3.713889236678369343e-05 6.144784128991886973e-05 1.995978236664086580e-04 4.376338256406597793e-05
6.451527774333953857e-02 6.975315045565366745e-06 4.837448068428784609e-05 1.193347779917530715e-04 2.855031052604317665e-04 2.292867975484114140e-05
3.442051112651824951e-01 1.801453031191613263e-08 5.115851422488049138e-07 6.535415764119534288e-07 1.922256387842935510e-06 3.025474981654951989e-08
5.621665120124816895e-01 3.904879086746859684e-09 1.566599365787624265e-07 6.302059318841202185e-08 2.205339626470959047e-07 3.220881561460942066e-09
7.114491462707519531e-01 1.362413182270927337e-09 9.457713190386130009e-08 2.006543553534356761e-08 1.112408440917533881e-07 1.220178957872519732e-09
7.750477790832519531e-01 6.289801457448618294e-10 5.410521097815035318e-08 7.883105723749395111e-09 3.786183100373818888e-08 6.402429142404741924e-10
8.558967113494873047e-01 1.689163253715264545e-10 2.088662931498674880e-08 2.133910825818929879e-09 8.864118328233416833e-09 2.254339492857582172e-10
9.258056282997131348e-01 3.968566794632089056e-11 4.078692494857705242e-09 5.949669090732356835e-10 1.842911490079757186e-09 5.634588975955701073e-11
9.443239569664001465e-01 1.389275586932692264e-11 1.541839544927370298e-09 2.491919726121949452e-10 6.316506762082951809e-10 2.241432213445637700e-11
9.466560482978820801e-01 9.828564177805088065e-12 9.282851709535577811e-10 1.620036743643638033e-10 3.275874016495095020e-10 1.519026397722722521e-11
9.346369504928588867e-01 8.223072396618125168e-12 7.219596032115305206e-10 1.211417910429446465e-10 2.778575147743822527e-10 1.195320925573284399e-11
9.234364032745361328e-01 7.568518728406914420e-12 5.945252068428885650e-10 1.033449090193094833e-10 2.332416482175858619e-10 1.063570585768669474e-11
9.204795360565185547e-01 6.613004848582404449e-12 4.688468502322962195e-10 7.703054860641600499e-11 1.857042714048517951e-10 8.202107396049207466e-12
9.172634482383728027e-01 4.242190800030076758e-12 2.995639014624629226e-10 5.372318562235633976e-11 1.171626545781734308e-10 5.278796930824336542e-12
9.178407192230224609e-01 3.221432886071906587e-12 2.028675005760760541e-10 3.872887427425197870e-11 6.336901836601072091e-11 3.439022287429760460e-12
9.134462475776672363e-01 3.144629088375205939e-12 1.900514051689228268e-10 3.860488317908306044e-11 5.953965098726143879e-11 3.164448304088240960e-12
9.169589281082153320e-01 3.207754157782960469e-12 1.724652642920432299e-10 3.536495749023593760e-11 5.546312020765498119e-11 2.936949294873869576e-12
9.131814241409301758e-01 4.449269511846987157e-12 1.949859440575352210e-10 4.202927242347165304e-11 6.396157214982878259e-11 3.352711771403837915e-12
8.992498517036437988e-01 6.648826888361325516e-12 2.383436503716751531e-10 6.199518676197612876e-11 7.460040918338961546e-11 4.420549429978715139e-12
8.887829184532165527e-01 8.446039007070638149e-12 2.781951058405951471e-10 7.681385388869088615e-11 9.870584211091326665e-11 5.060096872760988518e-12
8.848385810852050781e-01 1.315870936519081269e-11 3.390162872651814041e-10 1.166068908098338852e-10 1.327627174863010850e-10 7.303682832138225223e-12
8.847212195396423340e-01 1.631761392673070077e-11 3.665076853121007616e-10 1.385690867605759991e-10 1.509075642225354841e-10 8.029998541103644527e-12
8.783389925956726074e-01 1.907307992099482874e-11 3.577964868828331646e-10 1.630872797919735717e-10 1.671507376954650681e-10 8.651952418392561128e-12
8.730299472808837891e-01 2.801598883439559984e-11 4.405611153668331781e-10 2.215466282651235019e-10 2.010111244121759455e-10 1.095791773292331683e-11
8.697335720062255859e-01 3.700344891610640730e-11 4.898527139474140313e-10 2.813325405970346083e-10 2.355226014216782460e-10 1.380657047023170492e-11
8.631553649902343750e-01 5.609190195654534250e-11 5.966822036462815504e-10 3.922919489252052472e-10 2.868586201909550937e-10 1.794748030747861378e-11
8.692176938056945801e-01 7.766576270995528830e-11 6.878722591530106456e-10 5.210158970925249378e-10 3.119280389540790566e-10 2.413653651944791534e-11
8.651602268218994141e-01 1.381906117314812832e-10 9.932147326807694299e-10 8.029640286011385797e-10 4.670623332536649741e-10 3.531667319700559915e-11
8.676700592041015625e-01 1.844178143528552027e-10 1.163723784003423134e-09 9.998344374650969257e-10 5.618198684054220848e-10 4.362197755791719089e-11
8.592329621315002441e-01 3.395580761011984805e-10 1.732594512304785894e-09 1.574872454668252431e-09 8.170268905871580500e-10 7.105384336458797634e-11
8.514142036437988281e-01 4.594634950283449371e-10 2.062777282318961625e-09 1.954638007006792577e-09 1.000342253476560472e-09 8.558384556600628912e-11
8.470349311828613281e-01 7.517846345450607259e-10 2.846344049345361782e-09 2.771080032104578095e-09 1.331642018875811573e-09 1.268849608715427735e-10
8.461745381355285645e-01 1.039565655780450015e-09 3.450830732276699564e-09 3.510887358615377707e-09 1.616406564153294312e-09 1.533672494558047106e-10
8.405799269676208496e-01 1.599459342749298685e-09 4.379299145540471727e-09 4.787862106780949034e-09 2.120366326963107895e-09 2.102645002555192377e-10
8.377668261528015137e-01 2.430017520538285680e-09 5.630778510123946035e-09 6.275515662679254092e-09 2.849145142036491052e-09 2.891798744908413710e-10
8.372940421104431152e-01 3.878723120465110696e-09 7.609163965582865785e-09 8.645383076100188191e-09 3.684959004601751076e-09 4.095113415036877313e-10
8.262413144111633301e-01 5.600488517387702814e-09 9.530823241732377937e-09 1.079919886848301758e-08 4.507300310763184825e-09 5.349364284867874630e-10
8.266597390174865723e-01 8.913345617145296274e-09 1.232120894201216288e-08 1.421816087088245695e-08 5.836746641563195226e-09 7.440120186608112363e-10
8.360604047775268555e-01 1.403843619129929721e-08 1.611520517030839983e-08 1.981947050921917253e-08 8.043027577286920859e-09 1.060626586557589235e-09
8.301222920417785645e-01 2.045566738217985403e-08 2.010368405080953380e-08 2.514089736393998464e-08 9.618112528642086545e-09 1.452547082614330520e-09
8.190497756004333496e-01 4.120272834029492515e-08 3.063556164306646679e-08 4.109715945332936826e-08 1.502144542087080481e-08 2.552017930312899807e-09
8.134132623672485352e-01 6.997953505560872145e-08 4.425701050081443100e-08 5.784524148566561053e-08 2.105097784976805997e-08 4.041436962864963789e-09
8.173786997795104980e-01 1.116504506626370130e-07 5.679415693293776712e-08 8.176657928515851381e-08 2.836047485743620200e-08 5.840081307439959346e-09
8.240495920181274414e-01 1.361175492320398916e-07 5.948044545789343829e-08 8.909729132255961304e-08 3.166136508525596582e-08 6.472382185762626250e-09
8.215813636779785156e-01 2.301847672470103134e-07 8.273701723737758584e-08 1.226312349444924621e-07 4.398154729301495536e-08 9.797992639448693808e-09
8.196718096733093262e-01 3.215312176507723052e-07 1.024579248110057961e-07 1.521731860520958435e-07 5.466820596211618977e-08 1.254715353837809744e-08
8.163081407546997070e-01 4.898153633803303819e-07 1.305808723373047542e-07 2.004948385092575336e-07 7.047790262504349812e-08 1.824267314987082500e-08
8.127381801605224609e-01 8.409051588387228549e-07 1.761034980063413968e-07 2.743923630532663083e-07 9.542175405385933118e-08 2.724316772173551726e-08
8.106661438941955566e-01 1.112855898099951446e-06 1.995967551238209126e-07 3.247976394504803466e-07 1.112387337798281806e-07 3.273464699304895476e-08
8.160822987556457520e-01 1.623443608878005762e-06 2.496003048690909054e-07 4.215052911149541615e-07 1.404248166636534734e-07 4.207432269254240964e-08
8.039036393165588379e-01 2.864145017156261019e-06 3.489216169327846728e-07 6.082295840315055102e-07 2.083836108113246155e-07 6.671197638752346393e-08
7.946614027023315430e-01 4.625708243111148477e-06 4.702423268554412061e-07 8.025292572710895911e-07 2.608238105494820047e-07 9.129261968610080658e-08
7.884259223937988281e-01 8.025501301744952798e-06 6.588668384210905060e-07 1.142764290307241026e-06 3.648090398655767785e-07 1.395708011386886938e-07
7.936791777610778809e-01 9.661845979280769825e-06 7.122483225430187304e-07 1.271595806429104414e-06 4.093161294349556556e-07 1.541835246143818949e-07
7.831457257270812988e-01 1.576057729835156351e-05 9.719458375911926851e-07 1.702400254544045310e-06 5.304519277160579804e-07 2.197298414330361993e-07
7.694035172462463379e-01 2.867640614567790180e-05 1.451352659387339372e-06 2.511704906282830052e-06 7.989626169546681922e-07 3.369738124092691578e-07
7.639409303665161133e-01 3.977346568717621267e-05 1.722700403661292512e-06 2.919471626228187233e-06 8.965729989540704992e-07 4.265991719876183197e-07
7.545402050018310547e-01 4.361594983492977917e-05 1.796823312361084390e-06 3.071055971304303966e-06 8.792607673058228102e-07 4.310591350531467469e-07
7.481933832168579102e-01 6.138825119705870748e-05 2.165862952097086236e-06 3.862593530357116833e-06 1.041409859681152739e-06 5.325655365595594049e-07
7.412620782852172852e-01 8.903868729248642921e-05 2.778072030196199194e-06 4.739768883155193180e-06 1.324706545346998610e-06 7.091244356161041651e-07
7.313345074653625488e-01 1.277495466638356447e-04 3.336958570798742585e-06 5.790826435259077698e-06 1.570910171722061932e-06 9.001770990835211705e-07
7.231304049491882324e-01 1.987780851777642965e-04 4.327599526732228696e-06 7.662200005142949522e-06 1.949701754710986279e-06 1.253605773854360450e-06
7.190822958946228027e-01 2.450027095619589090e-04 4.814151907339692116e-06 8.412307579419575632e-06 2.149614147128886543e-06 1.429749204362451565e-06
7.058175802230834961e-01 3.698601794894784689e-04 6.240955826797289774e-06 1.090448313334491104e-05 2.788544634313439019e-06 1.917707095344667323e-06
6.934125423431396484e-01 5.353270680643618107e-04 7.601383458677446470e-06 1.364873696729773656e-05 3.332944061185116880e-06 2.477263478795066476e-06
6.819916367530822754e-01 7.437240565195679665e-04 9.210750249621924013e-06 1.700740176602266729e-05 4.095216809218982235e-06 3.225910177206969820e-06
6.702959537506103516e-01 1.110905897803604603e-03 1.197617621073732153e-05 2.199833761551417410e-05 5.129370038048364222e-06 4.236270797264296561e-06
6.665872931480407715e-01 1.336120418272912502e-03 1.323523883911548182e-05 2.431279790471307933e-05 5.680582944478373975e-06 4.892468496109358966e-06
6.433299183845520020e-01 2.229118486866354942e-03 1.744403562042862177e-05 3.381356509635224938e-05 7.081519470375496894e-06 6.816240784246474504e-06
6.369897723197937012e-01 2.860380569472908974e-03 2.007774673984386027e-05 3.797354293055832386e-05 8.097789759631268680e-06 8.221656571549829096e-06
6.166160702705383301e-01 4.197732079774141312e-03 2.477164889569394290e-05 4.811887993128038943e-05 9.259534635930322111e-06 1.059823443938512355e-05
6.194643378257751465e-01 4.198215901851654053e-03 2.479486829543020576e-05 4.855048609897494316e-05 9.297543329012114555e-06 1.007351238513365388e-05
5.900236964225769043e-01 7.084106560796499252e-03 3.360612754477187991e-05 6.739888340234756470e-05 1.218764100485714152e-05 1.478224749007495120e-05
5.694192051887512207e-01 1.107852812856435776e-02 4.371058093965984881e-05 8.769015403231605887e-05 1.572739165567327291e-05 1.933386374730616808e-05
5.405555367469787598e-01 1.566668413579463959e-02 5.183045868761837482e-05 1.069266436388716102e-04 1.803827944968361408e-05 2.462795600877143443e-05
5.354177355766296387e-01 1.837442629039287567e-02 5.702796988771297038e-05 1.143230110756121576e-04 1.983851143450010568e-05 2.737369868555106223e-05
5.223562717437744141e-01 2.163943275809288025e-02 6.340953405015170574e-05 1.278374256798997521e-04 2.168812716263346374e-05 3.082842522417195141e-05
5.011822581291198730e-01 3.065068274736404419e-02 7.562466635135933757e-05 1.573648187331855297e-04 2.643030165927484632e-05 3.914573244401253760e-05
4.992769062519073486e-01 3.463878855109214783e-02 7.887274841777980328e-05 1.644043659325689077e-04 2.658544326550327241e-05 4.200821422273293138e-05
4.586147069931030273e-01 5.073476210236549377e-02 9.451029472984373569e-05 1.966260460903868079e-04 3.090758036705665290e-05 5.131187936058267951e-05
4.494730532169342041e-01 5.743490904569625854e-02 1.010822525131516159e-04 2.212866820627823472e-04 3.160773121635429561e-05 5.665838034474290907e-05
4.358308911323547363e-01 6.924856454133987427e-02 1.135696802521124482e-04 2.501478593330830336e-04 3.428808850003406405e-05 6.446348561439663172e-05
4.087740182876586914e-01 9.023655205965042114e-02 1.269545755349099636e-04 2.828386786859482527e-04 4.013560464954935014e-05 7.456807361450046301e-05
3.918310105800628662e-01 1.054059937596321106e-01 1.327085774391889572e-04 2.971244393847882748e-04 3.751449185074307024e-05 7.763197208987548947e-05
3.627793490886688232e-01 1.364881247282028198e-01 1.533492322778329253e-04 3.479887382127344608e-04 4.476540561881847680e-05 9.141108603216707706e-05
3.519869446754455566e-01 1.471656858921051025e-01 1.523425453342497349e-04 3.538774908520281315e-04 4.557099964586086571e-05 9.085833880817517638e-05
3.221735358238220215e-01 1.786846220493316650e-01 1.628808531677350402e-04 3.857837582472711802e-04 4.737513518193736672e-05 1.004594450932927430e-04
3.120222687721252441e-01 2.060632705688476562e-01 1.769225636962801218e-04 4.149146843701601028e-04 5.018249066779389977e-05 1.049246639013290405e-04
2.871095836162567139e-01 2.414635866880416870e-01 1.902487420011311769e-04 4.480680217966437340e-04 5.305507511366158724e-05 1.175281431642360985e-04
2.497879564762115479e-01 3.097611069679260254e-01 2.096998941851779819e-04 5.046983715146780014e-04 5.868284642929211259e-05 1.376780855935066938e-04
2.414730638265609741e-01 3.098970353603363037e-01 2.108322660205885768e-04 4.996847710572183132e-04 5.533966395887546241e-05 1.371419930364936590e-04
2.108802199363708496e-01 3.747262358665466309e-01 2.168462378904223442e-04 5.195428384467959404e-04 5.686401709681376815e-05 1.346026401733979583e-04
1.744320243597030640e-01 4.443089962005615234e-01 2.209345402661710978e-04 5.639708833768963814e-04 5.643631084240041673e-05 1.470418355893343687e-04
2.301451265811920166e-01 3.401344120502471924e-01 2.119598793797194958e-04 5.363635718822479248e-04 5.514737495104782283e-05 1.337417343165725470e-04
1.440273970365524292e-01 5.268242955207824707e-01 2.218624285887926817e-04 5.910973995923995972e-04 5.630135638057254255e-05 1.511248410679399967e-04
8.352839350700378418e-01 1.104660629636100566e-08 3.346437793538825645e-08 8.498940218260031543e-08 6.181521516879229239e-09 7.617782515900728413e-10
7.484220862388610840e-01 1.992550267004844500e-07 1.153927314589964226e-06 6.052561730029992759e-06 3.414612308461073553e-07 2.663831999427657138e-08
2.531221210956573486e-01 3.628405664812817122e-08 1.419444174644013401e-06 4.723036454379325733e-06 6.065962224965915084e-06 5.641484079887959524e-08
2.526954412460327148e-01 4.204508741167956032e-07 8.240130227932240814e-06 1.266622803086647764e-05 6.051929449313320220e-05 4.722601261164527386e-07
3.432167470455169678e-01 3.835548412212119729e-08 7.649305189261212945e-07 6.246062866921420209e-07 2.945788310171337798e-06 3.068699072628078284e-08
