2.204078045906499028e-04 8.785486570559442043e-04 1.855360227636992931e-03 5.392509046941995621e-04 1.007133832899853587e-04 3.115951083600521088e-03
4.738604277372360229e-02 3.534795905579812825e-05 1.664574374444782734e-04 2.243800554424524307e-05 2.444197016302496195e-04 6.453308160416781902e-04
7.663164138793945312e-01 1.660951625126472209e-06 7.431746325892163441e-06 8.138278531077958178e-07 6.231070437934249640e-05 1.015451562125235796e-05
9.356881380081176758e-01 3.092839335749886231e-07 9.539335223962552845e-07 4.731249703127105022e-08 8.431397873209789395e-06 8.628737191429536324e-07
9.542419314384460449e-01 1.256142496686152299e-07 4.608439212461235002e-07 2.078003724648169737e-08 3.282395255155279301e-06 6.954846867301966995e-07
9.229716658592224121e-01 1.605850599162295111e-07 8.065470069595903624e-07 3.649782343018159736e-08 5.996203981339931488e-06 1.204938371301977895e-06
9.052054882049560547e-01 2.267178018655613414e-07 9.730216561365523376e-07 6.541601749177061720e-08 9.082556061912328005e-06 1.725265974528156221e-06
8.922106027603149414e-01 3.883704664531251183e-07 1.157825863629113883e-06 1.076829647672639112e-07 1.120048364100512117e-05 2.405875648037181236e-06
8.626864552497863770e-01 7.248111160151893273e-07 1.429242161066213157e-06 1.714944062314316398e-07 1.261251873074797913e-05 3.332916776344063692e-06
8.182540535926818848e-01 9.855954203885630704e-07 1.304193460782698821e-06 2.039628981265195762e-07 1.442536540707806125e-05 3.551774398147244938e-06
8.235313296318054199e-01 6.974270263526705094e-07 7.259843641804764047e-07 1.470436643558059586e-07 1.136164701165398583e-05 2.360339749429840595e-06
8.435053825378417969e-01 4.794368919647240546e-07 3.692371137731242925e-07 1.045096738039319462e-07 8.339623491337988526e-06 1.428018322258139960e-06
8.640511631965637207e-01 3.762184235256427201e-07 2.204554192530849832e-07 7.772299426278550527e-08 6.529863640025723726e-06 1.100681515708856750e-06
8.733559846878051758e-01 3.267403485551767517e-07 1.539127509886384360e-07 6.757300496929019573e-08 5.515768862096592784e-06 9.126837881012761500e-07
8.665095567703247070e-01 3.397343846245348686e-07 1.326043843619117979e-07 7.278812574895709986e-08 5.484583198267500848e-06 9.221015488947159611e-07
8.565461039543151855e-01 3.971545936565235024e-07 1.249747612064311397e-07 8.930232553439054755e-08 5.838738616148475558e-06 1.015517000269028358e-06
8.444561958312988281e-01 4.737185861358739203e-07 1.323963232380265254e-07 1.094834587433979323e-07 6.223478976608021185e-06 1.221032107423525304e-06
8.494517803192138672e-01 5.482542064783046953e-07 1.480765803307804163e-07 1.301247181118014851e-07 6.505526016553631052e-06 1.354959863419935573e-06
8.554518818855285645e-01 6.322309786810365040e-07 1.574323817976619466e-07 1.600629389031382743e-07 6.347632734104990959e-06 1.634402337913343217e-06
8.506023287773132324e-01 8.371999911105376668e-07 2.068523059506333084e-07 2.178130102947761770e-07 6.982128070376347750e-06 1.948266344697913155e-06
8.338086009025573730e-01 1.070101461664307863e-06 2.856052674360398669e-07 2.845900439751858357e-07 7.613674824824556708e-06 2.516640051908325404e-06
8.277833461761474609e-01 1.288012526856618933e-06 3.349650512518564938e-07 3.371237653482239693e-07 7.537673809565603733e-06 2.938190846180077642e-06
8.148208856582641602e-01 1.745688450682791881e-06 4.284694057332671946e-07 4.669577435834071366e-07 7.772164281050208956e-06 3.480059604044072330e-06
8.179976344108581543e-01 1.907397518152720295e-06 4.901812644675374031e-07 5.136526510796102230e-07 8.468769920000340790e-06 3.998395186499692500e-06
8.234818577766418457e-01 2.165081468774587847e-06 5.493166668202320579e-07 5.540750862564891577e-07 7.934771929285489023e-06 4.549704499368090183e-06
7.971679568290710449e-01 3.020519670826615766e-06 7.764552378830558155e-07 7.822832230885978788e-07 9.391853382112458348e-06 5.772219992650207132e-06
7.936015725135803223e-01 3.542528247635345906e-06 9.044708235705911648e-07 8.968410156739992090e-07 1.033312128129182383e-05 6.547686552949016914e-06
7.853890657424926758e-01 4.498273028730181977e-06 1.094569938686618116e-06 1.119302964980306569e-06 1.106675881601404399e-05 7.921556061774026603e-06
7.957645058631896973e-01 4.320457719586556777e-06 9.546085948386462405e-07 1.068901951839507092e-06 1.108508058678125963e-05 7.459046173607930541e-06
7.930509448051452637e-01 5.150752258487045765e-06 1.045215071826532949e-06 1.252475840374245308e-06 1.166795300377998501e-05 8.465704922855366021e-06
8.067241311073303223e-01 5.837155185872688890e-06 1.055129700944235083e-06 1.380394110128690954e-06 1.068831988959573209e-05 9.077315553440712392e-06
8.028962612152099609e-01 6.609468528040451929e-06 1.175447550849639811e-06 1.521088393019454088e-06 1.241295558429555967e-05 9.808543836697936058e-06
8.060488700866699219e-01 7.038730473141185939e-06 1.085829694602580275e-06 1.620157377146824729e-06 1.188589794764993712e-05 9.709752703201957047e-06
8.172011375427246094e-01 7.286161689989967272e-06 1.062283331521030050e-06 1.609102014299423900e-06 1.229976714967051521e-05 9.860799764283001423e-06
8.155454993247985840e-01 8.252905900008045137e-06 1.132715397034189664e-06 1.772658379195490852e-06 1.288353814743459225e-05 1.109497588913654909e-05
8.113216757774353027e-01 9.655622307036537677e-06 1.262288947145862039e-06 1.902937242448388133e-06 1.362934108328772709e-05 1.252637139259604737e-05
8.165561556816101074e-01 1.072639133781194687e-05 1.318399540650716517e-06 1.988803433050634339e-06 1.442575012333691120e-05 1.334298667643452063e-05
8.151964545249938965e-01 1.329259612248279154e-05 1.450172476324951276e-06 2.287245024490403011e-06 1.527655876998323947e-05 1.501705901318928227e-05
8.133335709571838379e-01 1.522733873571269214e-05 1.617290649846836459e-06 2.475574547133874148e-06 1.589515522937290370e-05 1.680812783888541162e-05
8.000541925430297852e-01 2.071631934086326510e-05 1.968222022696863860e-06 3.204100494258455001e-06 1.708935997157823294e-05 2.129305357811972499e-05
8.053147792816162109e-01 2.215487802459392697e-05 2.048685473710065708e-06 3.383372586540644988e-06 1.808273191272746772e-05 2.303923065483104438e-05
7.822767496109008789e-01 3.246321648475714028e-05 2.650615670063416474e-06 4.508109668677207083e-06 2.227021104772575200e-05 3.283793193986639380e-05
7.728567719459533691e-01 3.710049713845364749e-05 2.972522224808926694e-06 4.993724360247142613e-06 2.424671583867166191e-05 3.621177165769040585e-05
7.701789140701293945e-01 4.537187487585470080e-05 3.378986093593994156e-06 5.754792709922185168e-06 2.538782428018748760e-05 4.170682586845941842e-05
7.483285665512084961e-01 6.093727279221639037e-05 4.092038125236285850e-06 7.002344318607356399e-06 2.805798249028157443e-05 5.083304858999326825e-05
7.366427183151245117e-01 6.742164987372234464e-05 4.206963239994365722e-06 7.596120212838286534e-06 3.169145929859951138e-05 5.808314381283707917e-05
7.161192893981933594e-01 8.191873348550871015e-05 4.881289896729867905e-06 8.876608262653462589e-06 3.611755164456553757e-05 6.984250649111345410e-05
6.943815946578979492e-01 1.059808491845615208e-04 5.753362074756296352e-06 1.048518242896534503e-05 4.135434210184030235e-05 8.692169649293646216e-05
6.631287336349487305e-01 1.365627977065742016e-04 6.823556759627535939e-06 1.262637579202419147e-05 5.166170012671500444e-05 1.027832186082378030e-04
6.593768596649169922e-01 1.531096640974283218e-04 7.167258900153683499e-06 1.330263239651685581e-05 5.465492358780466020e-05 1.130027376348152757e-04
6.481998562812805176e-01 1.894531451398506761e-04 8.022291694942396134e-06 1.455373967473860830e-05 6.081757965148426592e-05 1.290993823204189539e-04
6.386762261390686035e-01 2.339879429200664163e-04 9.518365914118476212e-06 1.601738586032297462e-05 6.437283445848152041e-05 1.553165348013862967e-04
6.234086751937866211e-01 2.719878102652728558e-04 1.068600158760091290e-05 1.768331640050746500e-05 7.269018533406779170e-05 1.751119270920753479e-04
5.973944067955017090e-01 3.690282464958727360e-04 1.248233820660971105e-05 2.097933429467957467e-05 8.508664177497848868e-05 2.092069626087322831e-04
5.838552713394165039e-01 4.291094664949923754e-04 1.307339607592439279e-05 2.217060136899817735e-05 9.192903235089033842e-05 2.278021856909617782e-04
5.662506818771362305e-01 5.316564347594976425e-04 1.497875564382411540e-05 2.545087045291438699e-05 1.032740037771873176e-04 2.697019663173705339e-04
5.640372037887573242e-01 6.270039011724293232e-04 1.697542211331892759e-05 2.760841016424819827e-05 1.006777238217182457e-04 2.948028559330850840e-04
5.493507385253906250e-01 7.747643976472318172e-04 1.952648744918406010e-05 3.051831663469783962e-05 1.080623551388271153e-04 3.228599089197814465e-04
5.340759754180908203e-01 8.971421048045158386e-04 2.192089777963701636e-05 3.376131644472479820e-05 1.146169961430132389e-04 3.700007218867540359e-04
5.213656425476074219e-01 1.063774921931326389e-03 2.314558696525637060e-05 3.643778472905978560e-05 1.224045408889651299e-04 3.957794979214668274e-04
4.964237809181213379e-01 1.338603557087481022e-03 2.707614476094022393e-05 4.180274845566600561e-05 1.286324113607406616e-04 4.678771365433931351e-04
4.829236567020416260e-01 1.598192611709237099e-03 3.153804209432564676e-05 4.479400013224221766e-05 1.392004196532070637e-04 5.032673943787813187e-04
4.559164941310882568e-01 1.954664243385195732e-03 3.535569703672081232e-05 5.126954783918336034e-05 1.523715181974694133e-04 5.742571665905416012e-04
4.538018405437469482e-01 2.219028770923614502e-03 3.790267510339617729e-05 5.444748967420309782e-05 1.530767040094360709e-04 6.255734479054808617e-04
4.352291822433471680e-01 2.562892856076359749e-03 4.455396629055030644e-05 5.982940274407155812e-05 1.683597656665369868e-04 6.490621599368751049e-04
4.111185967922210693e-01 3.197989193722605705e-03 4.811104008695110679e-05 6.994075374677777290e-05 1.936111657414585352e-04 7.359844748862087727e-04
4.083313047885894775e-01 3.556739306077361107e-03 4.839666144107468426e-05 7.226294837892055511e-05 2.104876912198960781e-04 7.568197324872016907e-04
3.957545757293701172e-01 4.210347309708595276e-03 5.461979890242218971e-05 7.872868445701897144e-05 2.263713104184716940e-04 8.571747457608580589e-04
3.739564716815948486e-01 5.134071223437786102e-03 6.197096081450581551e-05 8.652899850858375430e-05 2.416817005723714828e-04 9.373863576911389828e-04
3.609924614429473877e-01 5.832117982208728790e-03 6.616442988160997629e-05 9.365681034978479147e-05 2.515658561605960131e-04 1.045564305968582630e-03
3.336905241012573242e-01 7.527957670390605927e-03 7.447313691955059767e-05 1.067179327947087586e-04 2.793464809656143188e-04 1.169528812170028687e-03
3.213959634304046631e-01 8.567089214920997620e-03 7.919194467831403017e-05 1.153986013378016651e-04 3.177695616614073515e-04 1.275832881219685078e-03
2.969625294208526611e-01 1.110753137618303299e-02 9.235179459210485220e-05 1.326955243712291121e-04 3.552450798451900482e-04 1.472230185754597187e-03
2.966707944869995117e-01 1.164813712239265442e-02 9.367564052809029818e-05 1.317952119279652834e-04 3.616056637838482857e-04 1.521563855931162834e-03
2.898202240467071533e-01 1.334129925817251205e-02 9.935859998222440481e-05 1.367192307952791452e-04 3.705165581777691841e-04 1.587456907145678997e-03
2.683973014354705811e-01 1.547331921756267548e-02 1.079304565791971982e-04 1.514604082331061363e-04 4.094451433047652245e-04 1.771907904185354710e-03
2.435383051633834839e-01 1.904755458235740662e-02 1.181042171083390713e-04 1.666055177338421345e-04 4.377737932372838259e-04 2.024540677666664124e-03
2.280778586864471436e-01 2.307166345417499542e-02 1.300260046264156699e-04 1.775811251718550920e-04 4.373854317236691713e-04 2.169015584513545036e-03
2.150568217039108276e-01 2.704068273305892944e-02 1.388431701343506575e-04 1.980183733394369483e-04 4.764103214256465435e-04 2.376346150413155556e-03
1.997528970241546631e-01 3.128018230199813843e-02 1.537659845780581236e-04 2.151715452782809734e-04 5.191384116187691689e-04 2.548556076362729073e-03
1.896017044782638550e-01 3.505050390958786011e-02 1.610072649782523513e-04 2.191336534451693296e-04 5.338203045539557934e-04 2.551620360463857651e-03
1.775203645229339600e-01 4.218889400362968445e-02 1.759973238222301006e-04 2.419025404378771782e-04 5.798063939437270164e-04 2.754189306870102882e-03
1.576538383960723877e-01 5.311362072825431824e-02 1.965576084330677986e-04 2.680277102626860142e-04 6.230036960914731026e-04 3.134708618745207787e-03
1.426747292280197144e-01 6.156912446022033691e-02 2.010107564274221659e-04 2.787165867630392313e-04 6.668452988378703594e-04 3.341446164995431900e-03
1.464792937040328979e-01 6.206296756863594055e-02 1.938640052685514092e-04 2.737528993748128414e-04 6.234239554032683372e-04 3.122596768662333488e-03
1.345185041427612305e-01 7.368574291467666626e-02 2.150531217921525240e-04 2.946612949017435312e-04 6.889970391057431698e-04 3.339536488056182861e-03
1.189702078700065613e-01 8.329537510871887207e-02 2.275207370985299349e-04 3.105875512119382620e-04 6.887594936415553093e-04 3.391741309314966202e-03
1.129428148269653320e-01 9.636908769607543945e-02 2.434371563140302896e-04 3.313611377961933613e-04 7.483957451768219471e-04 3.624224103987216949e-03
1.029739007353782654e-01 1.081159710884094238e-01 2.545935276430100203e-04 3.489133960101753473e-04 7.660964620299637318e-04 3.688527503982186317e-03
9.063735604286193848e-02 1.275710910558700562e-01 2.655356947798281908e-04 3.688634315039962530e-04 8.021972025744616985e-04 3.968555480241775513e-03
8.698002994060516357e-02 1.272132247686386108e-01 2.709518885239958763e-04 3.699793305713683367e-04 8.301215711981058121e-04 3.939028363674879074e-03
7.787580788135528564e-02 1.506095528602600098e-01 2.893336059059947729e-04 3.919797891285270452e-04 8.943401044234633446e-04 4.098029807209968567e-03
7.244360446929931641e-02 1.644544452428817749e-01 2.861172542907297611e-04 4.007362003903836012e-04 8.753504371270537376e-04 4.130072891712188721e-03
6.256367266178131104e-02 1.893360912799835205e-01 3.037423593923449516e-04 4.327575443312525749e-04 8.794216555543243885e-04 4.457715433090925217e-03
6.058862060308456421e-02 1.954770982265472412e-01 3.135333536192774773e-04 4.422254569362848997e-04 9.039031574502587318e-04 4.416356328874826431e-03
5.132890865206718445e-02 2.273472547531127930e-01 3.251089074183255434e-04 4.607903829310089350e-04 9.014373063109815121e-04 4.537068773061037064e-03
4.801140725612640381e-02 2.364498227834701538e-01 3.228884888812899590e-04 4.641811829060316086e-04 9.115491411648690701e-04 4.548719152808189392e-03
4.699516296386718750e-02 2.367688566446304321e-01 3.294991911388933659e-04 4.730659711640328169e-04 9.227229165844619274e-04 4.510232713073492050e-03
3.955105692148208618e-02 2.835586965084075928e-01 3.508125082589685917e-04 4.901344655081629753e-04 9.130717371590435505e-04 4.695604089647531509e-03
3.379794210195541382e-02 3.131997883319854736e-01 3.646477125585079193e-04 4.915138124488294125e-04 9.300143574364483356e-04 4.654564429074525833e-03
3.271823376417160034e-02 3.265042304992675781e-01 3.520680766087025404e-04 4.753505927510559559e-04 9.375749505124986172e-04 4.407483153045177460e-03
