9.710000000000000000e+02 1.280000000000000000e+02 3.900000000000000000e+02 3.970000000000000000e+02 7.350000000000000000e+02
3.770000000000000000e+02 3.800000000000000000e+02 3.820000000000000000e+02 3.780000000000000000e+02 6.850000000000000000e+02
3.880000000000000000e+02 3.840000000000000000e+02 6.260000000000000000e+02 7.140000000000000000e+02 8.650000000000000000e+02
3.880000000000000000e+02 3.840000000000000000e+02 6.260000000000000000e+02 7.610000000000000000e+02 8.500000000000000000e+02
3.880000000000000000e+02 3.840000000000000000e+02 8.500000000000000000e+02 7.610000000000000000e+02 6.260000000000000000e+02
3.880000000000000000e+02 8.500000000000000000e+02 3.840000000000000000e+02 7.610000000000000000e+02 8.650000000000000000e+02
3.880000000000000000e+02 3.840000000000000000e+02 8.500000000000000000e+02 7.610000000000000000e+02 8.650000000000000000e+02
3.880000000000000000e+02 8.500000000000000000e+02 7.610000000000000000e+02 8.650000000000000000e+02 3.840000000000000000e+02
3.880000000000000000e+02 8.500000000000000000e+02 8.650000000000000000e+02 7.610000000000000000e+02 3.840000000000000000e+02
3.880000000000000000e+02 8.500000000000000000e+02 8.650000000000000000e+02 7.610000000000000000e+02 3.840000000000000000e+02
3.880000000000000000e+02 8.500000000000000000e+02 8.650000000000000000e+02 7.610000000000000000e+02 3.840000000000000000e+02
3.880000000000000000e+02 8.500000000000000000e+02 8.650000000000000000e+02 7.610000000000000000e+02 3.840000000000000000e+02
3.880000000000000000e+02 8.500000000000000000e+02 8.650000000000000000e+02 7.610000000000000000e+02 2.480000000000000000e+02
3.880000000000000000e+02 8.500000000000000000e+02 8.650000000000000000e+02 7.610000000000000000e+02 3.840000000000000000e+02
3.880000000000000000e+02 8.500000000000000000e+02 8.650000000000000000e+02 7.610000000000000000e+02 2.480000000000000000e+02
3.880000000000000000e+02 8.500000000000000000e+02 8.650000000000000000e+02 2.480000000000000000e+02 3.840000000000000000e+02
3.880000000000000000e+02 8.500000000000000000e+02 8.650000000000000000e+02 2.480000000000000000e+02 3.840000000000000000e+02
3.880000000000000000e+02 8.500000000000000000e+02 8.650000000000000000e+02 2.480000000000000000e+02 3.840000000000000000e+02
3.880000000000000000e+02 8.500000000000000000e+02 8.650000000000000000e+02 2.480000000000000000e+02 3.840000000000000000e+02
3.880000000000000000e+02 8.500000000000000000e+02 8.650000000000000000e+02 2.480000000000000000e+02 3.840000000000000000e+02
3.880000000000000000e+02 8.500000000000000000e+02 3.840000000000000000e+02 8.650000000000000000e+02 2.220000000000000000e+02
3.880000000000000000e+02 8.500000000000000000e+02 3.840000000000000000e+02 2.220000000000000000e+02 2.480000000000000000e+02
3.880000000000000000e+02 8.500000000000000000e+02 3.840000000000000000e+02 2.220000000000000000e+02 2.480000000000000000e+02
3.880000000000000000e+02 8.500000000000000000e+02 2.220000000000000000e+02 3.840000000000000000e+02 2.480000000000000000e+02
3.880000000000000000e+02 8.500000000000000000e+02 2.220000000000000000e+02 3.840000000000000000e+02 2.480000000000000000e+02
3.880000000000000000e+02 8.500000000000000000e+02 2.220000000000000000e+02 3.840000000000000000e+02 2.480000000000000000e+02
3.880000000000000000e+02 8.500000000000000000e+02 2.220000000000000000e+02 3.840000000000000000e+02 2.480000000000000000e+02
3.880000000000000000e+02 8.500000000000000000e+02 2.220000000000000000e+02 3.840000000000000000e+02 2.480000000000000000e+02
3.880000000000000000e+02 8.500000000000000000e+02 3.840000000000000000e+02 2.220000000000000000e+02 2.480000000000000000e+02
3.880000000000000000e+02 3.840000000000000000e+02 8.500000000000000000e+02 2.220000000000000000e+02 2.480000000000000000e+02
3.880000000000000000e+02 3.840000000000000000e+02 8.500000000000000000e+02 2.220000000000000000e+02 2.480000000000000000e+02
3.880000000000000000e+02 3.840000000000000000e+02 8.500000000000000000e+02 2.220000000000000000e+02 2.480000000000000000e+02
3.880000000000000000e+02 3.840000000000000000e+02 8.500000000000000000e+02 2.220000000000000000e+02 2.480000000000000000e+02
3.880000000000000000e+02 3.840000000000000000e+02 8.500000000000000000e+02 2.220000000000000000e+02 2.480000000000000000e+02
3.880000000000000000e+02 3.840000000000000000e+02 8.500000000000000000e+02 2.220000000000000000e+02 2.480000000000000000e+02
3.880000000000000000e+02 3.840000000000000000e+02 8.500000000000000000e+02 2.220000000000000000e+02 2.480000000000000000e+02
3.880000000000000000e+02 3.840000000000000000e+02 8.500000000000000000e+02 2.220000000000000000e+02 2.480000000000000000e+02
3.880000000000000000e+02 3.840000000000000000e+02 8.500000000000000000e+02 2.220000000000000000e+02 2.480000000000000000e+02
3.880000000000000000e+02 8.500000000000000000e+02 3.840000000000000000e+02 2.220000000000000000e+02 2.480000000000000000e+02
3.880000000000000000e+02 8.500000000000000000e+02 3.840000000000000000e+02 2.220000000000000000e+02 2.480000000000000000e+02
3.880000000000000000e+02 8.500000000000000000e+02 3.840000000000000000e+02 2.220000000000000000e+02 2.480000000000000000e+02
3.880000000000000000e+02 8.500000000000000000e+02 3.840000000000000000e+02 2.220000000000000000e+02 8.650000000000000000e+02
3.880000000000000000e+02 8.500000000000000000e+02 3.840000000000000000e+02 2.220000000000000000e+02 8.650000000000000000e+02
3.880000000000000000e+02 8.500000000000000000e+02 3.840000000000000000e+02 2.220000000000000000e+02 8.650000000000000000e+02
3.880000000000000000e+02 8.500000000000000000e+02 3.840000000000000000e+02 2.220000000000000000e+02 8.650000000000000000e+02
3.880000000000000000e+02 8.500000000000000000e+02 3.840000000000000000e+02 2.220000000000000000e+02 8.650000000000000000e+02
3.880000000000000000e+02 8.500000000000000000e+02 3.840000000000000000e+02 2.220000000000000000e+02 8.650000000000000000e+02
3.880000000000000000e+02 8.500000000000000000e+02 3.840000000000000000e+02 2.220000000000000000e+02 8.650000000000000000e+02
3.880000000000000000e+02 8.500000000000000000e+02 3.840000000000000000e+02 2.220000000000000000e+02 8.650000000000000000e+02
3.880000000000000000e+02 8.500000000000000000e+02 3.840000000000000000e+02 2.220000000000000000e+02 8.650000000000000000e+02
3.880000000000000000e+02 8.500000000000000000e+02 3.840000000000000000e+02 2.220000000000000000e+02 8.650000000000000000e+02
3.880000000000000000e+02 8.500000000000000000e+02 3.840000000000000000e+02 2.220000000000000000e+02 8.650000000000000000e+02
3.880000000000000000e+02 8.500000000000000000e+02 3.840000000000000000e+02 2.220000000000000000e+02 8.650000000000000000e+02
3.880000000000000000e+02 8.500000000000000000e+02 3.840000000000000000e+02 2.220000000000000000e+02 8.650000000000000000e+02
3.880000000000000000e+02 8.500000000000000000e+02 3.840000000000000000e+02 2.220000000000000000e+02 8.650000000000000000e+02
3.880000000000000000e+02 8.500000000000000000e+02 2.220000000000000000e+02 3.840000000000000000e+02 8.650000000000000000e+02
3.880000000000000000e+02 8.500000000000000000e+02 2.220000000000000000e+02 3.840000000000000000e+02 8.650000000000000000e+02
3.880000000000000000e+02 8.500000000000000000e+02 2.220000000000000000e+02 3.840000000000000000e+02 8.650000000000000000e+02
3.880000000000000000e+02 8.500000000000000000e+02 2.220000000000000000e+02 3.840000000000000000e+02 8.650000000000000000e+02
3.880000000000000000e+02 8.500000000000000000e+02 2.220000000000000000e+02 3.840000000000000000e+02 8.650000000000000000e+02
3.880000000000000000e+02 8.500000000000000000e+02 2.220000000000000000e+02 3.840000000000000000e+02 8.650000000000000000e+02
3.880000000000000000e+02 8.500000000000000000e+02 2.220000000000000000e+02 3.840000000000000000e+02 8.650000000000000000e+02
3.880000000000000000e+02 8.500000000000000000e+02 2.220000000000000000e+02 3.840000000000000000e+02 8.650000000000000000e+02
3.880000000000000000e+02 8.500000000000000000e+02 2.220000000000000000e+02 3.840000000000000000e+02 8.650000000000000000e+02
3.880000000000000000e+02 8.500000000000000000e+02 2.220000000000000000e+02 3.840000000000000000e+02 8.650000000000000000e+02
3.880000000000000000e+02 8.500000000000000000e+02 2.220000000000000000e+02 3.840000000000000000e+02 8.650000000000000000e+02
3.880000000000000000e+02 8.500000000000000000e+02 2.220000000000000000e+02 3.840000000000000000e+02 8.650000000000000000e+02
3.880000000000000000e+02 8.500000000000000000e+02 2.220000000000000000e+02 3.840000000000000000e+02 8.650000000000000000e+02
3.880000000000000000e+02 8.500000000000000000e+02 2.220000000000000000e+02 3.840000000000000000e+02 1.400000000000000000e+02
3.880000000000000000e+02 8.500000000000000000e+02 2.220000000000000000e+02 3.840000000000000000e+02 1.400000000000000000e+02
3.880000000000000000e+02 8.500000000000000000e+02 2.220000000000000000e+02 1.400000000000000000e+02 3.840000000000000000e+02
3.880000000000000000e+02 8.500000000000000000e+02 2.220000000000000000e+02 1.400000000000000000e+02 3.840000000000000000e+02
8.500000000000000000e+02 3.880000000000000000e+02 1.400000000000000000e+02 2.220000000000000000e+02 3.840000000000000000e+02
8.500000000000000000e+02 3.880000000000000000e+02 1.400000000000000000e+02 2.220000000000000000e+02 3.840000000000000000e+02
8.500000000000000000e+02 3.880000000000000000e+02 1.400000000000000000e+02 2.220000000000000000e+02 3.840000000000000000e+02
8.500000000000000000e+02 3.880000000000000000e+02 1.400000000000000000e+02 2.220000000000000000e+02 3.840000000000000000e+02
8.500000000000000000e+02 3.880000000000000000e+02 1.400000000000000000e+02 2.220000000000000000e+02 3.600000000000000000e+02
8.500000000000000000e+02 1.400000000000000000e+02 3.880000000000000000e+02 2.220000000000000000e+02 3.600000000000000000e+02
8.500000000000000000e+02 1.400000000000000000e+02 3.880000000000000000e+02 2.220000000000000000e+02 3.600000000000000000e+02
8.500000000000000000e+02 1.400000000000000000e+02 3.880000000000000000e+02 2.220000000000000000e+02 3.600000000000000000e+02
1.400000000000000000e+02 8.500000000000000000e+02 3.880000000000000000e+02 2.220000000000000000e+02 3.600000000000000000e+02
1.400000000000000000e+02 8.500000000000000000e+02 3.880000000000000000e+02 2.220000000000000000e+02 3.600000000000000000e+02
1.400000000000000000e+02 8.500000000000000000e+02 3.880000000000000000e+02 2.220000000000000000e+02 3.600000000000000000e+02
1.400000000000000000e+02 8.500000000000000000e+02 3.880000000000000000e+02 2.220000000000000000e+02 3.600000000000000000e+02
1.400000000000000000e+02 8.500000000000000000e+02 3.880000000000000000e+02 2.220000000000000000e+02 3.600000000000000000e+02
1.400000000000000000e+02 8.500000000000000000e+02 3.880000000000000000e+02 2.220000000000000000e+02 3.600000000000000000e+02
1.400000000000000000e+02 8.500000000000000000e+02 3.880000000000000000e+02 2.220000000000000000e+02 3.600000000000000000e+02
1.400000000000000000e+02 8.500000000000000000e+02 3.880000000000000000e+02 2.220000000000000000e+02 3.600000000000000000e+02
1.400000000000000000e+02 8.500000000000000000e+02 3.880000000000000000e+02 2.220000000000000000e+02 3.600000000000000000e+02
1.400000000000000000e+02 8.500000000000000000e+02 3.880000000000000000e+02 2.220000000000000000e+02 3.600000000000000000e+02
3.880000000000000000e+02 3.840000000000000000e+02 8.650000000000000000e+02 8.500000000000000000e+02 2.480000000000000000e+02
3.880000000000000000e+02 6.260000000000000000e+02 5.280000000000000000e+02 7.730000000000000000e+02 3.840000000000000000e+02
3.880000000000000000e+02 6.260000000000000000e+02 5.280000000000000000e+02 7.140000000000000000e+02 7.730000000000000000e+02
3.880000000000000000e+02 6.260000000000000000e+02 5.280000000000000000e+02 3.840000000000000000e+02 7.610000000000000000e+02
3.880000000000000000e+02 6.260000000000000000e+02 5.280000000000000000e+02 7.610000000000000000e+02 8.650000000000000000e+02
3.880000000000000000e+02 7.610000000000000000e+02 6.260000000000000000e+02 8.650000000000000000e+02 5.280000000000000000e+02
3.880000000000000000e+02 7.610000000000000000e+02 6.260000000000000000e+02 8.650000000000000000e+02 5.280000000000000000e+02
3.880000000000000000e+02 7.610000000000000000e+02 3.840000000000000000e+02 8.650000000000000000e+02 6.260000000000000000e+02
3.880000000000000000e+02 7.610000000000000000e+02 3.840000000000000000e+02 8.650000000000000000e+02 6.260000000000000000e+02
3.880000000000000000e+02 3.840000000000000000e+02 7.610000000000000000e+02 8.650000000000000000e+02 8.500000000000000000e+02
3.880000000000000000e+02 3.840000000000000000e+02 7.610000000000000000e+02 8.650000000000000000e+02 8.500000000000000000e+02
