1.370936217966343875e-04
4.635618395329523661e-03
2.386070932331596783e-01
6.939926385686254751e-01
8.212113806298756424e-01
8.689146402108103295e-01
8.799177134736407835e-01
8.605243860604704365e-01
8.735629751152360623e-01
8.631669929147987030e-01
8.971463644814825500e-01
9.148908740549552832e-01
9.247401848636905841e-01
9.199312735290749998e-01
9.116914052656647227e-01
9.239550909391417433e-01
9.246885085585186959e-01
9.323648216899140806e-01
9.211161503046038090e-01
9.271469620452914562e-01
9.198359406953797723e-01
9.141579991272311689e-01
9.204756535560202346e-01
9.189731212663191373e-01
9.182737726229306396e-01
9.102533326845153594e-01
9.033440237559050567e-01
8.962467626181688241e-01
8.922234276006824061e-01
8.999232573703707105e-01
8.864197624662755182e-01
8.820049055707479546e-01
8.784076437998714626e-01
8.593915473845488151e-01
8.491508955949899073e-01
8.379674075071018580e-01
8.166101996001809971e-01
8.122088496969036564e-01
8.093998174023485648e-01
8.040467672370777974e-01
7.839504129370936658e-01
7.707791659227268832e-01
7.609951590095588303e-01
7.607783235446834436e-01
7.600706536292836102e-01
7.412863468488277707e-01
7.277623502600668592e-01
7.201382561254963122e-01
7.160002322720274703e-01
7.053257889545726522e-01
7.016846294588827693e-01
6.850731394585493073e-01
6.794413266808984053e-01
6.691262055367452888e-01
6.473643305539681370e-01
6.414652722867935086e-01
6.237712330370417391e-01
6.062699096231470852e-01
5.774135472599709606e-01
5.704939271899552855e-01
5.520481997018451548e-01
5.291044628971666164e-01
5.023247704429383287e-01
4.835148968557229643e-01
4.655402257223421603e-01
4.615928976857999744e-01
4.270383935651724250e-01
4.041450969346785382e-01
3.895740973997652845e-01
3.746233946050299135e-01
3.593096913935676651e-01
3.449208855063521373e-01
3.245399798830234106e-01
3.052441259206236102e-01
2.943409983705381761e-01
2.798311722447228145e-01
2.726604668366256479e-01
2.430981380068491238e-01
2.322497469398673020e-01
2.238508097230807181e-01
2.132968288778047117e-01
2.033836010521705706e-01
1.922911796385951000e-01
1.845170614115301255e-01
1.746843931468174405e-01
1.595535920971553057e-01
1.497842227838477869e-01
1.345952180544106314e-01
1.251836408254388411e-01
1.156198536625927947e-01
1.094058458021262975e-01
1.037164474101940348e-01
9.268724957418301991e-02
8.846865862240858858e-02
8.134165496713911814e-02
7.119348688009764781e-02
7.048845504912173987e-02
7.019139166822388476e-02
5.997121141379436332e-02
6.172683398573915181e-02
5.494176375872580204e-02
