4.469543188961833460e-03
3.725212765779899876e-02
9.940684147840745943e-01
9.999366995578624628e-01
9.999953508149842518e-01
9.999970197531949934e-01
9.999921321484348535e-01
9.999942779261344894e-01
9.999971389630671892e-01
9.999959468643452309e-01
9.999979734321726710e-01
9.999983310617892585e-01
9.999966621235784059e-01
9.999938010866457061e-01
9.999961852840896226e-01
9.999921321484348535e-01
9.999853371857195805e-01
9.999779461736432173e-01
9.999630449396184062e-01
9.999314543234857355e-01
9.998841280042228830e-01
9.998286358087143944e-01
9.996476156177807049e-01
9.995039677217812946e-01
9.993308749873488495e-01
9.990487648247906582e-01
9.985893895822730570e-01
9.981960566089536080e-01
9.976444129253542181e-01
9.968287789797709575e-01
9.962743338641748547e-01
9.957065968478286955e-01
9.950382466993468178e-01
9.942341761113667742e-01
9.930148975385187926e-01
9.920782059677176745e-01
9.921108098677640097e-01
9.907900836936749389e-01
9.907317900661698484e-01
9.901329392731798018e-01
9.899917947844966148e-01
9.893558101163166807e-01
9.882878088712887532e-01
9.878126383207048722e-01
9.863216804491160561e-01
9.864903028133410468e-01
9.851746430588204095e-01
9.848791217856398550e-01
9.829140066473809334e-01
9.827338805304887126e-01
9.834369207517803524e-01
9.813523573215783280e-01
9.810580877520558296e-01
9.800670960844682922e-01
9.798665254744940434e-01
9.788493672399588563e-01
9.796946248387835565e-01
9.786835463077304675e-01
9.775486683243991282e-01
9.777740345877907746e-01
9.757486588591353094e-01
9.760085363805284242e-01
9.762138157804545191e-01
9.731153127822665949e-01
9.733204729723204940e-01
9.719367443807744866e-01
9.710047615999252146e-01
9.713629872658822162e-01
9.707746269416457352e-01
9.715803664678365203e-01
9.706026667009991504e-01
9.695253074810036287e-01
9.687407873120641444e-01
9.673665955102939140e-01
9.671617333449205045e-01
9.678893904048212482e-01
9.651257479376393889e-01
9.653552865465580002e-01
9.662050145155900438e-01
9.644269396668108119e-01
9.641111527153565230e-01
9.642877621410188560e-01
9.644460132463625879e-01
9.629446245109564151e-01
9.623414821625672078e-01
9.611374624533606248e-01
9.617697516155023774e-01
9.629707314729678558e-01
9.615373519696510662e-01
9.609446404850793266e-01
9.604399058861901040e-01
9.590335274189262238e-01
9.574694938956797019e-01
9.550430365520118370e-01
9.543494735155598763e-01
9.567497642922802026e-01
9.566985040472347768e-01
9.552098111632177924e-01
9.570894528231103093e-01
9.549082101865551397e-01
9.562462217921130492e-01
