1.933975113982970952e-03
4.987760062556479898e-03
5.583821976346289503e-03
9.967857801309262106e-03
2.814071231151096114e-02
3.244118294771903416e-02
1.001771342768950496e-01
3.681684937498795329e-01
6.213491232143124599e-01
9.503067216371635650e-01
9.638553427129898932e-01
8.626574049969070179e-01
9.025635516881453935e-01
8.953382791909940686e-01
9.867939906567373409e-01
1.060675344272450582e+00
1.106299643603575023e+00
1.105355455759208239e+00
1.094257946718690366e+00
1.120490637219667684e+00
1.098409888271594248e+00
1.084522666622837361e+00
1.078134063325253189e+00
1.068304374228279841e+00
1.059443037766633289e+00
1.054618688892795753e+00
1.061726365929483995e+00
1.066043254193153711e+00
1.079045281394099165e+00
1.093115744554875146e+00
1.094413207946439925e+00
1.116720929829849496e+00
1.135785678066480120e+00
1.140406142631162245e+00
1.138082115873009892e+00
1.143090488924161097e+00
1.145702830010087547e+00
1.111850599369974102e+00
1.114703512200724722e+00
1.108682076759311741e+00
1.099682991205874982e+00
1.082734961257578732e+00
1.064704113874669567e+00
1.069216472795581518e+00
1.064752541289752275e+00
1.066435271672417695e+00
1.051283458574455487e+00
1.042997478937254030e+00
1.022749438608859363e+00
1.007863731710946453e+00
1.001536371972638451e+00
9.843430742877525841e-01
9.903064946642282651e-01
9.769967821694758303e-01
9.650834423928503769e-01
9.578860523468072374e-01
9.534176205155358019e-01
9.544166927636625886e-01
9.436922215690227711e-01
9.360947917244494265e-01
9.185082047291963647e-01
9.095198808235556154e-01
8.928752315099481862e-01
8.855812801332252349e-01
8.933951169316625140e-01
8.669734127621206987e-01
8.589426798440108479e-01
8.625209277362199112e-01
8.496310173386777409e-01
8.288912675391624241e-01
8.361885452433859278e-01
8.185426224355115687e-01
8.112180981957314296e-01
7.904968388637930721e-01
7.775814429276064477e-01
7.687074859880900224e-01
7.534349467684875457e-01
7.579787590509127204e-01
7.548894323847136212e-01
7.417412913566455712e-01
7.142442539893673059e-01
7.095070744626782444e-01
7.155408368824758281e-01
7.106606741898411350e-01
7.200624410371763151e-01
6.924702120034832431e-01
6.979347810880279779e-01
6.958020181611611621e-01
6.998280484348503583e-01
6.984143103305068268e-01
6.981186095990180585e-01
7.083998476542004985e-01
6.948280401190316535e-01
6.961711915971489084e-01
6.980808459985698988e-01
7.138600142464650578e-01
7.131502346577301976e-01
7.002731893209624969e-01
7.093941260773999335e-01
6.865119278680011927e-01
7.101911728464450624e-01
