1.178270205855369568e-03 3.313336928840726614e-04 9.327611041953787208e-05 5.062595009803771973e-04 3.045756020583212376e-04 5.776760008302517235e-05
3.038782160729169846e-03 1.036509729601675645e-05 1.375903775624465197e-05 2.248492091894149780e-04 8.120275742840021849e-05 2.917102756327949464e-05
3.401931608095765114e-03 1.157664655693224631e-06 1.593069328009732999e-06 2.717043207667302340e-05 4.304904723539948463e-05 3.148978294120752253e-06
6.072896067053079605e-03 2.217937122850344167e-07 8.483998499286826700e-07 6.894110811117570847e-06 2.245205541839823127e-05 3.640857642039918574e-07
1.714466884732246399e-02 3.707334172986520571e-08 5.341884730114543345e-07 2.538881290092831478e-06 9.304234481533057988e-06 4.944043752175275586e-08
1.976472139358520508e-02 1.447201292137378914e-08 3.708881024522270309e-07 7.498135801142780110e-07 3.981791451224125922e-06 2.718921443545241345e-08
6.103270500898361206e-02 7.652065647789640934e-09 2.388972859534987947e-07 4.555990358312556054e-07 2.616780420794384554e-06 2.066991910965043644e-08
2.243058681488037109e-01 3.212413446362916147e-09 1.134743357056322566e-07 1.823029975867029862e-07 7.598480351589387283e-07 1.618730216534913779e-08
3.785556256771087646e-01 1.364465762598854326e-09 4.762419791859429097e-08 5.810250414128859120e-08 2.035053938698183629e-07 1.347397482476253572e-08
5.789723396301269531e-01 4.344072601636383979e-10 1.603883248435522546e-08 1.558072426632861607e-08 5.835757477257175196e-08 5.751254583685749822e-09
5.872268080711364746e-01 2.518423247721557345e-10 1.013551553796787630e-08 8.439531740123129566e-09 3.666196235485585930e-08 5.304321426535807404e-09
5.255721807479858398e-01 2.417204769677994136e-10 1.083426059977909972e-08 7.657026124263666134e-09 3.510247026383694902e-08 7.016089487166254912e-09
5.498849153518676758e-01 2.323473080600990670e-10 1.042437691722852833e-08 7.738454321781773615e-09 3.356542777055437909e-08 7.266264034910818737e-09
5.454829335212707520e-01 3.444990404055658928e-10 1.320444287244981751e-08 1.095574475584726315e-08 4.069567083320180245e-08 1.074214051044464213e-08
6.012021303176879883e-01 2.809055765773393887e-10 1.041817743185902145e-08 8.516621186061001936e-09 3.056505804011067085e-08 9.780309007112464315e-09
6.462141871452331543e-01 2.323493619726946235e-10 8.263201678460063704e-09 6.396436269540117792e-09 2.307332280793161772e-08 8.829666775511668675e-09
6.740106940269470215e-01 2.036294466378762991e-10 6.605958891015006884e-09 5.045188711250148117e-09 1.898706969427621516e-08 8.459292821783037652e-09
6.734354496002197266e-01 2.280173411195463018e-10 6.534956131787339473e-09 5.221104437680423871e-09 1.992883014168000955e-08 9.531638589521662652e-09
6.666743159294128418e-01 2.774994400933650240e-10 7.136344404301553368e-09 6.123921814094046567e-09 2.224819439788916497e-08 1.103261926260756809e-08
6.826565265655517578e-01 2.420602884800615584e-10 5.938515013070855275e-09 5.460557783720787484e-09 1.940882832229817723e-08 9.846501392019035848e-09
6.692038774490356445e-01 3.417532645766385713e-10 7.483241581951460830e-09 7.468056395509847789e-09 2.610035387817788433e-08 1.215588607550444067e-08
6.607431173324584961e-01 4.240205131456065146e-10 8.589880806653127365e-09 9.131209566248799092e-09 3.117703073485245113e-08 1.333772914335895621e-08
6.568508744239807129e-01 4.852039325875523446e-10 8.836903653275385295e-09 1.044155339968710905e-08 3.232528200669548823e-08 1.423216655638270822e-08
6.508621573448181152e-01 5.099345390391363253e-10 8.708116894240447436e-09 9.982668025543262047e-09 3.110595869770804711e-08 1.415687478356630891e-08
6.454634070396423340e-01 6.078453851365850369e-10 9.352680407914704119e-09 1.140134742172449478e-08 3.459705055774975335e-08 1.675974203863006551e-08
6.425241827964782715e-01 7.269895796468972549e-10 1.004330751896986840e-08 1.271679561654082136e-08 3.819573279884025396e-08 1.913698177702372050e-08
6.468545198440551758e-01 8.808354046152544470e-10 1.119394266169138064e-08 1.487928891208412097e-08 4.340863668517158658e-08 2.286802747164529137e-08
6.494845747947692871e-01 9.598569716828819764e-10 1.112388492430227416e-08 1.495977564047734631e-08 4.225109151434480736e-08 2.443202973267943889e-08
6.574060320854187012e-01 1.050859732565356808e-09 1.138161742630927620e-08 1.674459504386049957e-08 4.351069549102248857e-08 2.675656141093440965e-08
6.659784317016601562e-01 1.109557334899591297e-09 1.110508573987090131e-08 1.637282665001293935e-08 4.428486377605622692e-08 2.811595400942223932e-08
6.667689085006713867e-01 1.293951834568929371e-09 1.227899115718855683e-08 1.790966841497265705e-08 4.982614143500541104e-08 3.193608577589657216e-08
6.803598403930664062e-01 1.207458910634784388e-09 1.109926550668660639e-08 1.612554356711370929e-08 4.519450769180366478e-08 2.976351609618177463e-08
6.919749975204467773e-01 1.314028774679343314e-09 1.080219202975740700e-08 1.621925882488994830e-08 4.929671959530423919e-08 3.160367967325328209e-08
6.947900056838989258e-01 1.451785247574832738e-09 1.181210240730479200e-08 1.695966744819088490e-08 5.300485383941122564e-08 3.394886505247995956e-08
6.933740973472595215e-01 1.722546882909625765e-09 1.290497841921478539e-08 1.840910535122475267e-08 5.894959898000706744e-08 3.950192350998804613e-08
6.964254379272460938e-01 1.793015180773238626e-09 1.308065833427463076e-08 1.965917917345905153e-08 5.981686967970745172e-08 3.991257102597955964e-08
6.980170011520385742e-01 1.920207104433302447e-09 1.292806217634279164e-08 2.030876977698881092e-08 5.838985828177101212e-08 4.153765686965016357e-08
6.773926019668579102e-01 2.422181788475086250e-09 1.482414102582652049e-08 2.363060680465878249e-08 6.586726186696978402e-08 4.648168072662883787e-08
6.791307330131530762e-01 2.435823764912470324e-09 1.399086180242647970e-08 2.225569062375143403e-08 6.242810712819846231e-08 4.640864759153373598e-08
6.754621863365173340e-01 2.952879274431552403e-09 1.571676833123092365e-08 2.549381150629415060e-08 7.022438097692429437e-08 5.163316529888106743e-08
6.699795126914978027e-01 3.553709326808984770e-09 1.747506495064499177e-08 2.803383480909360514e-08 7.399792423257167684e-08 5.842696992885976215e-08
6.596539616584777832e-01 4.453312829610922563e-09 2.039222479766067408e-08 3.326217878907300474e-08 8.647561600128028658e-08 6.731523427561114659e-08
6.486687064170837402e-01 5.334814368040952104e-09 2.231211659875498299e-08 3.742268361861533776e-08 9.336841344520507846e-08 7.432438309251665487e-08
6.514178514480590820e-01 6.042558453600577195e-09 2.405353605183790933e-08 4.020195731868625444e-08 9.728600502967310604e-08 8.119268102291243849e-08
6.486982107162475586e-01 6.858834389333878789e-09 2.528413922675554204e-08 4.344617821061547147e-08 1.067253805331347394e-07 8.894654968116810778e-08
6.497234106063842773e-01 8.536477302811817935e-09 2.889908046199707314e-08 4.810878806438267929e-08 1.227723345209597028e-07 1.011960719665694342e-07
6.404922008514404297e-01 1.099284752115181618e-08 3.451574315249672509e-08 5.582969109241275874e-08 1.526245796412695199e-07 1.237946207766071893e-07
6.354439854621887207e-01 1.438010777121689898e-08 4.016074939272584743e-08 6.561269572102901293e-08 1.798997999458151753e-07 1.502873914205338224e-07
6.231079101562500000e-01 1.746682443126701401e-08 4.722839008763912716e-08 7.644081989610640449e-08 2.219091186361765722e-07 1.675267213840925251e-07
6.140388250350952148e-01 2.286544820151448221e-08 5.651626366898199194e-08 8.872891754663214670e-08 2.624945238949294435e-07 2.100795484238915378e-07
6.101838946342468262e-01 3.021131433911250497e-08 6.982170930314168800e-08 1.069848778456616856e-07 3.381511533007142134e-07 2.639721969899255782e-07
5.997089147567749023e-01 3.952548155439217226e-08 8.454398425783438142e-08 1.281749746340210550e-07 4.099182433492387645e-07 3.138731869967159582e-07
6.033421158790588379e-01 4.528756392119248630e-08 8.749058366674944409e-08 1.424960913709583110e-07 4.583763768550852546e-07 3.320421342323243152e-07
5.952332019805908203e-01 5.497904709272916079e-08 9.903375541853165487e-08 1.630260584306597593e-07 5.313921178640157450e-07 3.924088218809629325e-07
5.879750251770019531e-01 7.155012582416020450e-08 1.213095544017050997e-07 1.968519001138702151e-07 6.455658194681745954e-07 4.710901180260407273e-07
5.835900306701660156e-01 7.953389058457105421e-08 1.268581826252557221e-07 2.123476150472924928e-07 6.826983849350654054e-07 4.979057734999514651e-07
5.808676481246948242e-01 8.470369294855117914e-08 1.288620552486463566e-07 2.296404204571445007e-07 7.073092547216219828e-07 5.155519602340064012e-07
5.814763307571411133e-01 1.073166799869795796e-07 1.454382498877748731e-07 2.706210295855271397e-07 8.445700814263545908e-07 6.178971716508385725e-07
5.749424695968627930e-01 1.213391414012221503e-07 1.605498596290999558e-07 2.984141644901683321e-07 9.450600941818265710e-07 6.561784857694874518e-07
5.703137516975402832e-01 1.376374854089590372e-07 1.757022261017482379e-07 3.253713884987519123e-07 1.042816052176931407e-06 7.748945449748134706e-07
5.595991611480712891e-01 1.604428234713850543e-07 1.872660391200042795e-07 3.744594039289950160e-07 1.112940253733540885e-06 8.670306783642445225e-07
5.541230440139770508e-01 1.883978200112323975e-07 2.062110837641739636e-07 4.073715160757274134e-07 1.220157514580932911e-06 9.649395451560849324e-07
5.439823269844055176e-01 2.225307440539836534e-07 2.268020864448772045e-07 4.830426405533216894e-07 1.363318233416066505e-06 1.131464273385063279e-06
5.395385026931762695e-01 2.652502928413014160e-07 2.419843951884104172e-07 5.335323862709628884e-07 1.444548956897051539e-06 1.253844743587251287e-06
5.442990660667419434e-01 2.984959337481996045e-07 2.600249899842310697e-07 6.024519052516552620e-07 1.620239913791010622e-06 1.366395736113190651e-06
5.282016992568969727e-01 3.835104109839448938e-07 2.977930648739857133e-07 6.563977876794524491e-07 1.889965119517000858e-06 1.651295292504073586e-06
5.233089923858642578e-01 4.826821964343253057e-07 3.391381255823944230e-07 8.150635721904109232e-07 2.138798208761727437e-06 1.938374225574079901e-06
5.254890322685241699e-01 4.772426791532780044e-07 3.230849188184947707e-07 7.883581929490901530e-07 2.031687927228631452e-06 1.886937525341636501e-06
5.176358819007873535e-01 6.147211593088286463e-07 3.866478550662577618e-07 9.664199751568958163e-07 2.390589997958159074e-06 2.315011670361855067e-06
5.050002336502075195e-01 7.733398774689703714e-07 4.459331535144883674e-07 1.104410102925612591e-06 2.876804501283913851e-06 2.710773060243809596e-06
5.094460844993591309e-01 9.008637675833597314e-07 4.678119012169190682e-07 1.160220904239395168e-06 3.198927061021095142e-06 2.970508148791850545e-06
4.986953437328338623e-01 1.028849396789155435e-06 5.225987251833430491e-07 1.280399374081753194e-06 3.565559381968341768e-06 3.352956127855577506e-06
4.942328929901123047e-01 1.164308969237026758e-06 5.353974756872048602e-07 1.331979774477076717e-06 3.686257286972249858e-06 3.581719965950469486e-06
4.816085100173950195e-01 1.423200842509686481e-06 6.158995802252320573e-07 1.526908022242423613e-06 4.272736987331882119e-06 4.237937901052646339e-06
4.737398326396942139e-01 1.867764694907236844e-06 7.224887781376310159e-07 1.769598952705564443e-06 4.701505986304255202e-06 5.096291715744882822e-06
4.683333933353424072e-01 2.097131527989404276e-06 7.905880465841619298e-07 1.978845375560922548e-06 5.457779025164199993e-06 5.535706350201508030e-06
4.590286314487457275e-01 2.746208565440610982e-06 8.915574767343059648e-07 2.299877678524353541e-06 6.297901109064696357e-06 6.565508556377608329e-06
4.617969393730163574e-01 2.926000888692215085e-06 8.933214985518134199e-07 2.374470113863935694e-06 6.375103566824691370e-06 6.743578978785080835e-06
4.599147737026214600e-01 3.257679281887249090e-06 9.274367585021536797e-07 2.441006245135213248e-06 6.604660029552178457e-06 7.274714789673453197e-06
4.519042968750000000e-01 4.031221578770782799e-06 1.066486902345786802e-06 2.724829528233385645e-06 7.516653568018227816e-06 8.650906238472089171e-06
4.351517856121063232e-01 5.462261469801887870e-06 1.293305558647261932e-06 3.283349087723763660e-06 9.277673598262481391e-06 1.079066532838623971e-05
4.322656691074371338e-01 6.636079433519626036e-06 1.399149482494976837e-06 3.685132696773507632e-06 1.015010820992756635e-05 1.232330578204710037e-05
4.359417259693145752e-01 6.858661436126567423e-06 1.394503783558320720e-06 3.602186325224465691e-06 9.938786206475924700e-06 1.294301819143583998e-05
4.329684972763061523e-01 7.400049980788026005e-06 1.466506432734604459e-06 3.577045163183356635e-06 1.041268933477113023e-05 1.340139533567707986e-05
4.386965036392211914e-01 8.025299393921159208e-06 1.501892825217510108e-06 3.828610715572722256e-06 1.062174032995244488e-05 1.402175348630407825e-05
4.218859970569610596e-01 9.430359568796120584e-06 1.719706915537244640e-06 4.371172963146818802e-06 1.171815347333904356e-05 1.582854019943624735e-05
4.252152740955352783e-01 1.065847936843056232e-05 1.737382262945175171e-06 4.531460490397876129e-06 1.213394352816976607e-05 1.691015131655149162e-05
4.239158928394317627e-01 1.219942896568682045e-05 1.850375383583013900e-06 4.856880423176335171e-06 1.260203134734183550e-05 1.869429615908302367e-05
4.263687431812286377e-01 1.264834736502962187e-05 1.890817202365724370e-06 4.789247213921044022e-06 1.273230191145557910e-05 1.900513598229736090e-05
4.255074262619018555e-01 1.540082121209707111e-05 2.060976385109825060e-06 5.239735401119105518e-06 1.355206313746748492e-05 2.134930036845616996e-05
4.253272712230682373e-01 1.593401975696906447e-05 2.108481112372828647e-06 5.471336862683529034e-06 1.419776708644349128e-05 2.137517367373220623e-05
4.315910935401916504e-01 1.700712346064392477e-05 2.085071173496544361e-06 5.384045834944117814e-06 1.390408942825160921e-05 2.162142118322663009e-05
4.233224987983703613e-01 1.913840787892695516e-05 2.286286644448409788e-06 5.925116965954657644e-06 1.506051012256648391e-05 2.431784923828672618e-05
4.241408109664916992e-01 2.162686723750084639e-05 2.386737151027773507e-06 6.345826022879919037e-06 1.574815541971474886e-05 2.642070285219233483e-05
4.253042638301849365e-01 2.370981383137404919e-05 2.504923031665384769e-06 6.722009857185184956e-06 1.723537752695847303e-05 2.759987546596676111e-05
4.349176883697509766e-01 2.394138755335006863e-05 2.449982730468036607e-06 6.635684258071705699e-06 1.675375824561342597e-05 2.755815330601762980e-05
4.344852566719055176e-01 2.251233127026353031e-05 2.303697783645475283e-06 6.301578650891315192e-06 1.558394797029905021e-05 2.671977927093394101e-05
4.266399443149566650e-01 2.500644404790364206e-05 2.447479801048757508e-06 6.683560059173032641e-06 1.669337871135212481e-05 2.725468948483467102e-05
4.321968555450439453e-01 3.352701605763286352e-05 2.947246002804604359e-06 7.906548489700071514e-06 2.009698619076516479e-05 3.360028495080769062e-05
4.182559251785278320e-01 3.888236460625194013e-05 3.085715434281155467e-06 8.816116860543843359e-06 2.177440910600125790e-05 3.571403067326173186e-05
4.326824545860290527e-01 3.837183248833753169e-05 3.030823336303001270e-06 8.679368875164072961e-06 2.125404353137128055e-05 3.483464752207510173e-05
