3.843420091292036600e-03
4.866516113048370562e-03
4.738032815296958078e-02
1.046505800577078732e-01
1.497234427724430939e-01
2.786275973848413301e-01
4.808794379445722189e-01
7.152778124270225968e-01
7.946149301427199996e-01
7.865607661823631469e-01
7.905071113457802223e-01
8.037446229671370013e-01
8.624042127742128638e-01
8.697490373950629294e-01
9.140961247991118421e-01
9.701724299693107456e-01
1.018694743218767851e+00
1.041675361588920046e+00
1.056698915411785178e+00
1.094132133272637697e+00
1.144013838305067976e+00
1.160383674267227105e+00
1.194390285636634186e+00
1.206047596028873681e+00
1.202605238398381182e+00
1.182797153798524237e+00
1.195237422984512188e+00
1.205463629886191601e+00
1.200645053168899246e+00
1.186264752384756704e+00
1.178450719919996059e+00
1.173090538819073547e+00
1.173670885134769692e+00
1.165592409633709803e+00
1.167695529112556363e+00
1.164089007436592160e+00
1.155441632099764693e+00
1.139503533880553254e+00
1.132613046463023077e+00
1.114983902042394392e+00
1.121023045286090092e+00
1.114174919627611837e+00
1.102279678985916167e+00
1.096441387223360930e+00
1.097221117522770406e+00
1.081544918677651790e+00
1.074507583684285450e+00
1.067268223211837341e+00
1.067809925428629070e+00
1.052963058295943943e+00
1.054318536752445912e+00
1.037962886598744916e+00
1.052218939267423270e+00
1.055797969824926685e+00
1.046427705255685403e+00
1.043555812791548965e+00
1.043512766200364483e+00
1.037120836575279759e+00
1.011429652624770803e+00
1.014861052941143704e+00
1.027444158543334707e+00
1.007536968950591527e+00
9.929272494020682238e-01
9.902994506765798732e-01
9.893038025891155440e-01
9.854294137161897504e-01
9.799161237170770367e-01
9.753601312060099504e-01
9.611037850378462144e-01
9.403791015452453994e-01
9.426794526782463768e-01
9.466880686491382368e-01
9.396208945414280533e-01
9.482278647824391449e-01
9.453100885654264207e-01
9.333220042531988891e-01
9.267338213055776874e-01
9.149452188102255024e-01
9.229543305995813185e-01
9.037293316439503066e-01
9.030111384033021604e-01
9.033911224036668131e-01
9.037207223257134325e-01
9.017129901796050451e-01
8.906894430093950099e-01
8.731082368380400638e-01
8.504838290099391296e-01
8.544684758561942317e-01
8.673779528860929844e-01
8.431091652747453313e-01
8.524932243197977932e-01
8.356451798628438121e-01
8.383869542218090887e-01
8.500198063236029666e-01
8.117722252240697767e-01
8.105097371878424717e-01
7.924633343322099455e-01
8.013694783819529377e-01
7.878964823401848339e-01
7.872856609945934059e-01
7.729193014360049574e-01
