2.298215840710327029e-04 6.302704605332110077e-06 5.476247679325751960e-05 2.372148264839779586e-05 3.430718425079248846e-05 3.205879358574748039e-03
4.206586480140686035e-01 6.478863667780387914e-08 6.990079782553948462e-06 8.431891274085501209e-07 7.417538085974229034e-07 4.208790778648108244e-04
9.911375045776367188e-01 1.562654693143539220e-11 1.297057461435713321e-09 1.999960641541065343e-09 4.940401976405439655e-10 1.945690257798560197e-07
9.981647133827209473e-01 4.210548576466521808e-12 2.147867161905736566e-10 4.339414938492325291e-10 4.234074549303024071e-11 1.307203945088986075e-08
9.979534149169921875e-01 1.134636395255794739e-11 3.407397697330338815e-10 5.939722602654740058e-10 9.439468651173399394e-11 4.032087552729990421e-09
9.976255297660827637e-01 2.625542491752064223e-11 4.129299957522647446e-10 9.182682392250285375e-10 1.703316793166820275e-10 4.803074382664362929e-09
9.980595707893371582e-01 2.025799666904859464e-11 3.388988256691760625e-10 7.412799263306624198e-10 1.291043938422831161e-10 1.962003226552155866e-09
9.972499012947082520e-01 2.236625641638401163e-11 3.317577879080602088e-10 7.674080815256445476e-10 1.785982056690116337e-10 1.337287391933728031e-09
9.957597851753234863e-01 2.618888265970564788e-11 3.106984947098823113e-10 8.908204174318257174e-10 1.597232068828446927e-10 1.426380680236150056e-09
9.966537952423095703e-01 4.118137428288370927e-11 4.603853409612668202e-10 1.409581451561336962e-09 1.601623556002351734e-10 2.006574018054152475e-09
9.978362917900085449e-01 6.584627981753854442e-11 6.107248040621016116e-10 1.903749824450073902e-09 1.622240120013884734e-10 2.575232693757811830e-09
9.983178377151489258e-01 9.839607600925504016e-11 7.853236949628694674e-10 2.327549486480506857e-09 1.729739962375020923e-10 3.017155858486830766e-09
9.986090064048767090e-01 1.291954321303023789e-10 9.121543520507202629e-10 2.668670395777894555e-09 1.861493181820605969e-10 3.563978445697557618e-09
9.985800981521606445e-01 1.625348605704957095e-10 1.043400921219017619e-09 2.966866974318804751e-09 2.016403849447456764e-10 3.935749059991167087e-09
9.986487030982971191e-01 2.130904896979757268e-10 1.284759520991940462e-09 3.180210539355243782e-09 2.212918459587598363e-10 4.321346391833458256e-09
9.985650181770324707e-01 3.219335908966058923e-10 1.888328604593425553e-09 4.030582090308598708e-09 2.669900689422632922e-10 5.672302627601766289e-09
9.983019828796386719e-01 5.151493120969519168e-10 2.450857072844314644e-09 5.140111003498759601e-09 3.751950139463389178e-10 7.926492351373326528e-09
9.980765581130981445e-01 8.166327059022648882e-10 3.298476825008833657e-09 6.523309448169811731e-09 5.095475152927519957e-10 9.717978421974748926e-09
9.977864027023315430e-01 1.328683718604395381e-09 4.100181527633139922e-09 7.782974265069242392e-09 6.498389049092168079e-10 1.125574744520463355e-08
9.977438449859619141e-01 1.904415958264848996e-09 4.423467814262949105e-09 8.547559993132836098e-09 7.241138799685131744e-10 1.153682482879503368e-08
9.975447058677673340e-01 3.295380190948549171e-09 6.047771172745797230e-09 1.086479795020522943e-08 1.022100293290861828e-09 1.466668742011734139e-08
9.972199201583862305e-01 5.542968306571083303e-09 8.460097511431285966e-09 1.394940696286539605e-08 1.366207147412978884e-09 1.755993039864733873e-08
9.970445036888122559e-01 8.411181084966301569e-09 1.098333424209840814e-08 1.663821613817617617e-08 1.688420958601000166e-09 1.929422843716110947e-08
9.968504309654235840e-01 1.327683563090431562e-08 1.487922318688106316e-08 2.133681142879595427e-08 2.217605654664112080e-09 2.458396863858069992e-08
9.965226650238037109e-01 2.322913594809961069e-08 2.226276052397224703e-08 3.027206929573367233e-08 3.247289770413885890e-09 3.487678057467746839e-08
9.962912797927856445e-01 3.385672897593394737e-08 2.837844093050989613e-08 3.751288346620640368e-08 4.233926098606843880e-09 4.455121782598325808e-08
9.960208535194396973e-01 5.598532837325365108e-08 3.787304336810848326e-08 5.092527288752535242e-08 5.843989736575849747e-09 5.896403010297035507e-08
9.957205653190612793e-01 8.654389205275947461e-08 4.983371226785493491e-08 6.708352628947977792e-08 7.684093361604027450e-09 7.756634090583247598e-08
9.954273700714111328e-01 1.218312064565907349e-07 6.178853340088608093e-08 8.044706589771521976e-08 9.588736027410504903e-09 9.005263024164378294e-08
9.951992630958557129e-01 1.855247830917505780e-07 8.003198814776624204e-08 1.029249361295114795e-07 1.229868118457488890e-08 1.130913958036217082e-07
9.950547218322753906e-01 2.860279835203982657e-07 1.015739883314381586e-07 1.306008243773248978e-07 1.529772042374588636e-08 1.430229303878149949e-07
9.944368600845336914e-01 4.515278817507351050e-07 1.326428957781899953e-07 1.729402185901562916e-07 2.056435199904171895e-08 1.852686750680732075e-07
9.939564466476440430e-01 6.718136660310847219e-07 1.638393456460107700e-07 2.126935925161888008e-07 2.532421028433873289e-08 2.244678256602128386e-07
9.936715364456176758e-01 1.020727268041810021e-06 2.075416745128677576e-07 2.698834578040987253e-07 3.249477487088370253e-08 2.862346377696667332e-07
9.932124614715576172e-01 1.488653765591152478e-06 2.490603208116226597e-07 3.290692234259040561e-07 3.949205407138833834e-08 3.422059364766028011e-07
9.927083849906921387e-01 2.012600361922523007e-06 2.982780245019966969e-07 3.852208294574666070e-07 4.625743699193662906e-08 4.215128512896626489e-07
9.921692013740539551e-01 2.928942649305099621e-06 3.714560534717747942e-07 4.859062983086914755e-07 5.781106082736187091e-08 4.950945822201902047e-07
9.912756681442260742e-01 4.568350504996487871e-06 4.693984578807430808e-07 6.350264243337733205e-07 7.790355027736950433e-08 6.640666470048017800e-07
9.909618496894836426e-01 6.283884886215673760e-06 5.484308189807052258e-07 7.372718755505047739e-07 9.243461818186915480e-08 7.433045539073646069e-07
9.909155964851379395e-01 7.677240319026168436e-06 6.110869890108006075e-07 8.341249326804245356e-07 1.047065012471648515e-07 8.380167173527297564e-07
9.907419085502624512e-01 9.746485375217162073e-06 6.737335525031085126e-07 9.360325066154473461e-07 1.172378887304148520e-07 9.257734063794487156e-07
9.902830123901367188e-01 1.201665691041853279e-05 7.415524692078179214e-07 1.062614046531962231e-06 1.356518595230227220e-07 1.060362592397723347e-06
9.893223643302917480e-01 1.663424700382165611e-05 8.731653906579595059e-07 1.298126107940333895e-06 1.696764968528441386e-07 1.338566903541504871e-06
9.893061518669128418e-01 2.107089494529645890e-05 9.743649798110709526e-07 1.495084461566875689e-06 1.970542768958694069e-07 1.410636400578368921e-06
9.891093969345092773e-01 2.573831261543091387e-05 1.052273887580668088e-06 1.641506742089404725e-06 2.185057184078686987e-07 1.616510758140066173e-06
9.886111617088317871e-01 3.173537697875872254e-05 1.204625732498243451e-06 1.844352823354711290e-06 2.537522618695220444e-07 1.831475287872308400e-06
9.883833527565002441e-01 3.944357013097032905e-05 1.361182739856303670e-06 2.140565129593596794e-06 2.903240101659321226e-07 2.096901880577206612e-06
9.882292747497558594e-01 4.856352097704075277e-05 1.465212108087143861e-06 2.385918378422502428e-06 3.351558746089722263e-07 2.306060878254356794e-06
9.877668619155883789e-01 5.809783397126011550e-05 1.586523808327910956e-06 2.656177457538433373e-06 3.689575009957479779e-07 2.639028025441803038e-06
9.872848391532897949e-01 7.409173849737271667e-05 1.797083314158953726e-06 2.954165438495692797e-06 4.233477284287801012e-07 3.033855364265036769e-06
9.869936704635620117e-01 8.855777559801936150e-05 1.961091584234964103e-06 3.242952971049817279e-06 4.647683908842736855e-07 3.267814236096455716e-06
9.869017004966735840e-01 9.910477092489600182e-05 2.044156872216262855e-06 3.349545295350253582e-06 5.034335117670707405e-07 3.431840013945475221e-06
9.864637851715087891e-01 1.188484675367362797e-04 2.251107844131183811e-06 3.696510702866362408e-06 5.675431111740181223e-07 3.869888587360037491e-06
9.859529733657836914e-01 1.429906260455027223e-04 2.405996156085166149e-06 4.057136720803100616e-06 6.355750201691989787e-07 4.250468009558971971e-06
9.851568937301635742e-01 1.689085329417139292e-04 2.632893256304669194e-06 4.514823558565694839e-06 7.215146524686133489e-07 4.731607987196184695e-06
9.848428964614868164e-01 1.922840747283771634e-04 2.853740170394303277e-06 4.847547188546741381e-06 7.812904527781938668e-07 5.133681497682118788e-06
9.852285385131835938e-01 2.053924981737509370e-04 2.800438096528523602e-06 4.999543762096436694e-06 7.987918024809914641e-07 5.290869012242183089e-06
9.844720959663391113e-01 2.453957858961075544e-04 3.147076085951994173e-06 5.537319339055102319e-06 9.061840842150559183e-07 5.849021363246720284e-06
9.845006465911865234e-01 2.641986939124763012e-04 3.195420276824734174e-06 5.579463959293207154e-06 9.109674579121929128e-07 5.953735580987995490e-06
9.844179153442382812e-01 2.910883922595530748e-04 3.343783419040846638e-06 5.981781214359216392e-06 9.762549098013550974e-07 6.321998171188170090e-06
9.837788939476013184e-01 3.394621016923338175e-04 3.595799626054940745e-06 6.303239388216752559e-06 1.057195390785636846e-06 7.162239853641949594e-06
9.836326241493225098e-01 3.828654880635440350e-04 3.726907380041666329e-06 6.703483450110070407e-06 1.143143322224204894e-06 7.528674814238911495e-06
9.828269481658935547e-01 4.582089022733271122e-04 4.158315277891233563e-06 7.453319540218217298e-06 1.283795427298173308e-06 8.372930096811614931e-06
9.823374748229980469e-01 4.869906988460570574e-04 4.332829121267423034e-06 7.604083748447010294e-06 1.352892581962805707e-06 8.828574209474027157e-06
9.817465543746948242e-01 5.822238745167851448e-04 4.820564754481893033e-06 8.472328772768378258e-06 1.524298681943037082e-06 9.789243449631612748e-06
9.817364215850830078e-01 6.289680022746324539e-04 4.997259111405583099e-06 8.576074833399616182e-06 1.559564339004282374e-06 9.801763553696218878e-06
9.807378649711608887e-01 6.940988241694867611e-04 5.322045581124257296e-06 9.182157555187586695e-06 1.695573018878349103e-06 1.070395137503510341e-05
9.802512526512145996e-01 7.704300805926322937e-04 5.580992365139536560e-06 9.694254913483746350e-06 1.790319629435543902e-06 1.147236343967961147e-05
9.795795679092407227e-01 9.112399420700967312e-04 5.879035143152577803e-06 1.056653036357602105e-05 1.956129608515766449e-06 1.227484426635783166e-05
9.793338179588317871e-01 9.434472303837537766e-04 6.024136382620781660e-06 1.061498005583416671e-05 2.001771235882188194e-06 1.255370261787902564e-05
9.797128438949584961e-01 9.550679824315011501e-04 5.926171525061363354e-06 1.071819679054897279e-05 1.999189407797530293e-06 1.230755424330709502e-05
9.790862202644348145e-01 1.017555128782987595e-03 6.259541351028019562e-06 1.130886812461540103e-05 2.134958322130842134e-06 1.299878840654855594e-05
9.782392382621765137e-01 1.260525779798626900e-03 6.955597200430929661e-06 1.245445673703216016e-05 2.358123992962646298e-06 1.396644620399456471e-05
9.784774184226989746e-01 1.225785352289676666e-03 6.707512511638924479e-06 1.213382256537443027e-05 2.332090161871747114e-06 1.396233528794255108e-05
9.775131344795227051e-01 1.386692631058394909e-03 7.399396963592153043e-06 1.322243952017743140e-05 2.543084519857075065e-06 1.498814526712521911e-05
9.773980975151062012e-01 1.345009543001651764e-03 7.347674454649677500e-06 1.290467389480909333e-05 2.504917802070849575e-06 1.478193917137105018e-05
9.768728017807006836e-01 1.502160914242267609e-03 7.721123438386712223e-06 1.388613964081741869e-05 2.699529886740492657e-06 1.575982241774909198e-05
9.757980704307556152e-01 1.766968052834272385e-03 8.486586921208072454e-06 1.500503094575833529e-05 2.937216322607127950e-06 1.735349906084593385e-05
9.758195281028747559e-01 1.754989847540855408e-03 8.473567504552192986e-06 1.490232534706592560e-05 2.915509867307264358e-06 1.737118509481661022e-05
9.757058024406433105e-01 1.909302663989365101e-03 8.626398084743414074e-06 1.527560743852518499e-05 3.021916427314863540e-06 1.763709951774217188e-05
9.747431278228759766e-01 2.081803046166896820e-03 9.139348549069836736e-06 1.617714951862581074e-05 3.292717565273051150e-06 1.795187017705757171e-05
9.742774963378906250e-01 2.247061114758253098e-03 9.433320883545093238e-06 1.684069138718768954e-05 3.427697038205224089e-06 1.847985367930959910e-05
9.735344052314758301e-01 2.447929466143250465e-03 1.001183500193292275e-05 1.762638567015528679e-05 3.606653763199574314e-06 1.975280065380502492e-05
9.733901023864746094e-01 2.674364252015948296e-03 1.024346056510694325e-05 1.829147913667839020e-05 3.764762595892534591e-06 2.056660378002561629e-05
9.730215072631835938e-01 2.671207068488001823e-03 1.031498140946496278e-05 1.834955219237599522e-05 3.838027168967528269e-06 1.988543590414337814e-05
9.718629717826843262e-01 2.875220961868762970e-03 1.077090109902201220e-05 1.927565972437150776e-05 4.060306309838779271e-06 2.153832065232563764e-05
9.721478223800659180e-01 2.912075491622090340e-03 1.065676497091772035e-05 1.914683161885477602e-05 4.057601927343057469e-06 2.176652196794748306e-05
9.718818664550781250e-01 3.185304347425699234e-03 1.107658135879319161e-05 1.985572453122586012e-05 4.208404789096675813e-06 2.269563628942705691e-05
9.716480970382690430e-01 3.274860326200723648e-03 1.127770519815385342e-05 1.999992673518136144e-05 4.210474799037910998e-06 2.318256156286224723e-05
9.708985090255737305e-01 3.524437313899397850e-03 1.179158516606548801e-05 2.089224472001660615e-05 4.453270776139106601e-06 2.420997043373063207e-05
9.714585542678833008e-01 3.439702792093157768e-03 1.153343328041955829e-05 2.037021658907178789e-05 4.321355845604557544e-06 2.328227310499642044e-05
9.707849621772766113e-01 3.731793956831097603e-03 1.210811296914471313e-05 2.124472484865691513e-05 4.554537554213311523e-06 2.451393811497837305e-05
9.697299003601074219e-01 4.001458175480365753e-03 1.257661733689019457e-05 2.186513120250310749e-05 4.758292106998851523e-06 2.531762038415763527e-05
9.706149697303771973e-01 3.837886499240994453e-03 1.207042805617675185e-05 2.123970807588193566e-05 4.669635472964728251e-06 2.459431198076345026e-05
9.704722762107849121e-01 4.013833124190568924e-03 1.239967332367086783e-05 2.180683077313005924e-05 4.749054824060294777e-06 2.464944191160611808e-05
9.702614545822143555e-01 4.064896609634160995e-03 1.250233799510169774e-05 2.178432441723998636e-05 4.793580046680290252e-06 2.514980769774410874e-05
9.695959687232971191e-01 4.297200124710798264e-03 1.281732238567201421e-05 2.262673478981014341e-05 4.971107500750804320e-06 2.608295653772074729e-05
9.697609543800354004e-01 4.258904606103897095e-03 1.266320668946718797e-05 2.224397758254781365e-05 4.862019522988703102e-06 2.595978003228083253e-05
9.688186049461364746e-01 4.537607543170452118e-03 1.307153070229105651e-05 2.321145257155876607e-05 5.044923909736098722e-06 2.644352207425981760e-05
9.685312509536743164e-01 4.817286971956491470e-03 1.332235297013539821e-05 2.393492832197807729e-05 5.220433195063378662e-06 2.742711512837558985e-05
9.670258760452270508e-01 5.372162908315658569e-03 1.418240844941465184e-05 2.529956691432744265e-05 5.628067356155952439e-06 3.057116919080726802e-05
