8.788226577122547182e-05
4.468728775616781241e-04
5.117877815243944244e-03
2.715440318889355761e-02
9.217580207717852858e-02
2.639444042204850960e-01
3.210697080846618978e-01
3.554694150802167329e-01
2.721573366621516943e-01
2.543643364569394549e-01
2.426056490956171874e-01
2.260021683331773779e-01
2.236392964560369179e-01
2.440079389044143843e-01
2.357014885224563705e-01
2.744011220235652582e-01
3.145344391935770978e-01
3.558214023760820077e-01
4.778198599291866855e-01
5.013442028721013521e-01
5.701127944709052375e-01
6.502375204520951524e-01
7.016991175578577433e-01
8.403333714557659206e-01
1.014575304671605505e+00
1.051641296077172161e+00
1.254281270847053209e+00
1.460264074164280057e+00
1.550013718914087235e+00
1.591095543590863359e+00
1.623771998652958182e+00
1.609003206044964163e+00
1.574236432377404071e+00
1.536951071074445840e+00
1.559758609051799194e+00
1.517803286625611037e+00
1.543285293906626832e+00
1.520301670109114989e+00
1.517956956160456006e+00
1.483401662447759506e+00
1.463431259318151101e+00
1.413974592467877489e+00
1.364251879705069559e+00
1.366892282154078098e+00
1.291581527181699940e+00
1.250625204207566288e+00
1.238679241317873991e+00
1.234745625672073688e+00
1.212104882554518648e+00
1.223794532918720535e+00
1.159727314737697412e+00
1.172257280850025563e+00
1.149821086335954146e+00
1.200413167532458747e+00
1.206895677041498693e+00
1.186853895740234810e+00
1.212310094798028093e+00
1.218484454121790739e+00
1.219558149945629388e+00
1.227656770392865360e+00
1.212905748590004551e+00
1.184194321468260869e+00
1.141044668209113544e+00
1.123270249924621655e+00
1.082996738799175906e+00
1.068750083415864305e+00
1.009941401323106502e+00
9.974206524333578683e-01
9.926489331728504117e-01
9.598948322277459644e-01
9.399961022209155637e-01
9.088067907186845318e-01
9.287643634744622290e-01
9.042441918040604598e-01
8.589803288985219387e-01
8.229481411774699495e-01
8.142288698306221484e-01
8.054698538200115721e-01
7.980754291778481280e-01
8.076399567041246952e-01
8.050970356011166729e-01
8.278126225660172866e-01
8.358639770958655735e-01
8.294071283344869316e-01
8.306077268787999124e-01
8.286895122533388669e-01
8.111904308417411391e-01
8.102614822812905793e-01
8.273178420579506698e-01
8.436086561960493002e-01
8.168169184553792928e-01
8.142919156330657993e-01
8.461440560454325244e-01
8.364807198931037968e-01
8.240894545461516785e-01
8.441687683777592266e-01
8.408177549367628068e-01
8.609979420522801963e-01
8.233609990112501498e-01
8.069549327220176815e-01
8.044614159320355729e-01
