2.308680450369138271e-05 2.682584454305469990e-04 1.392554258927702904e-04 3.992408746853470802e-04 1.105669653043150902e-03 1.159447012469172478e-03
1.246789906872436404e-04 4.722001904156059027e-04 9.606585808796808124e-05 7.890181732363998890e-04 4.233367741107940674e-03 1.046960009261965752e-03
1.169870980083942413e-02 1.357934138468408491e-06 1.064665120793506503e-04 7.422311318805441260e-05 6.379242986440658569e-04 1.669454650254920125e-04
3.356271982192993164e-02 4.428267885714376462e-08 1.529197834315709770e-05 1.669432322159991600e-06 1.235600939253345132e-04 6.949735688976943493e-04
4.096996039152145386e-02 3.724318986542130006e-08 2.920754923252388835e-06 1.607157742000708822e-06 2.386470077908597887e-05 3.642895899247378111e-04
5.345081165432929993e-02 7.046254069109636475e-08 1.761012526912963949e-06 3.930847924493718892e-06 2.742349352047313005e-05 1.767121284501627088e-04
4.559723287820816040e-02 6.639515248707539286e-08 6.432836698877508752e-07 4.605194135365309194e-06 2.199029586336109787e-05 2.265620278194546700e-04
1.257153451442718506e-01 4.347498006040950713e-08 5.457418978949135635e-07 4.148851076024584472e-06 8.814449756755493581e-06 1.959466317202895880e-04
1.703295856714248657e-01 4.397949737722228747e-08 1.232669433193223085e-06 3.997290150437038392e-06 5.146723651705542579e-06 1.812409755075350404e-04
1.927156895399093628e-01 8.922292948909671395e-08 2.078139687000657432e-06 6.511101673822849989e-06 6.627211405429989100e-06 2.842952089849859476e-04
1.711219996213912964e-01 1.531091982087673387e-07 2.079973910440457985e-06 7.458005711669102311e-06 6.989870598772540689e-06 4.206353914923965931e-04
1.464072316884994507e-01 3.110829709385143360e-07 2.289844587721745484e-06 1.177908143290551379e-05 1.028159113047877327e-05 5.719790351577103138e-04
1.134744733572006226e-01 4.150877543906972278e-07 2.447608721922733821e-06 1.457537018723087385e-05 1.241448717337334529e-05 5.149199278093874454e-04
9.023232758045196533e-02 4.707350456101266900e-07 2.109157094309921376e-06 1.360248461423907429e-05 1.208901630889158696e-05 3.316981892567127943e-04
9.729944914579391479e-02 4.373051751827006228e-07 2.060346560028847307e-06 1.133227578975493088e-05 1.213586256199050695e-05 2.452284388709813356e-04
1.089719459414482117e-01 3.544961941770452540e-07 2.033198597928276286e-06 9.236525329470168799e-06 9.810780284169595689e-06 1.912860752781853080e-04
1.227661967277526855e-01 3.349003350194834638e-07 2.137655428668949753e-06 8.651422831462696195e-06 9.845076419878751040e-06 1.924410316860303283e-04
1.543766111135482788e-01 2.877123392863722984e-07 2.144736754416953772e-06 7.664434633625205606e-06 9.957107067748438567e-06 1.648359175305813551e-04
1.897195577621459961e-01 2.938063516921829432e-07 2.649209591254475527e-06 7.514318895118776709e-06 1.096653977583628148e-05 1.719373249216005206e-04
2.274608314037322998e-01 2.860211338884255383e-07 3.019912355739506893e-06 7.693273801123723388e-06 1.112227892008377239e-05 1.697358384262770414e-04
2.968820035457611084e-01 2.067009603479164070e-07 3.154521209580707364e-06 6.408343324437737465e-06 9.758779924595728517e-06 1.647853059694170952e-04
3.433787524700164795e-01 1.424982514208750217e-07 2.894919816753827035e-06 5.076945399196119979e-06 8.315123523061629385e-06 1.471946889068931341e-04
4.237743318080902100e-01 8.923606031885356060e-08 2.812539150909287855e-06 3.711213366841548122e-06 6.164083060866687447e-06 1.367203658446669579e-04
4.699351191520690918e-01 6.792263462784831063e-08 2.978812062792712823e-06 3.368573743500746787e-06 5.287919066176982597e-06 1.321184536209329963e-04
5.081532001495361328e-01 5.222159416007343680e-08 3.104179540969198570e-06 2.654363242982071824e-06 4.196175268589286134e-06 1.216922682942822576e-04
5.049123167991638184e-01 5.298597471892207977e-08 3.387621063666301779e-06 2.592279315649648197e-06 4.274471393728163093e-06 1.257500407518818974e-04
5.209558606147766113e-01 5.320157470123376697e-08 3.580550128390314057e-06 2.487119218130828813e-06 4.042745331389596686e-06 1.220932026626542211e-04
5.174209475517272949e-01 5.778462153216423758e-08 4.512712621362879872e-06 2.706449322431581095e-06 3.781081431952770799e-06 1.213182986248284578e-04
5.398469567298889160e-01 5.491365584475715877e-08 4.793118023371789604e-06 2.612221123854396865e-06 3.492439191177254543e-06 1.174795761471614242e-04
5.363718271255493164e-01 5.728531959903193638e-08 5.150482593307970092e-06 2.769482080111629330e-06 3.606633299568784423e-06 1.226739550475031137e-04
5.323116779327392578e-01 5.550284853939047025e-08 5.293402409733971581e-06 2.763723841781029478e-06 3.192666554241441190e-06 1.091928352252580225e-04
4.910582005977630615e-01 4.993901114858090295e-08 5.299231361277634278e-06 2.523500597817474045e-06 3.059843038499820977e-06 9.873080125544220209e-05
4.536371827125549316e-01 5.150443271872973128e-08 5.749353022110881284e-06 2.672611344678443857e-06 3.207984036635025404e-06 9.064141340786591172e-05
4.289328157901763916e-01 4.974437217697413871e-08 5.514955773833207786e-06 2.527265223761787638e-06 2.894093768190941773e-06 8.297104795929044485e-05
4.183041453361511230e-01 5.211737175159214530e-08 5.729637450713198632e-06 2.744565108514507301e-06 3.058491756746661849e-06 8.371481089852750301e-05
4.049001038074493408e-01 5.349425435952070984e-08 5.672520273947156966e-06 2.623423370096134022e-06 2.921550731116440147e-06 7.931301661301404238e-05
4.050487875938415527e-01 5.403214586863214208e-08 5.179048912395955995e-06 2.592626969999400899e-06 2.769053708107094280e-06 7.668521720916032791e-05
3.842883110046386719e-01 5.559253679621178890e-08 5.418937689682934433e-06 2.647245537445996888e-06 2.764135160759906285e-06 7.970257865963503718e-05
3.762849569320678711e-01 6.253563356040103827e-08 5.947914360149297863e-06 2.765066710708197206e-06 2.827567868735059164e-06 8.160498691722750664e-05
3.788900077342987061e-01 6.229547722114148200e-08 5.445096576295327395e-06 2.730298092501470819e-06 2.686502739379648119e-06 7.703774463152512908e-05
3.670978844165802002e-01 6.548012265739089344e-08 5.862965736014302820e-06 2.802632934617577121e-06 2.649074758664937690e-06 7.643114076927304268e-05
3.754215240478515625e-01 6.474608937878656434e-08 6.159701115393545479e-06 2.814375193338491954e-06 2.630644075907184742e-06 7.527325215050950646e-05
3.814010620117187500e-01 6.432097876540865400e-08 6.047631813999032602e-06 2.851301815098850057e-06 2.441793867546948604e-06 7.581831596326082945e-05
3.792446553707122803e-01 6.297457844084419776e-08 6.426596428354969248e-06 2.882870376197388396e-06 2.399882305326173082e-06 7.749807991785928607e-05
3.720388412475585938e-01 6.028361809740090393e-08 6.631558790104463696e-06 2.789013933579553850e-06 2.339375441806623712e-06 7.785645721014589071e-05
3.670708835124969482e-01 5.817576820277281513e-08 6.232213308976497501e-06 2.776177097985055298e-06 2.316589643669431098e-06 7.301168079720810056e-05
3.707375824451446533e-01 5.916765388747080578e-08 6.396365733962738886e-06 2.873444600481889211e-06 2.348235739191295579e-06 7.371400715783238411e-05
3.661597967147827148e-01 5.826805704600701574e-08 6.588634732906939462e-06 2.827349817380309105e-06 2.354550360905705020e-06 7.492853183066472411e-05
3.615463972091674805e-01 6.006213482123712311e-08 6.790443421778036281e-06 2.885638423322234303e-06 2.569976231825421564e-06 7.975786138558760285e-05
3.468849658966064453e-01 6.439094590859895106e-08 7.412483682855963707e-06 3.070796765314298682e-06 2.830990752045181580e-06 8.775130118010565639e-05
3.474681377410888672e-01 6.832408416812540963e-08 7.710478712397161871e-06 3.247720542276510969e-06 2.978940301545662805e-06 9.241273801308125257e-05
3.475427329540252686e-01 7.374537602800046443e-08 8.273754247056785971e-06 3.372544369995011948e-06 3.161116865157964639e-06 9.901089651975780725e-05
3.424905538558959961e-01 7.355510689421862480e-08 9.043818863574415445e-06 3.704605887833167799e-06 3.417780590098118410e-06 1.034144079312682152e-04
3.244421184062957764e-01 7.946997016006207559e-08 9.850193237070925534e-06 3.968335022364044562e-06 3.640305976659874432e-06 1.057334520737640560e-04
3.261472284793853760e-01 8.041681098802655470e-08 1.069048266799654812e-05 4.091510163561906666e-06 3.766059990084613673e-06 1.016254100250080228e-04
3.192009627819061279e-01 8.080821345402000588e-08 1.092487764253746718e-05 4.023501787742134184e-06 3.774539436562918127e-06 1.016251480905339122e-04
3.181678652763366699e-01 7.976041160873137414e-08 1.122131197917042300e-05 4.281022029317682609e-06 3.648394795163767412e-06 1.013015498756431043e-04
3.234812617301940918e-01 8.126986017487070058e-08 1.058366979123093188e-05 4.134128175792284310e-06 3.613944045355310664e-06 9.708245488582178950e-05
3.186506032943725586e-01 7.254125478084461065e-08 1.059906298905843869e-05 3.894409474014537409e-06 3.497644229355501011e-06 9.395315282745286822e-05
3.277522623538970947e-01 7.330121576387682580e-08 9.861029866442549974e-06 3.896861471730517223e-06 3.421564542804844677e-06 9.031750960275530815e-05
3.342857956886291504e-01 7.131683332772809081e-08 1.000369866233086213e-05 3.602664264690247364e-06 3.200314949936000630e-06 8.393594180233776569e-05
3.270172774791717529e-01 7.198180895784389577e-08 1.015922680380754173e-05 3.651142833405174315e-06 3.100975845882203430e-06 8.373420860152691603e-05
3.167182207107543945e-01 6.530166274387738667e-08 9.920974662236403674e-06 3.301232709418400191e-06 2.926027264038566500e-06 8.057564991759136319e-05
3.196932375431060791e-01 6.916368278098161682e-08 1.043370957631850615e-05 3.418160986257134937e-06 3.085831622229306959e-06 8.453840564470738173e-05
3.004809319972991943e-01 7.209106911432172637e-08 1.105527735489886254e-05 3.453525323493522592e-06 3.209858505215379409e-06 8.568153134547173977e-05
3.006360828876495361e-01 6.929414553269452881e-08 1.127862560679204762e-05 3.401771209610160440e-06 2.990676875924691558e-06 8.172851812560111284e-05
2.948136329650878906e-01 6.783545103417054634e-08 1.122500361816491932e-05 3.361190238138078712e-06 2.910749117290833965e-06 7.991616439539939165e-05
2.944109141826629639e-01 7.370709909082506783e-08 1.198778136313194409e-05 3.606569634939660318e-06 3.217148787371115759e-06 8.557846012990921736e-05
3.022151887416839600e-01 6.780113182003333350e-08 1.148243973148055375e-05 3.430984861552133225e-06 3.024292482223245315e-06 8.397523924941197038e-05
2.975507080554962158e-01 6.950283193418727024e-08 1.151894866779912263e-05 3.620635425249929540e-06 3.269115950388368219e-06 8.611622615717351437e-05
2.884505391120910645e-01 7.419658487606284325e-08 1.204790260089794174e-05 3.778984364544157870e-06 3.302475761302048340e-06 9.135737491305917501e-05
3.017743527889251709e-01 7.437791538222882082e-08 1.181190600618720055e-05 3.797751332967891358e-06 3.122336465821717866e-06 8.917025115806609392e-05
2.964352667331695557e-01 7.739422613894930691e-08 1.183193035103613511e-05 3.796100600084173493e-06 3.205203029210679233e-06 8.848823927110061049e-05
2.870891988277435303e-01 8.555190333936479874e-08 1.260284534509992227e-05 4.110932877665618435e-06 3.510601345624309033e-06 9.120820323005318642e-05
2.861625552177429199e-01 8.777494286960063619e-08 1.314634482696419582e-05 4.225855263939592987e-06 3.707802989083575085e-06 9.194706217385828495e-05
2.882447838783264160e-01 8.398382078667054884e-08 1.260942462977254763e-05 4.200062448944663629e-06 3.612671207520179451e-06 9.306589345214888453e-05
2.833632826805114746e-01 8.841995224884158233e-08 1.217670615005772561e-05 4.574912509269779548e-06 3.887842922267736867e-06 1.007138489512726665e-04
2.870718836784362793e-01 8.485447011707947240e-08 1.189478552987566218e-05 4.128722139284946024e-06 3.416895197005942464e-06 9.136105654761195183e-05
2.789523899555206299e-01 8.621134384156903252e-08 1.208657067763851956e-05 4.097853889106772840e-06 3.393189217604231089e-06 9.190984565066173673e-05
2.768061757087707520e-01 9.480690721375140129e-08 1.275656904908828437e-05 4.396054009703220800e-06 3.577489223971497267e-06 9.262091771233826876e-05
2.811864912509918213e-01 9.324660510401372449e-08 1.296310892939800397e-05 4.302735305827809498e-06 3.449401219768333249e-06 8.854800398694351315e-05
2.865625321865081787e-01 9.079935381350878743e-08 1.263259855477372184e-05 4.196608188067330047e-06 3.361919198141549714e-06 8.677601726958528161e-05
2.774925231933593750e-01 9.596386973953485722e-08 1.300752228416968137e-05 4.457677277969196439e-06 3.486400373731157742e-06 9.099148155655711889e-05
2.701704204082489014e-01 1.009151517905593209e-07 1.360897022095741704e-05 4.551635811367304996e-06 3.613805574786965735e-06 8.905523282010108232e-05
2.685104310512542725e-01 9.935349254419634235e-08 1.347655506833689287e-05 4.576002083922503516e-06 3.737980932783102617e-06 8.809038263279944658e-05
2.653961181640625000e-01 1.092188313123187982e-07 1.400939163431758061e-05 4.919490038446383551e-06 4.190286745142657310e-06 9.419666457688435912e-05
2.750425636768341064e-01 1.002796850002596329e-07 1.359217458229977638e-05 4.669254849432036281e-06 3.922655650967499241e-06 8.996367250801995397e-05
2.754027545452117920e-01 9.811753898247843608e-08 1.350877573713660240e-05 4.518663445196580142e-06 3.897624083037953824e-06 8.770930435275658965e-05
2.788245081901550293e-01 9.961266300706483889e-08 1.385327959724236280e-05 4.522011749941157177e-06 3.853213911497732624e-06 9.420714923180639744e-05
2.842935025691986084e-01 1.035738890209358942e-07 1.328758935414953157e-05 4.560905836115125567e-06 3.956428372475784272e-06 9.859879355644807220e-05
2.887316346168518066e-01 9.910573339766415302e-08 1.236929256265284494e-05 4.830599209526553750e-06 4.406182142702164128e-06 1.118279615184292197e-04
2.826984226703643799e-01 1.073570032872339652e-07 1.255518509424291551e-05 4.930029717797879130e-06 4.465496203920338303e-06 1.125325798057019711e-04
2.820416986942291260e-01 9.955356006230431376e-08 1.324042477790499106e-05 4.568159965856466442e-06 3.897053375112591311e-06 9.830176713876426220e-05
2.656197845935821533e-01 1.031167116138931306e-07 1.390624765917891636e-05 4.680550318880705163e-06 3.957259650633204728e-06 9.502053580945357680e-05
2.616374492645263672e-01 1.082486988934761030e-07 1.388081091135973111e-05 4.722176527138799429e-06 4.076368895766790956e-06 9.854892414296045899e-05
2.670407593250274658e-01 1.014732831094988796e-07 1.304261877521639690e-05 4.452619123185286298e-06 3.660948323158663698e-06 9.193117875838652253e-05
2.643425166606903076e-01 1.162683815891796257e-07 1.469620110583491623e-05 4.924906988890143111e-06 4.077867743035312742e-06 9.675694309407845140e-05
2.711568176746368408e-01 1.245614527078942047e-07 1.480296214140253142e-05 5.331471129466081038e-06 4.378536232252372429e-06 9.611032146494835615e-05
2.643488347530364990e-01 1.261066984170611249e-07 1.512360086053377017e-05 5.472069005918456241e-06 4.397593784233322367e-06 9.842715371632948518e-05
2.677174508571624756e-01 1.225326826670425362e-07 1.530487497802823782e-05 5.168502411834197119e-06 4.162143795838346705e-06 9.434317325940355659e-05
2.676462233066558838e-01 1.272898231263752677e-07 1.579150193720124662e-05 5.146629064256558195e-06 4.154390808253083378e-06 9.426816541235893965e-05
