8.850000000000000000e+02 5.910000000000000000e+02 5.490000000000000000e+02 7.940000000000000000e+02 4.110000000000000000e+02
9.690000000000000000e+02 8.550000000000000000e+02 9.270000000000000000e+02 9.680000000000000000e+02 2.900000000000000000e+01
5.620000000000000000e+02 9.950000000000000000e+02 9.740000000000000000e+02 4.940000000000000000e+02 8.070000000000000000e+02
5.620000000000000000e+02 9.740000000000000000e+02 4.940000000000000000e+02 8.070000000000000000e+02 4.700000000000000000e+02
5.620000000000000000e+02 9.740000000000000000e+02 5.150000000000000000e+02 4.940000000000000000e+02 5.540000000000000000e+02
5.620000000000000000e+02 9.740000000000000000e+02 5.540000000000000000e+02 4.940000000000000000e+02 5.150000000000000000e+02
5.620000000000000000e+02 9.740000000000000000e+02 5.540000000000000000e+02 7.080000000000000000e+02 8.350000000000000000e+02
5.620000000000000000e+02 9.740000000000000000e+02 5.540000000000000000e+02 7.080000000000000000e+02 8.350000000000000000e+02
5.620000000000000000e+02 9.740000000000000000e+02 5.540000000000000000e+02 7.080000000000000000e+02 8.350000000000000000e+02
5.620000000000000000e+02 9.740000000000000000e+02 5.540000000000000000e+02 7.080000000000000000e+02 8.350000000000000000e+02
5.620000000000000000e+02 9.740000000000000000e+02 5.540000000000000000e+02 7.080000000000000000e+02 8.350000000000000000e+02
5.620000000000000000e+02 9.740000000000000000e+02 5.540000000000000000e+02 7.080000000000000000e+02 8.350000000000000000e+02
5.620000000000000000e+02 9.740000000000000000e+02 5.540000000000000000e+02 7.080000000000000000e+02 8.350000000000000000e+02
5.620000000000000000e+02 9.740000000000000000e+02 5.540000000000000000e+02 7.080000000000000000e+02 8.350000000000000000e+02
5.620000000000000000e+02 9.740000000000000000e+02 5.540000000000000000e+02 7.080000000000000000e+02 8.350000000000000000e+02
5.620000000000000000e+02 9.740000000000000000e+02 5.540000000000000000e+02 8.350000000000000000e+02 7.080000000000000000e+02
5.620000000000000000e+02 9.740000000000000000e+02 5.540000000000000000e+02 8.350000000000000000e+02 7.080000000000000000e+02
5.620000000000000000e+02 9.740000000000000000e+02 5.540000000000000000e+02 8.350000000000000000e+02 7.080000000000000000e+02
5.620000000000000000e+02 9.740000000000000000e+02 5.540000000000000000e+02 8.350000000000000000e+02 7.080000000000000000e+02
5.620000000000000000e+02 9.740000000000000000e+02 8.350000000000000000e+02 5.540000000000000000e+02 7.080000000000000000e+02
5.620000000000000000e+02 8.350000000000000000e+02 9.740000000000000000e+02 5.540000000000000000e+02 7.080000000000000000e+02
5.620000000000000000e+02 8.350000000000000000e+02 9.740000000000000000e+02 7.080000000000000000e+02 5.540000000000000000e+02
5.620000000000000000e+02 8.350000000000000000e+02 9.740000000000000000e+02 7.080000000000000000e+02 5.540000000000000000e+02
5.620000000000000000e+02 8.350000000000000000e+02 9.740000000000000000e+02 7.080000000000000000e+02 5.540000000000000000e+02
5.620000000000000000e+02 8.350000000000000000e+02 9.740000000000000000e+02 7.080000000000000000e+02 5.540000000000000000e+02
5.620000000000000000e+02 8.350000000000000000e+02 9.740000000000000000e+02 5.540000000000000000e+02 7.080000000000000000e+02
5.620000000000000000e+02 8.350000000000000000e+02 9.740000000000000000e+02 7.080000000000000000e+02 5.540000000000000000e+02
5.620000000000000000e+02 8.350000000000000000e+02 9.740000000000000000e+02 7.080000000000000000e+02 5.540000000000000000e+02
5.620000000000000000e+02 8.350000000000000000e+02 9.740000000000000000e+02 7.080000000000000000e+02 5.540000000000000000e+02
5.620000000000000000e+02 8.350000000000000000e+02 9.740000000000000000e+02 7.080000000000000000e+02 5.540000000000000000e+02
5.620000000000000000e+02 8.350000000000000000e+02 9.740000000000000000e+02 7.080000000000000000e+02 5.540000000000000000e+02
5.620000000000000000e+02 8.350000000000000000e+02 9.740000000000000000e+02 7.080000000000000000e+02 5.540000000000000000e+02
5.620000000000000000e+02 8.350000000000000000e+02 9.740000000000000000e+02 7.080000000000000000e+02 5.540000000000000000e+02
5.620000000000000000e+02 8.350000000000000000e+02 9.740000000000000000e+02 7.080000000000000000e+02 5.540000000000000000e+02
5.620000000000000000e+02 8.350000000000000000e+02 9.740000000000000000e+02 7.080000000000000000e+02 5.540000000000000000e+02
5.620000000000000000e+02 8.350000000000000000e+02 9.740000000000000000e+02 7.080000000000000000e+02 5.540000000000000000e+02
5.620000000000000000e+02 8.350000000000000000e+02 9.740000000000000000e+02 7.080000000000000000e+02 5.540000000000000000e+02
5.620000000000000000e+02 8.350000000000000000e+02 9.740000000000000000e+02 7.080000000000000000e+02 5.540000000000000000e+02
5.620000000000000000e+02 8.350000000000000000e+02 9.740000000000000000e+02 7.080000000000000000e+02 5.540000000000000000e+02
5.620000000000000000e+02 8.350000000000000000e+02 9.740000000000000000e+02 7.080000000000000000e+02 5.540000000000000000e+02
5.620000000000000000e+02 8.350000000000000000e+02 9.740000000000000000e+02 7.080000000000000000e+02 5.540000000000000000e+02
5.620000000000000000e+02 8.350000000000000000e+02 9.740000000000000000e+02 7.080000000000000000e+02 5.540000000000000000e+02
5.620000000000000000e+02 8.350000000000000000e+02 9.740000000000000000e+02 7.080000000000000000e+02 5.540000000000000000e+02
5.620000000000000000e+02 8.350000000000000000e+02 9.740000000000000000e+02 5.540000000000000000e+02 7.080000000000000000e+02
5.620000000000000000e+02 8.350000000000000000e+02 9.740000000000000000e+02 5.540000000000000000e+02 8.070000000000000000e+02
5.620000000000000000e+02 8.350000000000000000e+02 9.740000000000000000e+02 5.540000000000000000e+02 8.070000000000000000e+02
5.620000000000000000e+02 8.350000000000000000e+02 9.740000000000000000e+02 5.540000000000000000e+02 8.070000000000000000e+02
5.620000000000000000e+02 8.350000000000000000e+02 9.740000000000000000e+02 5.540000000000000000e+02 8.070000000000000000e+02
5.620000000000000000e+02 8.350000000000000000e+02 9.740000000000000000e+02 5.540000000000000000e+02 8.070000000000000000e+02
5.620000000000000000e+02 8.350000000000000000e+02 9.740000000000000000e+02 5.540000000000000000e+02 8.070000000000000000e+02
5.620000000000000000e+02 8.350000000000000000e+02 9.740000000000000000e+02 5.540000000000000000e+02 8.070000000000000000e+02
5.620000000000000000e+02 8.350000000000000000e+02 9.740000000000000000e+02 5.540000000000000000e+02 8.070000000000000000e+02
5.620000000000000000e+02 8.350000000000000000e+02 9.740000000000000000e+02 5.540000000000000000e+02 8.070000000000000000e+02
5.620000000000000000e+02 8.350000000000000000e+02 9.740000000000000000e+02 5.540000000000000000e+02 8.070000000000000000e+02
5.620000000000000000e+02 8.350000000000000000e+02 9.740000000000000000e+02 5.540000000000000000e+02 8.070000000000000000e+02
5.620000000000000000e+02 8.350000000000000000e+02 9.740000000000000000e+02 5.540000000000000000e+02 8.070000000000000000e+02
5.620000000000000000e+02 8.350000000000000000e+02 9.740000000000000000e+02 5.540000000000000000e+02 8.070000000000000000e+02
5.620000000000000000e+02 8.350000000000000000e+02 9.740000000000000000e+02 5.540000000000000000e+02 8.070000000000000000e+02
5.620000000000000000e+02 8.350000000000000000e+02 9.740000000000000000e+02 5.540000000000000000e+02 8.070000000000000000e+02
5.620000000000000000e+02 8.350000000000000000e+02 9.740000000000000000e+02 5.540000000000000000e+02 8.070000000000000000e+02
5.620000000000000000e+02 8.350000000000000000e+02 9.740000000000000000e+02 5.540000000000000000e+02 8.070000000000000000e+02
5.620000000000000000e+02 8.350000000000000000e+02 9.740000000000000000e+02 5.540000000000000000e+02 8.070000000000000000e+02
5.620000000000000000e+02 9.740000000000000000e+02 8.350000000000000000e+02 5.540000000000000000e+02 8.070000000000000000e+02
5.620000000000000000e+02 9.740000000000000000e+02 8.350000000000000000e+02 5.540000000000000000e+02 8.070000000000000000e+02
5.620000000000000000e+02 9.740000000000000000e+02 8.350000000000000000e+02 5.540000000000000000e+02 8.070000000000000000e+02
5.620000000000000000e+02 9.740000000000000000e+02 8.350000000000000000e+02 5.540000000000000000e+02 8.070000000000000000e+02
5.620000000000000000e+02 9.740000000000000000e+02 8.350000000000000000e+02 5.540000000000000000e+02 8.070000000000000000e+02
5.620000000000000000e+02 9.740000000000000000e+02 8.350000000000000000e+02 5.540000000000000000e+02 8.070000000000000000e+02
5.620000000000000000e+02 9.740000000000000000e+02 8.350000000000000000e+02 5.540000000000000000e+02 8.070000000000000000e+02
5.620000000000000000e+02 9.740000000000000000e+02 8.350000000000000000e+02 5.540000000000000000e+02 8.070000000000000000e+02
5.620000000000000000e+02 9.740000000000000000e+02 8.350000000000000000e+02 5.540000000000000000e+02 8.070000000000000000e+02
5.620000000000000000e+02 9.740000000000000000e+02 8.350000000000000000e+02 5.540000000000000000e+02 8.070000000000000000e+02
5.620000000000000000e+02 9.740000000000000000e+02 8.350000000000000000e+02 5.540000000000000000e+02 8.070000000000000000e+02
5.620000000000000000e+02 9.740000000000000000e+02 8.350000000000000000e+02 5.540000000000000000e+02 8.070000000000000000e+02
5.620000000000000000e+02 9.740000000000000000e+02 8.350000000000000000e+02 5.540000000000000000e+02 8.070000000000000000e+02
5.620000000000000000e+02 9.740000000000000000e+02 8.350000000000000000e+02 5.540000000000000000e+02 8.070000000000000000e+02
5.620000000000000000e+02 9.740000000000000000e+02 8.350000000000000000e+02 5.540000000000000000e+02 8.070000000000000000e+02
5.620000000000000000e+02 9.740000000000000000e+02 8.350000000000000000e+02 5.540000000000000000e+02 8.070000000000000000e+02
5.620000000000000000e+02 9.740000000000000000e+02 8.350000000000000000e+02 5.540000000000000000e+02 8.070000000000000000e+02
5.620000000000000000e+02 9.740000000000000000e+02 8.350000000000000000e+02 5.540000000000000000e+02 8.070000000000000000e+02
5.620000000000000000e+02 9.740000000000000000e+02 8.350000000000000000e+02 5.540000000000000000e+02 8.070000000000000000e+02
5.620000000000000000e+02 9.740000000000000000e+02 8.350000000000000000e+02 5.540000000000000000e+02 8.070000000000000000e+02
5.620000000000000000e+02 9.740000000000000000e+02 8.350000000000000000e+02 5.540000000000000000e+02 8.070000000000000000e+02
5.620000000000000000e+02 9.740000000000000000e+02 8.350000000000000000e+02 5.540000000000000000e+02 8.070000000000000000e+02
5.620000000000000000e+02 9.740000000000000000e+02 8.350000000000000000e+02 5.540000000000000000e+02 8.070000000000000000e+02
5.620000000000000000e+02 9.740000000000000000e+02 8.350000000000000000e+02 5.540000000000000000e+02 8.070000000000000000e+02
5.620000000000000000e+02 9.740000000000000000e+02 8.350000000000000000e+02 5.540000000000000000e+02 8.070000000000000000e+02
5.620000000000000000e+02 9.740000000000000000e+02 8.350000000000000000e+02 5.540000000000000000e+02 8.070000000000000000e+02
5.620000000000000000e+02 9.740000000000000000e+02 8.350000000000000000e+02 5.540000000000000000e+02 8.070000000000000000e+02
5.620000000000000000e+02 9.740000000000000000e+02 8.350000000000000000e+02 5.540000000000000000e+02 8.070000000000000000e+02
5.620000000000000000e+02 9.740000000000000000e+02 8.350000000000000000e+02 5.540000000000000000e+02 8.070000000000000000e+02
5.620000000000000000e+02 9.740000000000000000e+02 8.350000000000000000e+02 5.540000000000000000e+02 8.070000000000000000e+02
5.620000000000000000e+02 9.740000000000000000e+02 8.350000000000000000e+02 5.540000000000000000e+02 8.070000000000000000e+02
5.620000000000000000e+02 9.740000000000000000e+02 8.350000000000000000e+02 5.540000000000000000e+02 8.070000000000000000e+02
5.620000000000000000e+02 9.740000000000000000e+02 8.350000000000000000e+02 5.540000000000000000e+02 8.070000000000000000e+02
5.620000000000000000e+02 9.740000000000000000e+02 8.350000000000000000e+02 5.540000000000000000e+02 8.070000000000000000e+02
5.620000000000000000e+02 9.740000000000000000e+02 8.350000000000000000e+02 5.540000000000000000e+02 8.070000000000000000e+02
5.620000000000000000e+02 9.740000000000000000e+02 8.350000000000000000e+02 5.540000000000000000e+02 8.070000000000000000e+02
5.620000000000000000e+02 9.740000000000000000e+02 8.350000000000000000e+02 5.540000000000000000e+02 8.070000000000000000e+02
5.620000000000000000e+02 9.740000000000000000e+02 8.350000000000000000e+02 5.540000000000000000e+02 8.070000000000000000e+02
5.620000000000000000e+02 9.740000000000000000e+02 8.350000000000000000e+02 5.540000000000000000e+02 8.070000000000000000e+02
