7.563225226476788521e-04 3.175649908371269703e-05 7.179237582022324204e-05 4.465783422347158194e-05 1.961041416507214308e-04 9.195144230034202337e-05
2.682006219401955605e-03 3.708383883349597454e-05 3.052966712857596576e-05 6.177778413984924555e-05 2.940812555607408285e-04 6.167497485876083374e-05
1.863485947251319885e-02 1.182157484436174855e-05 2.748808219621423632e-05 6.232075393199920654e-04 4.802682451554574072e-05 2.651397880981676280e-05
1.202103798277676105e-03 2.699835476960288361e-06 9.317804142483510077e-06 2.164585457649081945e-04 6.060482519387733191e-06 1.624328797333873808e-05
4.045495763421058655e-03 9.304594641434960067e-06 3.067711077164858580e-05 2.356860495638102293e-04 8.874442755768541247e-06 1.554517075419425964e-05
8.663838356733322144e-02 5.771890755568165332e-06 2.954245610453654081e-05 8.244432683568447828e-05 5.878382580704055727e-06 6.292430043686181307e-06
3.311146795749664307e-01 2.298222170793451369e-06 2.387847052887082100e-05 1.270540087716653943e-05 1.495416086072509643e-06 1.883931076918088365e-06
5.484110116958618164e-01 7.047976851026760414e-07 9.140801012108568102e-06 3.297109060440561734e-06 6.484261803052504547e-07 3.143077833556162659e-07
5.973256826400756836e-01 7.558763286397152115e-07 1.238356162502896041e-05 3.944631771446438506e-06 1.196116727442131378e-06 3.638318730736500584e-07
5.502132177352905273e-01 9.237343761014926713e-07 1.892438558570574969e-05 5.662277999363141134e-06 1.910083483380731195e-06 5.944004897173726931e-07
5.019853711128234863e-01 8.215040452341781929e-07 2.435616443108301610e-05 5.485436304297763854e-06 2.520064754207851365e-06 6.484467007794592064e-07
4.678327441215515137e-01 7.622754765179706737e-07 2.910662442445755005e-05 5.249002242635469884e-06 3.803421577686094679e-06 6.989324674577801488e-07
4.376895725727081299e-01 7.293221528925641906e-07 3.097571243415586650e-05 4.590568096318747848e-06 5.571007022808771580e-06 7.373205335170496255e-07
4.962175786495208740e-01 4.759668570386565989e-07 2.361101724090985954e-05 3.021175416506594047e-06 4.802632247447036207e-06 5.295508458402764518e-07
5.672237873077392578e-01 2.632883990827394882e-07 1.561812314321286976e-05 1.782428853402961977e-06 3.508132294882670976e-06 3.052111026136117289e-07
6.229339241981506348e-01 1.483860785356228007e-07 1.008553408610168844e-05 1.033077751344535500e-06 2.311158141310443170e-06 1.655685224477565498e-07
6.537127494812011719e-01 8.084264635499494034e-08 6.742639925505500287e-06 6.202533313626190647e-07 1.663717625888239127e-06 9.662282707267877413e-08
6.737187504768371582e-01 5.656545098986498488e-08 5.000479632144561037e-06 4.579475785249087494e-07 1.371428197671775706e-06 7.226666554061011993e-08
6.950352787971496582e-01 4.575802137196660624e-08 4.381636699690716341e-06 3.698739021729124943e-07 1.386279336657025851e-06 6.311638145461984095e-08
7.132582068443298340e-01 4.155791444304668403e-08 3.888721948897000402e-06 3.315778371870692354e-07 1.394366336171515286e-06 5.711570949529232166e-08
7.347687482833862305e-01 3.814629323528606619e-08 3.396207603145739995e-06 2.841722732682683272e-07 1.298794700232974719e-06 4.742712889083122718e-08
7.498371601104736328e-01 2.275171517851504177e-08 2.087221446345211007e-06 1.899006178973650094e-07 7.654791716049658135e-07 2.575826130168934469e-08
7.522993087768554688e-01 1.896600743123144639e-08 1.734589545776543673e-06 1.699788327869100613e-07 7.091109068824152928e-07 1.941929284043908410e-08
7.716302871704101562e-01 1.368534530143961092e-08 1.197893539028882515e-06 1.363203665505352546e-07 5.394080062615103088e-07 1.348016454016942589e-08
7.721340656280517578e-01 1.213884726070091347e-08 1.086794895854836795e-06 1.288308055791276274e-07 4.622809228749247268e-07 1.157175066879290171e-08
7.657368183135986328e-01 9.533800415795212757e-09 8.660943535687692929e-07 1.092872707886272110e-07 3.575079858819663059e-07 9.119261790146993008e-09
7.753129005432128906e-01 7.741217444845460705e-09 6.153154004095995333e-07 8.135787510354930419e-08 2.309398610123025719e-07 6.619381043293515177e-09
7.895403504371643066e-01 5.839642103211417634e-09 4.290756407954177121e-07 5.884458076366172463e-08 1.809295753218975733e-07 4.784475482466632457e-09
7.968773245811462402e-01 5.101890909742223812e-09 3.002701589593925746e-07 4.777507101039191184e-08 1.449005679887704900e-07 3.564990080917596060e-09
7.955631613731384277e-01 3.939171211442271670e-09 1.994396825466537848e-07 3.160285899639347917e-08 9.354969421337955282e-08 2.355459383096558668e-09
7.944155335426330566e-01 3.408965554285714461e-09 1.422150148755463306e-07 2.485885097769369168e-08 6.799237439736316446e-08 1.682861072715979844e-09
8.148456811904907227e-01 2.773863583271918287e-09 9.822630175904123462e-08 1.778659353135481069e-08 4.689594845785904909e-08 1.100974422740819136e-09
8.222732543945312500e-01 2.179517233358296835e-09 6.543505293166163028e-08 1.376040081879637000e-08 3.347799193420541997e-08 7.878392382920651471e-10
8.211874365806579590e-01 1.859138176740771087e-09 5.213805920334380062e-08 1.149722717030954300e-08 2.672981658236039948e-08 6.772004623734062534e-10
8.201701641082763672e-01 1.369789504046536877e-09 3.964504102782484551e-08 8.688601838002796285e-09 1.758027146081531100e-08 4.845386869511969508e-10
8.098281621932983398e-01 1.173631303252875568e-09 3.396677072942111408e-08 7.613945030016111559e-09 1.540998262328230339e-08 4.332355307834490077e-10
8.167085051536560059e-01 8.331369483194350778e-10 2.442667401680864714e-08 5.936745761658812626e-09 1.141098948664875934e-08 3.361686207181691088e-10
8.247889876365661621e-01 5.731664032282424159e-10 1.753701006634855730e-08 4.498132977204249983e-09 7.979410909797479690e-09 2.559372158650319307e-10
8.267927765846252441e-01 4.366422223789356849e-10 1.465183085969101739e-08 3.853414920484965478e-09 6.410942443579870087e-09 2.080537270243709713e-10
8.358502984046936035e-01 2.833018264425390953e-10 1.010287409286547700e-08 2.834219747782640297e-09 4.758190286224817100e-09 1.476443273196181849e-10
8.626805543899536133e-01 2.136040094802282852e-10 7.010024560827332607e-09 2.230164941607881701e-09 3.900550105129241274e-09 1.167361068921124456e-10
8.702555298805236816e-01 1.650145992071472278e-10 5.247527745666502597e-09 1.764358992240033785e-09 3.084397626196277997e-09 9.063223088690008922e-11
8.747287988662719727e-01 1.073330244127923550e-10 3.354762023732860143e-09 1.210882394353518521e-09 2.052666037144490474e-09 5.778917622212276228e-11
8.885220885276794434e-01 8.286191871542669674e-11 2.469275672822845991e-09 9.756748742262288943e-10 1.480454536739728155e-09 4.203926096124632750e-11
8.913377523422241211e-01 6.589550433089286230e-11 1.990205111823684092e-09 7.904886190068793894e-10 1.236255653402906773e-09 3.071558979383937071e-11
8.946810364723205566e-01 5.322239871041745118e-11 1.553942419185716517e-09 6.058215040738446078e-10 9.407122858462457771e-10 2.503320294111599509e-11
8.962971568107604980e-01 5.041054726429017308e-11 1.330058174708881324e-09 5.485140674998945087e-10 8.890992386767493372e-10 2.329305671955328449e-11
8.967258930206298828e-01 4.487377483486376661e-11 1.169849106474885048e-09 4.854652790875491064e-10 7.496450682431543555e-10 2.030241426365098079e-11
9.024153947830200195e-01 3.889031111037333233e-11 1.006203786957371449e-09 4.066423586746026331e-10 6.409986985644877677e-10 1.701462928882513381e-11
8.991521000862121582e-01 3.520037733517611400e-11 9.044922588685722076e-10 3.640655277248328048e-10 5.898150856609163384e-10 1.533944325726732671e-11
9.021149277687072754e-01 3.623353700410447686e-11 9.138629852856183788e-10 3.847225871211890080e-10 6.506031269282175344e-10 1.643215945257292532e-11
9.022555351257324219e-01 3.574737381106807277e-11 8.917024341137391730e-10 3.756432942481069404e-10 6.309563427286946080e-10 1.626808583676808695e-11
8.988791108131408691e-01 4.089026686693308932e-11 9.928445843243594027e-10 4.114706075863949764e-10 6.951229036822326179e-10 1.874801355827848681e-11
8.993190526962280273e-01 4.173960829745304579e-11 9.972030978744328422e-10 4.101616823959375324e-10 7.007987523621750370e-10 1.914546472747691297e-11
8.991314768791198730e-01 3.935365922025368945e-11 9.074592188795804759e-10 3.852507202140031950e-10 6.699625854089674704e-10 1.811552470531996306e-11
8.947756886482238770e-01 3.986055582827496835e-11 9.178583448843369297e-10 4.094149186339990365e-10 6.842835187370610583e-10 1.807793324759554565e-11
8.939858675003051758e-01 4.319879176595264880e-11 9.325935579340693948e-10 4.145057352911152293e-10 7.713134020370659982e-10 1.868030730101111203e-11
8.922328352928161621e-01 4.005191317490996994e-11 8.756543268262362290e-10 3.735992903930451803e-10 7.514852629064705525e-10 1.781779931930849159e-11
8.902677297592163086e-01 3.659986896886735508e-11 7.922942857341297440e-10 3.462611308790997100e-10 7.057639472840548933e-10 1.599976227895094638e-11
8.926610350608825684e-01 3.807305512526504288e-11 7.961883374818512493e-10 3.795865566313949557e-10 7.661719036988756670e-10 1.679649648533843020e-11
8.904061317443847656e-01 3.850384941439521924e-11 7.734147211557740320e-10 3.977501383811699043e-10 8.009374274919878189e-10 1.812739194861912040e-11
8.909218311309814453e-01 4.336323314313439425e-11 8.331062506528041922e-10 4.320754587450181816e-10 8.701336318139851755e-10 2.006425754708107689e-11
8.890523314476013184e-01 4.380228124656326827e-11 8.061687428728703253e-10 4.356691951645785821e-10 8.879213475587732773e-10 1.975314183055854045e-11
8.883642554283142090e-01 4.953329760248870173e-11 8.630786085817021558e-10 5.005358905130208313e-10 9.789012933580920617e-10 2.249653935360029777e-11
8.807834386825561523e-01 5.363308061556715245e-11 9.106017606619332128e-10 5.208461995032109826e-10 9.864600247766475150e-10 2.481680139165831633e-11
8.817291259765625000e-01 5.310646020162401726e-11 8.795951744744456846e-10 5.141536640884680764e-10 9.769715036966886146e-10 2.504746583753547640e-11
8.763874769210815430e-01 6.142799463537684801e-11 9.633013275944790621e-10 5.839019268094602921e-10 1.062235743809480937e-09 2.737203519398434537e-11
8.704146146774291992e-01 6.038086003412601599e-11 9.536335054960431989e-10 5.580794715243087012e-10 1.050564635285411441e-09 2.668363099922466120e-11
8.663078546524047852e-01 6.208716873956632298e-11 9.373269937995587497e-10 5.625868659819843742e-10 9.867570094357347443e-10 2.625673636846848069e-11
8.654779791831970215e-01 7.357924686202110820e-11 1.059036636164023548e-09 6.308087385775706935e-10 1.121808979043237287e-09 3.074490662058337875e-11
8.587072491645812988e-01 7.889149750139878847e-11 1.098442892200068854e-09 6.553786957574914140e-10 1.162024920731141719e-09 3.210979052092888253e-11
8.523988723754882812e-01 8.529003198143314535e-11 1.150677775285657845e-09 6.941973662577538562e-10 1.216148737270827951e-09 3.402998369206322593e-11
8.539491295814514160e-01 8.680511170977567303e-11 1.161869378485391735e-09 6.950236497438311289e-10 1.233759538976642034e-09 3.399077894150615009e-11
8.564081788063049316e-01 9.216059859706859925e-11 1.189975118442987423e-09 7.286475312007212324e-10 1.293512963407295047e-09 3.597802958332785295e-11
8.543822169303894043e-01 1.039684033310450673e-10 1.238781632828533930e-09 7.920599731647826047e-10 1.435206731237315125e-09 3.944427423574481395e-11
8.571581840515136719e-01 1.036418520450332892e-10 1.206675759313213803e-09 7.897710263549129195e-10 1.408571814742742845e-09 3.977742787930615975e-11
8.572435975074768066e-01 1.009837768961574511e-10 1.130426086071167902e-09 7.743200525212046159e-10 1.372737035154614205e-09 3.767411035915380069e-11
8.540457487106323242e-01 1.066893309809024970e-10 1.152065665088741753e-09 7.808405588782818540e-10 1.479411371185790358e-09 3.854506297473747622e-11
8.540815711021423340e-01 1.272741217972495065e-10 1.328806953360128773e-09 9.088436669912880461e-10 1.717689657176890705e-09 4.555382460136314648e-11
8.506210446357727051e-01 1.318358339164049653e-10 1.360773937975068293e-09 9.108261367352099569e-10 1.823272977041767717e-09 4.741154344123366116e-11
8.455688953399658203e-01 1.557772660865097691e-10 1.532251103775195133e-09 1.085938228229110791e-09 2.151608002876059800e-09 5.729129323728265888e-11
8.491106033325195312e-01 1.501042484752801442e-10 1.501180624252640428e-09 1.065524335430723113e-09 2.134951326837608576e-09 5.661145510704734818e-11
8.455782532691955566e-01 1.805879196181692237e-10 1.680919958779725221e-09 1.183372178026331767e-09 2.461969517142392760e-09 6.417774645051110838e-11
8.462479710578918457e-01 1.753860667808027074e-10 1.561208606837283241e-09 1.132332672071356683e-09 2.429576984042114418e-09 6.144066505564538261e-11
8.462318778038024902e-01 1.716840836163413542e-10 1.518964509727993573e-09 1.088193979370544184e-09 2.441231883310024386e-09 5.849450784856102814e-11
8.461693525314331055e-01 1.897154378038834466e-10 1.595850451785452151e-09 1.152760997769064488e-09 2.615710981146435188e-09 6.382743639177235195e-11
8.474668860435485840e-01 1.904748025971514380e-10 1.543377980972593377e-09 1.122008153053855040e-09 2.536672205621925968e-09 6.185828932414594306e-11
8.486549854278564453e-01 1.982576741665909026e-10 1.545812811087898808e-09 1.162497875739632036e-09 2.607814408861486299e-09 6.276635461377466640e-11
8.481537699699401855e-01 2.016373873425791885e-10 1.563495444223406139e-09 1.156145623681936740e-09 2.788114628060611722e-09 6.412678027478690979e-11
8.499180674552917480e-01 1.968273044550272743e-10 1.481701428218684669e-09 1.153582673829589567e-09 2.748595129276054649e-09 6.198043467353642200e-11
8.444313406944274902e-01 2.118076269930213584e-10 1.557004636332237624e-09 1.235727520310092586e-09 2.801905374383295566e-09 6.764654808533165919e-11
8.427601456642150879e-01 2.261849596507659044e-10 1.656403125771532814e-09 1.284880757346229530e-09 2.972880164264779523e-09 7.115365935339568182e-11
8.402018547058105469e-01 2.159091377906818821e-10 1.560511053710911256e-09 1.204138899701945320e-09 2.854011249553423113e-09 6.559685433726869519e-11
8.390906453132629395e-01 2.462216819321128014e-10 1.685835471221253101e-09 1.320791698233847455e-09 3.138527215895692279e-09 7.187717088186218461e-11
8.418377041816711426e-01 2.588270986425555975e-10 1.727927356753866661e-09 1.403977933911448872e-09 3.325138386855996941e-09 7.738282237212956716e-11
8.454701900482177734e-01 3.025940054079967467e-10 1.892372702982925148e-09 1.552507788993295890e-09 3.890102018289098851e-09 8.593568218140390513e-11
8.501504659652709961e-01 3.017273930705499652e-10 1.849891351213273083e-09 1.548315475830008836e-09 3.859632613512076205e-09 8.501137294114613496e-11
8.449618220329284668e-01 2.885316985334895890e-10 1.754830503131188379e-09 1.430765506071907112e-09 3.533595194227245884e-09 7.776249089097575506e-11
8.517696857452392578e-01 3.203591003586581110e-10 1.912620506416828903e-09 1.581374586834272122e-09 3.827183903126751829e-09 8.646491855834881335e-11
8.583323955535888672e-01 3.303966822354453825e-10 1.830309792616446884e-09 1.565708118711484076e-09 3.834228046173393523e-09 8.709107046644959382e-11
8.568206429481506348e-01 3.286774741262377120e-10 1.806602534237811142e-09 1.517295511455074575e-09 3.820239680152326400e-09 8.464658834972382806e-11
