9.877028237219091474e-05
5.593822635360024605e-04
1.309862651969623216e-03
4.890104914717249146e-03
1.320475951129219602e-02
3.248485288641052987e-02
6.642207553571286005e-02
1.641997575357484473e-01
1.874845622299348979e-01
1.313233504976591137e-01
7.558142031779259418e-02
4.583267251803910952e-02
3.198952325282481551e-02
4.397454938276527947e-02
5.461842403144673286e-02
6.322684825308555467e-02
1.009403848997288827e-01
1.465057416540945512e-01
2.192945437567602462e-01
2.895649570441938825e-01
2.986515686860364283e-01
3.210423938191248605e-01
3.282421771228352658e-01
3.440517113914637881e-01
3.408981423139997857e-01
3.546156555093436524e-01
3.538696116584076345e-01
3.701516505913440280e-01
3.366088196371502805e-01
3.588960514279438963e-01
4.198476806686908813e-01
4.640298883817781106e-01
5.458372777743352167e-01
5.875597187856418380e-01
6.338119834520602458e-01
6.813058957710479424e-01
7.008788102073032489e-01
7.017926525724095255e-01
7.084702358566098424e-01
7.114078448719608483e-01
7.071057609187136883e-01
6.942691439085457716e-01
7.165971442962922877e-01
7.320614799031369690e-01
7.376227582640001446e-01
7.306953484534007837e-01
7.386609003694021292e-01
7.525388498040714857e-01
7.602361081542715615e-01
7.749249508108011497e-01
7.653349743025932295e-01
7.881191289692630608e-01
8.067157444088124407e-01
8.021751227505949933e-01
8.067197323076866766e-01
8.084621987065709892e-01
8.145225779496186869e-01
8.240605277155904629e-01
8.281909479603737356e-01
8.346930636941073400e-01
8.341818764107192807e-01
8.415793674701567140e-01
8.354405800000123117e-01
8.336040605399860359e-01
8.425084252032755128e-01
8.343298581350989673e-01
8.407276749751982914e-01
8.274576040335449578e-01
8.357334144819626998e-01
8.282742643707003971e-01
8.357328623113493560e-01
8.282235260265619070e-01
8.312731029718436471e-01
8.287657575688787137e-01
8.286920734681406664e-01
8.311870257084502667e-01
8.289199358745861224e-01
8.338505126904145470e-01
8.376725149714926433e-01
8.437044267518072349e-01
8.463866261823352888e-01
8.525941895699878925e-01
8.527014947258503286e-01
8.488395521037394031e-01
8.403955750274091363e-01
8.388977202102420039e-01
8.388745290444810099e-01
8.426636464979192498e-01
8.469405146598230072e-01
8.375004831492867119e-01
8.477060685390976902e-01
8.475688848178235535e-01
8.447067391196314556e-01
8.392670609982876284e-01
8.428200948383705038e-01
8.453839457007689129e-01
8.487408976208195011e-01
8.485737739818434155e-01
8.504267972079799787e-01
8.427549387059942720e-01
8.479205561462417329e-01
