1.082440540194511414e-01 5.672595277428627014e-02 1.378516554832458496e-01 1.853855103254318237e-01 1.032547280192375183e-01 7.468318194150924683e-02 7.358879595994949341e-02 1.146236211061477661e-01 4.207975417375564575e-02 1.035627648234367371e-01
1.005326062440872192e-01 6.498110294342041016e-02 1.571044027805328369e-01 1.735583394765853882e-01 1.115642040967941284e-01 8.017783612012863159e-02 7.432753592729568481e-02 1.180925071239471436e-01 3.881743922829627991e-02 8.084403723478317261e-02
1.074005439877510071e-01 5.289423838257789612e-02 1.499632447957992554e-01 1.680018603801727295e-01 1.232150048017501831e-01 8.064352720975875854e-02 6.455986201763153076e-02 1.383221000432968140e-01 3.529037907719612122e-02 7.970924675464630127e-02
1.152021437883377075e-01 4.898706451058387756e-02 1.424206197261810303e-01 1.653583198785781860e-01 1.252917051315307617e-01 8.151467889547348022e-02 6.737321615219116211e-02 1.381455361843109131e-01 3.844981268048286438e-02 7.725681364536285400e-02
1.166138574481010437e-01 4.751167446374893188e-02 1.409460157155990601e-01 1.631073355674743652e-01 1.244552955031394958e-01 8.293312788009643555e-02 6.638326495885848999e-02 1.424437910318374634e-01 4.037009552121162415e-02 7.523547857999801636e-02
1.171287745237350464e-01 4.660977795720100403e-02 1.423507332801818848e-01 1.625750809907913208e-01 1.259800493717193604e-01 8.387487381696701050e-02 6.518610566854476929e-02 1.420951336622238159e-01 3.997667878866195679e-02 7.422289997339248657e-02
1.180840134620666504e-01 4.593150317668914795e-02 1.446164548397064209e-01 1.627171784639358521e-01 1.268203854560852051e-01 8.386223763227462769e-02 6.462641060352325439e-02 1.402847766876220703e-01 3.957795351743698120e-02 7.347904890775680542e-02
1.195894107222557068e-01 4.592338204383850098e-02 1.446206569671630859e-01 1.624559164047241211e-01 1.274366527795791626e-01 8.368463814258575439e-02 6.398151814937591553e-02 1.397495716810226440e-01 3.949653729796409607e-02 7.306175678968429565e-02
1.203760653734207153e-01 4.578085616230964661e-02 1.449560075998306274e-01 1.628202348947525024e-01 1.276071518659591675e-01 8.354593813419342041e-02 6.345723569393157959e-02 1.390206664800643921e-01 3.963969275355339050e-02 7.279615104198455811e-02
1.216140165925025940e-01 4.571160301566123962e-02 1.457336395978927612e-01 1.628120243549346924e-01 1.274613738059997559e-01 8.292128890752792358e-02 6.303033977746963501e-02 1.381956040859222412e-01 3.990335017442703247e-02 7.261683046817779541e-02
1.222055032849311829e-01 4.571404680609703064e-02 1.462152898311614990e-01 1.630334407091140747e-01 1.274347901344299316e-01 8.270997554063796997e-02 6.283533573150634766e-02 1.371219754219055176e-01 4.010583832859992981e-02 7.262388616800308228e-02
