3.848184860544279218e-05 5.102367722429335117e-04 2.890169853344559669e-04 1.233273069374263287e-04 7.252133946167305112e-05 3.259029763285070658e-04
6.599128828383982182e-04 1.992589204746764153e-06 4.454307600099127740e-06 6.732365727657452226e-05 1.396569859934970737e-05 2.700229060792480595e-06
1.350078731775283813e-01 2.936123522090383631e-08 6.242473205020360183e-07 5.458994564833119512e-06 4.187243121123174205e-07 1.950110828374818084e-07
4.664323627948760986e-01 2.687756683883435471e-10 1.516461090034226800e-08 1.563753642130905064e-07 1.706916208377151634e-08 8.170884413516432687e-09
6.327101588249206543e-01 1.175628344673995684e-10 5.357392307558939137e-09 1.849086714855729952e-07 2.200411586272821296e-08 6.366539739843801726e-09
7.132008075714111328e-01 4.544559867314390544e-11 1.267702387508506945e-09 1.279260573028295767e-07 1.561488893742080108e-08 2.184372904778797420e-09
7.675691843032836914e-01 1.097813680239756451e-11 3.518396962665093497e-10 7.394423562345764367e-08 6.343835234901007425e-09 5.394569235761537129e-10
8.001494407653808594e-01 4.250688776658018142e-12 1.797081650156684418e-10 5.377096812253512326e-08 2.650056174502424255e-09 2.971880241897650876e-10
8.162957429885864258e-01 2.577968220840443081e-12 1.707901042813375625e-10 5.822632331842214626e-08 1.441614161379334291e-09 2.228695977768424541e-10
8.235813975334167480e-01 2.933720757644642241e-12 2.247322605786195027e-10 7.796190004683012376e-08 1.551618611372873602e-09 2.384268338317951930e-10
8.338438272476196289e-01 3.496919117121355391e-12 2.608564753092679211e-10 8.695614184262012714e-08 1.761556345236670040e-09 2.851205105347531799e-10
8.377633094787597656e-01 4.792535292230670763e-12 3.586613228634405459e-10 1.035020957829146937e-07 2.291973055790208491e-09 3.919129465401738344e-10
8.352811932563781738e-01 6.298422720873997349e-12 4.376246309778508703e-10 1.287068727151563508e-07 2.755636163698227392e-09 4.425729505097564243e-10
8.443275690078735352e-01 8.794132956568834203e-12 5.424055093961044349e-10 1.671840834660542896e-07 3.746751353617128188e-09 5.749578591007775685e-10
8.490431904792785645e-01 1.068067422699270352e-11 6.232092064628602657e-10 1.818097246086836094e-07 4.568865286103118706e-09 7.776909671797227475e-10
8.520212769508361816e-01 1.118545620709676669e-11 6.058347712389888784e-10 1.814448609138707980e-07 4.861795410704417009e-09 8.031688092380306898e-10
8.574889898300170898e-01 1.073585231131657380e-11 5.711657258267166526e-10 1.801253404210001463e-07 4.772015227416659400e-09 7.736263296642675868e-10
8.645860552787780762e-01 1.037604377418510637e-11 5.295992533405069480e-10 1.837251062397626811e-07 4.696934396974938863e-09 7.764044962499383473e-10
8.676896095275878906e-01 1.079262200442965280e-11 5.029063832040492343e-10 1.859133504922283464e-07 4.925337471206603368e-09 7.344917452023480564e-10
8.749153614044189453e-01 1.255711160053074593e-11 5.360010768562517569e-10 1.902624546801234828e-07 5.761378929491911549e-09 8.471655044139936308e-10
8.799163699150085449e-01 1.216007936705176817e-11 4.763222594128535547e-10 1.690921891395191778e-07 5.739522634939930867e-09 7.814691671548246177e-10
8.861898779869079590e-01 1.381601170274970869e-11 5.042904982488494170e-10 1.825650599585060263e-07 6.609183866856938039e-09 8.316058397461745244e-10
8.912807703018188477e-01 1.432159946190836308e-11 5.103549249874106408e-10 1.750375417941540945e-07 6.824866449761657350e-09 7.844693228342691782e-10
8.942778706550598145e-01 1.587674436365205111e-11 5.529811053506250573e-10 1.809847134381925571e-07 7.312021210736929788e-09 8.382246563520823202e-10
8.957645297050476074e-01 1.826561818463190434e-11 6.059677759573389721e-10 1.869430121814730228e-07 8.070990986652759602e-09 9.218604213323544627e-10
9.012893438339233398e-01 1.954786853219925291e-11 6.111978700928943908e-10 1.886099312287115026e-07 8.445891985786602163e-09 9.398232192481259517e-10
9.017724394798278809e-01 2.231129690721811443e-11 6.681552533471801780e-10 2.014447204601310659e-07 9.105887599503148522e-09 1.004327288001150009e-09
8.984830379486083984e-01 2.593314625543019503e-11 7.267920709708164395e-10 2.056837047348381020e-07 1.001357397001356730e-08 1.165840424199870995e-09
9.047777652740478516e-01 2.820392704105945114e-11 7.779845656585848701e-10 2.180079405889046029e-07 1.043225505981126844e-08 1.191989063009657457e-09
9.032080769538879395e-01 3.599519987629307138e-11 9.252455468455877963e-10 2.419684506094199605e-07 1.258834991801904835e-08 1.489748102656562878e-09
9.067146778106689453e-01 4.109718815259455482e-11 1.044928032989389521e-09 2.656992137417546473e-07 1.376286196119735905e-08 1.589245735011957095e-09
9.074690937995910645e-01 4.560894717453578551e-11 1.130906035484713357e-09 2.740239040122105507e-07 1.436608432214825370e-08 1.765019685961988216e-09
9.084511399269104004e-01 5.424892479677367874e-11 1.311133646098028294e-09 2.967311161228280980e-07 1.562341545024992229e-08 1.878051492099075404e-09
9.105268120765686035e-01 6.016152853671741241e-11 1.400864646505795008e-09 3.059991797726979712e-07 1.616167111251343158e-08 1.988514020112575054e-09
9.087657928466796875e-01 6.808864583263130044e-11 1.511160974132508272e-09 3.417898994939605473e-07 1.688210282679847296e-08 2.205711391312092928e-09
9.117978811264038086e-01 7.726137091212947894e-11 1.653134296120128965e-09 3.406726420962513657e-07 1.777239333478064509e-08 2.398017340254909868e-09
9.133262038230895996e-01 9.137484519028404861e-11 1.829580820178478007e-09 3.557792638275714125e-07 1.959013573582524259e-08 2.727560177717691658e-09
9.158040881156921387e-01 9.813818507842242411e-11 1.917287439923143211e-09 3.778091297590435715e-07 1.995871024007556116e-08 2.782499786135872455e-09
9.164800643920898438e-01 1.079550615568081184e-10 2.068325954951433232e-09 3.818536811195372138e-07 2.136157384313719376e-08 3.063646003553799346e-09
9.152050018310546875e-01 1.125161838699817451e-10 2.040719593310313940e-09 3.619092296958115185e-07 2.128670040235647321e-08 3.207178966846413459e-09
9.166815876960754395e-01 1.322038034601291656e-10 2.283402356084707208e-09 3.869616591600788524e-07 2.292532919057066465e-08 3.550451710410129635e-09
9.184086918830871582e-01 1.465949306389546791e-10 2.480439409424661790e-09 3.989885044575203210e-07 2.374340901667437720e-08 3.817944183026611427e-09
9.181886315345764160e-01 1.534355281718191577e-10 2.506670648827480363e-09 4.053716509133664658e-07 2.454262748585733789e-08 3.871337916905304155e-09
9.212945699691772461e-01 1.723114428919814145e-10 2.687611688756419426e-09 4.402698152716766344e-07 2.594208936557151901e-08 4.146085252898501494e-09
9.213421344757080078e-01 1.919844005993098790e-10 2.882924787783736065e-09 4.688025398991157999e-07 2.709591662153343350e-08 4.461296221336397139e-09
9.222620725631713867e-01 2.117157005265823955e-10 3.094226208588679583e-09 4.753889868425176246e-07 2.815258426380751189e-08 4.822369614743138300e-09
9.213227033615112305e-01 2.490369022112304265e-10 3.454807773195511800e-09 5.072764110991556663e-07 3.052431551964218670e-08 5.297050797992142179e-09
9.220802187919616699e-01 2.482401506576081829e-10 3.398858750003341811e-09 5.229015300756145734e-07 3.013613536495540757e-08 5.248214751674140643e-09
9.218570590019226074e-01 2.598242176965470662e-10 3.569563977734446780e-09 5.362103934203332756e-07 3.111519220055924961e-08 5.511298084570626088e-09
9.220335483551025391e-01 2.813092536690930956e-10 3.833788397855641961e-09 5.646773502121504862e-07 3.305003204445711162e-08 5.780820711009937440e-09
9.226352572441101074e-01 3.266458215023249068e-10 4.055409341674476309e-09 6.095030471442441922e-07 3.621751432092423784e-08 6.413264586058176064e-09
9.230985045433044434e-01 3.461861075582106650e-10 4.290873434342756809e-09 6.536315027005912270e-07 3.761368105870133149e-08 6.529187412951387159e-09
9.202200174331665039e-01 3.984870766693404676e-10 4.702748856999505733e-09 6.853712193333194591e-07 4.099607053831277881e-08 7.558326409196070017e-09
9.229478240013122559e-01 4.335909686847827516e-10 4.933976782695026486e-09 7.312070806619885843e-07 4.185928403899197292e-08 7.780837307791443891e-09
9.217982292175292969e-01 4.446499279886495515e-10 4.922626750669678586e-09 7.417224878736305982e-07 4.251146279443673848e-08 7.868856677362146002e-09
9.199962019920349121e-01 5.235761268984617800e-10 5.556935800399287473e-09 8.424382826888177078e-07 4.799022690349374898e-08 9.275387569118720421e-09
9.202829003334045410e-01 5.506776701302840138e-10 5.749839271373957672e-09 8.706101084499096032e-07 4.884762816459442547e-08 9.383852805910919415e-09
9.207965731620788574e-01 6.006998232166438356e-10 6.270895358539974040e-09 9.142513022197817918e-07 5.091605714824254392e-08 1.016937289932684507e-08
9.209284186363220215e-01 6.313714551176019540e-10 6.420169285092924838e-09 1.000609131551755127e-06 5.622077026146143908e-08 1.038564345634540587e-08
9.197124242782592773e-01 6.886259895644286644e-10 6.750662695509390687e-09 1.034846491165808402e-06 5.841446082399670559e-08 1.080727862756702962e-08
9.200567007064819336e-01 7.635930776572763534e-10 7.152693992651393273e-09 1.106553327190340497e-06 6.097953786365906126e-08 1.171784447251411621e-08
9.193115830421447754e-01 8.571975906868090078e-10 7.518428546404720691e-09 1.154823507931723725e-06 6.831029253362430609e-08 1.268568627921240477e-08
9.195206165313720703e-01 9.288977920185459425e-10 8.103850035467985435e-09 1.284275754187547136e-06 7.177206384767487179e-08 1.371202884570266178e-08
9.176629781723022461e-01 9.915466225862701322e-10 8.344886559541464521e-09 1.297199787586578168e-06 7.424959846957790432e-08 1.448336206522071734e-08
9.183005094528198242e-01 1.043459874061625214e-09 8.571442222660152765e-09 1.329569158770027570e-06 7.524774048306426266e-08 1.448955533334128631e-08
9.172675609588623047e-01 1.167870689045003019e-09 9.584794291583875747e-09 1.464752244828559924e-06 8.010966467963953619e-08 1.580265340805908636e-08
9.173081517219543457e-01 1.258499415790481635e-09 9.890466223794192047e-09 1.495271590101765469e-06 8.391773320681750192e-08 1.662326454265894426e-08
9.173063635826110840e-01 1.382871483990300021e-09 1.055406162464578301e-08 1.664315618654654827e-06 9.202717166090224055e-08 1.803942417666348774e-08
9.174214601516723633e-01 1.536203164675953303e-09 1.137942362561261689e-08 1.696104959592048544e-06 9.795415678581775865e-08 1.923291748084920982e-08
9.161355495452880859e-01 1.569563368164494932e-09 1.163587892705209015e-08 1.760507871040317696e-06 9.794567290555278305e-08 1.954252226710195828e-08
9.163852334022521973e-01 1.752871958693447141e-09 1.278431316364958548e-08 1.832688781178148929e-06 1.062339620716556965e-07 2.169713297917041928e-08
9.176183342933654785e-01 1.916002689839046980e-09 1.344028177641121147e-08 1.973089410967077129e-06 1.104136089224994066e-07 2.252726361007262312e-08
9.171742796897888184e-01 2.003520460647223445e-09 1.380217273805328659e-08 2.023860588451498188e-06 1.139921366188900720e-07 2.219338135489579145e-08
9.182697534561157227e-01 2.068498927698669831e-09 1.412379280196773834e-08 2.040918388956924900e-06 1.183627915679608122e-07 2.292907197443128098e-08
9.183706641197204590e-01 2.198550896892470519e-09 1.479059097420076796e-08 2.096117214023252018e-06 1.210232767334673554e-07 2.364472173610465688e-08
9.180664420127868652e-01 2.378376384726266224e-09 1.573640595609049342e-08 2.233795385109260678e-06 1.272230321092138183e-07 2.450975244983055745e-08
9.171615242958068848e-01 2.619284567018098642e-09 1.648252201391642302e-08 2.349294845771510154e-06 1.362497812351648463e-07 2.785732711174659926e-08
9.176281690597534180e-01 2.812214239256149995e-09 1.731079279920777481e-08 2.558620963100111112e-06 1.467522992015801719e-07 2.766103968099287158e-08
9.179149270057678223e-01 2.725633496680757162e-09 1.669098814716107881e-08 2.463329110469203442e-06 1.398199316327009001e-07 2.727475845176741132e-08
9.164673686027526855e-01 2.947711408296527225e-09 1.751662992433011823e-08 2.643505240484955721e-06 1.484768858972529415e-07 2.881434468804400240e-08
9.182471036911010742e-01 3.249913671510284985e-09 1.892198042696691118e-08 2.819275778165319934e-06 1.548710031329392223e-07 3.023182060246654146e-08
9.194930791854858398e-01 3.319047259253693483e-09 1.905813107327958278e-08 2.898815864682546817e-06 1.602984127657691715e-07 3.005003534894967743e-08
9.174003601074218750e-01 3.727276265408363543e-09 2.124995113206296082e-08 3.048170810870942660e-06 1.680156174188596196e-07 3.395091496827262745e-08
9.205763936042785645e-01 3.632207645765106463e-09 2.001967480680377776e-08 2.961330210382584482e-06 1.662357789200541447e-07 3.257376235410447407e-08
9.190630316734313965e-01 4.025839217547400040e-09 2.173307400710200454e-08 3.189307335560442880e-06 1.797390609681315254e-07 3.458782060761222965e-08
9.188814759254455566e-01 4.261294872520693389e-09 2.280882149818808102e-08 3.329207174829207361e-06 1.870894834610226098e-07 3.568612427784501051e-08
9.194855093955993652e-01 4.627044081217945859e-09 2.395394105292325548e-08 3.464476776571245864e-06 1.913273877107712906e-07 3.650638191743382777e-08
9.180680513381958008e-01 5.015143411668532281e-09 2.560767775605654606e-08 3.516056494845543057e-06 2.008248145557445241e-07 3.887367938659735955e-08
9.180412888526916504e-01 5.277680958926111998e-09 2.669401766297596623e-08 3.951322014472680166e-06 2.131064888999389950e-07 3.949554638893459924e-08
9.187088012695312500e-01 5.762986976520778626e-09 2.798283205152074515e-08 4.091941718797897920e-06 2.267399707989170565e-07 4.224077088110789191e-08
9.189077019691467285e-01 5.700698579857998993e-09 2.726262593455430761e-08 4.111371254111872986e-06 2.233288256547893980e-07 4.115721097264213313e-08
9.186858534812927246e-01 5.950744341731706299e-09 2.810858745760924648e-08 4.175322374067036435e-06 2.254550395264232066e-07 4.233723061020100431e-08
9.183717966079711914e-01 6.247574013684698002e-09 2.908276108826157724e-08 4.258921762811951339e-06 2.314986886631231755e-07 4.448069290674538934e-08
9.185391068458557129e-01 6.614321534925693413e-09 3.030234907441808900e-08 4.456714577827369794e-06 2.266827436869789381e-07 4.583995405482710339e-08
9.174879789352416992e-01 7.236665489074312063e-09 3.211816235193509783e-08 4.663450908992672339e-06 2.496271065410837764e-07 4.852514834396970400e-08
9.188631772994995117e-01 7.698209181228321540e-09 3.353082433932286222e-08 4.709015229309443384e-06 2.597450929897604510e-07 5.035051842128268618e-08
9.173966646194458008e-01 7.661771661560123903e-09 3.356170452661899617e-08 4.915733825328061357e-06 2.579312763373309281e-07 5.036498151866908302e-08
9.186223149299621582e-01 7.852372085892511677e-09 3.373968127107218606e-08 5.026062353863380849e-06 2.676638928278407548e-07 5.156987725740691531e-08
9.187855720520019531e-01 8.508890481095932046e-09 3.537259019026350870e-08 5.095897904539015144e-06 2.740038382853526855e-07 5.380030998480833659e-08
9.164720773696899414e-01 9.340504369959035103e-09 3.743452481330677983e-08 5.547802629735087976e-06 2.970741377339436440e-07 5.733682328923350724e-08
9.186635613441467285e-01 9.786116805798883433e-09 3.908452583800681168e-08 5.796775440103374422e-06 3.015180425336438930e-07 5.772419342520151986e-08
