1.882383185147773474e-05 8.195096743293106556e-04 3.247236600145697594e-04 1.388089731335639954e-03 4.232703649904578924e-04 2.375138923525810242e-03
4.723116289824247360e-04 7.412449922412633896e-04 6.159135373309254646e-04 1.162088825367391109e-03 2.022820117417722940e-04 3.208787413313984871e-03
1.241949573159217834e-02 7.808562259015161544e-07 5.507965033757500350e-05 2.588904229924082756e-03 1.640845948713831604e-05 3.669685393106192350e-04
2.069156803190708160e-02 1.931877449123931001e-07 2.028041672019753605e-05 2.456546062603592873e-03 4.747811090055620298e-06 9.095103450817987323e-05
6.620886921882629395e-02 2.544853145991510246e-07 2.260003384435549378e-05 1.169669907540082932e-03 1.568423249409534037e-05 3.339284739922732115e-05
6.407014280557632446e-02 2.776922087832645047e-07 1.712326957203913480e-05 1.118171028792858124e-03 2.372184826526790857e-05 5.068736936664208770e-05
4.843023419380187988e-02 2.224068964551406680e-07 1.473322390665998682e-05 7.021833444014191628e-04 1.696644358162302524e-05 2.640968705236446112e-05
6.210421770811080933e-02 1.810844025840196991e-07 1.288822477363282815e-05 3.716665378306061029e-04 1.153713037638226524e-05 2.296781531185843050e-05
6.791895627975463867e-02 2.048173257662710967e-07 1.338513993687229231e-05 2.035745565081015229e-04 1.114700990001438186e-05 2.836616476997733116e-05
6.698054075241088867e-02 2.150820108681728016e-07 1.448189050279324874e-05 1.470252173021435738e-04 9.619549018680118024e-06 2.431928078294731677e-05
7.449533045291900635e-02 1.781972400749509688e-07 1.218971920025069267e-05 1.174089775304310024e-04 9.187516297970432788e-06 1.867256105470005423e-05
9.250618517398834229e-02 1.443059289840675774e-07 9.193372534355148673e-06 9.444830357097089291e-05 9.091761967283673584e-06 1.224822972289985046e-05
1.134202107787132263e-01 1.456388361020799493e-07 8.373631317226681858e-06 8.539931150153279305e-05 8.507622624165378511e-06 1.026808331516804174e-05
1.332782655954360962e-01 1.161072020749998046e-07 5.966128355794353411e-06 6.870689685456454754e-05 8.556017746741417795e-06 7.972826097102370113e-06
1.498837918043136597e-01 9.675128609387684264e-08 4.439488748175790533e-06 4.600514148478396237e-05 7.810627721482887864e-06 6.665657110715983436e-06
1.553501933813095093e-01 9.181267301983098150e-08 3.728549472725717351e-06 4.018654726678505540e-05 7.985736374394036829e-06 5.788239377579884604e-06
1.741777211427688599e-01 7.855469164042006014e-08 2.785995548038044944e-06 3.198413469363003969e-05 7.203052518889307976e-06 4.397325938043650240e-06
1.762641370296478271e-01 8.084139579978000256e-08 2.590083340692217462e-06 2.972482070617843419e-05 7.454771093762246892e-06 4.121605797990923747e-06
1.798834204673767090e-01 7.825430259345012018e-08 2.303359678990091197e-06 2.758963273663539439e-05 7.499822004319867119e-06 3.898016984749119729e-06
1.859527975320816040e-01 7.822421821401803754e-08 2.239044533780543134e-06 2.705135193536989391e-05 7.874201401136815548e-06 3.826648480753647164e-06
1.848592013120651245e-01 7.596551654387440067e-08 2.048226178885670379e-06 2.601574851723853499e-05 7.807441761542577296e-06 3.474530558378319256e-06
1.976081430912017822e-01 8.291393527315449319e-08 2.149284000552142970e-06 2.803658935590647161e-05 8.136686119541991502e-06 3.260277480876538903e-06
1.971431672573089600e-01 9.019253610631494666e-08 2.178464910684851930e-06 2.941553429991472512e-05 8.936945960158482194e-06 3.632331981862080283e-06
1.971322745084762573e-01 1.076458389093204460e-07 2.455346020724391565e-06 3.522913175402209163e-05 9.762999070517253131e-06 3.949170150008285418e-06
2.057164758443832397e-01 1.145175403394205205e-07 2.633464191603707150e-06 3.471575837465934455e-05 1.098076518246671185e-05 4.508370693656615913e-06
2.054628133773803711e-01 1.332533088316267822e-07 2.864449925255030394e-06 3.890696825692430139e-05 1.270459961233427748e-05 4.960548267263220623e-06
2.028200328350067139e-01 1.294632170356635470e-07 2.748912720562657341e-06 3.990479308413341641e-05 1.135523234552238137e-05 4.692255515692522749e-06
2.064812630414962769e-01 1.469814776555722347e-07 2.992530426126904786e-06 4.137073119636625051e-05 1.275343311135657132e-05 5.127294571138918400e-06
2.058598846197128296e-01 1.488956655748552294e-07 2.904611164922243915e-06 4.155882561462931335e-05 1.327807240159017965e-05 5.288663487590383738e-06
2.062466889619827271e-01 1.577318897716395441e-07 2.946773520307033323e-06 4.405554864206351340e-05 1.328448615822708234e-05 5.370161943574203178e-06
2.002296149730682373e-01 1.833009690699327621e-07 3.044377535843523219e-06 5.061223419033922255e-05 1.544401675346307456e-05 5.967153811070602387e-06
1.973015218973159790e-01 2.073287816983793164e-07 3.319637244203477167e-06 5.248398520052433014e-05 1.646217242523562163e-05 6.189431587699800730e-06
2.028488516807556152e-01 2.077535157241072739e-07 3.271395144111011177e-06 4.743323370348662138e-05 1.566058381285984069e-05 5.976207376079401001e-06
2.054896801710128784e-01 1.984425637147069210e-07 3.018700908796745352e-06 4.392919072415679693e-05 1.622904892428778112e-05 5.326324298948748037e-06
2.140322178602218628e-01 2.231443971822955064e-07 3.289688720542471856e-06 4.543306931736879051e-05 1.783371953933965415e-05 6.052758635632926598e-06
2.079900354146957397e-01 2.587107701401691884e-07 3.634759877968463115e-06 5.134745151735842228e-05 1.895892091852147132e-05 6.812784249632386491e-06
2.042721509933471680e-01 2.793578914861427620e-07 3.768293709072167985e-06 4.889981573796831071e-05 1.977446481760125607e-05 6.750952252332353964e-06
2.057579606771469116e-01 2.639732770148839336e-07 3.682853275677189231e-06 4.629805698641575873e-05 1.822394551709294319e-05 6.637214482907438651e-06
2.039724588394165039e-01 2.698633920772408601e-07 3.646392087830463424e-06 4.640733095584437251e-05 1.866930324467830360e-05 6.451963599829468876e-06
2.099898010492324829e-01 2.588301128980674548e-07 3.661142955024843104e-06 4.100631485925987363e-05 1.840372169681359082e-05 6.370093160512624308e-06
2.115605026483535767e-01 3.071040737268049270e-07 4.121852725802455097e-06 4.329338116804137826e-05 1.794182571757119149e-05 7.557072876807069406e-06
2.088419795036315918e-01 3.006222755175258499e-07 4.082779923919588327e-06 4.216692104819230735e-05 1.822945523599628359e-05 7.209377599792787805e-06
2.083847522735595703e-01 3.109851434146548854e-07 4.140280907449778169e-06 4.485687531996518373e-05 1.960966073966119438e-05 7.149486918933689594e-06
2.067994624376296997e-01 3.143772175917547429e-07 4.051749783684499562e-06 4.423660720931366086e-05 1.783360130502842367e-05 7.068358627293491736e-06
2.101330906152725220e-01 3.251325324526987970e-07 4.050052211823640391e-06 4.255148087395355105e-05 1.868048093456309289e-05 7.021647434157785028e-06
2.056559473276138306e-01 3.810655186953226803e-07 4.662023002310888842e-06 4.687794353230856359e-05 2.019928797380998731e-05 8.108039764920249581e-06
2.104825973510742188e-01 4.027097588732431177e-07 4.933921900374116376e-06 4.610617543221451342e-05 1.950547994056250900e-05 8.388418791582807899e-06
2.043582051992416382e-01 4.388146805922588101e-07 4.968404937244486064e-06 4.943348540109582245e-05 1.990385317185427994e-05 8.714293471712153405e-06
2.042756676673889160e-01 4.417806565015780507e-07 4.990155503037385643e-06 4.851497942581772804e-05 1.944355062732938677e-05 8.677881851326674223e-06
2.059038579463958740e-01 4.655019836263818434e-07 5.229511316429125145e-06 4.679857738665305078e-05 2.015718928305432200e-05 9.181027962767984718e-06
2.060869783163070679e-01 4.597472127443325007e-07 4.949106369167566299e-06 4.633968273992650211e-05 2.107318505295552313e-05 8.586461262893863022e-06
1.968099772930145264e-01 5.013228587813500781e-07 5.241740382189163938e-06 4.893414370599202812e-05 2.225016396550927311e-05 9.220550055033527315e-06
1.949099451303482056e-01 5.178183641874056775e-07 5.280170626065228134e-06 4.854624057770706713e-05 2.350598333578091115e-05 9.200397471431642771e-06
1.882908195257186890e-01 5.663257525156950578e-07 5.549429261009208858e-06 5.391959712142124772e-05 2.408076034043915570e-05 9.793844583327881992e-06
1.909986138343811035e-01 5.753879577241605148e-07 5.282356141833588481e-06 5.420162051450461149e-05 2.440774005663115531e-05 9.076660717255435884e-06
1.948309093713760376e-01 5.980701871521887369e-07 5.403441718954127282e-06 5.353811866370961070e-05 2.209604099334683269e-05 9.226772817783057690e-06
2.004424929618835449e-01 5.892325702916423324e-07 5.535368018172448501e-06 5.209544178796932101e-05 2.353690433665178716e-05 9.292957656725775450e-06
2.007724195718765259e-01 6.906683438501204364e-07 5.955674168944824487e-06 5.770629650214686990e-05 2.505190605006646365e-05 1.026207155518932268e-05
1.992168426513671875e-01 6.373879273269267287e-07 5.606931154034100473e-06 5.448666342999786139e-05 2.594795478216838092e-05 9.579305697116069496e-06
1.985669881105422974e-01 6.499636242551787291e-07 5.195032827032264322e-06 5.723903814214281738e-05 2.509422847651876509e-05 8.793567758402787149e-06
2.052780389785766602e-01 6.948645250304252841e-07 5.663463525706902146e-06 5.488790338858962059e-05 2.428617153782397509e-05 9.198434781865216792e-06
2.045103162527084351e-01 7.059936137920885812e-07 5.720225999539252371e-06 5.442515248432755470e-05 2.489161852281540632e-05 9.138036148215178400e-06
2.034326046705245972e-01 7.619542543579882476e-07 5.946946203039260581e-06 5.700947804143652320e-05 2.635806413309182972e-05 9.932655302691273391e-06
1.976552456617355347e-01 7.746237997707794420e-07 5.774536475655622780e-06 6.087321162340231240e-05 2.574372228991705924e-05 9.901236808218527585e-06
2.022482752799987793e-01 8.334720291713892948e-07 6.108739853516453877e-06 5.764940578956156969e-05 2.715724440349731594e-05 9.643659723224118352e-06
1.997016072273254395e-01 8.880666655386448838e-07 6.354403012664988637e-06 6.319608655758202076e-05 2.706129453144967556e-05 9.931161002896260470e-06
2.011032700538635254e-01 9.384390864397573750e-07 6.331163604045286775e-06 6.086922439862973988e-05 2.715964546950999647e-05 1.027828602673253044e-05
2.040306180715560913e-01 8.323149245370586868e-07 5.832793704030336812e-06 6.027691415511071682e-05 2.486019548086915165e-05 9.208270057570189238e-06
2.059154957532882690e-01 8.621026381661067717e-07 5.975065960228675976e-06 5.475485522765666246e-05 2.629889058880507946e-05 9.206053618981968611e-06
1.987324804067611694e-01 9.101389650822966360e-07 6.203730208653723821e-06 6.018658677930943668e-05 2.680940633581485599e-05 9.740040695760399103e-06
1.946609765291213989e-01 1.066950517270015553e-06 6.723941169184399769e-06 6.731066241627559066e-05 2.878087798308115453e-05 1.060055365087464452e-05
1.964536756277084351e-01 1.083482288777304348e-06 6.779654995625605807e-06 6.916534039191901684e-05 2.807581586239393800e-05 1.061289913195651025e-05
1.969343721866607666e-01 1.234738192579243332e-06 7.377991096291225404e-06 7.446968083968386054e-05 2.977158146677538753e-05 1.146591148426523432e-05
2.007544189691543579e-01 1.252447077604301739e-06 7.740317414572928101e-06 7.520399958593770862e-05 2.958814002340659499e-05 1.131703720602672547e-05
1.981770247220993042e-01 1.311221694777486846e-06 7.601825473102508113e-06 7.419546454912051558e-05 3.011375520145520568e-05 1.134021931648021564e-05
1.954044699668884277e-01 1.544637939332460519e-06 8.238881491706706583e-06 8.575374522479251027e-05 3.262455720687285066e-05 1.243811129825189710e-05
1.979915499687194824e-01 1.468676714466710109e-06 8.017040272534359246e-06 8.232223626691848040e-05 2.890115683840122074e-05 1.187691486848052591e-05
2.026045322418212891e-01 1.551511900288460311e-06 8.071680895227473229e-06 7.747131894575431943e-05 3.042834941879846156e-05 1.219601290358696133e-05
1.960465162992477417e-01 1.756711867528792936e-06 8.483921192237176001e-06 9.018611308420076966e-05 3.334290886414237320e-05 1.346445696981390938e-05
1.975217610597610474e-01 1.871647668849618640e-06 9.071934073290321976e-06 9.001297439681366086e-05 3.434268001001328230e-05 1.319987495662644506e-05
1.921018362045288086e-01 1.826017751227482222e-06 8.719272955204360187e-06 9.155405132332816720e-05 3.449888026807457209e-05 1.322552179772173986e-05
1.960797309875488281e-01 1.928010533447377384e-06 8.931641787057742476e-06 8.964294829638674855e-05 3.302963887108489871e-05 1.337884714303072542e-05
1.933140456676483154e-01 2.141135382771608420e-06 9.801444321055896580e-06 1.022102733259089291e-04 3.287924846517853439e-05 1.459983377571916208e-05
1.940738409757614136e-01 2.040116896750987507e-06 8.836065717332530767e-06 9.513672557659447193e-05 3.158997787977568805e-05 1.324723689322127029e-05
1.894730776548385620e-01 2.160063559131231159e-06 9.121533366851508617e-06 9.390126069774851203e-05 3.425686008995398879e-05 1.380710000375984237e-05
1.904478222131729126e-01 2.510964804969262332e-06 9.885729923553299159e-06 1.052691295626573265e-04 3.594779991544783115e-05 1.547646024846471846e-05
1.880597621202468872e-01 2.376931888647959568e-06 9.300412784796208143e-06 1.055517932400107384e-04 3.589886910049244761e-05 1.416004306520335376e-05
1.848024725914001465e-01 2.575500730017665774e-06 9.567841516400221735e-06 1.093781247618608177e-04 3.611523425206542015e-05 1.453089589631417766e-05
1.918251067399978638e-01 2.575255848569213413e-06 9.688375030236784369e-06 1.053766027325764298e-04 3.570337503333576024e-05 1.416813574905972928e-05
1.865729689598083496e-01 2.797530896714306436e-06 9.783953828446101397e-06 1.107391799450851977e-04 3.592373104766011238e-05 1.499842164776055142e-05
1.869249492883682251e-01 2.807714736263733357e-06 1.003798934107180685e-05 1.070592261385172606e-04 3.518626908771693707e-05 1.527185668237507343e-05
1.803155094385147095e-01 3.275950575698516332e-06 1.091962712962413207e-05 1.081259615602903068e-04 4.033523146063089371e-05 1.665576382947620004e-05
1.894575506448745728e-01 2.932309826064738445e-06 9.987425073632039130e-06 1.069917198037728667e-04 3.754845602088607848e-05 1.516226893727434799e-05
1.912706196308135986e-01 3.119284428976243362e-06 9.655791473051067442e-06 1.083453753381036222e-04 3.684425973915494978e-05 1.474720011174213141e-05
1.812204867601394653e-01 3.428375066505395807e-06 1.024278572003822774e-05 1.206317465403117239e-04 3.774960350710898638e-05 1.574667476234026253e-05
1.724284142255783081e-01 3.708374833877314813e-06 1.057047575159231201e-05 1.336046698270365596e-04 4.045864625368267298e-05 1.719876127026509494e-05
1.798793673515319824e-01 3.417928837734507397e-06 9.825846973399166018e-06 1.213479990838095546e-04 3.820996425929479301e-05 1.563974365126341581e-05
1.745434552431106567e-01 4.040208750666351989e-06 1.109665481635602191e-05 1.271734945476055145e-04 4.166970029473304749e-05 1.806172076612710953e-05
1.747317314147949219e-01 4.234718289808370173e-06 1.147827151726232842e-05 1.424220536136999726e-04 4.209675171296112239e-05 1.828657877922523767e-05
1.758009344339370728e-01 4.749443178297951818e-06 1.192427043861243874e-05 1.357319270027801394e-04 4.578609514283016324e-05 1.950204205058980733e-05
1.739817559719085693e-01 5.093800155009375885e-06 1.239836728927912191e-05 1.439232582924887538e-04 4.498996349866501987e-05 2.036304067587479949e-05
