2.353915549455138550e-04
4.979797841535966128e-04
8.662969452481194296e-05
2.378575271301181296e-04
9.068822224763028106e-04
1.890842082027235265e-03
4.811195538515269585e-03
9.726477031069370033e-03
4.610464851707252870e-02
1.252239399671318254e-01
3.406836780675906451e-01
5.898916332192920553e-01
7.679727277592943713e-01
8.739993843693448783e-01
9.310414122606692766e-01
9.464836045174859214e-01
9.580649712323391354e-01
9.692621854049658925e-01
9.865229668957934406e-01
9.991329744949842828e-01
9.994021895831642910e-01
1.000785940337595381e+00
9.950522632442601045e-01
9.961499035980602157e-01
9.970540494610888871e-01
9.959804571797554740e-01
9.945590311117930016e-01
9.898551048138322095e-01
9.934575677310878428e-01
9.881169224682744279e-01
9.910430795936936432e-01
9.841665641026653422e-01
9.837389400448256493e-01
9.820918320660204648e-01
9.821640996068694562e-01
9.800340570035509513e-01
9.798413024534706750e-01
9.748324589289752984e-01
9.712993654515278408e-01
9.705596097454135540e-01
9.680114389897934712e-01
9.693891468952458013e-01
9.660333308750859160e-01
9.615927001397748253e-01
9.663762933854974646e-01
9.623943642170601498e-01
9.638325622740252507e-01
9.597842850902690293e-01
9.648865461270393906e-01
9.625487651746420514e-01
9.587898664629034284e-01
9.577439602957691367e-01
9.562669770142356862e-01
9.632724888324450951e-01
9.585422329782193884e-01
9.584194644851899980e-01
9.568877255925013481e-01
9.558505137284896147e-01
9.542188828424772451e-01
9.484443856876725309e-01
9.465371885558799825e-01
9.491276592543519408e-01
9.512764470218496582e-01
9.530886850982603908e-01
9.516017742791189615e-01
9.557035738395448510e-01
9.517036394476194872e-01
9.453656157946753735e-01
9.541009856256654764e-01
9.463823559662281060e-01
9.475091006538856053e-01
9.431075634517641637e-01
9.488065866560575490e-01
9.455073760987811049e-01
9.424666514896609115e-01
9.401890523801549326e-01
9.361581021409197678e-01
9.336856519827080314e-01
9.292765920502251697e-01
9.382523192824351321e-01
9.322018859115045464e-01
9.295327965145833149e-01
9.316911418493436514e-01
9.328029027380025928e-01
9.269505268254398800e-01
9.161161302384409622e-01
9.228997831727128176e-01
9.213551569796508689e-01
9.164053237252857143e-01
9.143920067660177287e-01
9.178992639809944176e-01
9.128791980226811376e-01
9.048597208105112477e-01
9.111447770423041215e-01
9.007536049293862757e-01
9.064514565609184116e-01
8.962695026784619490e-01
9.050299688312316571e-01
8.997612211389216519e-01
8.989988972417231050e-01
9.001678185487839157e-01
