7.350000000000000000e+02 9.710000000000000000e+02 9.110000000000000000e+02 3.100000000000000000e+02 8.240000000000000000e+02
7.110000000000000000e+02 6.480000000000000000e+02 6.260000000000000000e+02 1.200000000000000000e+01 9.400000000000000000e+01
6.040000000000000000e+02 4.380000000000000000e+02 5.560000000000000000e+02 9.010000000000000000e+02 6.530000000000000000e+02
6.040000000000000000e+02 7.080000000000000000e+02 8.550000000000000000e+02 4.380000000000000000e+02 6.530000000000000000e+02
6.040000000000000000e+02 7.080000000000000000e+02 4.380000000000000000e+02 8.550000000000000000e+02 4.700000000000000000e+02
6.040000000000000000e+02 4.380000000000000000e+02 7.080000000000000000e+02 4.700000000000000000e+02 8.830000000000000000e+02
6.040000000000000000e+02 4.380000000000000000e+02 7.080000000000000000e+02 4.700000000000000000e+02 8.830000000000000000e+02
6.040000000000000000e+02 4.380000000000000000e+02 7.080000000000000000e+02 8.830000000000000000e+02 5.720000000000000000e+02
6.040000000000000000e+02 4.380000000000000000e+02 5.830000000000000000e+02 6.800000000000000000e+02 5.720000000000000000e+02
6.040000000000000000e+02 4.380000000000000000e+02 5.830000000000000000e+02 6.800000000000000000e+02 8.990000000000000000e+02
6.040000000000000000e+02 4.380000000000000000e+02 5.830000000000000000e+02 6.800000000000000000e+02 5.720000000000000000e+02
6.040000000000000000e+02 4.380000000000000000e+02 5.830000000000000000e+02 6.800000000000000000e+02 5.720000000000000000e+02
6.040000000000000000e+02 4.380000000000000000e+02 5.830000000000000000e+02 7.110000000000000000e+02 6.800000000000000000e+02
6.040000000000000000e+02 4.380000000000000000e+02 5.830000000000000000e+02 7.110000000000000000e+02 7.780000000000000000e+02
6.040000000000000000e+02 4.380000000000000000e+02 5.830000000000000000e+02 7.780000000000000000e+02 7.110000000000000000e+02
6.040000000000000000e+02 4.380000000000000000e+02 5.830000000000000000e+02 7.780000000000000000e+02 7.110000000000000000e+02
6.040000000000000000e+02 4.380000000000000000e+02 5.830000000000000000e+02 7.780000000000000000e+02 7.110000000000000000e+02
6.040000000000000000e+02 4.380000000000000000e+02 5.830000000000000000e+02 7.780000000000000000e+02 7.110000000000000000e+02
6.040000000000000000e+02 4.380000000000000000e+02 5.830000000000000000e+02 7.780000000000000000e+02 7.110000000000000000e+02
6.040000000000000000e+02 4.380000000000000000e+02 5.830000000000000000e+02 7.780000000000000000e+02 7.110000000000000000e+02
6.040000000000000000e+02 4.380000000000000000e+02 5.830000000000000000e+02 7.780000000000000000e+02 7.110000000000000000e+02
6.040000000000000000e+02 4.380000000000000000e+02 5.830000000000000000e+02 7.780000000000000000e+02 7.110000000000000000e+02
6.040000000000000000e+02 4.380000000000000000e+02 5.830000000000000000e+02 7.780000000000000000e+02 7.110000000000000000e+02
6.040000000000000000e+02 4.380000000000000000e+02 5.830000000000000000e+02 7.780000000000000000e+02 7.110000000000000000e+02
6.040000000000000000e+02 4.380000000000000000e+02 5.830000000000000000e+02 7.780000000000000000e+02 7.110000000000000000e+02
6.040000000000000000e+02 4.380000000000000000e+02 5.830000000000000000e+02 7.780000000000000000e+02 7.080000000000000000e+02
6.040000000000000000e+02 4.380000000000000000e+02 5.830000000000000000e+02 7.780000000000000000e+02 7.080000000000000000e+02
6.040000000000000000e+02 4.380000000000000000e+02 5.830000000000000000e+02 7.780000000000000000e+02 7.080000000000000000e+02
6.040000000000000000e+02 4.380000000000000000e+02 5.830000000000000000e+02 7.780000000000000000e+02 7.080000000000000000e+02
6.040000000000000000e+02 4.380000000000000000e+02 5.830000000000000000e+02 7.780000000000000000e+02 7.080000000000000000e+02
6.040000000000000000e+02 4.380000000000000000e+02 5.830000000000000000e+02 7.780000000000000000e+02 7.080000000000000000e+02
6.040000000000000000e+02 4.380000000000000000e+02 5.830000000000000000e+02 7.780000000000000000e+02 7.080000000000000000e+02
6.040000000000000000e+02 4.380000000000000000e+02 5.830000000000000000e+02 7.780000000000000000e+02 7.080000000000000000e+02
6.040000000000000000e+02 4.380000000000000000e+02 5.830000000000000000e+02 7.780000000000000000e+02 7.080000000000000000e+02
6.040000000000000000e+02 4.380000000000000000e+02 5.830000000000000000e+02 7.780000000000000000e+02 7.080000000000000000e+02
6.040000000000000000e+02 4.380000000000000000e+02 5.830000000000000000e+02 7.780000000000000000e+02 7.080000000000000000e+02
6.040000000000000000e+02 4.380000000000000000e+02 5.830000000000000000e+02 7.780000000000000000e+02 7.080000000000000000e+02
6.040000000000000000e+02 4.380000000000000000e+02 5.830000000000000000e+02 7.780000000000000000e+02 7.080000000000000000e+02
6.040000000000000000e+02 4.380000000000000000e+02 5.830000000000000000e+02 7.780000000000000000e+02 7.080000000000000000e+02
6.040000000000000000e+02 4.380000000000000000e+02 5.830000000000000000e+02 7.780000000000000000e+02 7.080000000000000000e+02
6.040000000000000000e+02 4.380000000000000000e+02 5.830000000000000000e+02 7.780000000000000000e+02 7.080000000000000000e+02
6.040000000000000000e+02 4.380000000000000000e+02 5.830000000000000000e+02 7.780000000000000000e+02 7.080000000000000000e+02
6.040000000000000000e+02 4.380000000000000000e+02 5.830000000000000000e+02 7.780000000000000000e+02 7.080000000000000000e+02
6.040000000000000000e+02 4.380000000000000000e+02 5.830000000000000000e+02 7.780000000000000000e+02 7.080000000000000000e+02
6.040000000000000000e+02 4.380000000000000000e+02 5.830000000000000000e+02 7.780000000000000000e+02 7.080000000000000000e+02
6.040000000000000000e+02 4.380000000000000000e+02 5.830000000000000000e+02 7.780000000000000000e+02 7.080000000000000000e+02
6.040000000000000000e+02 4.380000000000000000e+02 5.830000000000000000e+02 7.780000000000000000e+02 7.080000000000000000e+02
6.040000000000000000e+02 4.380000000000000000e+02 5.830000000000000000e+02 7.780000000000000000e+02 7.080000000000000000e+02
6.040000000000000000e+02 4.380000000000000000e+02 5.830000000000000000e+02 7.780000000000000000e+02 7.080000000000000000e+02
6.040000000000000000e+02 4.380000000000000000e+02 5.830000000000000000e+02 7.780000000000000000e+02 7.080000000000000000e+02
6.040000000000000000e+02 4.380000000000000000e+02 5.830000000000000000e+02 7.780000000000000000e+02 7.080000000000000000e+02
6.040000000000000000e+02 4.380000000000000000e+02 5.830000000000000000e+02 7.780000000000000000e+02 7.080000000000000000e+02
6.040000000000000000e+02 4.380000000000000000e+02 5.830000000000000000e+02 7.780000000000000000e+02 7.080000000000000000e+02
6.040000000000000000e+02 4.380000000000000000e+02 5.830000000000000000e+02 7.780000000000000000e+02 7.080000000000000000e+02
6.040000000000000000e+02 4.380000000000000000e+02 5.830000000000000000e+02 7.780000000000000000e+02 7.080000000000000000e+02
6.040000000000000000e+02 4.380000000000000000e+02 5.830000000000000000e+02 7.780000000000000000e+02 7.080000000000000000e+02
6.040000000000000000e+02 4.380000000000000000e+02 5.830000000000000000e+02 7.780000000000000000e+02 7.080000000000000000e+02
6.040000000000000000e+02 4.380000000000000000e+02 5.830000000000000000e+02 7.780000000000000000e+02 7.080000000000000000e+02
6.040000000000000000e+02 4.380000000000000000e+02 5.830000000000000000e+02 7.780000000000000000e+02 7.080000000000000000e+02
6.040000000000000000e+02 4.380000000000000000e+02 5.830000000000000000e+02 7.780000000000000000e+02 7.080000000000000000e+02
6.040000000000000000e+02 4.380000000000000000e+02 5.830000000000000000e+02 7.780000000000000000e+02 7.080000000000000000e+02
6.040000000000000000e+02 4.380000000000000000e+02 5.830000000000000000e+02 7.780000000000000000e+02 7.080000000000000000e+02
6.040000000000000000e+02 4.380000000000000000e+02 5.830000000000000000e+02 7.780000000000000000e+02 7.080000000000000000e+02
6.040000000000000000e+02 4.380000000000000000e+02 5.830000000000000000e+02 7.780000000000000000e+02 7.080000000000000000e+02
6.040000000000000000e+02 4.380000000000000000e+02 5.830000000000000000e+02 7.780000000000000000e+02 7.080000000000000000e+02
6.040000000000000000e+02 4.380000000000000000e+02 5.830000000000000000e+02 7.780000000000000000e+02 7.080000000000000000e+02
6.040000000000000000e+02 4.380000000000000000e+02 5.830000000000000000e+02 7.780000000000000000e+02 7.080000000000000000e+02
6.040000000000000000e+02 4.380000000000000000e+02 5.830000000000000000e+02 7.780000000000000000e+02 7.080000000000000000e+02
6.040000000000000000e+02 4.380000000000000000e+02 5.830000000000000000e+02 7.780000000000000000e+02 7.080000000000000000e+02
6.040000000000000000e+02 4.380000000000000000e+02 5.830000000000000000e+02 7.780000000000000000e+02 7.080000000000000000e+02
6.040000000000000000e+02 4.380000000000000000e+02 5.830000000000000000e+02 7.780000000000000000e+02 7.080000000000000000e+02
6.040000000000000000e+02 4.380000000000000000e+02 5.830000000000000000e+02 7.780000000000000000e+02 7.080000000000000000e+02
6.040000000000000000e+02 4.380000000000000000e+02 5.830000000000000000e+02 7.780000000000000000e+02 7.080000000000000000e+02
6.040000000000000000e+02 4.380000000000000000e+02 5.830000000000000000e+02 7.780000000000000000e+02 7.080000000000000000e+02
6.040000000000000000e+02 4.380000000000000000e+02 5.830000000000000000e+02 7.780000000000000000e+02 7.080000000000000000e+02
6.040000000000000000e+02 4.380000000000000000e+02 5.830000000000000000e+02 7.780000000000000000e+02 2.740000000000000000e+02
6.040000000000000000e+02 4.380000000000000000e+02 5.830000000000000000e+02 7.780000000000000000e+02 2.740000000000000000e+02
6.040000000000000000e+02 4.380000000000000000e+02 5.830000000000000000e+02 7.780000000000000000e+02 2.740000000000000000e+02
6.040000000000000000e+02 4.380000000000000000e+02 5.830000000000000000e+02 7.780000000000000000e+02 2.740000000000000000e+02
6.040000000000000000e+02 4.380000000000000000e+02 5.830000000000000000e+02 7.780000000000000000e+02 7.080000000000000000e+02
6.040000000000000000e+02 4.380000000000000000e+02 5.830000000000000000e+02 7.780000000000000000e+02 2.740000000000000000e+02
6.040000000000000000e+02 4.380000000000000000e+02 5.830000000000000000e+02 7.780000000000000000e+02 2.740000000000000000e+02
6.040000000000000000e+02 4.380000000000000000e+02 5.830000000000000000e+02 7.780000000000000000e+02 2.740000000000000000e+02
6.040000000000000000e+02 4.380000000000000000e+02 5.830000000000000000e+02 7.780000000000000000e+02 2.740000000000000000e+02
6.040000000000000000e+02 4.380000000000000000e+02 5.830000000000000000e+02 7.780000000000000000e+02 2.740000000000000000e+02
6.040000000000000000e+02 4.380000000000000000e+02 5.830000000000000000e+02 7.780000000000000000e+02 2.740000000000000000e+02
6.040000000000000000e+02 4.380000000000000000e+02 5.830000000000000000e+02 7.780000000000000000e+02 2.740000000000000000e+02
6.040000000000000000e+02 4.380000000000000000e+02 5.830000000000000000e+02 7.780000000000000000e+02 2.740000000000000000e+02
6.040000000000000000e+02 4.380000000000000000e+02 5.830000000000000000e+02 7.780000000000000000e+02 2.740000000000000000e+02
6.040000000000000000e+02 4.380000000000000000e+02 5.830000000000000000e+02 7.780000000000000000e+02 2.740000000000000000e+02
6.040000000000000000e+02 4.380000000000000000e+02 5.830000000000000000e+02 7.780000000000000000e+02 2.740000000000000000e+02
6.040000000000000000e+02 4.380000000000000000e+02 5.830000000000000000e+02 7.780000000000000000e+02 2.740000000000000000e+02
6.040000000000000000e+02 4.380000000000000000e+02 5.830000000000000000e+02 7.780000000000000000e+02 2.740000000000000000e+02
6.040000000000000000e+02 4.380000000000000000e+02 5.830000000000000000e+02 7.780000000000000000e+02 2.740000000000000000e+02
6.040000000000000000e+02 4.380000000000000000e+02 5.830000000000000000e+02 7.780000000000000000e+02 2.740000000000000000e+02
6.040000000000000000e+02 4.380000000000000000e+02 5.830000000000000000e+02 7.780000000000000000e+02 2.740000000000000000e+02
6.040000000000000000e+02 4.380000000000000000e+02 5.830000000000000000e+02 7.780000000000000000e+02 2.740000000000000000e+02
6.040000000000000000e+02 4.380000000000000000e+02 5.830000000000000000e+02 7.780000000000000000e+02 2.740000000000000000e+02
6.040000000000000000e+02 4.380000000000000000e+02 5.830000000000000000e+02 7.780000000000000000e+02 2.740000000000000000e+02
6.040000000000000000e+02 4.380000000000000000e+02 5.830000000000000000e+02 7.780000000000000000e+02 2.740000000000000000e+02
6.040000000000000000e+02 4.380000000000000000e+02 5.830000000000000000e+02 7.780000000000000000e+02 2.740000000000000000e+02
