9.710000000000000000e+02 7.940000000000000000e+02 5.910000000000000000e+02 6.110000000000000000e+02 7.350000000000000000e+02
5.900000000000000000e+01 9.500000000000000000e+01 3.640000000000000000e+02 3.800000000000000000e+02 6.040000000000000000e+02
5.300000000000000000e+02 7.140000000000000000e+02 7.610000000000000000e+02 8.550000000000000000e+02 4.090000000000000000e+02
3.880000000000000000e+02 7.140000000000000000e+02 6.260000000000000000e+02 9.020000000000000000e+02 7.730000000000000000e+02
3.880000000000000000e+02 8.650000000000000000e+02 3.840000000000000000e+02 6.260000000000000000e+02 2.510000000000000000e+02
3.880000000000000000e+02 3.840000000000000000e+02 8.650000000000000000e+02 6.260000000000000000e+02 1.150000000000000000e+02
3.880000000000000000e+02 3.840000000000000000e+02 8.650000000000000000e+02 6.260000000000000000e+02 8.500000000000000000e+02
3.880000000000000000e+02 3.840000000000000000e+02 8.650000000000000000e+02 8.500000000000000000e+02 6.260000000000000000e+02
3.880000000000000000e+02 3.840000000000000000e+02 8.650000000000000000e+02 8.500000000000000000e+02 7.610000000000000000e+02
3.880000000000000000e+02 7.610000000000000000e+02 8.500000000000000000e+02 3.840000000000000000e+02 8.650000000000000000e+02
3.880000000000000000e+02 7.610000000000000000e+02 8.500000000000000000e+02 3.840000000000000000e+02 8.650000000000000000e+02
3.880000000000000000e+02 7.610000000000000000e+02 8.500000000000000000e+02 3.840000000000000000e+02 2.900000000000000000e+02
3.880000000000000000e+02 7.610000000000000000e+02 8.500000000000000000e+02 2.900000000000000000e+02 3.840000000000000000e+02
3.880000000000000000e+02 7.610000000000000000e+02 8.500000000000000000e+02 2.900000000000000000e+02 3.840000000000000000e+02
3.880000000000000000e+02 8.500000000000000000e+02 7.610000000000000000e+02 2.900000000000000000e+02 8.650000000000000000e+02
3.880000000000000000e+02 8.500000000000000000e+02 7.610000000000000000e+02 2.900000000000000000e+02 8.650000000000000000e+02
3.880000000000000000e+02 8.500000000000000000e+02 7.610000000000000000e+02 8.650000000000000000e+02 2.900000000000000000e+02
3.880000000000000000e+02 8.500000000000000000e+02 7.610000000000000000e+02 8.650000000000000000e+02 2.900000000000000000e+02
3.880000000000000000e+02 8.500000000000000000e+02 7.610000000000000000e+02 8.650000000000000000e+02 3.840000000000000000e+02
3.880000000000000000e+02 8.500000000000000000e+02 8.650000000000000000e+02 7.610000000000000000e+02 3.840000000000000000e+02
3.880000000000000000e+02 8.500000000000000000e+02 8.650000000000000000e+02 7.610000000000000000e+02 3.840000000000000000e+02
3.880000000000000000e+02 8.500000000000000000e+02 8.650000000000000000e+02 7.610000000000000000e+02 3.840000000000000000e+02
3.880000000000000000e+02 8.500000000000000000e+02 8.650000000000000000e+02 7.610000000000000000e+02 3.840000000000000000e+02
3.880000000000000000e+02 8.500000000000000000e+02 8.650000000000000000e+02 7.610000000000000000e+02 3.840000000000000000e+02
3.880000000000000000e+02 8.500000000000000000e+02 8.650000000000000000e+02 7.610000000000000000e+02 3.840000000000000000e+02
3.880000000000000000e+02 8.500000000000000000e+02 8.650000000000000000e+02 7.610000000000000000e+02 3.840000000000000000e+02
3.880000000000000000e+02 8.500000000000000000e+02 8.650000000000000000e+02 3.840000000000000000e+02 7.610000000000000000e+02
3.880000000000000000e+02 8.500000000000000000e+02 8.650000000000000000e+02 3.840000000000000000e+02 7.610000000000000000e+02
3.880000000000000000e+02 8.500000000000000000e+02 8.650000000000000000e+02 3.840000000000000000e+02 7.610000000000000000e+02
3.880000000000000000e+02 8.500000000000000000e+02 8.650000000000000000e+02 3.840000000000000000e+02 7.610000000000000000e+02
3.880000000000000000e+02 8.500000000000000000e+02 8.650000000000000000e+02 3.840000000000000000e+02 7.610000000000000000e+02
3.880000000000000000e+02 8.500000000000000000e+02 8.650000000000000000e+02 3.840000000000000000e+02 7.610000000000000000e+02
3.880000000000000000e+02 8.500000000000000000e+02 8.650000000000000000e+02 3.840000000000000000e+02 7.610000000000000000e+02
3.880000000000000000e+02 8.500000000000000000e+02 8.650000000000000000e+02 3.840000000000000000e+02 7.610000000000000000e+02
3.880000000000000000e+02 8.500000000000000000e+02 8.650000000000000000e+02 3.840000000000000000e+02 2.480000000000000000e+02
3.880000000000000000e+02 8.500000000000000000e+02 8.650000000000000000e+02 3.840000000000000000e+02 1.640000000000000000e+02
3.880000000000000000e+02 8.500000000000000000e+02 8.650000000000000000e+02 3.840000000000000000e+02 1.640000000000000000e+02
3.880000000000000000e+02 8.500000000000000000e+02 8.650000000000000000e+02 3.840000000000000000e+02 2.480000000000000000e+02
3.880000000000000000e+02 8.500000000000000000e+02 8.650000000000000000e+02 3.840000000000000000e+02 2.480000000000000000e+02
3.880000000000000000e+02 8.500000000000000000e+02 8.650000000000000000e+02 3.840000000000000000e+02 2.480000000000000000e+02
3.880000000000000000e+02 8.500000000000000000e+02 8.650000000000000000e+02 3.840000000000000000e+02 1.640000000000000000e+02
3.880000000000000000e+02 8.500000000000000000e+02 8.650000000000000000e+02 3.840000000000000000e+02 1.640000000000000000e+02
3.880000000000000000e+02 8.500000000000000000e+02 8.650000000000000000e+02 3.840000000000000000e+02 2.480000000000000000e+02
3.880000000000000000e+02 8.500000000000000000e+02 8.650000000000000000e+02 3.840000000000000000e+02 2.480000000000000000e+02
3.880000000000000000e+02 8.500000000000000000e+02 8.650000000000000000e+02 3.840000000000000000e+02 2.480000000000000000e+02
3.880000000000000000e+02 8.500000000000000000e+02 8.650000000000000000e+02 3.840000000000000000e+02 2.480000000000000000e+02
3.880000000000000000e+02 8.500000000000000000e+02 3.840000000000000000e+02 8.650000000000000000e+02 2.480000000000000000e+02
3.880000000000000000e+02 8.500000000000000000e+02 3.840000000000000000e+02 8.650000000000000000e+02 2.480000000000000000e+02
3.880000000000000000e+02 8.500000000000000000e+02 3.840000000000000000e+02 8.650000000000000000e+02 2.480000000000000000e+02
3.880000000000000000e+02 8.500000000000000000e+02 3.840000000000000000e+02 8.650000000000000000e+02 2.480000000000000000e+02
3.880000000000000000e+02 8.500000000000000000e+02 3.840000000000000000e+02 8.650000000000000000e+02 2.480000000000000000e+02
3.880000000000000000e+02 8.500000000000000000e+02 3.840000000000000000e+02 8.650000000000000000e+02 2.480000000000000000e+02
3.880000000000000000e+02 8.500000000000000000e+02 3.840000000000000000e+02 8.650000000000000000e+02 2.480000000000000000e+02
3.880000000000000000e+02 8.500000000000000000e+02 3.840000000000000000e+02 8.650000000000000000e+02 2.480000000000000000e+02
3.880000000000000000e+02 8.500000000000000000e+02 3.840000000000000000e+02 8.650000000000000000e+02 2.480000000000000000e+02
3.880000000000000000e+02 8.500000000000000000e+02 3.840000000000000000e+02 8.650000000000000000e+02 2.480000000000000000e+02
3.880000000000000000e+02 3.840000000000000000e+02 8.500000000000000000e+02 8.650000000000000000e+02 2.480000000000000000e+02
3.880000000000000000e+02 3.840000000000000000e+02 8.500000000000000000e+02 8.650000000000000000e+02 2.480000000000000000e+02
3.880000000000000000e+02 3.840000000000000000e+02 8.500000000000000000e+02 2.480000000000000000e+02 2.220000000000000000e+02
3.880000000000000000e+02 3.840000000000000000e+02 8.500000000000000000e+02 2.220000000000000000e+02 2.480000000000000000e+02
3.880000000000000000e+02 3.840000000000000000e+02 8.500000000000000000e+02 8.650000000000000000e+02 2.220000000000000000e+02
3.880000000000000000e+02 3.840000000000000000e+02 8.500000000000000000e+02 2.220000000000000000e+02 8.650000000000000000e+02
3.880000000000000000e+02 3.840000000000000000e+02 8.500000000000000000e+02 2.220000000000000000e+02 2.480000000000000000e+02
3.880000000000000000e+02 3.840000000000000000e+02 8.500000000000000000e+02 2.220000000000000000e+02 8.650000000000000000e+02
3.880000000000000000e+02 3.840000000000000000e+02 8.500000000000000000e+02 2.220000000000000000e+02 8.650000000000000000e+02
3.880000000000000000e+02 3.840000000000000000e+02 8.500000000000000000e+02 2.220000000000000000e+02 8.650000000000000000e+02
3.880000000000000000e+02 3.840000000000000000e+02 8.500000000000000000e+02 2.220000000000000000e+02 8.650000000000000000e+02
3.880000000000000000e+02 3.840000000000000000e+02 8.500000000000000000e+02 2.220000000000000000e+02 8.650000000000000000e+02
3.880000000000000000e+02 3.840000000000000000e+02 8.500000000000000000e+02 2.220000000000000000e+02 8.650000000000000000e+02
3.880000000000000000e+02 3.840000000000000000e+02 8.500000000000000000e+02 2.220000000000000000e+02 8.650000000000000000e+02
3.880000000000000000e+02 3.840000000000000000e+02 8.500000000000000000e+02 2.220000000000000000e+02 8.650000000000000000e+02
3.880000000000000000e+02 3.840000000000000000e+02 8.500000000000000000e+02 2.220000000000000000e+02 8.650000000000000000e+02
3.880000000000000000e+02 3.840000000000000000e+02 8.500000000000000000e+02 2.220000000000000000e+02 8.650000000000000000e+02
3.880000000000000000e+02 3.840000000000000000e+02 8.500000000000000000e+02 2.220000000000000000e+02 8.650000000000000000e+02
3.880000000000000000e+02 3.840000000000000000e+02 8.500000000000000000e+02 2.220000000000000000e+02 8.650000000000000000e+02
3.880000000000000000e+02 3.840000000000000000e+02 8.500000000000000000e+02 2.220000000000000000e+02 8.650000000000000000e+02
3.880000000000000000e+02 3.840000000000000000e+02 8.500000000000000000e+02 2.220000000000000000e+02 8.650000000000000000e+02
3.880000000000000000e+02 3.840000000000000000e+02 8.500000000000000000e+02 2.220000000000000000e+02 8.650000000000000000e+02
3.880000000000000000e+02 3.840000000000000000e+02 8.500000000000000000e+02 2.220000000000000000e+02 8.650000000000000000e+02
3.880000000000000000e+02 3.840000000000000000e+02 8.500000000000000000e+02 2.220000000000000000e+02 8.650000000000000000e+02
3.880000000000000000e+02 3.840000000000000000e+02 8.500000000000000000e+02 2.220000000000000000e+02 8.650000000000000000e+02
3.880000000000000000e+02 3.840000000000000000e+02 8.500000000000000000e+02 2.220000000000000000e+02 8.650000000000000000e+02
3.880000000000000000e+02 3.840000000000000000e+02 8.500000000000000000e+02 2.220000000000000000e+02 8.650000000000000000e+02
3.880000000000000000e+02 3.840000000000000000e+02 8.500000000000000000e+02 2.220000000000000000e+02 8.650000000000000000e+02
3.880000000000000000e+02 3.840000000000000000e+02 8.500000000000000000e+02 2.220000000000000000e+02 8.650000000000000000e+02
3.880000000000000000e+02 3.840000000000000000e+02 8.500000000000000000e+02 2.220000000000000000e+02 8.650000000000000000e+02
3.880000000000000000e+02 3.840000000000000000e+02 8.500000000000000000e+02 2.220000000000000000e+02 8.650000000000000000e+02
3.880000000000000000e+02 3.840000000000000000e+02 8.500000000000000000e+02 2.220000000000000000e+02 8.650000000000000000e+02
3.880000000000000000e+02 3.840000000000000000e+02 8.500000000000000000e+02 2.220000000000000000e+02 8.650000000000000000e+02
3.880000000000000000e+02 3.840000000000000000e+02 8.500000000000000000e+02 2.220000000000000000e+02 8.650000000000000000e+02
3.880000000000000000e+02 3.840000000000000000e+02 8.500000000000000000e+02 2.220000000000000000e+02 8.650000000000000000e+02
3.880000000000000000e+02 3.840000000000000000e+02 8.500000000000000000e+02 2.220000000000000000e+02 8.650000000000000000e+02
3.880000000000000000e+02 3.840000000000000000e+02 8.500000000000000000e+02 2.220000000000000000e+02 8.650000000000000000e+02
3.880000000000000000e+02 3.840000000000000000e+02 8.500000000000000000e+02 2.220000000000000000e+02 2.480000000000000000e+02
3.880000000000000000e+02 3.840000000000000000e+02 8.500000000000000000e+02 2.220000000000000000e+02 8.650000000000000000e+02
3.880000000000000000e+02 3.840000000000000000e+02 8.500000000000000000e+02 2.220000000000000000e+02 8.650000000000000000e+02
3.880000000000000000e+02 3.840000000000000000e+02 8.500000000000000000e+02 2.220000000000000000e+02 8.650000000000000000e+02
3.880000000000000000e+02 3.840000000000000000e+02 8.500000000000000000e+02 2.220000000000000000e+02 8.650000000000000000e+02
3.880000000000000000e+02 3.840000000000000000e+02 8.500000000000000000e+02 2.220000000000000000e+02 8.650000000000000000e+02
3.880000000000000000e+02 3.840000000000000000e+02 8.500000000000000000e+02 2.220000000000000000e+02 8.650000000000000000e+02
3.880000000000000000e+02 3.840000000000000000e+02 8.500000000000000000e+02 2.220000000000000000e+02 8.650000000000000000e+02
