1.153916586190462112e-03 2.260299697809386998e-05 9.311114263255149126e-05 8.195723057724535465e-05 2.631530514918267727e-04 1.702941808616742492e-04
4.277135245501995087e-03 6.829315680079162121e-04 1.683422364294528961e-03 2.075620461255311966e-03 4.751193337142467499e-03 2.267906907945871353e-03
4.189053177833557129e-02 2.059796388493850827e-04 2.761837677098810673e-04 3.464667533989995718e-04 2.150342043023556471e-04 1.934267202159389853e-04
4.448423385620117188e-01 4.652305142371915281e-05 1.153131233877502382e-04 6.273365579545497894e-05 1.490638387622311711e-04 3.653607564046978951e-05
9.969441294670104980e-01 2.054981607102490671e-08 7.140539537431322969e-08 9.194991434924304485e-08 4.430361059348797426e-06 2.224105877246529417e-08
9.999190568923950195e-01 3.767609002558458542e-10 9.943211809471108609e-10 8.954939012539853138e-10 3.878524523770465748e-07 2.172172997028098962e-10
9.999734163284301758e-01 7.671382279417215955e-11 3.079625721102985381e-10 2.255768349890274749e-10 8.648753890838634106e-08 3.415530358541474243e-11
9.999680519104003906e-01 2.085723260769611898e-11 1.062147106378752426e-10 1.286539624834048823e-10 4.362193450901941105e-08 1.759483357621771660e-11
9.999456405639648438e-01 1.269067489984010422e-11 7.289021469736312042e-11 2.001446647303950499e-10 6.008329478390805889e-08 2.178914514094909549e-11
9.999374151229858398e-01 9.646598624069024908e-12 5.138999989440229399e-11 2.170655599709192529e-10 6.128103535729678697e-08 1.542969224610502010e-11
9.999755620956420898e-01 3.358077271115034179e-12 1.671169452821530399e-11 1.170116781246122173e-10 2.899308526593813440e-08 5.564418283782179842e-12
9.999846220016479492e-01 1.963292592735421671e-12 7.903668171327371539e-12 7.143437924517215265e-11 1.937250537764612091e-08 3.232171908590375509e-12
9.999828338623046875e-01 2.976702218049354087e-12 9.223421505721862701e-12 8.129714956783828939e-11 2.091302420126339712e-08 4.392824645704784814e-12
9.999821186065673828e-01 3.144153990983222791e-12 7.689771562569003294e-12 7.179411926072631900e-11 1.797975457407119393e-08 4.906729102888141014e-12
9.999873638153076172e-01 2.044242379539706889e-12 4.671452027288358622e-12 5.016826884474134829e-11 1.047176212409794971e-08 3.524569741966687708e-12
9.999905824661254883e-01 1.320395073660385332e-12 2.784681339684791368e-12 3.607553492046555732e-11 6.197628188431281160e-09 2.320802187580350839e-12
9.999895095825195312e-01 1.627650271507352642e-12 2.954109396338666649e-12 4.400084810396442947e-11 5.641190181648880753e-09 2.778857872975937227e-12
9.999901056289672852e-01 1.346531935432493388e-12 2.454375244709261494e-12 4.148324392327928933e-11 4.071515569137318380e-09 2.412110225100128069e-12
9.999885559082031250e-01 1.623515666522579171e-12 2.650974925688664996e-12 4.448670598566906165e-11 3.353997080068893410e-09 3.123677531913227057e-12
9.999889135360717773e-01 1.838380142560325226e-12 2.934609152904776863e-12 4.389235502832988800e-11 3.139356108405877421e-09 3.513915720898541650e-12
9.999862909317016602e-01 2.458854734405102604e-12 3.287927005310442574e-12 4.838471637236274603e-11 3.091260580845300865e-09 4.545537557465451073e-12
9.999866485595703125e-01 2.702405139942687384e-12 3.549467577496079329e-12 4.916412069122522155e-11 2.899643636311566297e-09 4.859696846326588826e-12
9.999870061874389648e-01 2.862738691933319757e-12 3.526545375165390794e-12 4.992836005746070782e-11 2.449101144108567496e-09 5.251611645551435004e-12
9.999871253967285156e-01 2.951275291859789540e-12 3.480809607561696772e-12 5.235233080380652382e-11 2.124162623573511155e-09 5.452767144059622595e-12
9.999829530715942383e-01 4.197807899897210149e-12 4.851260452382044619e-12 6.740041164077226199e-11 2.647624119944680388e-09 8.222247535605298197e-12
9.999828338623046875e-01 4.972588747015338484e-12 5.561403334380932151e-12 7.415303787672300473e-11 3.369443613010503213e-09 9.885496067563170897e-12
9.999736547470092773e-01 8.937536474795670927e-12 8.872990883701525888e-12 1.390247916788212024e-10 4.585928969902397512e-09 2.044850920535079553e-11
9.999674558639526367e-01 1.369418727720228546e-11 1.339434813063533625e-11 1.882591027513313975e-10 5.536401559425030428e-09 3.066406156770895564e-11
9.999642372131347656e-01 1.804743507416439741e-11 1.920908571095836237e-11 2.153393990900198673e-10 5.572552641552874775e-09 3.782892055159692291e-11
9.999568462371826172e-01 2.710032198649514612e-11 3.001037265915051933e-11 2.546481914222908927e-10 6.286207110406394349e-09 5.207299869081083443e-11
9.999471902847290039e-01 3.757293087769397744e-11 4.299967326648612698e-11 3.118515445876823833e-10 6.651129424994906003e-09 6.929753298967611386e-11
9.999388456344604492e-01 4.450265850275414437e-11 5.297537408743835385e-11 3.225007205731600379e-10 7.174906446749673705e-09 7.957370873334923544e-11
9.999401569366455078e-01 4.462706940100424902e-11 5.567887123580916864e-11 3.020040606482865542e-10 6.920095607654275227e-09 8.039686277827584604e-11
9.999266862869262695e-01 6.009811398532960425e-11 7.235512883285721841e-11 3.851067242877093122e-10 8.415054431054613815e-09 1.049218836812748634e-10
9.999316930770874023e-01 5.710367595446186328e-11 6.772309796287956374e-11 3.355301869678584126e-10 7.655649447713130940e-09 9.661905303604001460e-11
9.999291896820068359e-01 7.069120983027588068e-11 8.320091143820818047e-11 3.490683575524400339e-10 9.382146615166675474e-09 1.103716146255706576e-10
9.999343156814575195e-01 7.115528999346310002e-11 8.391853878464416994e-11 3.361312339578148567e-10 8.663633366268186364e-09 1.075586703036535141e-10
9.999375343322753906e-01 7.640544447129471450e-11 8.306698384696886706e-11 3.582583119055016141e-10 8.324137823478849896e-09 1.088160880846622547e-10
9.999202489852905273e-01 1.156147053094080945e-10 1.185695153171906213e-10 4.675367870632385348e-10 1.167004270996585547e-08 1.507477476181406928e-10
9.999257326126098633e-01 1.407733235536667848e-10 1.353607642640142217e-10 4.938435216317316190e-10 1.391700266140105668e-08 1.623446238552261889e-10
9.999122619628906250e-01 1.861659298940665508e-10 1.767478524650201166e-10 6.515042394461545427e-10 1.698767881919138745e-08 2.095292828130368434e-10
9.999092817306518555e-01 2.123647785401416854e-10 2.066700977021440622e-10 7.035744764571916221e-10 1.820053796564025106e-08 2.319894554236867634e-10
9.998965263366699219e-01 2.931633547031964326e-10 2.814676824947071054e-10 9.084951679838582095e-10 2.222445161237374123e-08 3.064261067109441683e-10
9.998908042907714844e-01 3.388045122232341555e-10 3.131183368143553025e-10 9.663836397777458842e-10 2.338758164910359483e-08 3.320626551506222768e-10
9.999855756759643555e-01 1.110891240108102807e-11 1.140504444357981484e-11 6.727485235558106069e-11 3.101369161484512915e-09 2.015116198905708700e-11
9.999724626541137695e-01 3.303497753126549696e-11 3.246071814122508670e-11 1.505211510988146983e-10 5.182130724534772526e-09 6.092180926398071961e-11
9.999561309814453125e-01 8.007080415373124538e-11 7.646401567473759542e-11 2.792998055056727935e-10 8.200583323514365475e-09 1.161318333164906846e-10
9.999252557754516602e-01 2.210201049956950214e-10 2.004400811994599962e-10 5.930121949049294017e-10 1.538183980187568523e-08 2.504973173333979730e-10
9.998925924301147461e-01 4.181371637823616538e-10 3.626801359235543032e-10 8.812140461778028566e-10 2.286611966439977550e-08 3.869549125568028103e-10
9.998730421066284180e-01 6.455008194627964713e-10 5.593849827789654228e-10 1.261991289247532677e-09 2.840614143906350364e-08 5.824233317852645087e-10
9.998512268066406250e-01 8.204522061738828143e-10 6.710284550237588519e-10 1.442759023362327753e-09 3.204953102908802975e-08 7.286071190826248767e-10
9.998148083686828613e-01 1.192526299931273570e-09 9.462058914166959767e-10 2.050702718747743347e-09 4.335572612035321072e-08 9.903697861801674662e-10
9.997803568840026855e-01 1.627656787128728411e-09 1.277967065504981292e-09 2.547141386699536270e-09 5.354758414455318416e-08 1.291064699593391651e-09
9.997480511665344238e-01 2.134094234662597955e-09 1.589033793436556152e-09 3.075804722030284211e-09 6.339786295939120464e-08 1.563473350785216098e-09
9.997121691703796387e-01 2.615426319962921298e-09 1.817113681745752274e-09 3.742083087843184330e-09 7.530682211154271499e-08 1.776517377649611262e-09
9.996809959411621094e-01 3.143619586865042947e-09 2.192136250300791289e-09 4.499739247876277659e-09 8.538617635167611297e-08 2.136496535243281869e-09
9.996194839477539062e-01 4.314284041129212710e-09 2.805324195165326273e-09 5.866759966721701858e-09 1.129287596768335789e-07 2.733338444471655748e-09
9.995918869972229004e-01 5.200105679392663660e-09 3.164466022553824587e-09 6.630706650412321324e-09 1.295147171731514391e-07 2.939547938396458449e-09
9.996137022972106934e-01 4.949880505478176929e-09 3.044215324266019707e-09 6.029484023173381502e-09 1.284642934251678525e-07 2.720704328496026392e-09
9.995860457420349121e-01 5.535409020041015538e-09 3.197587084002861957e-09 6.764155013883055290e-09 1.272667020657536341e-07 3.056721764593817170e-09
9.995487332344055176e-01 6.940819030631928399e-09 3.719378582900390029e-09 7.710899474488996930e-09 1.469035879608782125e-07 3.534565307106163345e-09
9.995286464691162109e-01 6.712308042722270329e-09 3.474736054442928435e-09 7.155839476524761267e-09 1.509334168758869055e-07 3.455470354296608093e-09
9.995061159133911133e-01 7.130092516405284186e-09 3.636454470878902612e-09 7.797310352941622114e-09 1.551863135773601243e-07 3.532729664357248112e-09
9.994893074035644531e-01 7.913956601157678961e-09 4.144045107068450307e-09 8.292616371363692451e-09 1.673842859872820554e-07 3.881093224578080481e-09
9.994707703590393066e-01 8.924777361585256585e-09 4.555540389361567577e-09 8.947173668616414943e-09 1.839492256294761319e-07 4.189658397990569938e-09
9.994266033172607422e-01 8.891930747267906554e-09 4.218548177448155911e-09 8.851168686874189007e-09 1.811099110682334867e-07 4.242012074939793820e-09
9.993879795074462891e-01 1.075492317426096633e-08 5.018446103122187196e-09 1.006421346261276994e-08 1.937623324010928627e-07 4.671259823396667343e-09
9.993013143539428711e-01 1.325298892851378696e-08 6.199773583404066812e-09 1.176932240554151576e-08 2.262107585693229339e-07 5.684361870095244740e-09
9.992831349372863770e-01 1.413489503221398991e-08 6.531257756847708151e-09 1.185648379475878755e-08 2.390512747751927236e-07 6.044724720766225801e-09
9.991893172264099121e-01 1.867229570962081198e-08 7.853727446160974068e-09 1.427773987927594135e-08 2.636191993587999605e-07 7.279279401473104372e-09
9.990687966346740723e-01 1.969739216178822971e-08 8.330734324601962726e-09 1.588121634199524124e-08 2.746162977018684614e-07 8.243294047360905097e-09
9.990780353546142578e-01 2.111222663359058060e-08 8.847271359968544857e-09 1.694481355229982000e-08 2.545313293467188487e-07 8.759371006306082563e-09
9.991095662117004395e-01 2.171335822254150116e-08 9.245415988345939695e-09 1.649909719958486676e-08 2.695362013582780492e-07 8.141779694881279283e-09
9.990554451942443848e-01 2.346827265853335120e-08 9.381460941426666977e-09 1.677246608267068950e-08 2.783490913316200022e-07 8.452309963047355268e-09
9.989575147628784180e-01 2.844624624742664309e-08 1.131012972166445252e-08 1.857883979994312540e-08 3.080594694893079577e-07 9.811634171796868031e-09
9.988986253738403320e-01 3.186892527651252749e-08 1.224296219959342125e-08 2.037678648036944651e-08 3.182681780344864819e-07 1.085355361141182584e-08
9.987674951553344727e-01 3.591708264139015228e-08 1.350278200362708958e-08 2.212850525040721550e-08 3.562134907042491250e-07 1.150275874550743538e-08
9.987165927886962891e-01 4.223786831403231190e-08 1.539918415005558927e-08 2.472601146052966214e-08 3.752676889234862756e-07 1.340006061667509130e-08
9.987322688102722168e-01 4.021574895318735798e-08 1.427845219836854085e-08 2.345325533781306149e-08 3.613709793626185274e-07 1.248504322148846768e-08
9.987542629241943359e-01 4.112058960004105757e-08 1.458376441831887860e-08 2.359380424366008810e-08 3.480521399978897534e-07 1.310023378664482152e-08
9.986391663551330566e-01 4.583822388326552755e-08 1.554903938938423380e-08 2.538544485730653832e-08 3.745617789263633313e-07 1.363736235049373136e-08
9.985028505325317383e-01 5.313367168469085300e-08 1.730194298943388276e-08 2.733506931917872862e-08 4.253502368101180764e-07 1.487758805041039523e-08
9.983929991722106934e-01 6.509121419639996020e-08 2.045070779388424853e-08 3.214833199649547169e-08 4.447066146440192824e-07 1.820839834465459717e-08
9.982867836952209473e-01 7.099670540355873527e-08 2.153169198493287695e-08 3.449000729460749426e-08 4.489218952130613616e-07 1.825935491694963275e-08
9.982565045356750488e-01 7.222860176625545137e-08 2.199518434053970850e-08 3.380917945605688146e-08 4.648139793062000535e-07 1.829826778987353464e-08
9.983566403388977051e-01 6.309144851002201904e-08 1.889794454257298639e-08 2.921939667999140511e-08 4.415775265442789532e-07 1.597457810476043960e-08
9.981928467750549316e-01 7.318051586935325759e-08 2.058752812672537402e-08 3.423633998522745969e-08 5.025560199101164471e-07 1.868215804279316217e-08
9.981523156166076660e-01 8.060853673441670253e-08 2.240583718560174020e-08 3.624582944894427783e-08 5.145745376466948073e-07 1.988302145150555589e-08
9.979776740074157715e-01 9.366108599806466373e-08 2.508221186303671857e-08 4.128115449475444620e-08 5.360103614293620922e-07 2.216281380640339194e-08
9.977802634239196777e-01 1.083307736848837521e-07 2.895466444385874638e-08 4.396018127295064915e-08 6.059991051188262645e-07 2.500894424883881584e-08
9.978737831115722656e-01 1.019521320699823264e-07 2.723694514372709818e-08 4.118076191161890165e-08 6.253300171010778286e-07 2.250991215646536148e-08
9.978479146957397461e-01 1.059718854889979411e-07 2.678397592603687372e-08 4.072889936423962354e-08 6.287845621955057140e-07 2.277570487763114215e-08
9.978792667388916016e-01 1.114946854841036838e-07 2.729528958411719941e-08 4.226198413448400970e-08 6.654811386397341266e-07 2.325494641297609633e-08
9.977725148200988770e-01 1.075149995699575811e-07 2.623190198391966987e-08 4.143088361274749332e-08 6.505904934783757199e-07 2.238266461063176394e-08
9.978109002113342285e-01 1.178223172360048920e-07 2.790460840174091572e-08 4.368594730408403848e-08 6.754867740710324142e-07 2.415403166367013910e-08
9.978178739547729492e-01 1.138998655392242654e-07 2.744546812039061479e-08 4.271212361572906957e-08 6.336734941214672290e-07 2.370640750370966998e-08
9.977139234542846680e-01 1.226762407213755068e-07 2.894285522359041352e-08 4.458038560528621019e-08 6.739759896845498588e-07 2.455233527598466026e-08
9.974731802940368652e-01 1.448812270155031001e-07 3.326428910099821223e-08 5.020224591589794727e-08 7.679558962081500795e-07 2.819439082202279678e-08
9.973124265670776367e-01 1.679453163205835153e-07 3.678332660683736322e-08 5.579934736488212366e-08 8.356228136108256876e-07 3.248576163628058566e-08
9.974271655082702637e-01 1.583935045346152037e-07 3.523003755390163860e-08 5.180471163157562842e-08 8.220579843509767670e-07 3.012568683402605529e-08
9.971346855163574219e-01 1.809629281979141524e-07 3.797908831870699942e-08 5.812111325553814822e-08 8.666370376886334270e-07 3.428201011956844013e-08
