8.163633174262940884e-04 1.827690175559837371e-05 7.023505168035626411e-05 7.532617746619507670e-05 7.446730887750163674e-05 4.328385330154560506e-05
1.611306965351104736e-01 3.480938403299660422e-06 6.687211225653300062e-06 3.108064265688881278e-05 5.048594630352454260e-06 2.047548377959174104e-06
7.054210901260375977e-01 4.125837449464597739e-08 1.567648496347828768e-06 9.686832669331124634e-08 1.130393769699367112e-07 3.198761788780757342e-08
8.846105337142944336e-01 1.468068333565497596e-08 1.718175326459459029e-06 2.737141890918337594e-08 1.253547594615156413e-07 2.647671593081213359e-08
8.861798048019409180e-01 5.640016897956456887e-09 9.837912102739210241e-07 1.428917251189432136e-08 6.989913003963010851e-08 2.078768979174583365e-08
8.149124979972839355e-01 2.268859322640537357e-09 4.453825397376931505e-07 6.899890436784517078e-09 3.475664556162882946e-08 1.268365412698813088e-08
7.652524709701538086e-01 1.498950741307680801e-09 3.305899554106872529e-07 4.802693354122311575e-09 2.573680646378306847e-08 1.240789249123963600e-08
7.573956847190856934e-01 1.443640873510787515e-09 3.045498715437133797e-07 5.041580486420116358e-09 2.647955277268465579e-08 1.471267196961889567e-08
7.798259258270263672e-01 1.698600593513788226e-09 3.245543780394655187e-07 5.793625579286754146e-09 3.077366272918879986e-08 2.017039157919953141e-08
7.865929007530212402e-01 2.231631102134201683e-09 4.006877531992358854e-07 7.312995986552550676e-09 4.057538305346497509e-08 2.923282416134043160e-08
8.079488277435302734e-01 2.660162978784796906e-09 4.745610340251005255e-07 9.102256726123414410e-09 5.108759637550974730e-08 3.572391804596009024e-08
8.316391706466674805e-01 3.044387186790231681e-09 5.078881031295168214e-07 1.042993602595743141e-08 5.972732708414696390e-08 3.947434024098583905e-08
8.339890241622924805e-01 3.503435319629488731e-09 5.634930744236044120e-07 1.203305544095201185e-08 6.863349710783950286e-08 4.414700427446405229e-08
8.365550041198730469e-01 3.841637674639741817e-09 5.981730168969079386e-07 1.371551316964314537e-08 7.370502430603664834e-08 4.629334782180194452e-08
8.466327786445617676e-01 4.382556539894721936e-09 6.430616394936805591e-07 1.632294299724890152e-08 8.226722769677508040e-08 4.911276008101594925e-08
8.514150977134704590e-01 5.379206413635984063e-09 7.542787443526322022e-07 1.980456332262292563e-08 9.838704784215224208e-08 5.749679488076253620e-08
8.567669987678527832e-01 6.405038277534913504e-09 8.393081429858284537e-07 2.370686047470371705e-08 1.138638126008117979e-07 6.461891643994022161e-08
8.660905361175537109e-01 6.103116234612571134e-09 7.968866952978714835e-07 2.282697231237307278e-08 1.137682090757152764e-07 6.354755299753378495e-08
8.649875521659851074e-01 6.883861036754979068e-09 8.798843396107258741e-07 2.665034593007931107e-08 1.263176727661630139e-07 6.978252997669187607e-08
8.641029596328735352e-01 7.395786205677268299e-09 9.185790759147494100e-07 2.827399470106684021e-08 1.382538101779573481e-07 7.428291581845769542e-08
8.646336197853088379e-01 8.533206141692062374e-09 1.027854295898578130e-06 3.202885068276373204e-08 1.548399808370959363e-07 8.143455687559253420e-08
8.629726767539978027e-01 9.077347762342924398e-09 1.075210320777841844e-06 3.451945929100475041e-08 1.623005800865939818e-07 8.593560352210261044e-08
8.684486746788024902e-01 9.781003562636669812e-09 1.126334382206550799e-06 3.770073675468665897e-08 1.753652583147413679e-07 9.095053599139646394e-08
8.670052886009216309e-01 1.161239193692154004e-08 1.289362444367725402e-06 4.430055611237548874e-08 2.042140607727560564e-07 1.047045756763509416e-07
8.627318143844604492e-01 1.310674768717490224e-08 1.453805680284858681e-06 5.042225126317134709e-08 2.260242695228953380e-07 1.168835837006554357e-07
8.678445219993591309e-01 1.249910308587232066e-08 1.363970341117237695e-06 4.821539079102876713e-08 2.175976447915672907e-07 1.134072036279576423e-07
8.643527030944824219e-01 1.438054209046413234e-08 1.499258132753311656e-06 5.572427852484906907e-08 2.441501294470072025e-07 1.267448652697567013e-07
8.603497743606567383e-01 1.702425223015779920e-08 1.743287498356949072e-06 6.514223116482753539e-08 2.750650196503556799e-07 1.430947520475456258e-07
8.567537665367126465e-01 1.856457920723642019e-08 1.878905777630279772e-06 6.968070920265745372e-08 2.977863289288507076e-07 1.521373178547946736e-07
8.564906120300292969e-01 1.953855033320905932e-08 1.950494834090932272e-06 7.488235098662698874e-08 3.109920498900464736e-07 1.572289960449779755e-07
8.620484471321105957e-01 1.894005485780780873e-08 1.870867208708659746e-06 7.235125565330235986e-08 3.013204548096837243e-07 1.522337100823278888e-07
8.581503629684448242e-01 1.967632634602978214e-08 1.914212361953104846e-06 7.579611605024183518e-08 3.108713713118049782e-07 1.581888540158615797e-07
8.570162653923034668e-01 2.172745539041898155e-08 2.088094788632588461e-06 8.319982214288756950e-08 3.346519008573523024e-07 1.651474548225451144e-07
8.559210896492004395e-01 2.337924343009945005e-08 2.171935875594499521e-06 8.938160789284665952e-08 3.539199724400532432e-07 1.807339486958881025e-07
8.552076816558837891e-01 2.451646707868349040e-08 2.218982217527809553e-06 9.185564664448975236e-08 3.696177373058162630e-07 1.873004720209792140e-07
8.514130115509033203e-01 2.616031302693500038e-08 2.365838781770435162e-06 9.912990606153471163e-08 3.888839898991136579e-07 1.939394707051178557e-07
8.540317416191101074e-01 2.853324865270678856e-08 2.482958507243893109e-06 1.078059383985419117e-07 4.122558721064706333e-07 2.053835714832530357e-07
8.505355715751647949e-01 3.045727581252322125e-08 2.592192231531953439e-06 1.158339131279717549e-07 4.324859332882624585e-07 2.115333614938208484e-07
8.487932085990905762e-01 3.118905667065519083e-08 2.649458565429085866e-06 1.170069978684296075e-07 4.369066175513580674e-07 2.150906226461302140e-07
8.471018075942993164e-01 3.497216383152590424e-08 2.865658643713686615e-06 1.296777583092989516e-07 4.871259875471878331e-07 2.345562393202271778e-07
8.474434614181518555e-01 3.639099688257374510e-08 2.938226998594473116e-06 1.350450418158288812e-07 5.005659886592184193e-07 2.379007071340311086e-07
8.457318544387817383e-01 3.826699312980963441e-08 3.051161229450372048e-06 1.435954857242904836e-07 5.165837251297489274e-07 2.439545312427071622e-07
8.347036242485046387e-01 4.314811974381882465e-08 3.375037294972571544e-06 1.646050549197752844e-07 5.935592639616515953e-07 2.773384153442748357e-07
8.358047604560852051e-01 4.725897895241359947e-08 3.600320724217453972e-06 1.774130282683472615e-07 6.363464422065590043e-07 3.004772963777213590e-07
8.358185291290283203e-01 4.749977833284901862e-08 3.553879878381849267e-06 1.811054062272887677e-07 6.236149943106283899e-07 2.948767416910413885e-07
8.330752849578857422e-01 5.106377543029338995e-08 3.753827058972092345e-06 1.907518196730961790e-07 6.586101903849339578e-07 3.172701497078378452e-07
8.302917480468750000e-01 5.176209327828473761e-08 3.784934278883156367e-06 1.949312320448370883e-07 6.663905196546693332e-07 3.109602175754844211e-07
8.314216732978820801e-01 5.605865993629777222e-08 3.905952780769439414e-06 2.100451297337713186e-07 7.169202262957696803e-07 3.313363095003296621e-07
8.308467268943786621e-01 5.646809242421113595e-08 3.848487722279969603e-06 2.109616872303377022e-07 6.992914336478861514e-07 3.198528304437786574e-07
8.258044123649597168e-01 6.298756005662653479e-08 4.194876055407803506e-06 2.306537112417572644e-07 7.742827392576145940e-07 3.601082312343351077e-07
8.236098289489746094e-01 6.817776920797768980e-08 4.478236405702773482e-06 2.475718758887524018e-07 8.163310099007503595e-07 3.756481703476310940e-07
8.254221081733703613e-01 7.137673918578002485e-08 4.695017196354456246e-06 2.637077614053850994e-07 8.688652428645582404e-07 3.867726832140760962e-07
8.300711512565612793e-01 6.985263922842932516e-08 4.421515768626704812e-06 2.534803513754013693e-07 8.230443881984683685e-07 3.709005511609575478e-07
8.292253017425537109e-01 7.335931684337992920e-08 4.552708105620695278e-06 2.625525041821674677e-07 8.728570151106396224e-07 3.921291522601677570e-07
8.180842995643615723e-01 8.382503580151023925e-08 5.036305992689449340e-06 2.992194936268788297e-07 9.615038152332999744e-07 4.328405509568256093e-07
8.287762403488159180e-01 7.935513224310852820e-08 4.790450930158840492e-06 2.844536197699198965e-07 9.195358643410145305e-07 4.133954973895015428e-07
8.225098848342895508e-01 8.594369660386291798e-08 4.992764843336772174e-06 3.067113993893144652e-07 9.879336175799835473e-07 4.424054793616960524e-07
8.226754665374755859e-01 9.129772138294356409e-08 5.151139248482650146e-06 3.195005149336793693e-07 1.005087938210635912e-06 4.496420444866089383e-07
8.280542492866516113e-01 8.869336198813471128e-08 5.126495580043410882e-06 3.128906769234163221e-07 9.999571375374216586e-07 4.367327051113534253e-07
8.235904574394226074e-01 9.448692850355655537e-08 5.323986442817840725e-06 3.244479387376486557e-07 1.025827486955677159e-06 4.501061141581885749e-07
8.244951367378234863e-01 9.773837206239477382e-08 5.406646778283175081e-06 3.388076663668471156e-07 1.084658151739859022e-06 4.522355823155521648e-07
8.243845105171203613e-01 1.022950328888327931e-07 5.532124760065926239e-06 3.513852675496309530e-07 1.106487161450786516e-06 4.669562088110978948e-07
8.269292116165161133e-01 9.613777507411214174e-08 5.047249487688532099e-06 3.287258323325659148e-07 1.030543103297532070e-06 4.419546826284204144e-07
8.267333507537841797e-01 1.062686436625881470e-07 5.500168299477081746e-06 3.568994770830613561e-07 1.101652514989837073e-06 4.782907581102335826e-07
8.230744004249572754e-01 1.122439670098174247e-07 5.608585070149274543e-06 3.718823506915214239e-07 1.162729404313722625e-06 5.053886980022070929e-07
8.216364383697509766e-01 1.192836691643606173e-07 5.794337539555272087e-06 3.911444537152419798e-07 1.208678895636694506e-06 5.154197424417361617e-07
8.234058618545532227e-01 1.244618061946312082e-07 5.866351784789003432e-06 4.041082775074755773e-07 1.261454713130660821e-06 5.282572033138421830e-07
8.310531973838806152e-01 1.185426157235269784e-07 5.738757408835226670e-06 3.936143286864535185e-07 1.208853404932597186e-06 5.036977768213546369e-07
8.274164795875549316e-01 1.263810531781928148e-07 5.928577593294903636e-06 4.071701198427035706e-07 1.251479261554777622e-06 5.175893988962343428e-07
8.246301412582397461e-01 1.453574753895736649e-07 6.473203029599972069e-06 4.524541452610719716e-07 1.404006297889281996e-06 5.731809551434707828e-07
8.205872774124145508e-01 1.444853126031375723e-07 6.326753464236389846e-06 4.526335146692872513e-07 1.387148358844569884e-06 5.616940939034975599e-07
8.233213424682617188e-01 1.449809730047491030e-07 6.257356744754360989e-06 4.566104792047553929e-07 1.385543100695940666e-06 5.621720902126980945e-07
8.170685172080993652e-01 1.514701466476253700e-07 6.427610514947446063e-06 4.689107697686267784e-07 1.418234091943304520e-06 5.886430471946368925e-07
8.195183873176574707e-01 1.599796775053619058e-07 6.526660399686079472e-06 4.947186766912636813e-07 1.488911607339105103e-06 5.992631031404016539e-07
8.202330470085144043e-01 1.727288747588318074e-07 6.809310889366315678e-06 5.218428782427508850e-07 1.593232354935025796e-06 6.260991085582645610e-07
8.126726150512695312e-01 1.748206273077812511e-07 6.741497600160073489e-06 5.206040896155172959e-07 1.594154809936298989e-06 6.425194669645861723e-07
8.043556809425354004e-01 2.019521758711562143e-07 7.632685083081014454e-06 6.003256203257478774e-07 1.772268319655267987e-06 7.182367198765859939e-07
8.102250099182128906e-01 1.978126960011650226e-07 7.414701485686236992e-06 5.932238877903728280e-07 1.730003305056015961e-06 6.964866088310373016e-07
8.063923716545104980e-01 2.122595077480582404e-07 7.644287506991531700e-06 6.226634923223173246e-07 1.790197757145506330e-06 7.263183192662836518e-07
8.071063160896301270e-01 2.097445843673995114e-07 7.275443749676924199e-06 6.008678496982611250e-07 1.820717898226575926e-06 7.064103897391760256e-07
8.143932223320007324e-01 2.040533217950724065e-07 7.121641374396858737e-06 5.974295049782085698e-07 1.737779371069336776e-06 6.917467203493288253e-07
8.063814640045166016e-01 2.336593922791507794e-07 7.827668923710007221e-06 6.654813091699907091e-07 1.940714810189092532e-06 7.665985890525917057e-07
8.060488104820251465e-01 2.350785450744297123e-07 7.801826541253831238e-06 6.759374855391797610e-07 1.950002797457273118e-06 7.771968739689327776e-07
8.051518797874450684e-01 2.415860649307433050e-07 7.742592970316763967e-06 6.778809620300307870e-07 1.945822077686898410e-06 7.846798553146072663e-07
8.003354668617248535e-01 2.472591233981802361e-07 7.884554179327096790e-06 6.977839461796975229e-07 2.010872776736505330e-06 7.973033007147023454e-07
8.073531985282897949e-01 2.630891060562134953e-07 7.911618922662455589e-06 7.142887739064462949e-07 2.042958612946677022e-06 8.147396215463231783e-07
8.026869297027587891e-01 2.735052078151056776e-07 8.009613338799681515e-06 7.393434771074680611e-07 2.123160129485768266e-06 8.457154763163998723e-07
7.981455326080322266e-01 2.836370072145655286e-07 8.160725883499253541e-06 7.548340477114834357e-07 2.131280098183196969e-06 8.381267662116442807e-07
7.985812425613403320e-01 2.880023259876907105e-07 8.220247764256782830e-06 7.843033245080732740e-07 2.153029299734043889e-06 8.691860102771897800e-07
7.947461605072021484e-01 3.104017878285958432e-07 8.565896678192075342e-06 8.302956757688662037e-07 2.259331495224614628e-06 9.033375363287632354e-07
7.897127866744995117e-01 3.174716312059899792e-07 8.571583748562261462e-06 8.299568321490369271e-07 2.273131030960939825e-06 9.237423341801331844e-07
7.830493450164794922e-01 3.427203978390025441e-07 9.063925972441211343e-06 8.871281806932529435e-07 2.431713255646172911e-06 9.806942671275464818e-07
7.867916822433471680e-01 3.259638106101192534e-07 8.640996384201571345e-06 8.425744226769893430e-07 2.251835439892602153e-06 9.267037057725246996e-07
7.786511778831481934e-01 3.772620971176365856e-07 9.513407349004410207e-06 9.286628142035624478e-07 2.544838253015768714e-06 1.044494183588540182e-06
7.811717987060546875e-01 3.977081632910994813e-07 9.705853699415456504e-06 9.716324029795941897e-07 2.639445710883592255e-06 1.089237684936961159e-06
7.829024791717529297e-01 4.044077002163248835e-07 9.524214874545577914e-06 9.691009381640469655e-07 2.606331690913066268e-06 1.067565563062089495e-06
7.762672901153564453e-01 4.239394399974116823e-07 9.935489288181997836e-06 1.006310412776656449e-06 2.694416025406098925e-06 1.096470555239648093e-06
7.729390859603881836e-01 4.445210493031481747e-07 1.003784927888773382e-05 1.067004632204771042e-06 2.752283535301103257e-06 1.140948029387800489e-06
7.743676900863647461e-01 4.378950109185097972e-07 9.801276974030770361e-06 1.041405539581319317e-06 2.736225496846600436e-06 1.108648575609549880e-06
7.668903470039367676e-01 4.794117671735875774e-07 1.046120996761601418e-05 1.116429643843730446e-06 2.910097236963338219e-06 1.185948008242121432e-06
7.611716389656066895e-01 5.035976187173218932e-07 1.078863715520128608e-05 1.157792439698823728e-06 3.070928187298704870e-06 1.261020543097401969e-06
