9.710000000000000000e+02 6.110000000000000000e+02 1.800000000000000000e+01 1.280000000000000000e+02 7.940000000000000000e+02
9.890000000000000000e+02 7.100000000000000000e+01 5.120000000000000000e+02 7.800000000000000000e+01 6.770000000000000000e+02
6.300000000000000000e+01 6.000000000000000000e+02 6.160000000000000000e+02 5.300000000000000000e+01 4.880000000000000000e+02
6.000000000000000000e+02 4.880000000000000000e+02 6.160000000000000000e+02 6.300000000000000000e+01 6.770000000000000000e+02
6.000000000000000000e+02 4.880000000000000000e+02 6.160000000000000000e+02 6.300000000000000000e+01 9.320000000000000000e+02
6.000000000000000000e+02 4.880000000000000000e+02 9.320000000000000000e+02 6.300000000000000000e+01 6.160000000000000000e+02
6.000000000000000000e+02 4.880000000000000000e+02 6.300000000000000000e+01 9.320000000000000000e+02 6.950000000000000000e+02
6.000000000000000000e+02 4.880000000000000000e+02 6.300000000000000000e+01 6.950000000000000000e+02 5.060000000000000000e+02
6.000000000000000000e+02 4.880000000000000000e+02 6.300000000000000000e+01 6.950000000000000000e+02 5.060000000000000000e+02
6.000000000000000000e+02 4.880000000000000000e+02 6.300000000000000000e+01 6.950000000000000000e+02 6.660000000000000000e+02
6.000000000000000000e+02 4.880000000000000000e+02 6.300000000000000000e+01 6.950000000000000000e+02 6.660000000000000000e+02
6.000000000000000000e+02 6.300000000000000000e+01 4.880000000000000000e+02 6.950000000000000000e+02 7.390000000000000000e+02
6.300000000000000000e+01 6.000000000000000000e+02 4.880000000000000000e+02 6.950000000000000000e+02 7.390000000000000000e+02
6.300000000000000000e+01 6.000000000000000000e+02 4.880000000000000000e+02 6.950000000000000000e+02 6.200000000000000000e+01
6.300000000000000000e+01 6.000000000000000000e+02 4.880000000000000000e+02 6.200000000000000000e+01 6.950000000000000000e+02
6.300000000000000000e+01 6.000000000000000000e+02 4.880000000000000000e+02 6.200000000000000000e+01 6.770000000000000000e+02
6.300000000000000000e+01 6.000000000000000000e+02 4.880000000000000000e+02 6.200000000000000000e+01 6.800000000000000000e+01
6.300000000000000000e+01 6.000000000000000000e+02 6.200000000000000000e+01 4.880000000000000000e+02 6.800000000000000000e+01
6.300000000000000000e+01 6.000000000000000000e+02 6.200000000000000000e+01 4.880000000000000000e+02 6.800000000000000000e+01
6.300000000000000000e+01 6.000000000000000000e+02 6.200000000000000000e+01 4.880000000000000000e+02 6.800000000000000000e+01
6.300000000000000000e+01 6.000000000000000000e+02 6.200000000000000000e+01 6.800000000000000000e+01 6.600000000000000000e+01
6.300000000000000000e+01 6.200000000000000000e+01 6.000000000000000000e+02 6.800000000000000000e+01 6.600000000000000000e+01
6.300000000000000000e+01 6.200000000000000000e+01 6.800000000000000000e+01 6.000000000000000000e+02 6.600000000000000000e+01
6.300000000000000000e+01 6.200000000000000000e+01 6.800000000000000000e+01 6.600000000000000000e+01 6.000000000000000000e+02
6.300000000000000000e+01 6.200000000000000000e+01 6.800000000000000000e+01 6.600000000000000000e+01 6.000000000000000000e+02
6.300000000000000000e+01 6.200000000000000000e+01 6.800000000000000000e+01 6.600000000000000000e+01 6.000000000000000000e+01
6.300000000000000000e+01 6.200000000000000000e+01 6.800000000000000000e+01 6.600000000000000000e+01 6.000000000000000000e+01
6.300000000000000000e+01 6.200000000000000000e+01 6.800000000000000000e+01 6.600000000000000000e+01 6.000000000000000000e+01
6.300000000000000000e+01 6.200000000000000000e+01 6.800000000000000000e+01 6.600000000000000000e+01 6.000000000000000000e+01
6.300000000000000000e+01 6.800000000000000000e+01 6.200000000000000000e+01 6.600000000000000000e+01 6.000000000000000000e+01
6.300000000000000000e+01 6.800000000000000000e+01 6.200000000000000000e+01 6.600000000000000000e+01 6.000000000000000000e+01
6.300000000000000000e+01 6.800000000000000000e+01 6.600000000000000000e+01 6.200000000000000000e+01 6.000000000000000000e+01
6.300000000000000000e+01 6.800000000000000000e+01 6.600000000000000000e+01 6.200000000000000000e+01 6.000000000000000000e+01
6.300000000000000000e+01 6.800000000000000000e+01 6.600000000000000000e+01 6.200000000000000000e+01 6.000000000000000000e+01
6.300000000000000000e+01 6.800000000000000000e+01 6.600000000000000000e+01 6.200000000000000000e+01 6.000000000000000000e+01
6.300000000000000000e+01 6.800000000000000000e+01 6.600000000000000000e+01 6.200000000000000000e+01 6.000000000000000000e+01
6.300000000000000000e+01 6.800000000000000000e+01 6.600000000000000000e+01 6.200000000000000000e+01 6.000000000000000000e+01
6.300000000000000000e+01 6.800000000000000000e+01 6.600000000000000000e+01 6.200000000000000000e+01 6.000000000000000000e+01
6.300000000000000000e+01 6.800000000000000000e+01 6.600000000000000000e+01 6.200000000000000000e+01 6.000000000000000000e+01
6.300000000000000000e+01 6.800000000000000000e+01 6.600000000000000000e+01 6.200000000000000000e+01 6.000000000000000000e+01
6.300000000000000000e+01 6.800000000000000000e+01 6.600000000000000000e+01 6.200000000000000000e+01 6.000000000000000000e+01
6.300000000000000000e+01 6.800000000000000000e+01 6.600000000000000000e+01 6.200000000000000000e+01 6.000000000000000000e+01
6.300000000000000000e+01 6.800000000000000000e+01 6.600000000000000000e+01 6.200000000000000000e+01 6.000000000000000000e+01
6.300000000000000000e+01 6.800000000000000000e+01 6.600000000000000000e+01 6.200000000000000000e+01 6.000000000000000000e+01
6.300000000000000000e+01 6.800000000000000000e+01 6.600000000000000000e+01 6.200000000000000000e+01 6.000000000000000000e+01
6.300000000000000000e+01 6.800000000000000000e+01 6.600000000000000000e+01 6.200000000000000000e+01 6.000000000000000000e+01
6.300000000000000000e+01 6.800000000000000000e+01 6.600000000000000000e+01 6.200000000000000000e+01 6.000000000000000000e+01
6.300000000000000000e+01 6.800000000000000000e+01 6.600000000000000000e+01 6.200000000000000000e+01 6.000000000000000000e+01
6.300000000000000000e+01 6.800000000000000000e+01 6.600000000000000000e+01 6.200000000000000000e+01 6.000000000000000000e+01
6.300000000000000000e+01 6.800000000000000000e+01 6.600000000000000000e+01 6.200000000000000000e+01 6.000000000000000000e+01
6.300000000000000000e+01 6.800000000000000000e+01 6.600000000000000000e+01 6.200000000000000000e+01 6.000000000000000000e+01
6.300000000000000000e+01 6.800000000000000000e+01 6.600000000000000000e+01 6.200000000000000000e+01 6.000000000000000000e+01
6.300000000000000000e+01 6.800000000000000000e+01 6.600000000000000000e+01 6.200000000000000000e+01 6.000000000000000000e+01
6.300000000000000000e+01 6.800000000000000000e+01 6.600000000000000000e+01 6.200000000000000000e+01 6.000000000000000000e+01
6.300000000000000000e+01 6.800000000000000000e+01 6.600000000000000000e+01 6.200000000000000000e+01 6.000000000000000000e+01
6.300000000000000000e+01 6.800000000000000000e+01 6.600000000000000000e+01 6.200000000000000000e+01 6.000000000000000000e+01
6.300000000000000000e+01 6.800000000000000000e+01 6.600000000000000000e+01 6.200000000000000000e+01 6.000000000000000000e+01
6.300000000000000000e+01 6.800000000000000000e+01 6.600000000000000000e+01 6.200000000000000000e+01 6.000000000000000000e+01
6.300000000000000000e+01 6.800000000000000000e+01 6.600000000000000000e+01 6.200000000000000000e+01 6.000000000000000000e+01
6.300000000000000000e+01 6.800000000000000000e+01 6.600000000000000000e+01 6.200000000000000000e+01 6.000000000000000000e+01
6.300000000000000000e+01 6.800000000000000000e+01 6.600000000000000000e+01 6.000000000000000000e+01 6.200000000000000000e+01
6.300000000000000000e+01 6.800000000000000000e+01 6.600000000000000000e+01 6.000000000000000000e+01 6.200000000000000000e+01
6.300000000000000000e+01 6.800000000000000000e+01 6.600000000000000000e+01 6.000000000000000000e+01 6.200000000000000000e+01
6.300000000000000000e+01 6.800000000000000000e+01 6.600000000000000000e+01 6.000000000000000000e+01 6.200000000000000000e+01
6.300000000000000000e+01 6.800000000000000000e+01 6.600000000000000000e+01 6.000000000000000000e+01 6.200000000000000000e+01
6.300000000000000000e+01 6.800000000000000000e+01 6.600000000000000000e+01 6.000000000000000000e+01 6.200000000000000000e+01
6.300000000000000000e+01 6.800000000000000000e+01 6.600000000000000000e+01 6.000000000000000000e+01 6.200000000000000000e+01
6.300000000000000000e+01 6.800000000000000000e+01 6.600000000000000000e+01 6.000000000000000000e+01 6.200000000000000000e+01
6.300000000000000000e+01 6.800000000000000000e+01 6.600000000000000000e+01 6.000000000000000000e+01 6.200000000000000000e+01
6.300000000000000000e+01 6.800000000000000000e+01 6.600000000000000000e+01 6.000000000000000000e+01 6.200000000000000000e+01
6.300000000000000000e+01 6.800000000000000000e+01 6.600000000000000000e+01 6.000000000000000000e+01 6.200000000000000000e+01
6.300000000000000000e+01 6.800000000000000000e+01 6.600000000000000000e+01 6.000000000000000000e+01 6.200000000000000000e+01
6.300000000000000000e+01 6.800000000000000000e+01 6.600000000000000000e+01 6.000000000000000000e+01 6.200000000000000000e+01
6.300000000000000000e+01 6.800000000000000000e+01 6.600000000000000000e+01 6.000000000000000000e+01 6.200000000000000000e+01
6.300000000000000000e+01 6.800000000000000000e+01 6.600000000000000000e+01 6.000000000000000000e+01 6.200000000000000000e+01
6.300000000000000000e+01 6.800000000000000000e+01 6.600000000000000000e+01 6.000000000000000000e+01 6.200000000000000000e+01
6.300000000000000000e+01 6.800000000000000000e+01 6.600000000000000000e+01 6.000000000000000000e+01 6.200000000000000000e+01
6.300000000000000000e+01 6.800000000000000000e+01 6.600000000000000000e+01 6.000000000000000000e+01 6.200000000000000000e+01
6.300000000000000000e+01 6.800000000000000000e+01 6.600000000000000000e+01 6.000000000000000000e+01 6.200000000000000000e+01
6.300000000000000000e+01 6.800000000000000000e+01 6.600000000000000000e+01 6.000000000000000000e+01 6.200000000000000000e+01
6.300000000000000000e+01 6.800000000000000000e+01 6.600000000000000000e+01 6.000000000000000000e+01 6.200000000000000000e+01
6.300000000000000000e+01 6.800000000000000000e+01 6.600000000000000000e+01 6.000000000000000000e+01 6.200000000000000000e+01
6.300000000000000000e+01 6.800000000000000000e+01 6.600000000000000000e+01 6.000000000000000000e+01 6.200000000000000000e+01
6.300000000000000000e+01 6.600000000000000000e+01 6.800000000000000000e+01 6.000000000000000000e+01 6.200000000000000000e+01
6.300000000000000000e+01 6.600000000000000000e+01 6.800000000000000000e+01 6.000000000000000000e+01 6.000000000000000000e+02
6.300000000000000000e+01 6.600000000000000000e+01 6.800000000000000000e+01 6.000000000000000000e+01 6.000000000000000000e+02
6.300000000000000000e+01 6.600000000000000000e+01 6.800000000000000000e+01 6.000000000000000000e+01 6.000000000000000000e+02
6.300000000000000000e+01 6.600000000000000000e+01 6.800000000000000000e+01 6.000000000000000000e+01 6.000000000000000000e+02
6.300000000000000000e+01 6.600000000000000000e+01 6.800000000000000000e+01 6.000000000000000000e+01 6.000000000000000000e+02
6.300000000000000000e+01 6.600000000000000000e+01 6.800000000000000000e+01 6.000000000000000000e+01 6.000000000000000000e+02
6.300000000000000000e+01 6.600000000000000000e+01 6.800000000000000000e+01 6.000000000000000000e+01 6.000000000000000000e+02
6.300000000000000000e+01 6.600000000000000000e+01 6.800000000000000000e+01 6.000000000000000000e+01 6.000000000000000000e+02
6.300000000000000000e+01 6.600000000000000000e+01 6.800000000000000000e+01 6.000000000000000000e+01 6.000000000000000000e+02
6.300000000000000000e+01 6.600000000000000000e+01 6.800000000000000000e+01 6.000000000000000000e+01 6.000000000000000000e+02
6.300000000000000000e+01 6.600000000000000000e+01 6.800000000000000000e+01 6.000000000000000000e+01 6.000000000000000000e+02
6.300000000000000000e+01 6.600000000000000000e+01 6.800000000000000000e+01 6.000000000000000000e+01 6.000000000000000000e+02
6.300000000000000000e+01 6.600000000000000000e+01 6.800000000000000000e+01 6.000000000000000000e+01 6.000000000000000000e+02
6.300000000000000000e+01 6.600000000000000000e+01 6.800000000000000000e+01 6.000000000000000000e+02 6.000000000000000000e+01
6.300000000000000000e+01 6.600000000000000000e+01 6.800000000000000000e+01 6.000000000000000000e+02 6.000000000000000000e+01
6.300000000000000000e+01 6.600000000000000000e+01 6.800000000000000000e+01 6.000000000000000000e+02 6.000000000000000000e+01
6.300000000000000000e+01 6.600000000000000000e+01 6.800000000000000000e+01 6.000000000000000000e+02 6.000000000000000000e+01
