3.081843957965786467e-03
5.382575340951014503e-03
3.613303119151105650e-03
7.738435710600898541e-03
1.368681500277405851e-02
3.486283802947184873e-02
7.535878722294993282e-02
9.173883452137032712e-02
1.456659469080954228e-01
1.999881034875272134e-01
1.732679470288215617e-01
1.743009062383609198e-01
1.665700808776965081e-01
2.142862733323530333e-01
2.483630799953392143e-01
2.798063402345823958e-01
3.380392307065422930e-01
3.662575675173553313e-01
3.466012955262949835e-01
3.494426885022456908e-01
3.396622828605203592e-01
3.241930989857342849e-01
3.138063967821498879e-01
3.338179254419343933e-01
3.238866610647398447e-01
3.358153117311842295e-01
3.458555377923144825e-01
3.377361435713389093e-01
3.419167991572260035e-01
3.586478351526877217e-01
3.468101693267014451e-01
3.681529382771560610e-01
3.558343735444259859e-01
3.638228669949360450e-01
3.913671333210650416e-01
4.123103271805079739e-01
4.000313848782999226e-01
4.121110410299562155e-01
4.324772638177845629e-01
4.468981164474861156e-01
4.636393760083541427e-01
4.363107584290851215e-01
4.546339802159823362e-01
4.896109008839519827e-01
5.059259502755129034e-01
5.091161918480909820e-01
5.176951818048319831e-01
5.293952942053515853e-01
5.518910025091271487e-01
5.479357545279878172e-01
5.571925815461415965e-01
5.549244175233671861e-01
5.551863168974600082e-01
5.853601184876988661e-01
6.218808953651833171e-01
6.067659653692130117e-01
6.224075312750605438e-01
6.046543344052912605e-01
6.227265652156345199e-01
6.588201535921940355e-01
6.581301363021393458e-01
6.654778959178427877e-01
6.677863672032717801e-01
6.894250080932483593e-01
7.025611645589979748e-01
7.172627983630164294e-01
7.399891483456950692e-01
7.669199762891548700e-01
7.736050140669411546e-01
7.983314162925282398e-01
8.131902190709509037e-01
8.121376809999096835e-01
8.270368399575678264e-01
8.770066926687644093e-01
8.740195527400476116e-01
8.811837773442464661e-01
8.860875667454517490e-01
9.164146729002043967e-01
9.120267577610802201e-01
9.205936164057603177e-01
9.322562097887361343e-01
9.395728584589927435e-01
9.711313906211065383e-01
9.541844368375900221e-01
9.593867152153948696e-01
9.835149165732604004e-01
9.846318777813356515e-01
9.901725610657474697e-01
1.013607223139734170e+00
1.015153182762227324e+00
1.020264280633250475e+00
1.014915937344903929e+00
1.030294332045555317e+00
1.060314926904442290e+00
1.028126447013608447e+00
1.057692509002852166e+00
1.057916742609658511e+00
1.050761127323696531e+00
1.077945343156174074e+00
1.055030273004416319e+00
1.069494612474530371e+00
