 Iterations  Total_Loss        PSNR
        100  0.00552763 22.57461166
        200  0.00323601 24.89990616
        300  0.00248926 26.03929901
        400  0.00211539 26.74610329
        500  0.00166412 27.78815842
        600  0.00150447 28.22617531
        700  0.00138726 28.57843018
        800  0.00124360 29.05319023
        900  0.00114872 29.39785385
       1000  0.00103973 29.83080292
       1100  0.00099137 30.03764153
       1200  0.00095273 30.21029854
       1300  0.00090185 30.44864082
       1400  0.00087602 30.57487488
       1500  0.00079575 30.99221039
       1600  0.00075118 31.24254608
       1700  0.00076636 31.15564346
       1800  0.00070628 31.51020813
       1900  0.00068074 31.67019272
       2000  0.00066523 31.77031326
       2100  0.00063309 31.98534966
       2200  0.00060706 32.16771317
       2300  0.00054779 32.61384964
       2400  0.00054850 32.60822678
       2500  0.00055437 32.56201553
       2600  0.00049679 33.03828812
       2700  0.00050018 33.00877762
       2800  0.00047539 33.22951126
       2900  0.00044401 33.52611542
       3000  0.00046975 33.28134155
       3100  0.00044132 33.55244446
       3200  0.00039812 33.99982452
       3300  0.00040207 33.95697021
       3400  0.00040295 33.94747162
       3500  0.00043839 33.58135986
       3600  0.00035856 34.45441055
       3700  0.00034426 34.63117218
       3800  0.00033534 34.74518204
       3900  0.00034328 34.64357376
       4000  0.00031842 34.97000504
       4100  0.00033331 34.77155304
       4200  0.00036764 34.34579468
       4300  0.00029567 35.29190445
       4400  0.00028128 35.50857544
       4500  0.00029827 35.25391769
       4600  0.00027766 35.56483459
       4700  0.00028163 35.50318527
       4800  0.00027349 35.63066101
       4900  0.00026080 35.83688736
       5000  0.00025349 35.96032715
       5100  0.00029310 35.32984924
       5200  0.00025030 36.01532364
       5300  0.00024520 36.10472870
       5400  0.00022179 36.54054260
       5500  0.00021453 36.68507767
       5600  0.00024637 36.08405304
       5700  0.00021851 36.60520935
       5800  0.00020640 36.85284042
       5900  0.00019265 37.15229797
       6000  0.00020932 36.79197311
       6100  0.00018402 37.35131836
       6200  0.00019884 37.01502991
       6300  0.00017373 37.60126495
       6400  0.00018931 37.22832489
       6500  0.00019399 37.12229919
       6600  0.00018259 37.38515854
       6700  0.00022654 36.44852066
       6800  0.00016523 37.81918716
       6900  0.00017691 37.52245712
       7000  0.00016210 37.90221786
       7100  0.00016626 37.79212189
       7200  0.00020123 36.96305847
       7300  0.00017162 37.65426254
       7400  0.00014414 38.41226578
       7500  0.00013629 38.65526581
       7600  0.00014960 38.25062943
       7700  0.00013408 38.72634506
       7800  0.00014670 38.33559036
       7900  0.00013189 38.79779816
       8000  0.00012173 39.14600754
       8100  0.00013446 38.71407700
       8200  0.00012339 39.08736801
       8300  0.00013634 38.65367508
       8400  0.00012032 39.19663239
       8500  0.00013252 38.77725983
       8600  0.00011891 39.24768829
       8700  0.00014591 38.35902405
       8800  0.00014414 38.41217422
       8900  0.00012176 39.14505386
       9000  0.00010987 39.59106064
       9100  0.00010350 39.85041428
       9200  0.00010800 39.66583252
       9300  0.00011350 39.44989395
       9400  0.00010811 39.66138458
       9500  0.00012094 39.17445374
       9600  0.00010112 39.95168686
       9700  0.00009788 40.09323120
       9800  0.00010185 39.92034912
       9900  0.00009929 40.03099823
      10000  0.00011528 39.38253021
