 Iterations  Total_Loss        PSNR
        100  0.00470097 23.27812767
        200  0.00374367 24.26702309
        300  0.00335974 24.73694611
        400  0.00311439 25.06627083
        500  0.00295004 25.30171585
        600  0.00276195 25.58784294
        700  0.00264586 25.77433586
        800  0.00247414 26.06576347
        900  0.00237704 26.23963928
       1000  0.00233108 26.32443428
       1100  0.00236897 26.25440788
       1200  0.00220375 26.56838417
       1300  0.00213228 26.71155167
       1400  0.00213317 26.70974731
       1500  0.00214737 26.68093109
       1600  0.00205079 26.88079643
       1700  0.00199313 27.00463867
       1800  0.00191156 27.18613052
       1900  0.00188128 27.25546265
       2000  0.00182339 27.39120293
       2100  0.00193324 27.13713646
       2200  0.00177192 27.51555634
       2300  0.00174061 27.59297943
       2400  0.00178956 27.47254562
       2500  0.00173908 27.59681129
       2600  0.00167215 27.76724052
       2700  0.00168204 27.74164772
       2800  0.00169727 27.70249939
       2900  0.00166895 27.77557373
       3000  0.00164810 27.83015251
       3100  0.00165128 27.82178688
       3200  0.00156224 28.06253433
       3300  0.00159415 27.97471428
       3400  0.00155294 28.08846092
       3500  0.00155866 28.07247734
       3600  0.00151985 28.18198967
       3700  0.00149385 28.25691795
       3800  0.00145164 28.38142395
       3900  0.00148000 28.29738045
       4000  0.00146995 28.32696342
       4100  0.00143828 28.42155647
       4200  0.00144613 28.39792824
       4300  0.00143732 28.42445755
       4400  0.00141137 28.50358582
       4500  0.00146746 28.33434677
       4600  0.00139612 28.55077934
       4700  0.00138448 28.58714485
       4800  0.00141563 28.49050713
       4900  0.00137489 28.61731148
       5000  0.00139370 28.55829620
       5100  0.00133747 28.73715973
       5200  0.00138295 28.59194565
       5300  0.00136398 28.65192413
       5400  0.00133672 28.73960495
       5500  0.00129640 28.87260056
       5600  0.00134381 28.71661568
       5700  0.00131601 28.80741119
       5800  0.00126864 28.96661758
       5900  0.00128882 28.89806938
       6000  0.00129391 28.88094902
       6100  0.00127028 28.96100807
       6200  0.00124773 29.03878021
       6300  0.00129449 28.87899780
       6400  0.00126176 28.99024773
       6500  0.00126222 28.98864555
       6600  0.00123247 29.09223366
       6700  0.00122973 29.10191917
       6800  0.00118817 29.25122833
       6900  0.00119241 29.23575592
       7000  0.00121430 29.15672684
       7100  0.00122706 29.11132431
       7200  0.00121511 29.15382767
       7300  0.00124111 29.06190491
       7400  0.00121332 29.16025734
       7500  0.00119651 29.22084045
       7600  0.00121299 29.16144562
       7700  0.00118392 29.26678276
       7800  0.00118076 29.27840233
       7900  0.00116906 29.32161903
       8000  0.00115357 29.37954903
       8100  0.00115868 29.36037827
       8200  0.00114379 29.41654587
       8300  0.00111379 29.53195381
       8400  0.00117823 29.28771591
       8500  0.00110321 29.57341576
       8600  0.00114081 29.42786598
       8700  0.00111013 29.54627609
       8800  0.00112865 29.47439766
       8900  0.00109481 29.60660934
       9000  0.00109731 29.59670258
       9100  0.00111052 29.54474449
       9200  0.00110847 29.55277824
       9300  0.00107897 29.66991425
       9400  0.00113348 29.45586777
       9500  0.00111011 29.54631996
       9600  0.00108971 29.62689209
       9700  0.00106786 29.71486282
       9800  0.00107408 29.68964195
       9900  0.00108664 29.63913918
      10000  0.00115053 29.39100838
