          0  0.17305090  7.61826134
        100  0.13660280  8.64540386
        200  0.13660280  8.64540386
        300  0.13660280  8.64540386
        400  0.13660280  8.64540386
        500  0.13660280  8.64540386
        600  0.13660280  8.64540386
        700  0.13660280  8.64540386
        800  0.13660280  8.64540386
        900  0.13660280  8.64540386
       1000  0.13660280  8.64540386
       1100  0.13660280  8.64540386
       1200  0.13660280  8.64540386
       1300  0.13660280  8.64540386
       1400  0.13660280  8.64540386
       1500  0.13660280  8.64540386
       1600  0.13660280  8.64540386
       1700  0.13660280  8.64540386
       1800  0.13660280  8.64540386
       1900  0.13660280  8.64540386
       2000  0.13660280  8.64540386
       2100  0.13660280  8.64540386
       2200  0.13660280  8.64540386
       2300  0.13660280  8.64540386
       2400  0.13660280  8.64540386
       2500  0.13660280  8.64540386
       2600  0.13660280  8.64540386
       2700  0.13660280  8.64540386
       2800  0.13660280  8.64540386
       2900  0.13660280  8.64540386
       3000  0.13660280  8.64540386
       3100  0.13660280  8.64540386
       3200  0.13660280  8.64540386
       3300  0.13660280  8.64540386
       3400  0.13660280  8.64540386
       3500  0.13660280  8.64540386
       3600  0.13660280  8.64540386
       3700  0.13660280  8.64540386
       3800  0.13660280  8.64540386
       3900  0.13660280  8.64540386
       4000  0.13660280  8.64540386
       4100  0.13660280  8.64540386
       4200  0.13660280  8.64540386
       4300  0.13660280  8.64540386
       4400  0.13660280  8.64540386
       4500  0.13660280  8.64540386
       4600  0.13660280  8.64540386
       4700  0.13660280  8.64540386
       4800  0.13660280  8.64540386
       4900  0.13660280  8.64540386
       5000  0.13660280  8.64540386
       5100  0.13660280  8.64540386
       5200  0.13660280  8.64540386
       5300  0.13660280  8.64540386
       5400  0.13660280  8.64540386
       5500  0.13660280  8.64540386
       5600  0.13660280  8.64540386
       5700  0.13660280  8.64540386
       5800  0.13660280  8.64540386
       5900  0.13660280  8.64540386
       6000  0.13660280  8.64540386
       6100  0.13660280  8.64540386
       6200  0.13660280  8.64540386
       6300  0.13660280  8.64540386
       6400  0.13660280  8.64540386
       6500  0.13660280  8.64540386
       6600  0.13660280  8.64540386
       6700  0.13660280  8.64540386
       6800  0.13660280  8.64540386
       6900  0.13660280  8.64540386
       7000  0.13660280  8.64540386
       7100  0.13660280  8.64540386
       7200  0.13660280  8.64540386
       7300  0.13660280  8.64540386
       7400  0.13660280  8.64540386
       7500  0.13660280  8.64540386
       7600  0.13660280  8.64540386
       7700  0.13660280  8.64540386
       7800  0.13660280  8.64540386
       7900  0.13660280  8.64540386
       8000  0.13660280  8.64540386
       8100  0.13660280  8.64540386
       8200  0.13660280  8.64540386
       8300  0.13660280  8.64540386
       8400  0.13660280  8.64540386
       8500  0.13660280  8.64540386
       8600  0.13660280  8.64540386
       8700  0.13660280  8.64540386
       8800  0.13660280  8.64540386
       8900  0.13660280  8.64540386
       9000  0.13660280  8.64540386
       9100  0.13660280  8.64540386
       9200  0.13660280  8.64540386
       9300  0.13660280  8.64540386
       9400  0.13660280  8.64540386
       9500  0.13660280  8.64540386
       9600  0.13660280  8.64540386
       9700  0.13660280  8.64540386
       9800  0.13660280  8.64540386
       9900  0.13660280  8.64540386
      10000  0.13660280  8.64540386
