1.280000000000000000e+02 1.800000000000000000e+01 9.100000000000000000e+01 2.950000000000000000e+02 1.340000000000000000e+02
1.280000000000000000e+02 2.770000000000000000e+02 9.860000000000000000e+02 1.320000000000000000e+02 1.290000000000000000e+02
5.900000000000000000e+01 9.860000000000000000e+02 9.850000000000000000e+02 1.110000000000000000e+02 6.020000000000000000e+02
6.440000000000000000e+02 1.110000000000000000e+02 8.180000000000000000e+02 6.260000000000000000e+02 5.300000000000000000e+02
6.440000000000000000e+02 8.180000000000000000e+02 1.110000000000000000e+02 6.260000000000000000e+02 5.300000000000000000e+02
6.440000000000000000e+02 8.180000000000000000e+02 1.110000000000000000e+02 6.260000000000000000e+02 5.300000000000000000e+02
6.440000000000000000e+02 8.180000000000000000e+02 1.110000000000000000e+02 6.260000000000000000e+02 5.300000000000000000e+02
6.440000000000000000e+02 8.180000000000000000e+02 1.110000000000000000e+02 6.260000000000000000e+02 5.300000000000000000e+02
6.440000000000000000e+02 8.180000000000000000e+02 1.110000000000000000e+02 6.260000000000000000e+02 5.300000000000000000e+02
6.440000000000000000e+02 8.180000000000000000e+02 1.110000000000000000e+02 6.260000000000000000e+02 5.300000000000000000e+02
6.440000000000000000e+02 8.180000000000000000e+02 1.110000000000000000e+02 6.260000000000000000e+02 5.300000000000000000e+02
6.440000000000000000e+02 8.180000000000000000e+02 1.110000000000000000e+02 6.260000000000000000e+02 5.300000000000000000e+02
6.440000000000000000e+02 8.180000000000000000e+02 1.110000000000000000e+02 6.260000000000000000e+02 5.300000000000000000e+02
6.440000000000000000e+02 8.180000000000000000e+02 1.110000000000000000e+02 6.260000000000000000e+02 5.300000000000000000e+02
6.440000000000000000e+02 8.180000000000000000e+02 1.110000000000000000e+02 6.260000000000000000e+02 5.300000000000000000e+02
6.440000000000000000e+02 8.180000000000000000e+02 1.110000000000000000e+02 6.260000000000000000e+02 5.300000000000000000e+02
6.440000000000000000e+02 8.180000000000000000e+02 1.110000000000000000e+02 6.260000000000000000e+02 5.300000000000000000e+02
6.440000000000000000e+02 8.180000000000000000e+02 1.110000000000000000e+02 6.260000000000000000e+02 5.300000000000000000e+02
6.440000000000000000e+02 8.180000000000000000e+02 1.110000000000000000e+02 6.260000000000000000e+02 5.300000000000000000e+02
6.440000000000000000e+02 8.180000000000000000e+02 1.110000000000000000e+02 6.260000000000000000e+02 5.300000000000000000e+02
6.440000000000000000e+02 8.180000000000000000e+02 1.110000000000000000e+02 6.260000000000000000e+02 5.300000000000000000e+02
6.440000000000000000e+02 8.180000000000000000e+02 1.110000000000000000e+02 6.260000000000000000e+02 5.300000000000000000e+02
6.440000000000000000e+02 8.180000000000000000e+02 1.110000000000000000e+02 6.260000000000000000e+02 5.300000000000000000e+02
6.440000000000000000e+02 8.180000000000000000e+02 1.110000000000000000e+02 6.260000000000000000e+02 5.300000000000000000e+02
6.440000000000000000e+02 8.180000000000000000e+02 1.110000000000000000e+02 6.260000000000000000e+02 5.300000000000000000e+02
6.440000000000000000e+02 8.180000000000000000e+02 1.110000000000000000e+02 6.260000000000000000e+02 5.300000000000000000e+02
6.440000000000000000e+02 8.180000000000000000e+02 1.110000000000000000e+02 6.260000000000000000e+02 5.300000000000000000e+02
6.440000000000000000e+02 8.180000000000000000e+02 1.110000000000000000e+02 6.260000000000000000e+02 5.300000000000000000e+02
6.440000000000000000e+02 8.180000000000000000e+02 1.110000000000000000e+02 6.260000000000000000e+02 5.300000000000000000e+02
6.440000000000000000e+02 8.180000000000000000e+02 1.110000000000000000e+02 6.260000000000000000e+02 5.300000000000000000e+02
6.440000000000000000e+02 8.180000000000000000e+02 1.110000000000000000e+02 6.260000000000000000e+02 5.300000000000000000e+02
6.440000000000000000e+02 8.180000000000000000e+02 1.110000000000000000e+02 6.260000000000000000e+02 5.300000000000000000e+02
6.440000000000000000e+02 8.180000000000000000e+02 1.110000000000000000e+02 6.260000000000000000e+02 5.300000000000000000e+02
6.440000000000000000e+02 8.180000000000000000e+02 1.110000000000000000e+02 6.260000000000000000e+02 5.300000000000000000e+02
6.440000000000000000e+02 8.180000000000000000e+02 1.110000000000000000e+02 6.260000000000000000e+02 5.300000000000000000e+02
6.440000000000000000e+02 8.180000000000000000e+02 1.110000000000000000e+02 6.260000000000000000e+02 5.300000000000000000e+02
6.440000000000000000e+02 8.180000000000000000e+02 1.110000000000000000e+02 6.260000000000000000e+02 5.300000000000000000e+02
6.440000000000000000e+02 8.180000000000000000e+02 1.110000000000000000e+02 6.260000000000000000e+02 5.300000000000000000e+02
6.440000000000000000e+02 8.180000000000000000e+02 1.110000000000000000e+02 6.260000000000000000e+02 5.300000000000000000e+02
6.440000000000000000e+02 8.180000000000000000e+02 1.110000000000000000e+02 6.260000000000000000e+02 5.300000000000000000e+02
6.440000000000000000e+02 8.180000000000000000e+02 1.110000000000000000e+02 6.260000000000000000e+02 5.300000000000000000e+02
6.440000000000000000e+02 8.180000000000000000e+02 1.110000000000000000e+02 6.260000000000000000e+02 5.300000000000000000e+02
6.440000000000000000e+02 8.180000000000000000e+02 1.110000000000000000e+02 6.260000000000000000e+02 5.300000000000000000e+02
6.440000000000000000e+02 8.180000000000000000e+02 1.110000000000000000e+02 6.260000000000000000e+02 5.300000000000000000e+02
6.440000000000000000e+02 8.180000000000000000e+02 1.110000000000000000e+02 6.260000000000000000e+02 5.300000000000000000e+02
6.440000000000000000e+02 8.180000000000000000e+02 1.110000000000000000e+02 6.260000000000000000e+02 5.300000000000000000e+02
6.440000000000000000e+02 8.180000000000000000e+02 1.110000000000000000e+02 6.260000000000000000e+02 5.300000000000000000e+02
6.440000000000000000e+02 8.180000000000000000e+02 1.110000000000000000e+02 6.260000000000000000e+02 5.300000000000000000e+02
6.440000000000000000e+02 8.180000000000000000e+02 1.110000000000000000e+02 6.260000000000000000e+02 5.300000000000000000e+02
6.440000000000000000e+02 8.180000000000000000e+02 1.110000000000000000e+02 6.260000000000000000e+02 5.300000000000000000e+02
6.440000000000000000e+02 8.180000000000000000e+02 1.110000000000000000e+02 6.260000000000000000e+02 5.300000000000000000e+02
6.440000000000000000e+02 8.180000000000000000e+02 1.110000000000000000e+02 6.260000000000000000e+02 5.300000000000000000e+02
6.440000000000000000e+02 8.180000000000000000e+02 1.110000000000000000e+02 6.260000000000000000e+02 5.300000000000000000e+02
6.440000000000000000e+02 8.180000000000000000e+02 1.110000000000000000e+02 6.260000000000000000e+02 5.300000000000000000e+02
6.440000000000000000e+02 8.180000000000000000e+02 1.110000000000000000e+02 6.260000000000000000e+02 5.300000000000000000e+02
6.440000000000000000e+02 8.180000000000000000e+02 1.110000000000000000e+02 6.260000000000000000e+02 5.300000000000000000e+02
6.440000000000000000e+02 8.180000000000000000e+02 1.110000000000000000e+02 6.260000000000000000e+02 5.300000000000000000e+02
6.440000000000000000e+02 8.180000000000000000e+02 1.110000000000000000e+02 6.260000000000000000e+02 5.300000000000000000e+02
6.440000000000000000e+02 8.180000000000000000e+02 1.110000000000000000e+02 6.260000000000000000e+02 5.300000000000000000e+02
6.440000000000000000e+02 8.180000000000000000e+02 1.110000000000000000e+02 6.260000000000000000e+02 5.300000000000000000e+02
6.440000000000000000e+02 8.180000000000000000e+02 1.110000000000000000e+02 6.260000000000000000e+02 5.300000000000000000e+02
6.440000000000000000e+02 8.180000000000000000e+02 1.110000000000000000e+02 6.260000000000000000e+02 5.300000000000000000e+02
6.440000000000000000e+02 8.180000000000000000e+02 1.110000000000000000e+02 6.260000000000000000e+02 5.300000000000000000e+02
6.440000000000000000e+02 8.180000000000000000e+02 1.110000000000000000e+02 6.260000000000000000e+02 5.300000000000000000e+02
6.440000000000000000e+02 8.180000000000000000e+02 1.110000000000000000e+02 6.260000000000000000e+02 5.300000000000000000e+02
6.440000000000000000e+02 8.180000000000000000e+02 1.110000000000000000e+02 6.260000000000000000e+02 5.300000000000000000e+02
6.440000000000000000e+02 8.180000000000000000e+02 1.110000000000000000e+02 6.260000000000000000e+02 5.300000000000000000e+02
6.440000000000000000e+02 8.180000000000000000e+02 1.110000000000000000e+02 6.260000000000000000e+02 5.300000000000000000e+02
6.440000000000000000e+02 8.180000000000000000e+02 1.110000000000000000e+02 6.260000000000000000e+02 5.300000000000000000e+02
6.440000000000000000e+02 8.180000000000000000e+02 1.110000000000000000e+02 6.260000000000000000e+02 5.300000000000000000e+02
6.440000000000000000e+02 8.180000000000000000e+02 1.110000000000000000e+02 6.260000000000000000e+02 5.300000000000000000e+02
6.440000000000000000e+02 8.180000000000000000e+02 1.110000000000000000e+02 6.260000000000000000e+02 5.300000000000000000e+02
6.440000000000000000e+02 8.180000000000000000e+02 1.110000000000000000e+02 6.260000000000000000e+02 5.300000000000000000e+02
6.440000000000000000e+02 8.180000000000000000e+02 1.110000000000000000e+02 6.260000000000000000e+02 5.300000000000000000e+02
6.440000000000000000e+02 8.180000000000000000e+02 1.110000000000000000e+02 6.260000000000000000e+02 5.300000000000000000e+02
6.440000000000000000e+02 8.180000000000000000e+02 1.110000000000000000e+02 6.260000000000000000e+02 5.300000000000000000e+02
6.440000000000000000e+02 8.180000000000000000e+02 1.110000000000000000e+02 6.260000000000000000e+02 5.300000000000000000e+02
6.440000000000000000e+02 8.180000000000000000e+02 1.110000000000000000e+02 6.260000000000000000e+02 5.300000000000000000e+02
6.440000000000000000e+02 8.180000000000000000e+02 1.110000000000000000e+02 6.260000000000000000e+02 5.300000000000000000e+02
6.440000000000000000e+02 8.180000000000000000e+02 1.110000000000000000e+02 6.260000000000000000e+02 5.300000000000000000e+02
6.440000000000000000e+02 8.180000000000000000e+02 1.110000000000000000e+02 6.260000000000000000e+02 5.300000000000000000e+02
6.440000000000000000e+02 8.180000000000000000e+02 1.110000000000000000e+02 6.260000000000000000e+02 5.300000000000000000e+02
6.440000000000000000e+02 8.180000000000000000e+02 1.110000000000000000e+02 6.260000000000000000e+02 5.300000000000000000e+02
6.440000000000000000e+02 8.180000000000000000e+02 1.110000000000000000e+02 6.260000000000000000e+02 5.300000000000000000e+02
6.440000000000000000e+02 8.180000000000000000e+02 1.110000000000000000e+02 6.260000000000000000e+02 5.300000000000000000e+02
6.440000000000000000e+02 8.180000000000000000e+02 1.110000000000000000e+02 6.260000000000000000e+02 5.300000000000000000e+02
6.440000000000000000e+02 8.180000000000000000e+02 1.110000000000000000e+02 6.260000000000000000e+02 5.300000000000000000e+02
6.440000000000000000e+02 8.180000000000000000e+02 1.110000000000000000e+02 6.260000000000000000e+02 5.300000000000000000e+02
6.440000000000000000e+02 8.180000000000000000e+02 1.110000000000000000e+02 6.260000000000000000e+02 5.300000000000000000e+02
6.440000000000000000e+02 8.180000000000000000e+02 1.110000000000000000e+02 6.260000000000000000e+02 5.300000000000000000e+02
6.440000000000000000e+02 8.180000000000000000e+02 1.110000000000000000e+02 6.260000000000000000e+02 5.300000000000000000e+02
6.440000000000000000e+02 8.180000000000000000e+02 1.110000000000000000e+02 6.260000000000000000e+02 5.300000000000000000e+02
6.440000000000000000e+02 8.180000000000000000e+02 1.110000000000000000e+02 6.260000000000000000e+02 5.300000000000000000e+02
6.440000000000000000e+02 8.180000000000000000e+02 1.110000000000000000e+02 6.260000000000000000e+02 5.300000000000000000e+02
6.440000000000000000e+02 8.180000000000000000e+02 1.110000000000000000e+02 6.260000000000000000e+02 5.300000000000000000e+02
6.440000000000000000e+02 8.180000000000000000e+02 1.110000000000000000e+02 6.260000000000000000e+02 5.300000000000000000e+02
6.440000000000000000e+02 8.180000000000000000e+02 1.110000000000000000e+02 6.260000000000000000e+02 5.300000000000000000e+02
6.440000000000000000e+02 8.180000000000000000e+02 1.110000000000000000e+02 6.260000000000000000e+02 5.300000000000000000e+02
6.440000000000000000e+02 8.180000000000000000e+02 1.110000000000000000e+02 6.260000000000000000e+02 5.300000000000000000e+02
6.440000000000000000e+02 8.180000000000000000e+02 1.110000000000000000e+02 6.260000000000000000e+02 5.300000000000000000e+02
6.440000000000000000e+02 8.180000000000000000e+02 1.110000000000000000e+02 6.260000000000000000e+02 5.300000000000000000e+02
