4.028731200378388166e-04 1.374069688608869910e-05 3.709047450684010983e-05 1.364602553621807601e-06 9.384175427840091288e-06 8.353760676982346922e-06
2.168638638977427036e-05 5.021126708015799522e-05 6.886157207190990448e-04 2.484781134626246057e-06 3.974994251620955765e-05 2.400020093773491681e-05
1.124704795074649155e-06 3.431417326282826252e-06 1.778612640919163823e-04 2.394456828369584400e-07 4.924714176013367251e-06 1.234760748047847301e-05
2.166034619222045876e-06 2.740438958426238969e-06 2.787429548334330320e-04 8.003337939044286031e-07 5.029145540902391076e-06 1.937471279234159738e-05
7.372807885985821486e-06 2.508941906853578985e-05 9.040756267495453358e-04 1.110845914809033275e-05 3.410745557630434632e-05 8.575876709073781967e-04
5.628473900287644938e-06 1.902592339320108294e-05 4.222198913339525461e-04 3.937939709430793300e-06 1.830293331295251846e-05 6.814455846324563026e-04
4.857776730204932392e-06 5.133857484906911850e-05 8.710756083019077778e-04 1.353526113234693184e-05 3.108284727204591036e-05 3.736432408913969994e-03
1.093202808988280594e-05 5.763983426732011139e-05 9.588041575625538826e-04 1.498662368248915300e-05 5.340274947229772806e-05 1.309162587858736515e-03
5.317937393556348979e-06 2.075556039926595986e-05 4.815434222109615803e-04 4.660962076741270721e-06 1.336314926447812468e-05 4.984723054803907871e-04
1.416313443769467995e-05 1.708264971966855228e-05 2.303008368471637368e-04 5.169813448446802795e-06 1.506566968600964174e-05 2.371528244111686945e-04
1.963172326213680208e-05 2.419563315925188363e-05 4.396360309328883886e-04 1.319148304901318625e-05 1.491945386078441516e-05 2.368504356127232313e-04
1.498249912401661277e-05 1.263474696315824986e-04 1.699130982160568237e-03 5.014597263652831316e-05 1.049148850142955780e-04 3.459366271272301674e-03
1.642807183088734746e-05 1.938241803145501763e-05 4.208124300930649042e-04 6.397314336936688051e-06 2.317701910214964300e-05 2.013639896176755428e-04
2.412185131106525660e-05 6.130238762125372887e-05 7.923787925392389297e-04 1.366105334454914555e-05 3.966717849834822118e-05 7.068900740705430508e-04
2.986472645716276020e-05 7.425118383252993226e-05 9.518011356703937054e-04 1.465900641051121056e-05 4.971929956809617579e-05 5.283943028189241886e-04
1.033354237733874470e-05 1.615430846868548542e-05 2.535626408644020557e-04 2.452276703479583375e-06 1.302828422922175378e-05 1.755184202920645475e-04
1.292206343350699171e-05 1.788452095752290916e-06 1.017701652017422020e-04 6.537292165376129560e-07 2.694958311622031033e-06 2.449026396789122373e-05
1.166048423328902572e-05 5.266358584776753560e-06 1.559092925162985921e-04 7.889656785664556082e-07 7.115631888154894114e-06 3.763645145227201283e-05
1.594595050846692175e-05 3.422399004193721339e-06 7.377159636234864593e-05 4.921695335724507459e-07 3.447998096817173064e-06 3.456718332017771900e-05
2.175688314309809357e-05 3.560546247172169387e-05 8.823651587590575218e-04 9.061197488335892558e-06 3.530534377205185592e-05 1.089577097445726395e-03
3.249846122344024479e-05 1.548543332319241017e-05 2.447673759888857603e-04 2.403391363259288482e-06 1.438728486391482875e-05 1.655888336244970560e-04
3.117413143627345562e-05 2.080123340419959277e-05 1.601218391442671418e-04 5.261196747596841305e-06 1.135773800342576578e-05 2.931918716058135033e-04
1.015057296172017232e-05 4.918775448459200561e-05 2.521260466892272234e-04 7.912417459010612220e-06 2.316886639164295048e-05 5.172363016754388809e-04
1.399395750922849402e-05 7.052337423374410719e-06 5.315715679898858070e-05 2.136520606654812582e-06 5.999785571475513279e-06 5.799863720312714577e-05
1.001025248115183786e-05 8.793636880000121891e-06 6.500605377368628979e-05 2.062911335087846965e-06 4.378555786388460547e-06 7.291165093192830682e-05
1.240298843185883015e-05 4.686750344262691215e-06 4.669153349823318422e-05 1.238317281604395248e-06 2.550169710957561620e-06 2.415872040728572756e-05
5.091932962386636063e-06 9.337863389191625174e-07 1.211681592394597828e-05 5.843981512043683324e-07 1.059322130458895117e-06 6.131590907898498699e-06
1.240391884493874386e-05 7.493997600249713287e-06 1.067591729224659503e-04 2.476878535162541084e-06 8.426555723417550325e-06 4.867375173489563167e-05
1.563228215673007071e-05 3.146940071019344032e-05 4.029179981444031000e-04 1.134860031015705317e-05 1.126223360188305378e-04 8.324704831466078758e-04
1.256434370588976890e-05 4.051915311720222235e-05 3.679642395582050085e-04 7.730855031695682555e-06 6.375691009452566504e-05 7.639663526788353920e-04
9.610587767383549362e-06 4.895070105703780428e-06 4.010718112112954259e-05 2.319991835975088179e-06 3.386346861589117907e-06 4.823945346288383007e-05
1.471070281695574522e-04 1.119036278396379203e-05 1.114978222176432610e-04 1.227264147019013762e-05 5.284098733682185411e-06 1.563907717354595661e-04
2.285565460624638945e-05 4.088315563421929255e-06 9.658501949161291122e-05 8.819883419164398219e-07 1.537408252261229791e-06 1.679404704191256315e-05
1.050007904268568382e-05 6.667846150776313152e-07 7.242215360747650266e-05 3.638770920133538311e-07 3.772967431814322481e-07 8.498220267938449979e-06
3.223905878257937729e-05 1.342507744084286969e-06 3.081882605329155922e-04 7.299116191461507697e-07 1.919857822940684855e-06 2.419339944026432931e-05
4.044872241593111539e-07 2.302073625060074846e-07 8.317906758747994900e-05 5.185336959812048008e-08 3.904164884716010420e-07 3.147655661450698972e-06
8.240685360760835465e-07 4.322398012845951598e-07 6.341845728456974030e-04 1.296692175856151152e-07 1.155867039415170439e-06 9.787815542949829251e-06
2.149569809262175113e-06 3.159107109240721911e-07 5.516108358278870583e-04 2.021714635702664964e-07 8.939938993535179179e-07 6.749220574420178309e-06
3.734591302873013774e-07 1.226588750569135300e-07 1.688417687546461821e-04 5.528932334186720254e-08 3.135183703761867946e-07 1.994801550608826801e-06
1.811745136137687950e-07 1.380302450115777901e-07 2.704454236663877964e-04 7.831098969290906098e-08 3.343259606936044293e-07 1.240415940628736280e-06
3.158439483286201721e-07 2.861090990791126387e-07 2.172471431549638510e-04 6.684665976308679092e-08 1.142704604717437178e-06 7.678657425458368380e-07
6.353911174983295496e-08 1.190404361750552198e-07 3.406208634260110557e-05 9.594544714275343722e-09 2.229119502317189472e-07 4.797604447048797738e-07
6.102563787635517656e-08 9.462188899078682880e-08 1.057825829775538296e-05 2.041110747086349875e-08 1.791318311461509438e-07 5.316117608344939072e-07
3.766839142826938769e-07 3.492745292987819994e-07 3.430420474614948034e-05 7.676151625446436810e-08 8.208473332160792779e-07 5.281370249576866627e-06
5.355709049581491854e-07 1.306968471226355177e-07 4.553431790554895997e-05 4.250318141885145451e-08 2.665404394974757452e-07 5.502901785803260282e-06
2.143063284165691584e-06 5.245690886113152374e-07 2.583688474260270596e-04 1.617082148186455015e-07 8.407689620071323588e-07 1.309965227846987545e-05
3.283541673226864077e-06 6.564947625520289876e-07 5.495853838510811329e-05 2.777161114408954745e-07 6.926366040715947747e-07 5.926833637204254046e-06
9.314640010416042060e-07 3.412784508327604271e-07 3.108125747530721128e-05 8.771228010573395295e-08 5.159897682460723445e-07 5.061663159722229466e-06
1.952492283407991636e-07 7.852602834645949770e-08 2.315678648301400244e-05 9.814213441927677195e-09 1.307142412088069250e-07 1.322536149928055238e-06
5.027902716392418370e-07 3.651523172720771981e-07 3.855560134979896247e-05 4.186849267284742382e-08 4.138155986765923444e-07 2.276272425660863519e-06
1.192655190607183613e-06 1.085105054698942695e-06 2.181667950935661793e-04 1.835342118283733726e-07 1.080643755813071039e-06 1.041031009663129225e-05
4.332534047080116579e-07 2.599030892724840669e-07 7.622705015819519758e-05 3.969269002368491783e-08 3.694520955832558684e-07 2.228642415502690710e-06
2.794046167764463462e-06 1.022038645714928862e-06 1.156689904746599495e-04 3.179726775215385715e-07 1.324298636973253451e-06 8.552342478651553392e-06
7.223783313747844659e-07 3.969977342421771027e-07 5.400260488386265934e-05 8.950266305873810779e-08 5.089099772703775670e-07 3.165611587974126451e-06
6.662701252935221419e-07 2.091541517756922985e-07 4.607796290656551719e-05 4.404681419600819936e-08 3.805198502959683537e-07 2.210480943176662549e-06
7.702107041041017510e-07 5.411269512478611432e-07 6.788003520341590047e-05 1.213334428484813543e-07 7.962323707033647224e-07 3.660339643829502165e-06
5.599006271950202063e-07 2.625633328534604516e-07 6.458352436311542988e-05 1.468952746108698193e-07 6.090997999308456201e-07 2.312564674866735004e-06
9.217289402840833645e-07 6.319141334643063601e-07 2.144188038073480129e-04 1.917525338512859889e-07 8.572895922043244354e-07 3.263197640990256332e-06
3.761016671433026204e-07 3.453521912888390943e-07 7.176448707468807697e-05 9.728693584065695177e-08 4.408402105582354125e-07 2.996404418809106573e-06
7.432104212057311088e-07 4.980479388905223459e-07 1.168819435406476259e-04 1.782341314537916332e-07 7.137691682146396488e-07 4.007429197372402996e-06
2.970479897612676723e-07 2.331576638425758574e-07 2.707150997593998909e-05 8.456926536837272579e-08 2.636150497892231215e-07 1.820419015530205797e-06
4.559279176419295254e-08 9.038864590138473432e-08 1.301460179092828184e-05 1.640506397393437510e-08 1.478600353266301681e-07 4.992476192455796991e-07
8.229554993022247800e-08 9.267962752801395254e-08 1.045561930368421599e-05 1.520039916158566484e-08 1.028052949436641939e-07 4.106709923235030146e-07
6.372429339762675227e-08 9.277491130887938198e-08 1.030044768413063139e-05 2.085245753846720618e-08 7.697488513258576859e-08 3.532459800226206426e-07
9.272928025438886834e-08 1.425088669293472776e-07 1.619127033336553723e-05 3.439766871338179044e-08 1.214710749763980857e-07 6.377443355631839950e-07
1.458821774491525503e-08 4.990599578036380990e-08 3.717456365848192945e-06 2.015303035562965306e-09 6.230847304777853424e-08 4.329767833155528933e-08
8.559876363278817735e-08 5.111179390837605752e-08 5.212798896536696702e-06 4.975873491019910944e-09 1.086368044411756273e-07 1.044105530922934122e-07
2.867685111596074421e-07 1.746085018794474308e-07 1.037706897477619350e-05 2.462601145225562504e-08 1.669768607825972140e-07 6.633002840317203663e-07
6.141797825875983108e-08 2.846075197737718554e-08 3.590342203096952289e-06 1.926168780030934613e-09 1.965404017312266660e-08 4.195737801637733355e-08
8.884465785286010941e-08 1.760556500585153117e-08 4.340825398685410619e-06 2.218667916054073430e-09 3.086639566163285053e-08 7.742490737427942804e-08
7.932827656986773945e-07 4.517558522820763756e-07 3.012467059306800365e-04 7.001987256671782234e-08 8.905468007469607983e-07 6.925417437741998583e-06
1.455789060855749995e-06 6.257026825551292859e-07 2.075908560073003173e-04 1.639283055965279345e-07 1.303301701227610465e-06 8.227707439800724387e-06
1.612149702623355552e-07 8.880198976157771540e-08 1.099958681152202189e-04 2.200585313971714641e-08 3.145696041428891476e-07 1.585367044754093513e-06
1.956121309376612771e-07 1.909412503664498217e-07 1.647254830459132791e-04 4.762127048252295936e-08 6.905380587340914644e-07 1.822955368879775051e-06
7.111807320825391798e-08 2.856251910543505801e-07 2.550918725319206715e-04 6.972869215360333328e-08 1.148749106505420059e-06 1.152175514107511844e-06
2.029367074385390879e-08 5.406399239404890977e-08 5.737308674724772573e-05 8.565357312306787207e-09 3.637861709648859687e-07 1.532320794694896904e-07
8.912465432331373449e-08 6.780718564414200955e-08 1.280686410609632730e-04 4.437609035790046619e-08 5.601647217190475203e-07 4.307171934669895563e-07
1.051452471756419982e-07 1.564609704018948833e-07 5.727505049435421824e-05 1.789501347104760498e-08 6.634391525039973203e-07 3.347942936215986265e-07
1.896199961493039154e-07 3.143202036426373525e-07 2.252620288345497102e-05 2.046732383575999847e-08 4.284439398816175526e-07 8.957907766671269201e-07
3.587393848647479899e-07 2.725545584780775243e-07 4.676649041357450187e-05 3.162310946436264203e-08 3.772842376292828703e-07 1.195336153614334762e-06
1.602418677748573828e-07 1.942906209251304972e-07 3.291551183792762458e-05 1.721061160253611888e-08 3.916392188330064528e-07 5.062082095719233621e-07
7.798375918355304748e-07 5.012597625864145812e-07 1.190966067952103913e-04 1.804450846520921914e-07 1.494980324423522688e-06 3.862252924591302872e-06
1.723098421280155890e-06 6.279076956161588896e-07 1.354154519503936172e-04 1.050905282795611129e-07 4.312374244364036713e-07 2.414151822449639440e-06
6.172464509290875867e-06 2.070482196359080262e-06 9.217439801432192326e-04 3.847535765544307651e-07 2.128334699591505341e-06 1.029688883136259392e-05
7.991563393261458259e-07 6.206718126122723334e-07 4.260113346390426159e-04 1.148136092865570390e-07 1.163349111266143154e-06 2.431055008855764754e-06
2.564612202604621416e-07 6.223015702744305599e-08 2.546771429479122162e-05 2.522010689176568121e-08 1.142148633448414330e-07 4.875298600381938741e-07
2.732926986936945468e-07 2.433953909530828241e-07 2.709870386752299964e-05 3.862848174662758538e-08 1.752325573534108116e-07 7.301098889911372680e-07
2.359722941491781967e-07 1.129563997892546467e-07 1.381677611789200455e-05 1.088011636340979749e-08 1.537304825660612551e-07 2.684755600057542324e-07
7.675703841414360795e-07 7.038519242996699177e-07 9.316282375948503613e-05 6.572647492930627777e-08 6.987581286921340507e-07 3.244441131755593233e-06
1.128360781876835972e-05 4.175962203589733690e-06 5.884630372747778893e-04 7.176918757068051491e-07 3.210192971891956404e-06 1.931527367560192943e-05
3.386021126061677933e-05 1.405350485583767295e-05 7.209461764432489872e-04 3.155695821988047101e-06 7.856619959056843072e-06 6.209058483364060521e-05
1.973634425667114556e-05 7.932229891594033688e-06 4.603565903380513191e-04 1.977339252334786579e-06 4.963578703609528020e-06 5.680309186573140323e-05
1.839288051996845752e-05 8.686682122061029077e-06 6.951387040317058563e-04 2.257615733469719999e-06 4.471853117138380185e-06 4.792414983967319131e-05
2.800963784466148354e-06 1.897192646538314875e-06 4.371050454210489988e-04 2.788385131680115592e-07 2.200498556703678332e-06 8.941790838434826583e-06
2.032999759649101179e-07 7.521163638557482045e-07 6.506474164780229330e-05 4.303792877635714831e-08 1.289846863983257208e-06 1.799046231099055149e-06
1.544495553673641552e-08 1.850148656501460209e-08 4.957486908097052947e-06 7.734926588121027180e-10 4.207882042805977107e-08 1.804879730116226710e-07
2.651264878750225762e-07 5.021456672693602741e-07 2.223530755145475268e-04 7.299626503254330601e-08 1.951430476765381172e-06 2.070062691927887499e-06
1.681049326407446642e-07 2.426301932700880570e-07 8.376743789995089173e-05 4.368099126850211178e-08 8.136380529322195798e-07 7.925224849714140873e-07
3.007834266099962406e-07 1.108196414634221583e-07 2.305458838236518204e-05 2.423201550527664949e-08 2.676090957720589358e-07 3.772601075979764573e-07
3.896266065339659690e-08 3.385057212312858610e-08 8.351110409421380609e-06 4.199660175174813048e-09 1.446021400397512480e-07 9.461594885351587436e-08
1.763003325550016598e-07 6.526976648046911578e-08 2.391543785051908344e-05 8.984531341127421911e-09 2.080829091255509411e-07 3.635567225046543172e-07
