7.350000000000000000e+02 1.150000000000000000e+02 9.110000000000000000e+02 3.900000000000000000e+02 3.970000000000000000e+02
3.970000000000000000e+02 3.900000000000000000e+02 2.200000000000000000e+01 2.770000000000000000e+02 2.900000000000000000e+01
5.900000000000000000e+01 6.440000000000000000e+02 1.110000000000000000e+02 6.020000000000000000e+02 6.000000000000000000e+01
6.440000000000000000e+02 1.110000000000000000e+02 8.180000000000000000e+02 6.260000000000000000e+02 5.300000000000000000e+02
6.440000000000000000e+02 8.180000000000000000e+02 1.110000000000000000e+02 6.260000000000000000e+02 5.300000000000000000e+02
6.440000000000000000e+02 8.180000000000000000e+02 1.110000000000000000e+02 6.260000000000000000e+02 5.300000000000000000e+02
6.440000000000000000e+02 8.180000000000000000e+02 1.110000000000000000e+02 6.260000000000000000e+02 5.300000000000000000e+02
6.440000000000000000e+02 8.180000000000000000e+02 1.110000000000000000e+02 6.260000000000000000e+02 5.300000000000000000e+02
6.440000000000000000e+02 8.180000000000000000e+02 1.110000000000000000e+02 6.260000000000000000e+02 5.300000000000000000e+02
6.440000000000000000e+02 8.180000000000000000e+02 1.110000000000000000e+02 6.260000000000000000e+02 5.300000000000000000e+02
6.440000000000000000e+02 8.180000000000000000e+02 1.110000000000000000e+02 6.260000000000000000e+02 5.300000000000000000e+02
6.440000000000000000e+02 8.180000000000000000e+02 1.110000000000000000e+02 6.260000000000000000e+02 5.300000000000000000e+02
6.440000000000000000e+02 8.180000000000000000e+02 1.110000000000000000e+02 6.260000000000000000e+02 5.300000000000000000e+02
6.440000000000000000e+02 8.180000000000000000e+02 1.110000000000000000e+02 6.260000000000000000e+02 5.300000000000000000e+02
6.440000000000000000e+02 8.180000000000000000e+02 1.110000000000000000e+02 6.260000000000000000e+02 5.300000000000000000e+02
6.440000000000000000e+02 8.180000000000000000e+02 1.110000000000000000e+02 6.260000000000000000e+02 5.300000000000000000e+02
6.440000000000000000e+02 8.180000000000000000e+02 1.110000000000000000e+02 6.260000000000000000e+02 5.300000000000000000e+02
6.440000000000000000e+02 8.180000000000000000e+02 1.110000000000000000e+02 6.260000000000000000e+02 5.300000000000000000e+02
6.440000000000000000e+02 8.180000000000000000e+02 1.110000000000000000e+02 6.260000000000000000e+02 5.300000000000000000e+02
6.440000000000000000e+02 8.180000000000000000e+02 1.110000000000000000e+02 6.260000000000000000e+02 5.300000000000000000e+02
6.440000000000000000e+02 8.180000000000000000e+02 1.110000000000000000e+02 6.260000000000000000e+02 5.300000000000000000e+02
6.440000000000000000e+02 8.180000000000000000e+02 1.110000000000000000e+02 6.260000000000000000e+02 5.300000000000000000e+02
6.440000000000000000e+02 8.180000000000000000e+02 1.110000000000000000e+02 6.260000000000000000e+02 5.300000000000000000e+02
6.440000000000000000e+02 8.180000000000000000e+02 1.110000000000000000e+02 6.260000000000000000e+02 5.300000000000000000e+02
6.440000000000000000e+02 8.180000000000000000e+02 1.110000000000000000e+02 6.260000000000000000e+02 5.300000000000000000e+02
6.440000000000000000e+02 8.180000000000000000e+02 1.110000000000000000e+02 6.260000000000000000e+02 5.300000000000000000e+02
6.440000000000000000e+02 8.180000000000000000e+02 1.110000000000000000e+02 6.260000000000000000e+02 5.300000000000000000e+02
6.440000000000000000e+02 8.180000000000000000e+02 1.110000000000000000e+02 6.260000000000000000e+02 5.300000000000000000e+02
6.440000000000000000e+02 8.180000000000000000e+02 1.110000000000000000e+02 6.260000000000000000e+02 5.300000000000000000e+02
6.440000000000000000e+02 8.180000000000000000e+02 1.110000000000000000e+02 6.260000000000000000e+02 5.300000000000000000e+02
6.440000000000000000e+02 8.180000000000000000e+02 1.110000000000000000e+02 6.260000000000000000e+02 5.300000000000000000e+02
6.440000000000000000e+02 8.180000000000000000e+02 1.110000000000000000e+02 6.260000000000000000e+02 5.300000000000000000e+02
6.440000000000000000e+02 8.180000000000000000e+02 1.110000000000000000e+02 6.260000000000000000e+02 5.300000000000000000e+02
6.440000000000000000e+02 8.180000000000000000e+02 1.110000000000000000e+02 6.260000000000000000e+02 5.300000000000000000e+02
6.440000000000000000e+02 8.180000000000000000e+02 1.110000000000000000e+02 6.260000000000000000e+02 5.300000000000000000e+02
6.440000000000000000e+02 8.180000000000000000e+02 1.110000000000000000e+02 6.260000000000000000e+02 5.300000000000000000e+02
6.440000000000000000e+02 8.180000000000000000e+02 1.110000000000000000e+02 6.260000000000000000e+02 5.300000000000000000e+02
6.440000000000000000e+02 8.180000000000000000e+02 1.110000000000000000e+02 6.260000000000000000e+02 5.300000000000000000e+02
6.440000000000000000e+02 8.180000000000000000e+02 1.110000000000000000e+02 6.260000000000000000e+02 5.300000000000000000e+02
6.440000000000000000e+02 8.180000000000000000e+02 1.110000000000000000e+02 6.260000000000000000e+02 5.300000000000000000e+02
6.440000000000000000e+02 8.180000000000000000e+02 1.110000000000000000e+02 6.260000000000000000e+02 5.300000000000000000e+02
6.440000000000000000e+02 8.180000000000000000e+02 1.110000000000000000e+02 6.260000000000000000e+02 5.300000000000000000e+02
6.440000000000000000e+02 8.180000000000000000e+02 1.110000000000000000e+02 6.260000000000000000e+02 5.300000000000000000e+02
6.440000000000000000e+02 8.180000000000000000e+02 1.110000000000000000e+02 6.260000000000000000e+02 5.300000000000000000e+02
6.440000000000000000e+02 8.180000000000000000e+02 1.110000000000000000e+02 6.260000000000000000e+02 5.300000000000000000e+02
6.440000000000000000e+02 8.180000000000000000e+02 1.110000000000000000e+02 6.260000000000000000e+02 5.300000000000000000e+02
6.440000000000000000e+02 8.180000000000000000e+02 1.110000000000000000e+02 6.260000000000000000e+02 5.300000000000000000e+02
6.440000000000000000e+02 8.180000000000000000e+02 1.110000000000000000e+02 6.260000000000000000e+02 5.300000000000000000e+02
6.440000000000000000e+02 8.180000000000000000e+02 1.110000000000000000e+02 6.260000000000000000e+02 5.300000000000000000e+02
6.440000000000000000e+02 8.180000000000000000e+02 1.110000000000000000e+02 6.260000000000000000e+02 5.300000000000000000e+02
6.440000000000000000e+02 8.180000000000000000e+02 1.110000000000000000e+02 6.260000000000000000e+02 5.300000000000000000e+02
6.440000000000000000e+02 8.180000000000000000e+02 1.110000000000000000e+02 6.260000000000000000e+02 5.300000000000000000e+02
6.440000000000000000e+02 8.180000000000000000e+02 1.110000000000000000e+02 6.260000000000000000e+02 5.300000000000000000e+02
6.440000000000000000e+02 8.180000000000000000e+02 1.110000000000000000e+02 6.260000000000000000e+02 5.300000000000000000e+02
6.440000000000000000e+02 8.180000000000000000e+02 1.110000000000000000e+02 6.260000000000000000e+02 5.300000000000000000e+02
6.440000000000000000e+02 8.180000000000000000e+02 1.110000000000000000e+02 6.260000000000000000e+02 5.300000000000000000e+02
6.440000000000000000e+02 8.180000000000000000e+02 1.110000000000000000e+02 6.260000000000000000e+02 5.300000000000000000e+02
6.440000000000000000e+02 8.180000000000000000e+02 1.110000000000000000e+02 6.260000000000000000e+02 5.300000000000000000e+02
6.440000000000000000e+02 8.180000000000000000e+02 1.110000000000000000e+02 6.260000000000000000e+02 5.300000000000000000e+02
6.440000000000000000e+02 8.180000000000000000e+02 1.110000000000000000e+02 6.260000000000000000e+02 5.300000000000000000e+02
6.440000000000000000e+02 8.180000000000000000e+02 1.110000000000000000e+02 6.260000000000000000e+02 5.300000000000000000e+02
6.440000000000000000e+02 8.180000000000000000e+02 1.110000000000000000e+02 6.260000000000000000e+02 5.300000000000000000e+02
6.440000000000000000e+02 8.180000000000000000e+02 1.110000000000000000e+02 6.260000000000000000e+02 5.300000000000000000e+02
6.440000000000000000e+02 8.180000000000000000e+02 1.110000000000000000e+02 6.260000000000000000e+02 5.300000000000000000e+02
6.440000000000000000e+02 8.180000000000000000e+02 1.110000000000000000e+02 6.260000000000000000e+02 5.300000000000000000e+02
6.440000000000000000e+02 8.180000000000000000e+02 1.110000000000000000e+02 6.260000000000000000e+02 5.300000000000000000e+02
6.440000000000000000e+02 8.180000000000000000e+02 1.110000000000000000e+02 6.260000000000000000e+02 5.300000000000000000e+02
6.440000000000000000e+02 8.180000000000000000e+02 1.110000000000000000e+02 6.260000000000000000e+02 5.300000000000000000e+02
6.440000000000000000e+02 8.180000000000000000e+02 1.110000000000000000e+02 6.260000000000000000e+02 5.300000000000000000e+02
6.440000000000000000e+02 8.180000000000000000e+02 1.110000000000000000e+02 6.260000000000000000e+02 5.300000000000000000e+02
6.440000000000000000e+02 8.180000000000000000e+02 1.110000000000000000e+02 6.260000000000000000e+02 5.300000000000000000e+02
6.440000000000000000e+02 8.180000000000000000e+02 1.110000000000000000e+02 6.260000000000000000e+02 5.300000000000000000e+02
6.440000000000000000e+02 8.180000000000000000e+02 1.110000000000000000e+02 6.260000000000000000e+02 5.300000000000000000e+02
6.440000000000000000e+02 8.180000000000000000e+02 1.110000000000000000e+02 6.260000000000000000e+02 5.300000000000000000e+02
6.440000000000000000e+02 8.180000000000000000e+02 1.110000000000000000e+02 6.260000000000000000e+02 5.300000000000000000e+02
6.440000000000000000e+02 8.180000000000000000e+02 1.110000000000000000e+02 6.260000000000000000e+02 5.300000000000000000e+02
6.440000000000000000e+02 8.180000000000000000e+02 1.110000000000000000e+02 6.260000000000000000e+02 5.300000000000000000e+02
6.440000000000000000e+02 8.180000000000000000e+02 1.110000000000000000e+02 6.260000000000000000e+02 5.300000000000000000e+02
6.440000000000000000e+02 8.180000000000000000e+02 1.110000000000000000e+02 6.260000000000000000e+02 5.300000000000000000e+02
6.440000000000000000e+02 8.180000000000000000e+02 1.110000000000000000e+02 6.260000000000000000e+02 5.300000000000000000e+02
6.440000000000000000e+02 8.180000000000000000e+02 1.110000000000000000e+02 6.260000000000000000e+02 5.300000000000000000e+02
6.440000000000000000e+02 8.180000000000000000e+02 1.110000000000000000e+02 6.260000000000000000e+02 5.300000000000000000e+02
6.440000000000000000e+02 8.180000000000000000e+02 1.110000000000000000e+02 6.260000000000000000e+02 5.300000000000000000e+02
6.440000000000000000e+02 8.180000000000000000e+02 1.110000000000000000e+02 6.260000000000000000e+02 5.300000000000000000e+02
6.440000000000000000e+02 8.180000000000000000e+02 1.110000000000000000e+02 6.260000000000000000e+02 5.300000000000000000e+02
6.440000000000000000e+02 8.180000000000000000e+02 1.110000000000000000e+02 6.260000000000000000e+02 5.300000000000000000e+02
6.440000000000000000e+02 8.180000000000000000e+02 1.110000000000000000e+02 6.260000000000000000e+02 5.300000000000000000e+02
6.440000000000000000e+02 8.180000000000000000e+02 1.110000000000000000e+02 6.260000000000000000e+02 5.300000000000000000e+02
6.440000000000000000e+02 8.180000000000000000e+02 1.110000000000000000e+02 6.260000000000000000e+02 5.300000000000000000e+02
6.440000000000000000e+02 8.180000000000000000e+02 1.110000000000000000e+02 6.260000000000000000e+02 5.300000000000000000e+02
6.440000000000000000e+02 8.180000000000000000e+02 1.110000000000000000e+02 6.260000000000000000e+02 5.300000000000000000e+02
6.440000000000000000e+02 8.180000000000000000e+02 1.110000000000000000e+02 6.260000000000000000e+02 5.300000000000000000e+02
6.440000000000000000e+02 8.180000000000000000e+02 1.110000000000000000e+02 6.260000000000000000e+02 5.300000000000000000e+02
6.440000000000000000e+02 8.180000000000000000e+02 1.110000000000000000e+02 6.260000000000000000e+02 5.300000000000000000e+02
6.440000000000000000e+02 8.180000000000000000e+02 1.110000000000000000e+02 6.260000000000000000e+02 5.300000000000000000e+02
6.440000000000000000e+02 8.180000000000000000e+02 1.110000000000000000e+02 6.260000000000000000e+02 5.300000000000000000e+02
6.440000000000000000e+02 8.180000000000000000e+02 1.110000000000000000e+02 6.260000000000000000e+02 5.300000000000000000e+02
6.440000000000000000e+02 8.180000000000000000e+02 1.110000000000000000e+02 6.260000000000000000e+02 5.300000000000000000e+02
6.440000000000000000e+02 8.180000000000000000e+02 1.110000000000000000e+02 6.260000000000000000e+02 5.300000000000000000e+02
6.440000000000000000e+02 8.180000000000000000e+02 1.110000000000000000e+02 6.260000000000000000e+02 5.300000000000000000e+02
6.440000000000000000e+02 8.180000000000000000e+02 1.110000000000000000e+02 6.260000000000000000e+02 5.300000000000000000e+02
