2.308082068338990211e-03 2.782356168609112501e-04 7.808838854543864727e-04 5.960041889920830727e-04 1.217174925841391087e-03 8.676379802636802197e-04
1.487255329266190529e-03 8.045790600590407848e-04 1.511021633632481098e-03 2.071605529636144638e-03 1.130475080572068691e-03 2.083101077005267143e-03
4.687423061113804579e-04 3.952698025386780500e-04 7.490750285796821117e-04 1.222573337145149708e-03 4.422159690875560045e-04 6.852921796962618828e-04
1.040830684360116720e-04 5.748475814471021295e-05 1.044345845002681017e-04 2.207736688433215022e-04 4.679081393987871706e-05 9.407794277649372816e-05
8.544488082407042384e-05 4.373146293801255524e-05 7.874782750150188804e-05 1.818450255086645484e-04 3.573900539777241647e-05 8.276062726508826017e-05
8.464014536002650857e-05 4.502298543229699135e-05 7.762155291857197881e-05 1.847209205152466893e-04 3.380328053026460111e-05 9.134835272561758757e-05
8.430500747635960579e-05 4.626569716492667794e-05 7.850005204090848565e-05 1.868970721261575818e-04 3.389073026482947171e-05 9.388767648488283157e-05
8.430500747635960579e-05 4.626569716492667794e-05 7.850005204090848565e-05 1.868970721261575818e-04 3.389073026482947171e-05 9.388767648488283157e-05
8.430500747635960579e-05 4.626569716492667794e-05 7.850005204090848565e-05 1.868970721261575818e-04 3.389073026482947171e-05 9.388767648488283157e-05
8.430500747635960579e-05 4.626569716492667794e-05 7.850005204090848565e-05 1.868970721261575818e-04 3.389073026482947171e-05 9.388767648488283157e-05
8.430500747635960579e-05 4.626569716492667794e-05 7.850005204090848565e-05 1.868970721261575818e-04 3.389073026482947171e-05 9.388767648488283157e-05
8.430500747635960579e-05 4.626569716492667794e-05 7.850005204090848565e-05 1.868970721261575818e-04 3.389073026482947171e-05 9.388767648488283157e-05
8.430500747635960579e-05 4.626569716492667794e-05 7.850005204090848565e-05 1.868970721261575818e-04 3.389073026482947171e-05 9.388767648488283157e-05
8.430500747635960579e-05 4.626569716492667794e-05 7.850005204090848565e-05 1.868970721261575818e-04 3.389073026482947171e-05 9.388767648488283157e-05
8.430500747635960579e-05 4.626569716492667794e-05 7.850005204090848565e-05 1.868970721261575818e-04 3.389073026482947171e-05 9.388767648488283157e-05
8.430500747635960579e-05 4.626569716492667794e-05 7.850005204090848565e-05 1.868970721261575818e-04 3.389073026482947171e-05 9.388767648488283157e-05
8.430500747635960579e-05 4.626569716492667794e-05 7.850005204090848565e-05 1.868970721261575818e-04 3.389073026482947171e-05 9.388767648488283157e-05
8.430500747635960579e-05 4.626569716492667794e-05 7.850005204090848565e-05 1.868970721261575818e-04 3.389073026482947171e-05 9.388767648488283157e-05
8.430500747635960579e-05 4.626569716492667794e-05 7.850005204090848565e-05 1.868970721261575818e-04 3.389073026482947171e-05 9.388767648488283157e-05
8.430500747635960579e-05 4.626569716492667794e-05 7.850005204090848565e-05 1.868970721261575818e-04 3.389073026482947171e-05 9.388767648488283157e-05
8.430500747635960579e-05 4.626569716492667794e-05 7.850005204090848565e-05 1.868970721261575818e-04 3.389073026482947171e-05 9.388767648488283157e-05
8.430500747635960579e-05 4.626569716492667794e-05 7.850005204090848565e-05 1.868970721261575818e-04 3.389073026482947171e-05 9.388767648488283157e-05
8.430500747635960579e-05 4.626569716492667794e-05 7.850005204090848565e-05 1.868970721261575818e-04 3.389073026482947171e-05 9.388767648488283157e-05
8.430500747635960579e-05 4.626569716492667794e-05 7.850005204090848565e-05 1.868970721261575818e-04 3.389073026482947171e-05 9.388767648488283157e-05
8.430500747635960579e-05 4.626569716492667794e-05 7.850005204090848565e-05 1.868970721261575818e-04 3.389073026482947171e-05 9.388767648488283157e-05
8.430500747635960579e-05 4.626569716492667794e-05 7.850005204090848565e-05 1.868970721261575818e-04 3.389073026482947171e-05 9.388767648488283157e-05
8.430500747635960579e-05 4.626569716492667794e-05 7.850005204090848565e-05 1.868970721261575818e-04 3.389073026482947171e-05 9.388767648488283157e-05
8.430500747635960579e-05 4.626569716492667794e-05 7.850005204090848565e-05 1.868970721261575818e-04 3.389073026482947171e-05 9.388767648488283157e-05
8.430500747635960579e-05 4.626569716492667794e-05 7.850005204090848565e-05 1.868970721261575818e-04 3.389073026482947171e-05 9.388767648488283157e-05
8.430500747635960579e-05 4.626569716492667794e-05 7.850005204090848565e-05 1.868970721261575818e-04 3.389073026482947171e-05 9.388767648488283157e-05
8.430500747635960579e-05 4.626569716492667794e-05 7.850005204090848565e-05 1.868970721261575818e-04 3.389073026482947171e-05 9.388767648488283157e-05
8.430500747635960579e-05 4.626569716492667794e-05 7.850005204090848565e-05 1.868970721261575818e-04 3.389073026482947171e-05 9.388767648488283157e-05
8.430500747635960579e-05 4.626569716492667794e-05 7.850005204090848565e-05 1.868970721261575818e-04 3.389073026482947171e-05 9.388767648488283157e-05
8.430500747635960579e-05 4.626569716492667794e-05 7.850005204090848565e-05 1.868970721261575818e-04 3.389073026482947171e-05 9.388767648488283157e-05
8.430500747635960579e-05 4.626569716492667794e-05 7.850005204090848565e-05 1.868970721261575818e-04 3.389073026482947171e-05 9.388767648488283157e-05
8.430500747635960579e-05 4.626569716492667794e-05 7.850005204090848565e-05 1.868970721261575818e-04 3.389073026482947171e-05 9.388767648488283157e-05
8.430500747635960579e-05 4.626569716492667794e-05 7.850005204090848565e-05 1.868970721261575818e-04 3.389073026482947171e-05 9.388767648488283157e-05
8.430500747635960579e-05 4.626569716492667794e-05 7.850005204090848565e-05 1.868970721261575818e-04 3.389073026482947171e-05 9.388767648488283157e-05
8.430500747635960579e-05 4.626569716492667794e-05 7.850005204090848565e-05 1.868970721261575818e-04 3.389073026482947171e-05 9.388767648488283157e-05
8.430500747635960579e-05 4.626569716492667794e-05 7.850005204090848565e-05 1.868970721261575818e-04 3.389073026482947171e-05 9.388767648488283157e-05
8.430500747635960579e-05 4.626569716492667794e-05 7.850005204090848565e-05 1.868970721261575818e-04 3.389073026482947171e-05 9.388767648488283157e-05
8.430500747635960579e-05 4.626569716492667794e-05 7.850005204090848565e-05 1.868970721261575818e-04 3.389073026482947171e-05 9.388767648488283157e-05
8.430500747635960579e-05 4.626569716492667794e-05 7.850005204090848565e-05 1.868970721261575818e-04 3.389073026482947171e-05 9.388767648488283157e-05
8.430500747635960579e-05 4.626569716492667794e-05 7.850005204090848565e-05 1.868970721261575818e-04 3.389073026482947171e-05 9.388767648488283157e-05
8.430500747635960579e-05 4.626569716492667794e-05 7.850005204090848565e-05 1.868970721261575818e-04 3.389073026482947171e-05 9.388767648488283157e-05
8.430500747635960579e-05 4.626569716492667794e-05 7.850005204090848565e-05 1.868970721261575818e-04 3.389073026482947171e-05 9.388767648488283157e-05
8.430500747635960579e-05 4.626569716492667794e-05 7.850005204090848565e-05 1.868970721261575818e-04 3.389073026482947171e-05 9.388767648488283157e-05
8.430500747635960579e-05 4.626569716492667794e-05 7.850005204090848565e-05 1.868970721261575818e-04 3.389073026482947171e-05 9.388767648488283157e-05
8.430500747635960579e-05 4.626569716492667794e-05 7.850005204090848565e-05 1.868970721261575818e-04 3.389073026482947171e-05 9.388767648488283157e-05
8.430500747635960579e-05 4.626569716492667794e-05 7.850005204090848565e-05 1.868970721261575818e-04 3.389073026482947171e-05 9.388767648488283157e-05
8.430500747635960579e-05 4.626569716492667794e-05 7.850005204090848565e-05 1.868970721261575818e-04 3.389073026482947171e-05 9.388767648488283157e-05
8.430500747635960579e-05 4.626569716492667794e-05 7.850005204090848565e-05 1.868970721261575818e-04 3.389073026482947171e-05 9.388767648488283157e-05
8.430500747635960579e-05 4.626569716492667794e-05 7.850005204090848565e-05 1.868970721261575818e-04 3.389073026482947171e-05 9.388767648488283157e-05
8.430500747635960579e-05 4.626569716492667794e-05 7.850005204090848565e-05 1.868970721261575818e-04 3.389073026482947171e-05 9.388767648488283157e-05
8.430500747635960579e-05 4.626569716492667794e-05 7.850005204090848565e-05 1.868970721261575818e-04 3.389073026482947171e-05 9.388767648488283157e-05
8.430500747635960579e-05 4.626569716492667794e-05 7.850005204090848565e-05 1.868970721261575818e-04 3.389073026482947171e-05 9.388767648488283157e-05
8.430500747635960579e-05 4.626569716492667794e-05 7.850005204090848565e-05 1.868970721261575818e-04 3.389073026482947171e-05 9.388767648488283157e-05
8.430500747635960579e-05 4.626569716492667794e-05 7.850005204090848565e-05 1.868970721261575818e-04 3.389073026482947171e-05 9.388767648488283157e-05
8.430500747635960579e-05 4.626569716492667794e-05 7.850005204090848565e-05 1.868970721261575818e-04 3.389073026482947171e-05 9.388767648488283157e-05
8.430500747635960579e-05 4.626569716492667794e-05 7.850005204090848565e-05 1.868970721261575818e-04 3.389073026482947171e-05 9.388767648488283157e-05
8.430500747635960579e-05 4.626569716492667794e-05 7.850005204090848565e-05 1.868970721261575818e-04 3.389073026482947171e-05 9.388767648488283157e-05
8.430500747635960579e-05 4.626569716492667794e-05 7.850005204090848565e-05 1.868970721261575818e-04 3.389073026482947171e-05 9.388767648488283157e-05
8.430500747635960579e-05 4.626569716492667794e-05 7.850005204090848565e-05 1.868970721261575818e-04 3.389073026482947171e-05 9.388767648488283157e-05
8.430500747635960579e-05 4.626569716492667794e-05 7.850005204090848565e-05 1.868970721261575818e-04 3.389073026482947171e-05 9.388767648488283157e-05
8.430500747635960579e-05 4.626569716492667794e-05 7.850005204090848565e-05 1.868970721261575818e-04 3.389073026482947171e-05 9.388767648488283157e-05
8.430500747635960579e-05 4.626569716492667794e-05 7.850005204090848565e-05 1.868970721261575818e-04 3.389073026482947171e-05 9.388767648488283157e-05
8.430500747635960579e-05 4.626569716492667794e-05 7.850005204090848565e-05 1.868970721261575818e-04 3.389073026482947171e-05 9.388767648488283157e-05
8.430500747635960579e-05 4.626569716492667794e-05 7.850005204090848565e-05 1.868970721261575818e-04 3.389073026482947171e-05 9.388767648488283157e-05
8.430500747635960579e-05 4.626569716492667794e-05 7.850005204090848565e-05 1.868970721261575818e-04 3.389073026482947171e-05 9.388767648488283157e-05
8.430500747635960579e-05 4.626569716492667794e-05 7.850005204090848565e-05 1.868970721261575818e-04 3.389073026482947171e-05 9.388767648488283157e-05
8.430500747635960579e-05 4.626569716492667794e-05 7.850005204090848565e-05 1.868970721261575818e-04 3.389073026482947171e-05 9.388767648488283157e-05
8.430500747635960579e-05 4.626569716492667794e-05 7.850005204090848565e-05 1.868970721261575818e-04 3.389073026482947171e-05 9.388767648488283157e-05
8.430500747635960579e-05 4.626569716492667794e-05 7.850005204090848565e-05 1.868970721261575818e-04 3.389073026482947171e-05 9.388767648488283157e-05
8.430500747635960579e-05 4.626569716492667794e-05 7.850005204090848565e-05 1.868970721261575818e-04 3.389073026482947171e-05 9.388767648488283157e-05
8.430500747635960579e-05 4.626569716492667794e-05 7.850005204090848565e-05 1.868970721261575818e-04 3.389073026482947171e-05 9.388767648488283157e-05
8.430500747635960579e-05 4.626569716492667794e-05 7.850005204090848565e-05 1.868970721261575818e-04 3.389073026482947171e-05 9.388767648488283157e-05
8.430500747635960579e-05 4.626569716492667794e-05 7.850005204090848565e-05 1.868970721261575818e-04 3.389073026482947171e-05 9.388767648488283157e-05
8.430500747635960579e-05 4.626569716492667794e-05 7.850005204090848565e-05 1.868970721261575818e-04 3.389073026482947171e-05 9.388767648488283157e-05
8.430500747635960579e-05 4.626569716492667794e-05 7.850005204090848565e-05 1.868970721261575818e-04 3.389073026482947171e-05 9.388767648488283157e-05
8.430500747635960579e-05 4.626569716492667794e-05 7.850005204090848565e-05 1.868970721261575818e-04 3.389073026482947171e-05 9.388767648488283157e-05
8.430500747635960579e-05 4.626569716492667794e-05 7.850005204090848565e-05 1.868970721261575818e-04 3.389073026482947171e-05 9.388767648488283157e-05
8.430500747635960579e-05 4.626569716492667794e-05 7.850005204090848565e-05 1.868970721261575818e-04 3.389073026482947171e-05 9.388767648488283157e-05
8.430500747635960579e-05 4.626569716492667794e-05 7.850005204090848565e-05 1.868970721261575818e-04 3.389073026482947171e-05 9.388767648488283157e-05
8.430500747635960579e-05 4.626569716492667794e-05 7.850005204090848565e-05 1.868970721261575818e-04 3.389073026482947171e-05 9.388767648488283157e-05
8.430500747635960579e-05 4.626569716492667794e-05 7.850005204090848565e-05 1.868970721261575818e-04 3.389073026482947171e-05 9.388767648488283157e-05
8.430500747635960579e-05 4.626569716492667794e-05 7.850005204090848565e-05 1.868970721261575818e-04 3.389073026482947171e-05 9.388767648488283157e-05
8.430500747635960579e-05 4.626569716492667794e-05 7.850005204090848565e-05 1.868970721261575818e-04 3.389073026482947171e-05 9.388767648488283157e-05
8.430500747635960579e-05 4.626569716492667794e-05 7.850005204090848565e-05 1.868970721261575818e-04 3.389073026482947171e-05 9.388767648488283157e-05
8.430500747635960579e-05 4.626569716492667794e-05 7.850005204090848565e-05 1.868970721261575818e-04 3.389073026482947171e-05 9.388767648488283157e-05
8.430500747635960579e-05 4.626569716492667794e-05 7.850005204090848565e-05 1.868970721261575818e-04 3.389073026482947171e-05 9.388767648488283157e-05
8.430500747635960579e-05 4.626569716492667794e-05 7.850005204090848565e-05 1.868970721261575818e-04 3.389073026482947171e-05 9.388767648488283157e-05
8.430500747635960579e-05 4.626569716492667794e-05 7.850005204090848565e-05 1.868970721261575818e-04 3.389073026482947171e-05 9.388767648488283157e-05
8.430500747635960579e-05 4.626569716492667794e-05 7.850005204090848565e-05 1.868970721261575818e-04 3.389073026482947171e-05 9.388767648488283157e-05
8.430500747635960579e-05 4.626569716492667794e-05 7.850005204090848565e-05 1.868970721261575818e-04 3.389073026482947171e-05 9.388767648488283157e-05
8.430500747635960579e-05 4.626569716492667794e-05 7.850005204090848565e-05 1.868970721261575818e-04 3.389073026482947171e-05 9.388767648488283157e-05
8.430500747635960579e-05 4.626569716492667794e-05 7.850005204090848565e-05 1.868970721261575818e-04 3.389073026482947171e-05 9.388767648488283157e-05
8.430500747635960579e-05 4.626569716492667794e-05 7.850005204090848565e-05 1.868970721261575818e-04 3.389073026482947171e-05 9.388767648488283157e-05
8.430500747635960579e-05 4.626569716492667794e-05 7.850005204090848565e-05 1.868970721261575818e-04 3.389073026482947171e-05 9.388767648488283157e-05
8.430500747635960579e-05 4.626569716492667794e-05 7.850005204090848565e-05 1.868970721261575818e-04 3.389073026482947171e-05 9.388767648488283157e-05
8.430500747635960579e-05 4.626569716492667794e-05 7.850005204090848565e-05 1.868970721261575818e-04 3.389073026482947171e-05 9.388767648488283157e-05
8.430500747635960579e-05 4.626569716492667794e-05 7.850005204090848565e-05 1.868970721261575818e-04 3.389073026482947171e-05 9.388767648488283157e-05
