1.800000000000000000e+01 1.280000000000000000e+02 1.400000000000000000e+01 8.500000000000000000e+01 8.600000000000000000e+01
2.770000000000000000e+02 9.920000000000000000e+02 1.290000000000000000e+02 1.320000000000000000e+02 2.690000000000000000e+02
5.900000000000000000e+01 6.440000000000000000e+02 9.860000000000000000e+02 1.110000000000000000e+02 9.850000000000000000e+02
6.440000000000000000e+02 8.180000000000000000e+02 1.110000000000000000e+02 6.260000000000000000e+02 5.300000000000000000e+02
6.440000000000000000e+02 8.180000000000000000e+02 1.110000000000000000e+02 6.260000000000000000e+02 5.300000000000000000e+02
6.440000000000000000e+02 8.180000000000000000e+02 1.110000000000000000e+02 6.260000000000000000e+02 5.300000000000000000e+02
6.440000000000000000e+02 8.180000000000000000e+02 1.110000000000000000e+02 6.260000000000000000e+02 5.300000000000000000e+02
6.440000000000000000e+02 8.180000000000000000e+02 1.110000000000000000e+02 6.260000000000000000e+02 5.300000000000000000e+02
6.440000000000000000e+02 8.180000000000000000e+02 1.110000000000000000e+02 6.260000000000000000e+02 5.300000000000000000e+02
6.440000000000000000e+02 8.180000000000000000e+02 1.110000000000000000e+02 6.260000000000000000e+02 5.300000000000000000e+02
6.440000000000000000e+02 8.180000000000000000e+02 1.110000000000000000e+02 6.260000000000000000e+02 5.300000000000000000e+02
6.440000000000000000e+02 8.180000000000000000e+02 1.110000000000000000e+02 6.260000000000000000e+02 5.300000000000000000e+02
6.440000000000000000e+02 8.180000000000000000e+02 1.110000000000000000e+02 6.260000000000000000e+02 5.300000000000000000e+02
6.440000000000000000e+02 8.180000000000000000e+02 1.110000000000000000e+02 6.260000000000000000e+02 5.300000000000000000e+02
6.440000000000000000e+02 8.180000000000000000e+02 1.110000000000000000e+02 6.260000000000000000e+02 5.300000000000000000e+02
6.440000000000000000e+02 8.180000000000000000e+02 1.110000000000000000e+02 6.260000000000000000e+02 5.300000000000000000e+02
6.440000000000000000e+02 8.180000000000000000e+02 1.110000000000000000e+02 6.260000000000000000e+02 5.300000000000000000e+02
6.440000000000000000e+02 8.180000000000000000e+02 1.110000000000000000e+02 6.260000000000000000e+02 5.300000000000000000e+02
6.440000000000000000e+02 8.180000000000000000e+02 1.110000000000000000e+02 6.260000000000000000e+02 5.300000000000000000e+02
6.440000000000000000e+02 8.180000000000000000e+02 1.110000000000000000e+02 6.260000000000000000e+02 5.300000000000000000e+02
6.440000000000000000e+02 8.180000000000000000e+02 1.110000000000000000e+02 6.260000000000000000e+02 5.300000000000000000e+02
6.440000000000000000e+02 8.180000000000000000e+02 1.110000000000000000e+02 6.260000000000000000e+02 5.300000000000000000e+02
6.440000000000000000e+02 8.180000000000000000e+02 1.110000000000000000e+02 6.260000000000000000e+02 5.300000000000000000e+02
6.440000000000000000e+02 8.180000000000000000e+02 1.110000000000000000e+02 6.260000000000000000e+02 5.300000000000000000e+02
6.440000000000000000e+02 8.180000000000000000e+02 1.110000000000000000e+02 6.260000000000000000e+02 5.300000000000000000e+02
6.440000000000000000e+02 8.180000000000000000e+02 1.110000000000000000e+02 6.260000000000000000e+02 5.300000000000000000e+02
6.440000000000000000e+02 8.180000000000000000e+02 1.110000000000000000e+02 6.260000000000000000e+02 5.300000000000000000e+02
6.440000000000000000e+02 8.180000000000000000e+02 1.110000000000000000e+02 6.260000000000000000e+02 5.300000000000000000e+02
6.440000000000000000e+02 8.180000000000000000e+02 1.110000000000000000e+02 6.260000000000000000e+02 5.300000000000000000e+02
6.440000000000000000e+02 8.180000000000000000e+02 1.110000000000000000e+02 6.260000000000000000e+02 5.300000000000000000e+02
6.440000000000000000e+02 8.180000000000000000e+02 1.110000000000000000e+02 6.260000000000000000e+02 5.300000000000000000e+02
6.440000000000000000e+02 8.180000000000000000e+02 1.110000000000000000e+02 6.260000000000000000e+02 5.300000000000000000e+02
6.440000000000000000e+02 8.180000000000000000e+02 1.110000000000000000e+02 6.260000000000000000e+02 5.300000000000000000e+02
6.440000000000000000e+02 8.180000000000000000e+02 1.110000000000000000e+02 6.260000000000000000e+02 5.300000000000000000e+02
6.440000000000000000e+02 8.180000000000000000e+02 1.110000000000000000e+02 6.260000000000000000e+02 5.300000000000000000e+02
6.440000000000000000e+02 8.180000000000000000e+02 1.110000000000000000e+02 6.260000000000000000e+02 5.300000000000000000e+02
6.440000000000000000e+02 8.180000000000000000e+02 1.110000000000000000e+02 6.260000000000000000e+02 5.300000000000000000e+02
6.440000000000000000e+02 8.180000000000000000e+02 1.110000000000000000e+02 6.260000000000000000e+02 5.300000000000000000e+02
6.440000000000000000e+02 8.180000000000000000e+02 1.110000000000000000e+02 6.260000000000000000e+02 5.300000000000000000e+02
6.440000000000000000e+02 8.180000000000000000e+02 1.110000000000000000e+02 6.260000000000000000e+02 5.300000000000000000e+02
6.440000000000000000e+02 8.180000000000000000e+02 1.110000000000000000e+02 6.260000000000000000e+02 5.300000000000000000e+02
6.440000000000000000e+02 8.180000000000000000e+02 1.110000000000000000e+02 6.260000000000000000e+02 5.300000000000000000e+02
6.440000000000000000e+02 8.180000000000000000e+02 1.110000000000000000e+02 6.260000000000000000e+02 5.300000000000000000e+02
6.440000000000000000e+02 8.180000000000000000e+02 1.110000000000000000e+02 6.260000000000000000e+02 5.300000000000000000e+02
6.440000000000000000e+02 8.180000000000000000e+02 1.110000000000000000e+02 6.260000000000000000e+02 5.300000000000000000e+02
6.440000000000000000e+02 8.180000000000000000e+02 1.110000000000000000e+02 6.260000000000000000e+02 5.300000000000000000e+02
6.440000000000000000e+02 8.180000000000000000e+02 1.110000000000000000e+02 6.260000000000000000e+02 5.300000000000000000e+02
6.440000000000000000e+02 8.180000000000000000e+02 1.110000000000000000e+02 6.260000000000000000e+02 5.300000000000000000e+02
6.440000000000000000e+02 8.180000000000000000e+02 1.110000000000000000e+02 6.260000000000000000e+02 5.300000000000000000e+02
6.440000000000000000e+02 8.180000000000000000e+02 1.110000000000000000e+02 6.260000000000000000e+02 5.300000000000000000e+02
6.440000000000000000e+02 8.180000000000000000e+02 1.110000000000000000e+02 6.260000000000000000e+02 5.300000000000000000e+02
6.440000000000000000e+02 8.180000000000000000e+02 1.110000000000000000e+02 6.260000000000000000e+02 5.300000000000000000e+02
6.440000000000000000e+02 8.180000000000000000e+02 1.110000000000000000e+02 6.260000000000000000e+02 5.300000000000000000e+02
6.440000000000000000e+02 8.180000000000000000e+02 1.110000000000000000e+02 6.260000000000000000e+02 5.300000000000000000e+02
6.440000000000000000e+02 8.180000000000000000e+02 1.110000000000000000e+02 6.260000000000000000e+02 5.300000000000000000e+02
6.440000000000000000e+02 8.180000000000000000e+02 1.110000000000000000e+02 6.260000000000000000e+02 5.300000000000000000e+02
6.440000000000000000e+02 8.180000000000000000e+02 1.110000000000000000e+02 6.260000000000000000e+02 5.300000000000000000e+02
6.440000000000000000e+02 8.180000000000000000e+02 1.110000000000000000e+02 6.260000000000000000e+02 5.300000000000000000e+02
6.440000000000000000e+02 8.180000000000000000e+02 1.110000000000000000e+02 6.260000000000000000e+02 5.300000000000000000e+02
6.440000000000000000e+02 8.180000000000000000e+02 1.110000000000000000e+02 6.260000000000000000e+02 5.300000000000000000e+02
6.440000000000000000e+02 8.180000000000000000e+02 1.110000000000000000e+02 6.260000000000000000e+02 5.300000000000000000e+02
6.440000000000000000e+02 8.180000000000000000e+02 1.110000000000000000e+02 6.260000000000000000e+02 5.300000000000000000e+02
6.440000000000000000e+02 8.180000000000000000e+02 1.110000000000000000e+02 6.260000000000000000e+02 5.300000000000000000e+02
6.440000000000000000e+02 8.180000000000000000e+02 1.110000000000000000e+02 6.260000000000000000e+02 5.300000000000000000e+02
6.440000000000000000e+02 8.180000000000000000e+02 1.110000000000000000e+02 6.260000000000000000e+02 5.300000000000000000e+02
6.440000000000000000e+02 8.180000000000000000e+02 1.110000000000000000e+02 6.260000000000000000e+02 5.300000000000000000e+02
6.440000000000000000e+02 8.180000000000000000e+02 1.110000000000000000e+02 6.260000000000000000e+02 5.300000000000000000e+02
6.440000000000000000e+02 8.180000000000000000e+02 1.110000000000000000e+02 6.260000000000000000e+02 5.300000000000000000e+02
6.440000000000000000e+02 8.180000000000000000e+02 1.110000000000000000e+02 6.260000000000000000e+02 5.300000000000000000e+02
6.440000000000000000e+02 8.180000000000000000e+02 1.110000000000000000e+02 6.260000000000000000e+02 5.300000000000000000e+02
6.440000000000000000e+02 8.180000000000000000e+02 1.110000000000000000e+02 6.260000000000000000e+02 5.300000000000000000e+02
6.440000000000000000e+02 8.180000000000000000e+02 1.110000000000000000e+02 6.260000000000000000e+02 5.300000000000000000e+02
6.440000000000000000e+02 8.180000000000000000e+02 1.110000000000000000e+02 6.260000000000000000e+02 5.300000000000000000e+02
6.440000000000000000e+02 8.180000000000000000e+02 1.110000000000000000e+02 6.260000000000000000e+02 5.300000000000000000e+02
6.440000000000000000e+02 8.180000000000000000e+02 1.110000000000000000e+02 6.260000000000000000e+02 5.300000000000000000e+02
6.440000000000000000e+02 8.180000000000000000e+02 1.110000000000000000e+02 6.260000000000000000e+02 5.300000000000000000e+02
6.440000000000000000e+02 8.180000000000000000e+02 1.110000000000000000e+02 6.260000000000000000e+02 5.300000000000000000e+02
6.440000000000000000e+02 8.180000000000000000e+02 1.110000000000000000e+02 6.260000000000000000e+02 5.300000000000000000e+02
6.440000000000000000e+02 8.180000000000000000e+02 1.110000000000000000e+02 6.260000000000000000e+02 5.300000000000000000e+02
6.440000000000000000e+02 8.180000000000000000e+02 1.110000000000000000e+02 6.260000000000000000e+02 5.300000000000000000e+02
6.440000000000000000e+02 8.180000000000000000e+02 1.110000000000000000e+02 6.260000000000000000e+02 5.300000000000000000e+02
6.440000000000000000e+02 8.180000000000000000e+02 1.110000000000000000e+02 6.260000000000000000e+02 5.300000000000000000e+02
6.440000000000000000e+02 8.180000000000000000e+02 1.110000000000000000e+02 6.260000000000000000e+02 5.300000000000000000e+02
6.440000000000000000e+02 8.180000000000000000e+02 1.110000000000000000e+02 6.260000000000000000e+02 5.300000000000000000e+02
6.440000000000000000e+02 8.180000000000000000e+02 1.110000000000000000e+02 6.260000000000000000e+02 5.300000000000000000e+02
6.440000000000000000e+02 8.180000000000000000e+02 1.110000000000000000e+02 6.260000000000000000e+02 5.300000000000000000e+02
6.440000000000000000e+02 8.180000000000000000e+02 1.110000000000000000e+02 6.260000000000000000e+02 5.300000000000000000e+02
6.440000000000000000e+02 8.180000000000000000e+02 1.110000000000000000e+02 6.260000000000000000e+02 5.300000000000000000e+02
6.440000000000000000e+02 8.180000000000000000e+02 1.110000000000000000e+02 6.260000000000000000e+02 5.300000000000000000e+02
6.440000000000000000e+02 8.180000000000000000e+02 1.110000000000000000e+02 6.260000000000000000e+02 5.300000000000000000e+02
6.440000000000000000e+02 8.180000000000000000e+02 1.110000000000000000e+02 6.260000000000000000e+02 5.300000000000000000e+02
6.440000000000000000e+02 8.180000000000000000e+02 1.110000000000000000e+02 6.260000000000000000e+02 5.300000000000000000e+02
6.440000000000000000e+02 8.180000000000000000e+02 1.110000000000000000e+02 6.260000000000000000e+02 5.300000000000000000e+02
6.440000000000000000e+02 8.180000000000000000e+02 1.110000000000000000e+02 6.260000000000000000e+02 5.300000000000000000e+02
6.440000000000000000e+02 8.180000000000000000e+02 1.110000000000000000e+02 6.260000000000000000e+02 5.300000000000000000e+02
6.440000000000000000e+02 8.180000000000000000e+02 1.110000000000000000e+02 6.260000000000000000e+02 5.300000000000000000e+02
6.440000000000000000e+02 8.180000000000000000e+02 1.110000000000000000e+02 6.260000000000000000e+02 5.300000000000000000e+02
6.440000000000000000e+02 8.180000000000000000e+02 1.110000000000000000e+02 6.260000000000000000e+02 5.300000000000000000e+02
6.440000000000000000e+02 8.180000000000000000e+02 1.110000000000000000e+02 6.260000000000000000e+02 5.300000000000000000e+02
6.440000000000000000e+02 8.180000000000000000e+02 1.110000000000000000e+02 6.260000000000000000e+02 5.300000000000000000e+02
6.440000000000000000e+02 8.180000000000000000e+02 1.110000000000000000e+02 6.260000000000000000e+02 5.300000000000000000e+02
