1.280000000000000000e+02 1.800000000000000000e+01 9.710000000000000000e+02 1.400000000000000000e+01 8.600000000000000000e+01
6.330000000000000000e+02 9.710000000000000000e+02 6.350000000000000000e+02 8.180000000000000000e+02 9.200000000000000000e+02
4.790000000000000000e+02 8.170000000000000000e+02 6.610000000000000000e+02 7.510000000000000000e+02 5.550000000000000000e+02
4.790000000000000000e+02 8.170000000000000000e+02 6.610000000000000000e+02 7.510000000000000000e+02 5.110000000000000000e+02
4.790000000000000000e+02 8.170000000000000000e+02 7.510000000000000000e+02 6.610000000000000000e+02 5.110000000000000000e+02
4.790000000000000000e+02 8.170000000000000000e+02 7.510000000000000000e+02 6.610000000000000000e+02 5.110000000000000000e+02
4.790000000000000000e+02 8.170000000000000000e+02 7.510000000000000000e+02 6.610000000000000000e+02 5.110000000000000000e+02
4.790000000000000000e+02 8.170000000000000000e+02 7.510000000000000000e+02 6.610000000000000000e+02 5.110000000000000000e+02
4.790000000000000000e+02 8.170000000000000000e+02 7.510000000000000000e+02 5.110000000000000000e+02 6.610000000000000000e+02
4.790000000000000000e+02 8.170000000000000000e+02 7.510000000000000000e+02 5.110000000000000000e+02 6.610000000000000000e+02
4.790000000000000000e+02 8.170000000000000000e+02 7.510000000000000000e+02 5.110000000000000000e+02 6.610000000000000000e+02
4.790000000000000000e+02 8.170000000000000000e+02 7.510000000000000000e+02 5.110000000000000000e+02 6.610000000000000000e+02
4.790000000000000000e+02 8.170000000000000000e+02 7.510000000000000000e+02 5.110000000000000000e+02 6.610000000000000000e+02
4.790000000000000000e+02 8.170000000000000000e+02 5.110000000000000000e+02 7.510000000000000000e+02 6.610000000000000000e+02
4.790000000000000000e+02 8.170000000000000000e+02 5.110000000000000000e+02 7.510000000000000000e+02 6.610000000000000000e+02
4.790000000000000000e+02 8.170000000000000000e+02 5.110000000000000000e+02 7.510000000000000000e+02 6.610000000000000000e+02
4.790000000000000000e+02 8.170000000000000000e+02 5.110000000000000000e+02 7.510000000000000000e+02 6.610000000000000000e+02
4.790000000000000000e+02 8.170000000000000000e+02 5.110000000000000000e+02 6.610000000000000000e+02 7.510000000000000000e+02
4.790000000000000000e+02 8.170000000000000000e+02 5.110000000000000000e+02 6.610000000000000000e+02 7.510000000000000000e+02
4.790000000000000000e+02 8.170000000000000000e+02 5.110000000000000000e+02 6.610000000000000000e+02 7.510000000000000000e+02
4.790000000000000000e+02 8.170000000000000000e+02 5.110000000000000000e+02 6.610000000000000000e+02 7.510000000000000000e+02
4.790000000000000000e+02 8.170000000000000000e+02 5.110000000000000000e+02 6.610000000000000000e+02 7.510000000000000000e+02
4.790000000000000000e+02 8.170000000000000000e+02 5.110000000000000000e+02 6.610000000000000000e+02 7.510000000000000000e+02
4.790000000000000000e+02 8.170000000000000000e+02 5.110000000000000000e+02 6.610000000000000000e+02 7.510000000000000000e+02
4.790000000000000000e+02 8.170000000000000000e+02 5.110000000000000000e+02 6.610000000000000000e+02 7.510000000000000000e+02
4.790000000000000000e+02 8.170000000000000000e+02 5.110000000000000000e+02 6.610000000000000000e+02 7.510000000000000000e+02
4.790000000000000000e+02 8.170000000000000000e+02 5.110000000000000000e+02 6.610000000000000000e+02 7.510000000000000000e+02
4.790000000000000000e+02 8.170000000000000000e+02 5.110000000000000000e+02 6.610000000000000000e+02 7.510000000000000000e+02
4.790000000000000000e+02 8.170000000000000000e+02 5.110000000000000000e+02 6.610000000000000000e+02 7.510000000000000000e+02
4.790000000000000000e+02 8.170000000000000000e+02 5.110000000000000000e+02 6.610000000000000000e+02 7.510000000000000000e+02
4.790000000000000000e+02 8.170000000000000000e+02 5.110000000000000000e+02 6.610000000000000000e+02 7.510000000000000000e+02
4.790000000000000000e+02 8.170000000000000000e+02 5.110000000000000000e+02 6.610000000000000000e+02 7.510000000000000000e+02
4.790000000000000000e+02 8.170000000000000000e+02 5.110000000000000000e+02 6.610000000000000000e+02 7.510000000000000000e+02
4.790000000000000000e+02 8.170000000000000000e+02 5.110000000000000000e+02 6.610000000000000000e+02 7.510000000000000000e+02
4.790000000000000000e+02 8.170000000000000000e+02 5.110000000000000000e+02 6.610000000000000000e+02 7.510000000000000000e+02
4.790000000000000000e+02 8.170000000000000000e+02 5.110000000000000000e+02 6.610000000000000000e+02 7.510000000000000000e+02
4.790000000000000000e+02 8.170000000000000000e+02 5.110000000000000000e+02 6.610000000000000000e+02 7.510000000000000000e+02
4.790000000000000000e+02 8.170000000000000000e+02 5.110000000000000000e+02 6.610000000000000000e+02 7.510000000000000000e+02
4.790000000000000000e+02 8.170000000000000000e+02 5.110000000000000000e+02 6.610000000000000000e+02 7.510000000000000000e+02
4.790000000000000000e+02 8.170000000000000000e+02 5.110000000000000000e+02 6.610000000000000000e+02 7.510000000000000000e+02
4.790000000000000000e+02 8.170000000000000000e+02 5.110000000000000000e+02 6.610000000000000000e+02 7.510000000000000000e+02
4.790000000000000000e+02 8.170000000000000000e+02 5.110000000000000000e+02 6.610000000000000000e+02 7.510000000000000000e+02
4.790000000000000000e+02 8.170000000000000000e+02 5.110000000000000000e+02 6.610000000000000000e+02 7.510000000000000000e+02
4.790000000000000000e+02 8.170000000000000000e+02 5.110000000000000000e+02 6.610000000000000000e+02 7.510000000000000000e+02
4.790000000000000000e+02 8.170000000000000000e+02 5.110000000000000000e+02 6.610000000000000000e+02 7.510000000000000000e+02
4.790000000000000000e+02 8.170000000000000000e+02 5.110000000000000000e+02 6.610000000000000000e+02 7.510000000000000000e+02
4.790000000000000000e+02 8.170000000000000000e+02 5.110000000000000000e+02 6.610000000000000000e+02 7.510000000000000000e+02
4.790000000000000000e+02 8.170000000000000000e+02 5.110000000000000000e+02 6.610000000000000000e+02 7.510000000000000000e+02
4.790000000000000000e+02 8.170000000000000000e+02 5.110000000000000000e+02 6.610000000000000000e+02 7.510000000000000000e+02
4.790000000000000000e+02 8.170000000000000000e+02 5.110000000000000000e+02 6.610000000000000000e+02 7.510000000000000000e+02
4.790000000000000000e+02 8.170000000000000000e+02 5.110000000000000000e+02 6.610000000000000000e+02 7.510000000000000000e+02
4.790000000000000000e+02 8.170000000000000000e+02 5.110000000000000000e+02 6.610000000000000000e+02 7.510000000000000000e+02
4.790000000000000000e+02 8.170000000000000000e+02 5.110000000000000000e+02 6.610000000000000000e+02 7.510000000000000000e+02
4.790000000000000000e+02 8.170000000000000000e+02 5.110000000000000000e+02 6.610000000000000000e+02 7.510000000000000000e+02
4.790000000000000000e+02 8.170000000000000000e+02 5.110000000000000000e+02 6.610000000000000000e+02 7.510000000000000000e+02
4.790000000000000000e+02 8.170000000000000000e+02 5.110000000000000000e+02 6.610000000000000000e+02 7.510000000000000000e+02
4.790000000000000000e+02 8.170000000000000000e+02 5.110000000000000000e+02 6.610000000000000000e+02 7.510000000000000000e+02
4.790000000000000000e+02 8.170000000000000000e+02 5.110000000000000000e+02 6.610000000000000000e+02 7.510000000000000000e+02
4.790000000000000000e+02 8.170000000000000000e+02 5.110000000000000000e+02 6.610000000000000000e+02 7.510000000000000000e+02
4.790000000000000000e+02 8.170000000000000000e+02 5.110000000000000000e+02 6.610000000000000000e+02 7.510000000000000000e+02
4.790000000000000000e+02 8.170000000000000000e+02 5.110000000000000000e+02 6.610000000000000000e+02 7.510000000000000000e+02
4.790000000000000000e+02 8.170000000000000000e+02 5.110000000000000000e+02 6.610000000000000000e+02 7.510000000000000000e+02
4.790000000000000000e+02 8.170000000000000000e+02 5.110000000000000000e+02 6.610000000000000000e+02 7.510000000000000000e+02
4.790000000000000000e+02 8.170000000000000000e+02 5.110000000000000000e+02 6.610000000000000000e+02 7.510000000000000000e+02
4.790000000000000000e+02 8.170000000000000000e+02 5.110000000000000000e+02 6.610000000000000000e+02 7.510000000000000000e+02
4.790000000000000000e+02 8.170000000000000000e+02 5.110000000000000000e+02 6.610000000000000000e+02 7.510000000000000000e+02
4.790000000000000000e+02 8.170000000000000000e+02 5.110000000000000000e+02 6.610000000000000000e+02 7.510000000000000000e+02
4.790000000000000000e+02 8.170000000000000000e+02 5.110000000000000000e+02 6.610000000000000000e+02 7.510000000000000000e+02
4.790000000000000000e+02 8.170000000000000000e+02 5.110000000000000000e+02 6.610000000000000000e+02 4.360000000000000000e+02
4.790000000000000000e+02 8.170000000000000000e+02 5.110000000000000000e+02 6.610000000000000000e+02 7.510000000000000000e+02
4.790000000000000000e+02 8.170000000000000000e+02 5.110000000000000000e+02 6.610000000000000000e+02 4.360000000000000000e+02
4.790000000000000000e+02 8.170000000000000000e+02 5.110000000000000000e+02 6.610000000000000000e+02 4.360000000000000000e+02
4.790000000000000000e+02 8.170000000000000000e+02 5.110000000000000000e+02 6.610000000000000000e+02 4.360000000000000000e+02
4.790000000000000000e+02 8.170000000000000000e+02 5.110000000000000000e+02 6.610000000000000000e+02 4.360000000000000000e+02
4.790000000000000000e+02 8.170000000000000000e+02 5.110000000000000000e+02 6.610000000000000000e+02 4.360000000000000000e+02
4.790000000000000000e+02 8.170000000000000000e+02 5.110000000000000000e+02 6.610000000000000000e+02 4.360000000000000000e+02
4.790000000000000000e+02 8.170000000000000000e+02 5.110000000000000000e+02 6.610000000000000000e+02 4.360000000000000000e+02
4.790000000000000000e+02 8.170000000000000000e+02 5.110000000000000000e+02 6.610000000000000000e+02 4.360000000000000000e+02
4.790000000000000000e+02 8.170000000000000000e+02 5.110000000000000000e+02 6.610000000000000000e+02 4.360000000000000000e+02
4.790000000000000000e+02 8.170000000000000000e+02 5.110000000000000000e+02 6.610000000000000000e+02 4.360000000000000000e+02
4.790000000000000000e+02 8.170000000000000000e+02 5.110000000000000000e+02 6.610000000000000000e+02 4.360000000000000000e+02
4.790000000000000000e+02 8.170000000000000000e+02 5.110000000000000000e+02 6.610000000000000000e+02 4.360000000000000000e+02
4.790000000000000000e+02 8.170000000000000000e+02 5.110000000000000000e+02 6.610000000000000000e+02 4.360000000000000000e+02
4.790000000000000000e+02 8.170000000000000000e+02 5.110000000000000000e+02 6.610000000000000000e+02 4.360000000000000000e+02
4.790000000000000000e+02 8.170000000000000000e+02 5.110000000000000000e+02 6.610000000000000000e+02 4.360000000000000000e+02
4.790000000000000000e+02 8.170000000000000000e+02 5.110000000000000000e+02 6.610000000000000000e+02 4.360000000000000000e+02
4.790000000000000000e+02 8.170000000000000000e+02 5.110000000000000000e+02 6.610000000000000000e+02 4.360000000000000000e+02
4.790000000000000000e+02 8.170000000000000000e+02 5.110000000000000000e+02 6.610000000000000000e+02 4.360000000000000000e+02
4.790000000000000000e+02 8.170000000000000000e+02 5.110000000000000000e+02 6.610000000000000000e+02 4.360000000000000000e+02
4.790000000000000000e+02 8.170000000000000000e+02 5.110000000000000000e+02 6.610000000000000000e+02 4.360000000000000000e+02
4.790000000000000000e+02 8.170000000000000000e+02 5.110000000000000000e+02 6.610000000000000000e+02 4.360000000000000000e+02
4.790000000000000000e+02 8.170000000000000000e+02 5.110000000000000000e+02 6.610000000000000000e+02 4.360000000000000000e+02
4.790000000000000000e+02 8.170000000000000000e+02 5.110000000000000000e+02 6.610000000000000000e+02 4.360000000000000000e+02
4.790000000000000000e+02 8.170000000000000000e+02 5.110000000000000000e+02 6.610000000000000000e+02 4.360000000000000000e+02
4.790000000000000000e+02 8.170000000000000000e+02 5.110000000000000000e+02 6.610000000000000000e+02 4.360000000000000000e+02
4.790000000000000000e+02 8.170000000000000000e+02 5.110000000000000000e+02 6.610000000000000000e+02 4.360000000000000000e+02
4.790000000000000000e+02 8.170000000000000000e+02 5.110000000000000000e+02 6.610000000000000000e+02 4.360000000000000000e+02
4.790000000000000000e+02 8.170000000000000000e+02 5.110000000000000000e+02 6.610000000000000000e+02 4.360000000000000000e+02
4.790000000000000000e+02 8.170000000000000000e+02 5.110000000000000000e+02 6.610000000000000000e+02 4.360000000000000000e+02
4.790000000000000000e+02 8.170000000000000000e+02 5.110000000000000000e+02 6.610000000000000000e+02 4.360000000000000000e+02
4.790000000000000000e+02 8.170000000000000000e+02 5.110000000000000000e+02 6.610000000000000000e+02 4.360000000000000000e+02
