9.710000000000000000e+02 4.480000000000000000e+02 5.910000000000000000e+02 9.400000000000000000e+01 1.800000000000000000e+01
1.100000000000000000e+01 1.400000000000000000e+01 9.400000000000000000e+01 1.000000000000000000e+01 1.200000000000000000e+01
4.750000000000000000e+02 5.900000000000000000e+01 6.400000000000000000e+01 9.120000000000000000e+02 6.330000000000000000e+02
5.620000000000000000e+02 9.740000000000000000e+02 8.070000000000000000e+02 4.940000000000000000e+02 5.000000000000000000e+00
5.620000000000000000e+02 9.740000000000000000e+02 5.540000000000000000e+02 8.070000000000000000e+02 9.800000000000000000e+02
5.620000000000000000e+02 9.740000000000000000e+02 5.540000000000000000e+02 8.070000000000000000e+02 8.350000000000000000e+02
5.620000000000000000e+02 9.740000000000000000e+02 5.540000000000000000e+02 8.350000000000000000e+02 8.070000000000000000e+02
5.620000000000000000e+02 9.740000000000000000e+02 5.540000000000000000e+02 8.350000000000000000e+02 8.070000000000000000e+02
5.620000000000000000e+02 9.740000000000000000e+02 5.540000000000000000e+02 8.350000000000000000e+02 7.080000000000000000e+02
5.620000000000000000e+02 9.740000000000000000e+02 5.540000000000000000e+02 8.350000000000000000e+02 7.080000000000000000e+02
5.620000000000000000e+02 9.740000000000000000e+02 8.350000000000000000e+02 5.540000000000000000e+02 7.080000000000000000e+02
5.620000000000000000e+02 9.740000000000000000e+02 8.350000000000000000e+02 5.540000000000000000e+02 7.080000000000000000e+02
5.620000000000000000e+02 9.740000000000000000e+02 8.350000000000000000e+02 5.540000000000000000e+02 7.080000000000000000e+02
5.620000000000000000e+02 8.350000000000000000e+02 9.740000000000000000e+02 5.540000000000000000e+02 7.080000000000000000e+02
5.620000000000000000e+02 8.350000000000000000e+02 9.740000000000000000e+02 5.540000000000000000e+02 7.080000000000000000e+02
5.620000000000000000e+02 8.350000000000000000e+02 9.740000000000000000e+02 5.540000000000000000e+02 7.080000000000000000e+02
5.620000000000000000e+02 8.350000000000000000e+02 9.740000000000000000e+02 5.540000000000000000e+02 8.070000000000000000e+02
5.620000000000000000e+02 8.350000000000000000e+02 9.740000000000000000e+02 5.540000000000000000e+02 8.070000000000000000e+02
5.620000000000000000e+02 8.350000000000000000e+02 9.740000000000000000e+02 5.540000000000000000e+02 8.070000000000000000e+02
5.620000000000000000e+02 8.350000000000000000e+02 9.740000000000000000e+02 5.540000000000000000e+02 8.070000000000000000e+02
5.620000000000000000e+02 8.350000000000000000e+02 9.740000000000000000e+02 5.540000000000000000e+02 8.070000000000000000e+02
5.620000000000000000e+02 8.350000000000000000e+02 9.740000000000000000e+02 5.540000000000000000e+02 8.070000000000000000e+02
5.620000000000000000e+02 8.350000000000000000e+02 9.740000000000000000e+02 5.540000000000000000e+02 8.070000000000000000e+02
5.620000000000000000e+02 8.350000000000000000e+02 9.740000000000000000e+02 5.540000000000000000e+02 8.070000000000000000e+02
5.620000000000000000e+02 8.350000000000000000e+02 9.740000000000000000e+02 5.540000000000000000e+02 8.070000000000000000e+02
5.620000000000000000e+02 8.350000000000000000e+02 9.740000000000000000e+02 5.540000000000000000e+02 8.070000000000000000e+02
5.620000000000000000e+02 8.350000000000000000e+02 9.740000000000000000e+02 5.540000000000000000e+02 8.070000000000000000e+02
5.620000000000000000e+02 8.350000000000000000e+02 9.740000000000000000e+02 5.540000000000000000e+02 8.070000000000000000e+02
5.620000000000000000e+02 8.350000000000000000e+02 9.740000000000000000e+02 5.540000000000000000e+02 8.070000000000000000e+02
5.620000000000000000e+02 8.350000000000000000e+02 9.740000000000000000e+02 5.540000000000000000e+02 8.070000000000000000e+02
5.620000000000000000e+02 8.350000000000000000e+02 9.740000000000000000e+02 5.540000000000000000e+02 8.070000000000000000e+02
5.620000000000000000e+02 8.350000000000000000e+02 9.740000000000000000e+02 5.540000000000000000e+02 8.070000000000000000e+02
5.620000000000000000e+02 8.350000000000000000e+02 9.740000000000000000e+02 5.540000000000000000e+02 8.070000000000000000e+02
5.620000000000000000e+02 8.350000000000000000e+02 9.740000000000000000e+02 5.540000000000000000e+02 8.070000000000000000e+02
5.620000000000000000e+02 8.350000000000000000e+02 9.740000000000000000e+02 8.070000000000000000e+02 5.540000000000000000e+02
5.620000000000000000e+02 8.350000000000000000e+02 9.740000000000000000e+02 5.540000000000000000e+02 8.070000000000000000e+02
5.620000000000000000e+02 8.350000000000000000e+02 9.740000000000000000e+02 5.540000000000000000e+02 8.070000000000000000e+02
5.620000000000000000e+02 8.350000000000000000e+02 9.740000000000000000e+02 5.540000000000000000e+02 8.070000000000000000e+02
5.620000000000000000e+02 8.350000000000000000e+02 9.740000000000000000e+02 5.540000000000000000e+02 8.070000000000000000e+02
5.620000000000000000e+02 8.350000000000000000e+02 9.740000000000000000e+02 5.540000000000000000e+02 8.070000000000000000e+02
5.620000000000000000e+02 8.350000000000000000e+02 9.740000000000000000e+02 5.540000000000000000e+02 8.070000000000000000e+02
5.620000000000000000e+02 8.350000000000000000e+02 9.740000000000000000e+02 5.540000000000000000e+02 8.070000000000000000e+02
5.620000000000000000e+02 8.350000000000000000e+02 9.740000000000000000e+02 5.540000000000000000e+02 8.070000000000000000e+02
5.620000000000000000e+02 9.740000000000000000e+02 8.350000000000000000e+02 5.540000000000000000e+02 8.070000000000000000e+02
5.620000000000000000e+02 8.350000000000000000e+02 9.740000000000000000e+02 5.540000000000000000e+02 8.070000000000000000e+02
5.620000000000000000e+02 9.740000000000000000e+02 8.350000000000000000e+02 5.540000000000000000e+02 8.070000000000000000e+02
5.620000000000000000e+02 9.740000000000000000e+02 8.350000000000000000e+02 5.540000000000000000e+02 8.070000000000000000e+02
5.620000000000000000e+02 9.740000000000000000e+02 8.350000000000000000e+02 5.540000000000000000e+02 8.070000000000000000e+02
5.620000000000000000e+02 9.740000000000000000e+02 8.350000000000000000e+02 5.540000000000000000e+02 8.070000000000000000e+02
5.620000000000000000e+02 9.740000000000000000e+02 8.350000000000000000e+02 5.540000000000000000e+02 8.070000000000000000e+02
5.620000000000000000e+02 9.740000000000000000e+02 8.350000000000000000e+02 5.540000000000000000e+02 8.070000000000000000e+02
5.620000000000000000e+02 9.740000000000000000e+02 8.350000000000000000e+02 5.540000000000000000e+02 8.070000000000000000e+02
5.620000000000000000e+02 9.740000000000000000e+02 8.350000000000000000e+02 5.540000000000000000e+02 8.070000000000000000e+02
5.620000000000000000e+02 9.740000000000000000e+02 8.350000000000000000e+02 5.540000000000000000e+02 8.070000000000000000e+02
5.620000000000000000e+02 9.740000000000000000e+02 8.350000000000000000e+02 5.540000000000000000e+02 8.070000000000000000e+02
5.620000000000000000e+02 9.740000000000000000e+02 8.350000000000000000e+02 5.540000000000000000e+02 8.070000000000000000e+02
5.620000000000000000e+02 9.740000000000000000e+02 8.350000000000000000e+02 5.540000000000000000e+02 8.070000000000000000e+02
5.620000000000000000e+02 9.740000000000000000e+02 8.350000000000000000e+02 5.540000000000000000e+02 8.070000000000000000e+02
5.620000000000000000e+02 9.740000000000000000e+02 8.350000000000000000e+02 5.540000000000000000e+02 8.070000000000000000e+02
5.620000000000000000e+02 9.740000000000000000e+02 8.350000000000000000e+02 5.540000000000000000e+02 8.070000000000000000e+02
5.620000000000000000e+02 9.740000000000000000e+02 8.350000000000000000e+02 5.540000000000000000e+02 8.070000000000000000e+02
5.620000000000000000e+02 9.740000000000000000e+02 8.350000000000000000e+02 5.540000000000000000e+02 8.070000000000000000e+02
5.620000000000000000e+02 9.740000000000000000e+02 8.350000000000000000e+02 5.540000000000000000e+02 8.070000000000000000e+02
5.620000000000000000e+02 9.740000000000000000e+02 8.350000000000000000e+02 5.540000000000000000e+02 8.070000000000000000e+02
5.620000000000000000e+02 9.740000000000000000e+02 8.350000000000000000e+02 5.540000000000000000e+02 8.070000000000000000e+02
5.620000000000000000e+02 9.740000000000000000e+02 8.350000000000000000e+02 5.540000000000000000e+02 8.070000000000000000e+02
5.620000000000000000e+02 9.740000000000000000e+02 8.350000000000000000e+02 5.540000000000000000e+02 8.070000000000000000e+02
5.620000000000000000e+02 9.740000000000000000e+02 8.350000000000000000e+02 5.540000000000000000e+02 8.070000000000000000e+02
5.620000000000000000e+02 9.740000000000000000e+02 8.350000000000000000e+02 5.540000000000000000e+02 8.070000000000000000e+02
5.620000000000000000e+02 9.740000000000000000e+02 8.350000000000000000e+02 5.540000000000000000e+02 8.070000000000000000e+02
5.620000000000000000e+02 9.740000000000000000e+02 8.350000000000000000e+02 5.540000000000000000e+02 8.070000000000000000e+02
5.620000000000000000e+02 9.740000000000000000e+02 8.350000000000000000e+02 5.540000000000000000e+02 8.070000000000000000e+02
5.620000000000000000e+02 9.740000000000000000e+02 8.350000000000000000e+02 5.540000000000000000e+02 8.070000000000000000e+02
5.620000000000000000e+02 9.740000000000000000e+02 8.350000000000000000e+02 5.540000000000000000e+02 8.070000000000000000e+02
5.620000000000000000e+02 9.740000000000000000e+02 8.350000000000000000e+02 5.540000000000000000e+02 8.070000000000000000e+02
5.620000000000000000e+02 9.740000000000000000e+02 8.350000000000000000e+02 5.540000000000000000e+02 8.070000000000000000e+02
5.620000000000000000e+02 9.740000000000000000e+02 8.350000000000000000e+02 5.540000000000000000e+02 8.070000000000000000e+02
5.620000000000000000e+02 9.740000000000000000e+02 8.350000000000000000e+02 5.540000000000000000e+02 8.070000000000000000e+02
5.620000000000000000e+02 9.740000000000000000e+02 8.350000000000000000e+02 5.540000000000000000e+02 8.070000000000000000e+02
5.620000000000000000e+02 9.740000000000000000e+02 8.350000000000000000e+02 5.540000000000000000e+02 8.070000000000000000e+02
5.620000000000000000e+02 9.740000000000000000e+02 8.350000000000000000e+02 5.540000000000000000e+02 8.070000000000000000e+02
5.620000000000000000e+02 9.740000000000000000e+02 8.350000000000000000e+02 5.540000000000000000e+02 8.070000000000000000e+02
5.620000000000000000e+02 9.740000000000000000e+02 8.350000000000000000e+02 5.540000000000000000e+02 8.070000000000000000e+02
5.620000000000000000e+02 9.740000000000000000e+02 8.350000000000000000e+02 5.540000000000000000e+02 8.070000000000000000e+02
5.620000000000000000e+02 9.740000000000000000e+02 8.350000000000000000e+02 5.540000000000000000e+02 8.070000000000000000e+02
5.620000000000000000e+02 9.740000000000000000e+02 8.350000000000000000e+02 5.540000000000000000e+02 8.070000000000000000e+02
5.620000000000000000e+02 9.740000000000000000e+02 8.350000000000000000e+02 5.540000000000000000e+02 8.070000000000000000e+02
5.620000000000000000e+02 9.740000000000000000e+02 8.350000000000000000e+02 5.540000000000000000e+02 8.070000000000000000e+02
5.620000000000000000e+02 9.740000000000000000e+02 8.350000000000000000e+02 5.540000000000000000e+02 8.070000000000000000e+02
5.620000000000000000e+02 9.740000000000000000e+02 8.350000000000000000e+02 5.540000000000000000e+02 8.070000000000000000e+02
5.620000000000000000e+02 9.740000000000000000e+02 8.350000000000000000e+02 5.540000000000000000e+02 8.070000000000000000e+02
5.620000000000000000e+02 9.740000000000000000e+02 8.350000000000000000e+02 5.540000000000000000e+02 8.070000000000000000e+02
5.620000000000000000e+02 9.740000000000000000e+02 8.350000000000000000e+02 5.540000000000000000e+02 8.070000000000000000e+02
5.620000000000000000e+02 9.740000000000000000e+02 8.350000000000000000e+02 5.540000000000000000e+02 8.070000000000000000e+02
5.620000000000000000e+02 9.740000000000000000e+02 8.350000000000000000e+02 5.540000000000000000e+02 8.070000000000000000e+02
5.620000000000000000e+02 9.740000000000000000e+02 8.350000000000000000e+02 5.540000000000000000e+02 8.070000000000000000e+02
5.620000000000000000e+02 9.740000000000000000e+02 8.350000000000000000e+02 5.540000000000000000e+02 8.070000000000000000e+02
5.620000000000000000e+02 9.740000000000000000e+02 8.350000000000000000e+02 5.540000000000000000e+02 8.070000000000000000e+02
5.620000000000000000e+02 9.740000000000000000e+02 8.350000000000000000e+02 5.540000000000000000e+02 8.070000000000000000e+02
5.620000000000000000e+02 9.740000000000000000e+02 8.350000000000000000e+02 5.540000000000000000e+02 8.070000000000000000e+02
5.620000000000000000e+02 9.740000000000000000e+02 8.350000000000000000e+02 5.540000000000000000e+02 8.070000000000000000e+02
