1.053139101713895798e-03 6.838417029939591885e-04 1.493877061875537038e-04 4.606426227837800980e-04 6.889622891321778297e-04 3.350564293214119971e-05
5.323367659002542496e-04 1.614550361409783363e-03 3.961278998758643866e-04 9.749354212544858456e-04 6.259226938709616661e-04 8.102179708657786250e-05
4.298835992813110352e-03 3.066551871597766876e-03 1.745408284477889538e-03 8.002321119420230389e-04 7.641979027539491653e-03 1.339274342171847820e-03
4.577592611312866211e-01 2.651883114594966173e-04 5.116466127219609916e-05 2.561969995440449566e-05 1.127904979512095451e-03 7.889877073466777802e-03
6.069222688674926758e-01 1.021511820908926893e-06 1.763804959864501143e-07 3.338016085763229057e-07 3.072748950216919184e-04 1.218960751430131495e-04
6.445553898811340332e-01 5.671185832056835352e-08 1.296150031748766196e-08 2.972785395627397520e-08 1.676680840319022536e-04 6.182503966556396335e-07
8.340008258819580078e-01 1.932972182316916587e-08 9.241182041819229198e-09 1.978800057145235769e-08 1.272535155294463038e-04 2.008686550425409223e-07
8.802772164344787598e-01 1.116884629226433390e-08 9.352251417737988959e-09 1.628069945525112416e-08 7.447326061083003879e-05 6.392469487082053092e-08
8.948385715484619141e-01 8.004176876852397982e-09 9.455614069509010733e-09 1.606789012953413476e-08 3.984078648500144482e-05 4.957724186738232675e-08
9.147951006889343262e-01 1.435150220885361705e-08 1.921494785506183689e-08 3.463440734208234062e-08 5.037631126469932497e-05 1.154435054218083678e-07
9.227174520492553711e-01 1.616188427533415961e-08 2.245799279876337096e-08 4.742013004488399019e-08 5.900830365135334432e-05 1.294372680149535881e-07
9.275732636451721191e-01 1.721578613000929181e-08 2.600827642140757234e-08 5.405021497040252143e-08 5.422434333013370633e-05 1.349440310605132254e-07
9.320447444915771484e-01 1.719640074782091688e-08 2.534129883713376330e-08 5.441830097652200493e-08 4.875520971836522222e-05 1.304727703654862125e-07
9.360333085060119629e-01 1.950302319642105431e-08 2.529850284815893247e-08 6.082713355226587737e-08 4.353133044787682593e-05 1.234892863521963591e-07
9.388813376426696777e-01 1.851505793126762001e-08 2.225352524476420513e-08 5.345811970869362995e-08 3.875937181874178350e-05 1.105727562844549539e-07
9.414845705032348633e-01 1.884320433021002827e-08 2.211729999146427872e-08 5.342995379464809957e-08 3.619444760261103511e-05 9.667056843909449526e-08
9.390078783035278320e-01 1.922383319197251694e-08 2.489305828135002230e-08 4.863572300450869079e-08 3.877949711750261486e-05 1.026715850116488582e-07
9.368611574172973633e-01 2.019684508525187994e-08 2.813982291627326049e-08 4.699320754752989160e-08 4.052728036185726523e-05 1.055563956242622226e-07
9.351809024810791016e-01 2.031886126019344374e-08 2.877374249976583087e-08 4.363961281228512235e-08 4.389227979118004441e-05 1.003253160547501466e-07
9.300683140754699707e-01 2.286332545509139891e-08 3.140510074217672809e-08 4.391187857777367753e-08 5.374342799768783152e-05 1.148141919316003623e-07
9.237378239631652832e-01 2.144814814641904377e-08 3.472412402061308967e-08 3.872625597978185397e-08 6.320526154013350606e-05 1.219849536937545054e-07
9.177737236022949219e-01 2.224705930586878821e-08 3.859668851191599970e-08 4.034696488020017568e-08 7.522269879700616002e-05 1.335807979785386124e-07
9.068060517311096191e-01 2.279861810450256598e-08 4.132140674073525588e-08 3.845493168341818091e-08 8.598740532761439681e-05 1.506747935309249442e-07
9.069880247116088867e-01 2.195937476301423885e-08 3.959384287099965150e-08 3.476143106695417373e-08 8.479022653773427010e-05 1.546061696444667177e-07
8.880020976066589355e-01 2.361118234261994075e-08 4.688484622761279752e-08 3.791748426351659873e-08 1.028690603561699390e-04 1.862033229826920433e-07
8.963928222656250000e-01 2.104258811641557259e-08 4.425937660812451213e-08 3.191302511140747811e-08 9.586598753230646253e-05 1.785182774938220973e-07
9.008093476295471191e-01 1.922853520852640941e-08 3.869614673135401972e-08 2.828096690166148619e-08 9.505707566859200597e-05 1.608033670663644443e-07
9.003893733024597168e-01 1.940107452469419513e-08 3.812569460137638089e-08 2.853930780588598282e-08 9.594306175131350756e-05 1.608351141157982056e-07
9.024980068206787109e-01 1.728839826853345585e-08 3.755526378768081486e-08 2.483989547386045160e-08 9.315548231825232506e-05 1.590530445128024439e-07
9.070936441421508789e-01 1.595597787229507958e-08 3.176870677634724416e-08 2.329014492374881229e-08 7.986892887856811285e-05 1.478712192692910321e-07
8.933476805686950684e-01 1.974536978366359108e-08 3.978113838343233510e-08 2.756578787455055135e-08 9.930169471772387624e-05 1.852359616805188125e-07
9.051241278648376465e-01 1.813556060881182930e-08 3.422815098019782454e-08 2.476110694260569289e-08 9.744898125063627958e-05 1.650777363693123334e-07
9.118443727493286133e-01 1.910451707942684152e-08 3.274651660944982723e-08 2.528438081128570047e-08 9.066156053449958563e-05 1.714424087140287156e-07
9.082142114639282227e-01 1.884145461872321903e-08 3.343786403320336831e-08 2.371194440797808056e-08 9.212116856360808015e-05 1.966052707302878844e-07
9.146456122398376465e-01 1.675463146000311099e-08 2.908361729225816816e-08 2.104811080982926796e-08 7.977702625794336200e-05 1.816672607901637093e-07
9.152473211288452148e-01 1.700419538508413098e-08 2.961195555428730586e-08 2.179919889044867887e-08 8.365094981854781508e-05 1.948850183453032514e-07
9.190140962600708008e-01 1.563283369421242242e-08 2.562257961358227476e-08 2.060792603231220710e-08 7.729350909357890487e-05 1.815427737028585398e-07
9.185959100723266602e-01 1.908181701537614572e-08 2.982961788688953675e-08 2.482409122706030757e-08 8.883836562745273113e-05 2.079350167605298338e-07
9.163779616355895996e-01 1.910601987731297413e-08 2.956879363580355857e-08 2.463352011261576990e-08 8.981565770227462053e-05 2.307514677113431389e-07
9.135348796844482422e-01 1.929148751855791488e-08 3.079826527141449333e-08 2.510901886410010775e-08 9.806163870962336659e-05 2.389127757851383649e-07
9.174211025238037109e-01 1.720535003357781534e-08 2.638255480746920512e-08 2.172430946245640371e-08 8.425265696132555604e-05 2.263239338162748027e-07
9.280429482460021973e-01 1.448720610142117948e-08 2.248294705964326567e-08 1.848275310578628705e-08 7.375338464044034481e-05 2.113716703888712800e-07
9.180918335914611816e-01 1.812678185331151326e-08 3.024960548714261677e-08 2.310583901987683930e-08 8.808822894934564829e-05 2.646990253651892999e-07
9.272819757461547852e-01 1.451281317343955379e-08 2.376031282835810998e-08 1.875909916293494462e-08 7.424454815918579698e-05 2.118691213581769262e-07
9.268152117729187012e-01 1.502915125684012310e-08 2.455896108699562319e-08 1.854780151688828482e-08 7.360203017015010118e-05 2.306233142235214473e-07
9.330888986587524414e-01 1.340547672867842266e-08 2.240977714507152996e-08 1.695639184617903084e-08 6.913103425176814198e-05 2.099444600389688276e-07
9.243935346603393555e-01 1.740502497682427929e-08 2.720827296798233874e-08 1.978913566347273445e-08 8.649902156321331859e-05 2.692997611575265182e-07
9.219339489936828613e-01 1.833333840295381378e-08 2.890004324740402808e-08 2.000366627896710270e-08 8.373978198505938053e-05 2.910279306433949387e-07
9.260999560356140137e-01 1.653412340374416090e-08 2.717051472700404702e-08 1.846739650090967189e-08 7.129546429496258497e-05 2.721892258250591112e-07
9.265822768211364746e-01 1.649780223544894397e-08 2.786252473185868439e-08 1.842268027019144938e-08 7.240162813104689121e-05 2.831613414855382871e-07
9.251205325126647949e-01 1.855535636252625409e-08 3.040651463948051969e-08 1.993640097452953341e-08 7.330458902288228273e-05 3.041444642803980969e-07
9.259994626045227051e-01 1.950769323855183757e-08 3.150266891793762625e-08 1.986530051567569899e-08 7.740165165159851313e-05 3.160180312988813967e-07
9.316069483757019043e-01 1.752315448300123535e-08 2.839014889843838318e-08 1.728708909354281786e-08 7.316171831917017698e-05 2.802902656640071655e-07
9.279273748397827148e-01 1.861431542238278780e-08 3.123465219800891646e-08 1.850312969509104732e-08 8.010255987755954266e-05 3.031950370768754510e-07
9.275210499763488770e-01 1.736436772148408636e-08 2.805059118315966771e-08 1.692783158091515361e-08 7.786954665789380670e-05 2.853162754945515189e-07
9.214130640029907227e-01 2.122865083720171242e-08 3.326156772232025105e-08 1.952380479508519784e-08 8.744344086153432727e-05 3.506994517010753043e-07
9.238061904907226562e-01 2.062777504363566550e-08 3.247675195439114759e-08 1.841371854993667512e-08 8.028317097341641784e-05 3.357143896209890954e-07
9.265495538711547852e-01 1.916805203450167028e-08 3.238221424339826626e-08 1.752783518327305501e-08 7.922529766801744699e-05 3.233128609281266108e-07
9.182755947113037109e-01 2.206633809009872493e-08 3.539931014984176727e-08 1.915453395895383437e-08 8.493364293826743960e-05 3.857169872389931697e-07
9.252332448959350586e-01 2.010955135745007283e-08 3.637093470842955867e-08 1.781264380440461537e-08 8.267904195236042142e-05 3.486992738999106223e-07
9.278424978256225586e-01 1.750498590524784959e-08 3.139556525866282755e-08 1.537062210843487264e-08 7.166105206124484539e-05 3.199450588908803184e-07
9.261925220489501953e-01 1.918073877504866687e-08 3.303947693211739534e-08 1.634927038196565263e-08 7.698245462961494923e-05 3.310345562113070628e-07
9.255205988883972168e-01 1.970284557728518848e-08 3.551809157897878322e-08 1.711917363422799099e-08 8.014044578885659575e-05 3.360088101089786505e-07
9.230017066001892090e-01 1.860929366159780329e-08 3.354093891516640724e-08 1.601335597456454707e-08 7.768806972308084369e-05 3.313568299745384138e-07
9.185463786125183105e-01 1.996040666085718840e-08 3.708461449036803970e-08 1.592588105836512113e-08 8.457502553937956691e-05 3.512455748477805173e-07
9.171468019485473633e-01 2.139326760186577303e-08 3.860918695863801986e-08 1.720427356133313879e-08 8.536234236089512706e-05 3.766752172396081733e-07
9.168539047241210938e-01 2.333243642738125345e-08 4.139772258326956944e-08 1.808663796509790700e-08 8.824589895084500313e-05 3.688447804961469956e-07
9.167371392250061035e-01 2.113224617517062143e-08 4.088485994202528673e-08 1.591201304051992338e-08 8.412772876909002662e-05 3.673803234960359987e-07
9.163690209388732910e-01 2.150122924149400205e-08 3.938616899290536821e-08 1.594234433355268266e-08 8.501440606778487563e-05 3.533112078457634198e-07
9.149286150932312012e-01 2.156502354466738325e-08 3.945687154782717698e-08 1.605786081881888094e-08 8.274066203739494085e-05 3.408485156342067057e-07
9.112280011177062988e-01 2.231370466176940681e-08 4.384254381761820696e-08 1.712741592996280815e-08 8.779337804298847914e-05 3.871868727856053738e-07
9.151524901390075684e-01 2.418760480793480383e-08 4.761625049809481425e-08 1.872748711662097776e-08 9.784557187231257558e-05 4.190975744222669164e-07
9.132522344589233398e-01 2.300597046200891782e-08 4.667569797334181203e-08 1.768506940891256818e-08 8.723093196749687195e-05 4.238693236402468756e-07
9.142457842826843262e-01 2.203929660993253492e-08 4.686991772473447782e-08 1.762872869903731043e-08 8.750105916988104582e-05 4.119106904454383766e-07
9.106745123863220215e-01 2.605461801863384608e-08 5.178022632890133536e-08 1.890922263214633858e-08 9.360173862660303712e-05 4.544393732430762611e-07
9.090738296508789062e-01 2.850218905336987518e-08 5.418202064788602001e-08 1.992314047072341054e-08 9.789242176339030266e-05 4.847796049034513999e-07
9.065911173820495605e-01 2.834697987452727830e-08 5.468224983928848815e-08 1.909456415205568192e-08 9.768579184310510755e-05 5.204415742809942458e-07
9.068859815597534180e-01 2.791290398818091489e-08 5.555338233875772858e-08 1.945578276263404405e-08 9.680559742264449596e-05 5.005099978916405234e-07
9.033206105232238770e-01 3.089109767984155042e-08 6.285613096679298906e-08 2.106794561029801116e-08 1.106775598600506783e-04 5.317000955074036028e-07
9.120998382568359375e-01 2.618179628655070701e-08 4.865016123289933603e-08 1.718118447513461433e-08 8.747068204684183002e-05 4.315580213187786285e-07
9.088352322578430176e-01 3.102459800174983684e-08 5.806791492091178952e-08 2.014093780644543585e-08 9.695613698568195105e-05 4.966881306245340966e-07
9.107844233512878418e-01 3.109321511374218971e-08 5.693611981882895634e-08 1.945949179571471177e-08 9.421796130482107401e-05 4.927413215227716137e-07
9.112700223922729492e-01 2.992130276879834128e-08 5.666846192298180540e-08 1.901054069719521067e-08 8.865343988873064518e-05 4.813512646251183469e-07
9.098084568977355957e-01 3.182898211662177346e-08 6.047699230293801520e-08 2.094969886456965469e-08 9.647524711908772588e-05 4.975942715645942371e-07
9.080643057823181152e-01 3.436528572819952387e-08 6.053192436183962855e-08 2.169347546043809416e-08 1.000263364403508604e-04 5.258023634269193280e-07
9.143450856208801270e-01 3.018528360598793370e-08 5.640880829105299199e-08 1.878896149776210223e-08 8.758353942539542913e-05 5.004561671739793383e-07
9.065687060356140137e-01 3.357297728712183016e-08 6.543073993725556647e-08 2.073003813052309852e-08 1.005863741738721728e-04 5.719439286622218788e-07
9.064289331436157227e-01 3.822567151701150578e-08 7.238463695102836937e-08 2.387529463021564879e-08 1.097445419873110950e-04 5.893999173167685512e-07
9.106838703155517578e-01 3.770074030740033777e-08 7.005534996551432414e-08 2.253654152184481063e-08 9.720599337015300989e-05 5.784966106148203835e-07
9.130584597587585449e-01 3.638851353571226355e-08 6.583078970834321808e-08 2.180155433961772360e-08 9.636738832341507077e-05 5.632623469864483923e-07
9.103098511695861816e-01 3.969847739426768385e-08 7.072416963183059124e-08 2.311007207822513010e-08 1.049526181304827332e-04 5.946511691945488565e-07
9.122303128242492676e-01 4.070932391186943278e-08 7.560723958022208535e-08 2.261803899727965472e-08 1.020677445922046900e-04 5.865518346581666265e-07
9.129450321197509766e-01 4.088094840426492738e-08 7.179647809607558884e-08 2.275120003503161570e-08 1.014227018458768725e-04 5.766278832197713200e-07
9.136399626731872559e-01 4.312883561397029553e-08 7.478735852828322095e-08 2.439320567759750702e-08 1.059793285094201565e-04 5.867582899554690812e-07
9.129326939582824707e-01 4.023999977675885020e-08 6.606811808751444914e-08 2.282504318884548411e-08 1.069211066351272166e-04 5.671582243849115912e-07
9.119529128074645996e-01 4.415598553464405995e-08 7.743633290147045045e-08 2.526261155821885040e-08 1.157350416178815067e-04 6.335149578262644354e-07
9.174432158470153809e-01 4.074828297007115907e-08 7.211460228973010089e-08 2.281550948168842297e-08 1.055173270287923515e-04 5.720487479266012087e-07
9.178137779235839844e-01 4.171418055420872406e-08 7.558492143289186060e-08 2.294445344830364775e-08 1.007517494144849479e-04 5.942165444139391184e-07
9.149349927902221680e-01 4.556865107474550314e-08 8.080714763991636573e-08 2.494894779658807238e-08 1.063182717189192772e-04 6.349843033603974618e-07
9.212625026702880859e-01 4.011646836943327799e-08 6.557773701842961600e-08 2.213038818865697976e-08 9.402465366292744875e-05 5.205956199461070355e-07
9.213481545448303223e-01 4.300699529835583235e-08 7.210865504703178885e-08 2.271376864371177362e-08 9.899130236590281129e-05 5.472013526741648093e-07
