2.937228127848356962e-04 9.068146027857437730e-05 1.197994643007405102e-04 7.830956747056916356e-06 2.016009420913178474e-05 6.385003507602959871e-05
5.459509557113051414e-04 1.794366107787936926e-05 2.454899731674231589e-05 2.250327042929711752e-06 2.033339296758640558e-05 1.135648381023202091e-05
2.916883677244186401e-02 8.954872754429743509e-08 8.255533856527108583e-08 7.317583339272459853e-08 2.879409635170304682e-07 3.048333212518627988e-07
7.489042282104492188e-01 4.501779571342012787e-08 7.392538492467792821e-08 7.492030107414393569e-08 7.771052423777291551e-08 9.721851057520325412e-08
7.431479692459106445e-01 3.113362723183854541e-08 1.044571362740498444e-07 7.879749830408400157e-08 5.301971839344332693e-08 6.824364362501000869e-08
7.150012850761413574e-01 5.575281036840351589e-08 1.946474696978839347e-07 1.057487963862513425e-07 9.302159043045321596e-08 1.260386142121205921e-07
7.539973258972167969e-01 3.637001810830042814e-08 1.343847202406323049e-07 5.319281015658816614e-08 6.213036130020554992e-08 7.435009763412381290e-08
7.742227911949157715e-01 3.479587107335646579e-08 1.447211559479910647e-07 4.799243669140196289e-08 6.599281476837859373e-08 6.732496160566370236e-08
7.977144718170166016e-01 2.724528336273124296e-08 1.205955726391039207e-07 3.223833289212052478e-08 5.622888821221749822e-08 5.026874205782405625e-08
8.084651827812194824e-01 1.996669674042550469e-08 9.012445190137441386e-08 1.911233660223388142e-08 4.295807798371242825e-08 3.525704528328788001e-08
8.302507400512695312e-01 1.682961858762155316e-08 7.903143028897829936e-08 1.380024627906095702e-08 3.997013209300348535e-08 3.183653163318922452e-08
8.376082181930541992e-01 1.563327245435175428e-08 7.277935054617046262e-08 1.168185637112628683e-08 4.025318034450720006e-08 3.036597817640540597e-08
8.460502028465270996e-01 1.590063725132040418e-08 7.488603870342558366e-08 1.083700773563123221e-08 4.466449610163181205e-08 3.272776893936679699e-08
8.525670170783996582e-01 1.614176348141427297e-08 7.476813834728091024e-08 1.046525088810312809e-08 4.402179243356840743e-08 3.474190535257548618e-08
8.624236583709716797e-01 1.623602230438336846e-08 7.450769601291540312e-08 1.069298338762791900e-08 4.488898497356785811e-08 3.781069679575921327e-08
8.691934943199157715e-01 1.440846730815792398e-08 7.091473008813409251e-08 9.849212112555960630e-09 3.969013206983618147e-08 3.536239034929167246e-08
8.745592832565307617e-01 1.314226505400029055e-08 6.600501478715159465e-08 9.262447697722109297e-09 3.513124013920787547e-08 3.128256764739489881e-08
8.772921562194824219e-01 1.333519872304123055e-08 6.729423773776943563e-08 9.589551375199789618e-09 3.535574322199863673e-08 3.117063940294428903e-08
8.841767907142639160e-01 1.272163174803608854e-08 6.371720218112386647e-08 9.337341566606482957e-09 3.352950272983434843e-08 3.016718963522180275e-08
8.854934573173522949e-01 1.307217267765281576e-08 6.255528717247216264e-08 9.384801380463159148e-09 3.370841739069874166e-08 2.935735032849606796e-08
8.915869593620300293e-01 1.361936696753218712e-08 6.420869880230384297e-08 9.343713358589411655e-09 3.642097468059546372e-08 2.867184889510099310e-08
8.860321640968322754e-01 1.570219865243416280e-08 7.081563069277763134e-08 1.068228616674105069e-08 4.003071296665439149e-08 3.220143440785250277e-08
8.875334262847900391e-01 1.694081497305433004e-08 7.580235461546180886e-08 1.120789949737854840e-08 4.423342403470087447e-08 3.427763317631615791e-08
8.848192095756530762e-01 2.091321782415889174e-08 8.768592607566461083e-08 1.337238764165249449e-08 5.361401633763307473e-08 4.047221935365996615e-08
8.864741325378417969e-01 2.235440810238742415e-08 8.625994496469502337e-08 1.409463479262740293e-08 5.670298008908503107e-08 4.199501901780422486e-08
8.861675262451171875e-01 2.246398267402582860e-08 8.642060578267773963e-08 1.397899307420402693e-08 5.665883051619857724e-08 4.141186948913855304e-08
8.881595134735107422e-01 2.359308126642645220e-08 8.803861817341385176e-08 1.598627363819105085e-08 5.977500450171646662e-08 4.317380586371655227e-08
8.908231258392333984e-01 2.396091680623158027e-08 8.966242148744640872e-08 1.596275112092371273e-08 5.671995140232866106e-08 4.328429525912724785e-08
8.893883824348449707e-01 2.746435256995027885e-08 9.991638449946549372e-08 1.732151666544723412e-08 6.479758241084709880e-08 4.802753394983483304e-08
8.872874379158020020e-01 3.000766923832998145e-08 1.049141928888275288e-07 1.960087914198993531e-08 6.803745122851978522e-08 5.086612731020068168e-08
8.854749202728271484e-01 3.479980392739889794e-08 1.171810524169814016e-07 2.293450229728932754e-08 7.941466861893786700e-08 5.776179179406426556e-08
8.860957026481628418e-01 3.773856604993852670e-08 1.243048899368659477e-07 2.429966805550520803e-08 8.469680778944166377e-08 6.314260758699674625e-08
8.856790065765380859e-01 3.817441651676745096e-08 1.276103205327672185e-07 2.351691463786664826e-08 8.468927603644260671e-08 6.187001133639569161e-08
8.897436261177062988e-01 4.186714619436315843e-08 1.341978759228368290e-07 2.657884756729345099e-08 8.455943856233716360e-08 6.620242487542782328e-08
8.895125985145568848e-01 4.445518086981792294e-08 1.415251773551062797e-07 2.819439082202279678e-08 9.075241536038447521e-08 6.898063986682245741e-08
8.888243436813354492e-01 5.062612018491563504e-08 1.540478962169800070e-07 3.151479788243705116e-08 1.010223513731034473e-07 7.678312385905883275e-08
8.891105055809020996e-01 5.129579605522849306e-08 1.590010469953995198e-07 3.269159165597557148e-08 1.028789071710889402e-07 7.550463720917832688e-08
8.890867233276367188e-01 5.463461505428313103e-08 1.630867529911483871e-07 3.400379711138157290e-08 1.083304752569347329e-07 7.810985636069744942e-08
8.885879516601562500e-01 5.793944168885900581e-08 1.719479314488125965e-07 3.611009091741834709e-08 1.115205847668221395e-07 7.966970372308423975e-08
8.886157274246215820e-01 5.753302190214526490e-08 1.631401573831681162e-07 3.653730473729410733e-08 1.121272603654688282e-07 7.584486638734233566e-08
8.847331404685974121e-01 6.884293668463214999e-08 1.890623337885699584e-07 4.195141301011062751e-08 1.266290325929730898e-07 8.638990323106554570e-08
8.831368684768676758e-01 6.909066030402755132e-08 1.905526971768267686e-07 4.142284026897868898e-08 1.229688280091068009e-07 8.443362986554348026e-08
8.824681639671325684e-01 7.220006636998732574e-08 1.985641091550860438e-07 4.268429165676934645e-08 1.260378468259659712e-07 8.607199220023176167e-08
8.833264112472534180e-01 7.007776048340019770e-08 1.964287008604514995e-07 4.173638146198754839e-08 1.243877392198555754e-07 8.758141945008901530e-08
8.783825635910034180e-01 7.913625665878498694e-08 2.229376008244798868e-07 4.690966903808657662e-08 1.411593331113181193e-07 9.806996104089193977e-08
8.735591769218444824e-01 9.210450002683501225e-08 2.476049303368199617e-07 5.329420105226745363e-08 1.579187625111444504e-07 1.094213430974377843e-07
8.729155063629150391e-01 9.309417947633846779e-08 2.454305274568469031e-07 5.335629538194552879e-08 1.562274292155052535e-07 1.080540812381514115e-07
8.699943423271179199e-01 1.012925494592309406e-07 2.573174526787624927e-07 5.748317377651801507e-08 1.632989352629010682e-07 1.154169169126362249e-07
8.708347082138061523e-01 9.811596157760504866e-08 2.480108491909049917e-07 5.387289903069358843e-08 1.525265815871534869e-07 1.069195931791000476e-07
8.677718043327331543e-01 1.010975978488204419e-07 2.585939569144102279e-07 5.747833498048748879e-08 1.568867418200170505e-07 1.116641215048730373e-07
8.654757142066955566e-01 1.054775324860202090e-07 2.701180221720278496e-07 5.967277871832266101e-08 1.599120906803364051e-07 1.184513038765544479e-07
8.660312294960021973e-01 1.041668724610644858e-07 2.584932587978983065e-07 5.838798244894860545e-08 1.536539855351293227e-07 1.117251144933106843e-07
8.636696934700012207e-01 1.082747687064511410e-07 2.659836297880247002e-07 5.750287002115328505e-08 1.552624837586336071e-07 1.132570304207547451e-07
8.649492263793945312e-01 1.101519302437736769e-07 2.687638414045068203e-07 5.906999334115425881e-08 1.520661925269450876e-07 1.118222456852890900e-07
8.656231164932250977e-01 1.025040816671207722e-07 2.497748710084124468e-07 5.669538438723975560e-08 1.402630260827208986e-07 1.021475029006069235e-07
8.587973713874816895e-01 1.138811853707011323e-07 2.703877157728129532e-07 6.204096081319221412e-08 1.557358331183422706e-07 1.111894576411032176e-07
8.591677546501159668e-01 1.257762818340779631e-07 2.907481473357620416e-07 6.566494192838945310e-08 1.684779817878734320e-07 1.196563488292667898e-07
8.570343852043151855e-01 1.277937826671404764e-07 2.887630330405954737e-07 6.749458236754435347e-08 1.678017866879599751e-07 1.219272576236107852e-07
8.559398055076599121e-01 1.313764386168259080e-07 2.836505359482544009e-07 6.710614997018637951e-08 1.656868562349700369e-07 1.214639553381857695e-07
8.516883254051208496e-01 1.345275677522295155e-07 2.882753449284791714e-07 6.756585690936844912e-08 1.683009571706861607e-07 1.186942384379108262e-07
8.500655293464660645e-01 1.519888428447302431e-07 3.141965407849056646e-07 7.540479174394931761e-08 1.829133537967209122e-07 1.279058068348604138e-07
8.492013812065124512e-01 1.530386128933969303e-07 3.245440325372328516e-07 7.486120523481076816e-08 1.769953996699769050e-07 1.338880792900454253e-07
8.454789519309997559e-01 1.584510158636476262e-07 3.277078519658971345e-07 7.701215309907638584e-08 1.749671270090402686e-07 1.336137671614778810e-07
8.469896316528320312e-01 1.544951402365768445e-07 3.131495134311990114e-07 7.477653696241759462e-08 1.751577656250447035e-07 1.327218512869876577e-07
8.433261513710021973e-01 1.714976747280161362e-07 3.221308872980443994e-07 7.892153774946564226e-08 1.834158496194504551e-07 1.348984426385868574e-07
8.478601574897766113e-01 1.726008349578478374e-07 3.497916338801587699e-07 8.004965934560459573e-08 1.904203372760093771e-07 1.440606780533926212e-07
8.367303013801574707e-01 1.839458576569086290e-07 3.564326505056669703e-07 8.585259081428375794e-08 1.967090526022730046e-07 1.514270877578383079e-07
8.393160700798034668e-01 1.841260086621332448e-07 3.480375880826613866e-07 8.454910016553185415e-08 1.962337847771777888e-07 1.447813673394193756e-07
8.345422148704528809e-01 1.971630609887142782e-07 3.651512656688282732e-07 8.798298978263119352e-08 2.003072694378715823e-07 1.551061217242022394e-07
8.344562053680419922e-01 2.183411851319760899e-07 4.024811630642943783e-07 9.378037901797142695e-08 2.060282895399723202e-07 1.698373210956560797e-07
8.383330106735229492e-01 2.075104390542037436e-07 3.789803031395422295e-07 9.109538012808116036e-08 1.991879798879381269e-07 1.599832160081859911e-07
8.303279280662536621e-01 2.225301045655214693e-07 3.852113934499357129e-07 9.748190876734952326e-08 2.018139042547772988e-07 1.593840011082647834e-07
8.288294076919555664e-01 2.336926314683296368e-07 4.093867858045996400e-07 1.018719686385338719e-07 2.099177009995401022e-07 1.655115227094938746e-07
8.306646943092346191e-01 2.224469568545828224e-07 3.889553852332028328e-07 9.791844490791845601e-08 2.101358802519825986e-07 1.643929437022961793e-07
8.310850262641906738e-01 2.098267941619269550e-07 3.675981474771106150e-07 9.359598607261432335e-08 2.012950517382705584e-07 1.571561369928531349e-07
8.261322379112243652e-01 2.288976617137450376e-07 3.963606047818757361e-07 1.004041081387185841e-07 2.124280200632711058e-07 1.654968713182825013e-07
8.270477652549743652e-01 2.302198112147380016e-07 4.126742396692861803e-07 9.969350855953962309e-08 2.074124552109424258e-07 1.679885457406271598e-07
8.234675526618957520e-01 2.357948858389136149e-07 4.038334111555741401e-07 1.021023408043220115e-07 2.081315102486769320e-07 1.711801473902596626e-07
8.216649889945983887e-01 2.379515677830568166e-07 4.156630950546968961e-07 9.950155543947403203e-08 2.095054441042520921e-07 1.729744809608746436e-07
8.221660852432250977e-01 2.492309079116239445e-07 4.102560353658191161e-07 1.030314322747472033e-07 2.068030084956262726e-07 1.744469386721902993e-07
8.221528530120849609e-01 2.604445512588426936e-07 4.367265660221164580e-07 1.055222540458089497e-07 2.083838666067094891e-07 1.782051413101726212e-07
8.173566460609436035e-01 2.736746580467297463e-07 4.402475610731926281e-07 1.131515432462038007e-07 2.209609561987235793e-07 1.869760524186858675e-07
8.162100911140441895e-01 2.789018935800413601e-07 4.529196644398325589e-07 1.106466100964098587e-07 2.160504379844496725e-07 1.902709385603884584e-07
8.150179386138916016e-01 2.763541431249905145e-07 4.425726558565656887e-07 1.075337792144637206e-07 2.093486131116151228e-07 1.836368710428359918e-07
8.151860237121582031e-01 2.949466875179496128e-07 4.766146446399943670e-07 1.141539698323867924e-07 2.100041456287726760e-07 1.938000337986522936e-07
8.105843067169189453e-01 3.036590214833267964e-07 4.871923238169983961e-07 1.173117283315150416e-07 2.164260735071366071e-07 1.954732056219654623e-07
8.046628832817077637e-01 3.109448698523920029e-07 5.044756221650459338e-07 1.167751477737510868e-07 2.204357372193044284e-07 2.028467207537687500e-07
8.125277757644653320e-01 3.104586880908755120e-07 5.028584268984559458e-07 1.190866427691616991e-07 2.185368543905497063e-07 2.033003170254232828e-07
8.107063174247741699e-01 3.168528053265617928e-07 5.066650032858888153e-07 1.206036017720180098e-07 2.209870046954165446e-07 2.076360914315955597e-07
8.030537366867065430e-01 3.570175408640352543e-07 5.595081233877863269e-07 1.322005971360340482e-07 2.372330385469467728e-07 2.198967621325209620e-07
8.080996274948120117e-01 3.361644189681101125e-07 5.400395934884727467e-07 1.231486095321088214e-07 2.264496856696496252e-07 2.096257247785615618e-07
8.109802603721618652e-01 3.356433069257036550e-07 5.193708716433320660e-07 1.194908492152535473e-07 2.126213161091072834e-07 2.036051256482096505e-07
8.115977644920349121e-01 3.539543058650451712e-07 5.430113105830969289e-07 1.236736864029808203e-07 2.341153333418333204e-07 2.128306988424810697e-07
8.103132843971252441e-01 3.704605546772654634e-07 5.862372631781909149e-07 1.355167853489547269e-07 2.363562572327282396e-07 2.270578676188961254e-07
8.066311478614807129e-01 3.901438674347446067e-07 5.916681971029902343e-07 1.390995976180420257e-07 2.466136663770157611e-07 2.308580349108524388e-07
8.062796592712402344e-01 3.996221664692711784e-07 6.008921786815335508e-07 1.433669467587606050e-07 2.415663971078174654e-07 2.359766142490116181e-07
8.011832833290100098e-01 4.407148139762284700e-07 6.686211122541863006e-07 1.541468463983619586e-07 2.653060278134944383e-07 2.642271113018068718e-07
8.000774979591369629e-01 4.499319459227990592e-07 6.745690939169435296e-07 1.520197514537358074e-07 2.608271358894853620e-07 2.606831515095109353e-07
8.025773167610168457e-01 4.595133020757202758e-07 6.733768600497569423e-07 1.524067840819043340e-07 2.621778492084558820e-07 2.576942961241002195e-07
8.000411987304687500e-01 4.689726154083473375e-07 6.943768084965995513e-07 1.517744294687872753e-07 2.572408561718475539e-07 2.574126369836449157e-07
7.978433370590209961e-01 4.606438608334428864e-07 6.757550750080554280e-07 1.494743173680035397e-07 2.465764339376619319e-07 2.499180595805228222e-07
