2.853826154023408890e-03 6.309298914857208729e-04 1.154310884885489941e-03 1.657388289459049702e-03 5.343950353562831879e-03 1.236984273418784142e-03
1.034960057586431503e-02 9.553369018249213696e-04 1.858097850345075130e-03 7.744590402580797672e-04 2.538718516007065773e-03 1.663396717049181461e-03
1.426805555820465088e-01 8.310394150612410158e-06 7.102941162884235382e-05 2.972418951685540378e-05 5.818337376695126295e-05 3.263917733420385048e-06
9.513655900955200195e-01 2.686248024019732838e-07 2.561804876677342691e-06 8.993947631097398698e-07 1.649642399570439011e-05 5.878817432858340908e-08
9.990429282188415527e-01 9.691639712983146637e-10 5.518763668277415491e-09 3.172582418997649256e-09 9.584624649505713023e-08 2.533332155163492416e-10
9.999203681945800781e-01 1.163482157839901276e-11 8.110606630751249213e-11 4.629224087393524201e-11 6.852736156304217729e-09 3.837276416757129383e-12
9.999905824661254883e-01 2.377278604005772511e-13 1.220427621809183627e-12 1.902362599046081293e-12 1.119367376567481642e-09 8.811456067830264471e-14
9.999994039535522461e-01 9.678365320818244771e-15 5.203730987237385752e-14 1.746636553922806256e-13 4.807921283322968975e-10 5.392475592983945673e-15
9.999997615814208984e-01 3.680788872073613785e-15 1.746696456092836081e-14 1.013180831550483663e-13 3.373215595736667183e-10 3.034544873207708528e-15
9.999998807907104492e-01 5.487331001098692124e-15 1.925912195292669299e-14 1.596638132036337643e-13 2.216783423492074689e-10 6.521290990801334106e-15
9.999996423721313477e-01 3.039892827478435366e-14 7.812024952705970415e-14 6.191598340803128320e-13 2.271097476747030441e-10 4.115305508476871377e-14
9.999995231628417969e-01 7.451272265217648294e-14 1.796147865856800863e-13 1.433706452169669632e-12 2.192005466028490446e-10 1.067170305032658084e-13
9.999992847442626953e-01 1.245496354706013276e-13 2.929705360688733551e-13 2.268894924370434829e-12 1.873266264329487285e-10 1.843855336426322711e-13
9.999989271163940430e-01 2.790668900392451190e-13 6.682372754099330514e-13 4.212392153840616160e-12 2.248900787815699687e-10 4.023325726396076440e-13
9.999976158142089844e-01 7.476088433218397444e-13 1.500669814108457345e-12 8.032955377268446995e-12 3.005181936632794759e-10 9.520551664740639630e-13
9.999952316284179688e-01 1.770359791923581394e-12 3.167864408293308287e-12 1.532210122667798657e-11 4.603614711662373793e-10 2.021698780607650292e-12
9.999921321868896484e-01 2.561827703098651376e-12 4.436499778659452886e-12 2.001320983935350739e-11 5.752267551173417814e-10 2.904575885365190402e-12
9.999916553497314453e-01 2.551765656416682404e-12 4.257116360817381207e-12 1.786602810138759878e-11 5.530148006194224308e-10 3.092269062338059982e-12
9.999909400939941406e-01 3.123089243814436422e-12 4.439735905303887620e-12 1.876589855731580769e-11 6.778517191996513702e-10 3.796580671372451476e-12
9.999911785125732422e-01 3.621832217817755328e-12 4.495783086089222280e-12 2.049306731255473579e-11 6.332099844463812133e-10 4.217496577668677915e-12
9.999896287918090820e-01 4.647369728633110597e-12 5.585423182991045010e-12 2.413003130641300231e-11 7.240252286599968556e-10 5.577811650059327775e-12
9.999897480010986328e-01 6.025832610667691824e-12 6.556230384979766512e-12 2.512766210382988419e-11 8.354535396826179294e-10 7.041849308525582884e-12
9.999907016754150391e-01 6.890865048708727514e-12 7.203584517084804517e-12 2.654483403918828088e-11 9.925165134205826689e-10 7.511932048620550972e-12
9.999903440475463867e-01 8.862973722989497816e-12 8.808656928871450020e-12 3.255865022033788136e-11 1.165821772453057292e-09 9.931835735776939345e-12
9.999907016754150391e-01 9.841813128352860929e-12 9.921766533360631968e-12 3.439063964161270803e-11 1.345849098832729851e-09 1.097113025427809418e-11
9.999865293502807617e-01 1.816307521051996332e-11 1.810030424154174256e-11 5.654061593918235928e-11 2.406246313313431529e-09 1.837447555219640094e-11
9.999827146530151367e-01 2.631304549249868785e-11 2.602003335017144536e-11 7.526016615466701865e-11 3.338627596605192593e-09 2.785627457868589119e-11
9.999785423278808594e-01 4.129196637392418268e-11 4.133451567134294180e-11 1.110926350911256577e-10 4.855718049867618902e-09 4.254497795730394216e-11
9.999742507934570312e-01 5.178607195843731859e-11 5.182806614434376513e-11 1.400108085025664195e-10 6.232674820694228401e-09 5.303446917737097976e-11
9.999661445617675781e-01 7.861668954722844660e-11 7.742811947153427354e-11 2.073740623664832583e-10 1.005178695834274549e-08 7.472938240438153912e-11
9.999562501907348633e-01 1.100756430449933987e-10 1.071463820445650583e-10 2.933374931846088884e-10 1.239523772511574862e-08 1.129821514123108273e-10
9.999432563781738281e-01 1.568641189164665661e-10 1.513914688056061664e-10 4.432878508708881782e-10 1.644757929852858069e-08 1.706629282338667508e-10
9.999337196350097656e-01 2.034430124364661197e-10 1.970784507809852926e-10 5.211643894220685524e-10 1.897533152828145830e-08 2.015750899531099094e-10
9.999170303344726562e-01 2.932532272570398391e-10 2.813843325011333718e-10 7.311274918819776758e-10 2.253372954896804004e-08 2.912181884529019271e-10
9.998998641967773438e-01 3.529498637799832750e-10 3.157925865249211483e-10 8.192629352699043466e-10 2.679629140800443565e-08 3.320967112419026535e-10
9.998735189437866211e-01 4.717662371866992999e-10 4.016862120703734718e-10 1.146464700951810300e-09 3.236069545664577163e-08 4.402346820420177664e-10
9.998663663864135742e-01 4.796483210611768300e-10 3.875726128921286318e-10 1.169706220771615790e-09 3.517139646191935753e-08 4.350478866044227289e-10
9.998399019241333008e-01 6.740533131655013221e-10 5.365346500418866071e-10 1.485604639306359331e-09 4.062707503749152238e-08 5.773869160563549485e-10
9.998154044151306152e-01 8.376340177029817369e-10 6.516175932169687712e-10 1.842539232299600371e-09 4.747903759039218130e-08 7.007269209324817894e-10
9.997619986534118652e-01 1.227538515280457432e-09 9.219776053726036480e-10 2.553325550991303317e-09 6.027449472867374425e-08 9.588934091198098031e-10
9.997368454933166504e-01 1.451686104658733711e-09 1.093466317492186590e-09 2.890686578993495459e-09 6.377567274284956511e-08 1.135822103037753550e-09
9.996597766876220703e-01 2.089816319994497462e-09 1.532819982053013064e-09 4.021539989906841583e-09 7.595401285698244465e-08 1.608082778048469663e-09
9.996726512908935547e-01 2.122089393097326138e-09 1.522275083765123327e-09 3.806651438509334184e-09 7.827494385992395109e-08 1.487437173430805615e-09
9.996253252029418945e-01 2.611171723287952773e-09 1.871259813768233471e-09 4.580424484146305986e-09 7.928122158773476258e-08 1.787074599413074338e-09
9.995766282081604004e-01 3.272011550592424101e-09 2.192818815416330835e-09 5.385454748818574444e-09 8.736225254324381240e-08 2.199789683743347268e-09
9.995577931404113770e-01 3.384283964180667681e-09 2.260563514155933262e-09 5.027826155412640219e-09 8.869809420275487355e-08 2.109441288311586504e-09
9.995008707046508789e-01 4.284980370528046478e-09 2.866497039732962548e-09 6.395400653502747446e-09 1.042889010705039254e-07 2.546764354960373566e-09
9.994252920150756836e-01 5.000612368633028382e-09 3.227142109096803324e-09 7.495848386440684408e-09 1.182724176373994851e-07 2.910668150946094102e-09
9.994057416915893555e-01 5.568749905648928689e-09 3.585190144761440934e-09 7.780527333522968547e-09 1.200850476834602887e-07 3.153899363894652197e-09
9.993507266044616699e-01 6.645362038426583240e-09 4.159354638488821365e-09 9.171184700562662329e-09 1.307555237417545868e-07 3.803307002669953363e-09
9.993126392364501953e-01 7.540442936715407996e-09 4.548117882308133630e-09 9.487990837442339398e-09 1.418488011495355750e-07 3.966825534718054769e-09
9.992709755897521973e-01 8.550363084225409693e-09 4.671479203466333274e-09 1.077481037725647184e-08 1.414365726759569952e-07 4.383027718546372853e-09
9.991819262504577637e-01 1.028051865858969904e-08 5.540447212126764498e-09 1.234382551729140687e-08 1.633864172845278517e-07 5.197526853351064346e-09
9.990997314453125000e-01 1.226571555434929905e-08 6.418467091151569548e-09 1.328199505934435365e-08 1.595878273974449257e-07 5.789329460270664640e-09
9.991247057914733887e-01 1.243193370470407899e-08 6.680710207263018674e-09 1.301933760800011441e-08 1.676951200124676689e-07 5.704752226165510365e-09
9.990683197975158691e-01 1.464927468219912043e-08 7.351857345128109955e-09 1.528685622531611443e-08 1.634139437101111980e-07 6.442475886103693483e-09
9.990134239196777344e-01 1.542013450261947582e-08 7.517997779871166131e-09 1.582768938135359349e-08 1.803381906029244419e-07 6.863531076817253052e-09
9.989443421363830566e-01 1.831646478933635080e-08 8.655815619817985862e-09 1.781557834590330458e-08 1.835979333009163383e-07 7.723747863508378941e-09
9.989031553268432617e-01 2.188677505898795062e-08 9.998598393679003493e-09 1.990598796908216173e-08 2.052151444331684615e-07 9.143991341886703594e-09
9.989135265350341797e-01 2.160611600743322924e-08 9.674101519863143039e-09 1.864973775411726820e-08 1.965276226201240206e-07 8.337449841633315373e-09
9.989144802093505859e-01 2.206605032029074209e-08 9.064459405294655880e-09 1.845675434708482499e-08 1.959979414323242963e-07 8.318079558478075342e-09
9.988563060760498047e-01 2.555732869780058536e-08 1.025545248722892211e-08 2.090867745607738470e-08 2.113994668206942151e-07 9.334669037741605280e-09
9.988635778427124023e-01 2.453322522910639236e-08 1.017987294460453995e-08 2.081452699087549263e-08 2.119086559559946181e-07 9.105898257644184923e-09
9.988088607788085938e-01 2.796156906015312416e-08 1.086355450041764925e-08 2.178114222317617532e-08 2.159502656695622136e-07 9.771536468861086178e-09
9.987816214561462402e-01 3.075424714893415512e-08 1.182718456504971982e-08 2.341503524405652570e-08 2.397200944415089907e-07 1.025468598925272090e-08
9.986816048622131348e-01 3.556762351308861980e-08 1.297987495263441815e-08 2.504896912114418228e-08 2.575453663666849025e-07 1.164405460940542980e-08
9.985614418983459473e-01 4.121849173088776297e-08 1.414444827929628445e-08 2.817840716318187333e-08 2.781581258659571176e-07 1.309872921240184951e-08
9.985496401786804199e-01 4.478159354448507656e-08 1.578447417216466420e-08 2.971648527250181360e-08 3.008887574651453178e-07 1.376462677171730320e-08
9.985119700431823730e-01 4.722182822547438263e-08 1.621944356600124593e-08 2.945449750768602826e-08 2.941939101219759323e-07 1.452324482897893176e-08
9.985327720642089844e-01 4.695650446251420362e-08 1.579769914883399906e-08 2.998174153390209540e-08 3.087995139594568172e-07 1.439083074927793859e-08
9.984020590782165527e-01 5.303061456629620807e-08 1.693741857877739676e-08 3.425455119554499106e-08 3.259159484514384530e-07 1.601175725340908684e-08
9.983721375465393066e-01 5.206627307074995770e-08 1.635509327968520665e-08 3.490780287052075437e-08 3.283720957369951066e-07 1.552914596913979040e-08
9.983223080635070801e-01 6.169450728066294687e-08 1.847553043887728563e-08 3.698711026345335995e-08 3.443301750394311966e-07 1.771140745177035569e-08
9.983079433441162109e-01 6.675099228914405103e-08 2.023541512130577757e-08 4.019367949581464927e-08 3.726161708073050249e-07 1.952366979196540342e-08
9.982022047042846680e-01 7.988018779769845423e-08 2.294655132573097944e-08 4.661503538727629348e-08 3.768527960801293375e-07 2.274306609706400195e-08
9.982501864433288574e-01 6.983707123708882136e-08 2.083247530038079276e-08 3.995418396129934990e-08 3.822271992248715833e-07 1.923824832772424998e-08
9.982025623321533203e-01 7.893015663285041228e-08 2.198225423910571408e-08 4.364294881042951602e-08 4.077180904005217599e-07 1.991993237027145369e-08
9.982086420059204102e-01 8.222985314887409913e-08 2.217428551887223875e-08 4.350707527578379086e-08 4.291362074582139030e-07 2.083848471556848381e-08
9.980233907699584961e-01 9.199873574061712134e-08 2.418674682758137351e-08 4.619012372586439596e-08 4.522156302755320212e-07 2.285905509324948071e-08
9.979043006896972656e-01 9.584918814198317705e-08 2.624407535734007979e-08 5.289227544835739536e-08 4.877986157225677744e-07 2.440349611276815267e-08
9.976752400398254395e-01 1.124347122072322236e-07 3.024627304171190190e-08 5.869754460263720830e-08 5.238919698058452923e-07 2.754627104195606080e-08
9.977038502693176270e-01 1.110709888507699361e-07 2.949314570344085951e-08 5.806462155533154146e-08 5.341173618944594637e-07 2.739725069034193439e-08
9.977909326553344727e-01 1.130628248802167946e-07 2.948711319561425626e-08 5.581110684715895331e-08 5.429909606391447596e-07 2.746562088873361063e-08
9.975855350494384766e-01 1.283131041418528184e-07 3.232194600855109456e-08 6.011231334923650138e-08 5.821866579935885966e-07 2.961031952963821823e-08
9.975183010101318359e-01 1.557125273166093393e-07 3.689456917754796450e-08 7.024647175057907589e-08 6.388585802596935537e-07 3.504933943077048752e-08
9.971567392349243164e-01 1.844842643095034873e-07 4.307664625002871617e-08 8.330319190008594887e-08 6.672308927591075189e-07 4.163243261245952453e-08
9.970936775207519531e-01 1.794599739923796733e-07 4.170776790601848916e-08 8.188116140672718757e-08 6.950996862542524468e-07 4.025551092468049319e-08
9.970676302909851074e-01 1.864625431835520430e-07 4.248151341812445025e-08 8.263838680022672634e-08 6.852110345789697021e-07 4.273401543741783826e-08
9.971448779106140137e-01 1.963387603609589860e-07 4.354684079999060486e-08 8.714141586096957326e-08 7.032200528556131758e-07 4.305650236346991733e-08
9.969274401664733887e-01 1.937693951958863181e-07 4.378275519911767333e-08 8.812988738782223663e-08 7.218924906737811398e-07 4.244695617217075778e-08
9.969052672386169434e-01 2.136493577609144268e-07 4.556546429057561909e-08 9.169606585146539146e-08 7.178171586019743700e-07 4.646247830919492117e-08
9.970567226409912109e-01 2.144768131984164938e-07 4.505897877038478327e-08 8.795087325097483699e-08 7.397379135909432080e-07 4.482445348230612581e-08
9.968801736831665039e-01 2.221198371898935875e-07 4.741455938983563101e-08 9.437824388669469045e-08 8.099160595520515926e-07 4.622688720701262355e-08
9.968854784965515137e-01 2.358365094323744415e-07 4.718421919847060053e-08 9.607219908502884209e-08 7.818339327059220523e-07 4.699623445958422963e-08
9.969975948333740234e-01 2.350459169520036085e-07 4.759230520789969887e-08 9.406280554458135157e-08 8.136743190334527753e-07 4.742973302995778795e-08
9.967214465141296387e-01 2.598146977561555104e-07 5.027379756938898936e-08 9.923549981749602011e-08 8.403389983868692070e-07 5.022290494594017218e-08
9.964642524719238281e-01 2.954167541702190647e-07 5.661700086534438014e-08 1.127778688214675640e-07 9.322088772023562342e-07 5.668378122436479316e-08
9.964101910591125488e-01 2.948088422272121534e-07 5.717572548746829852e-08 1.157083815428450180e-07 9.192692687065573409e-07 5.700498562077882525e-08
9.965517520904541016e-01 3.056116213429049822e-07 5.642909783887262165e-08 1.157663263029462541e-07 9.075678235603845678e-07 5.742792197338530968e-08
9.965302348136901855e-01 3.227567333397018956e-07 5.775875422386889113e-08 1.203306823072125553e-07 9.399939244758570567e-07 5.756310272886366874e-08
9.965384006500244141e-01 3.169401452396414243e-07 5.740087161143492267e-08 1.137614091817340523e-07 9.860814316198229790e-07 5.668788816137748654e-08
