4.466421160032041371e-05 2.284697438881266862e-05 5.940905248280614614e-05 1.509788944531464949e-05 2.802548624458722770e-05 1.167709124274551868e-04
1.349935773760080338e-02 6.721847603330388665e-05 4.050819261465221643e-04 1.989229785976931453e-04 3.239760699216276407e-04 9.411069913767278194e-05
3.064647018909454346e-01 5.180061634746380150e-06 9.536214201943948865e-05 1.444335211999714375e-04 1.349446029053069651e-05 1.240216988662723452e-05
8.801956772804260254e-01 6.385150896903724060e-08 5.204207354836398736e-06 2.615602170408237725e-06 7.198684670584043488e-07 1.689066522203575005e-07
5.832466483116149902e-01 3.024132411155733280e-07 2.539248816901817918e-05 1.573347049088624772e-06 8.074900506471749395e-06 2.775688926703878678e-06
5.740575790405273438e-01 1.526157404896366643e-07 1.185725250252289698e-05 5.882416758140607271e-07 2.030542191278073005e-06 1.193640628116554581e-06
6.566774249076843262e-01 5.522222323861569748e-08 4.061523213749751449e-06 3.303694313672167482e-07 6.726931474076991435e-07 6.621692136832280084e-07
8.077858686447143555e-01 9.903314612813574058e-09 9.613738711777841672e-07 8.018086816719005583e-08 1.783381549103069119e-07 1.234260764704231406e-07
8.873594403266906738e-01 2.257731557264719413e-09 2.749222858255961910e-07 2.618381422792026569e-08 4.120643737337559287e-08 2.937632004318402323e-08
9.316453337669372559e-01 5.418089865649733383e-10 7.236382515429795603e-08 7.365225762612226390e-09 1.144073635828135593e-08 6.991367929032321626e-09
9.563835859298706055e-01 1.040030006560499487e-10 1.849319630764512112e-08 1.827142548371796238e-09 3.101370715796747390e-09 1.274216177016285201e-09
9.646987318992614746e-01 3.536787529512253059e-11 7.190886552876918358e-09 6.479765057854081078e-10 1.249164549577130856e-09 3.980366314326744259e-10
9.659402966499328613e-01 2.611946943453791192e-11 5.925318902200160665e-09 5.157694271673562980e-10 9.156729263715135403e-10 2.982165070442022170e-10
9.671502709388732910e-01 2.373000060340579864e-11 5.549607884347551590e-09 4.666386721474680144e-10 7.819960234911604857e-10 2.746756155858065540e-10
9.678511619567871094e-01 1.915733544022302226e-11 4.740206893671938815e-09 3.945878068734032240e-10 5.699343774701048915e-10 2.241635210786796506e-10
9.734688401222229004e-01 1.511317113123133993e-11 3.571729356721675686e-09 3.177178242719236323e-10 4.237132589235415026e-10 1.862000831298615822e-10
9.764508008956909180e-01 1.142859071268098603e-11 2.709840574155464310e-09 2.307160851255929401e-10 3.139327964252203174e-10 1.447943154264663690e-10
9.778572320938110352e-01 1.147935392575849534e-11 2.434937362849609599e-09 2.089770440028004828e-10 2.882818705973733131e-10 1.398999804891332133e-10
9.796271324157714844e-01 8.943712957731886348e-12 1.744605016007483300e-09 1.534699867189459610e-10 2.241868496399845867e-10 1.043484812446315857e-10
9.820588231086730957e-01 9.209204579474494778e-12 1.599120169615275699e-09 1.456792464438194656e-10 2.221055145357198057e-10 1.053244366722161374e-10
9.828526377677917480e-01 1.147986913863086045e-11 1.830596452201405100e-09 1.811302080545473814e-10 2.544886801292278733e-10 1.220991779904423424e-10
9.842006564140319824e-01 1.392086793061686478e-11 2.052947589703535414e-09 2.079429128887255729e-10 2.812770016902277348e-10 1.405805055698650108e-10
9.839920401573181152e-01 1.890511185098642244e-11 2.555430755890597538e-09 2.891679673489022662e-10 3.423745453812188089e-10 1.788447168138418419e-10
9.845439791679382324e-01 2.217714206720344805e-11 2.875993665441001212e-09 3.556114291924927784e-10 3.666639769583923680e-10 1.928019827124316521e-10
9.841769933700561523e-01 2.698439735548952001e-11 3.327387476659282584e-09 4.407355314040017902e-10 4.149205146131151878e-10 2.296917656074981551e-10
9.837760329246520996e-01 3.587470251420477041e-11 4.155324084820222197e-09 6.275504005337495528e-10 5.073370612507233091e-10 2.881559157952295891e-10
9.835852384567260742e-01 4.169326689451580137e-11 4.605953396463746685e-09 6.772937766186259978e-10 5.428555382991362421e-10 3.120498026643048206e-10
9.829068779945373535e-01 5.054847859731204096e-11 5.328062879783601602e-09 8.040444421375525508e-10 5.747550768653297837e-10 3.437201356870644986e-10
9.834488034248352051e-01 5.941712399870624495e-11 5.729635876861038923e-09 1.033648833193012706e-09 6.192339974120386614e-10 3.876708398742323425e-10
9.827881455421447754e-01 7.214523423115792866e-11 6.763245963270492211e-09 1.254460535449197778e-09 7.159640103004960565e-10 4.496405747733689395e-10
9.822168350219726562e-01 8.074124008272676178e-11 6.992658452276145908e-09 1.361675994182576233e-09 7.201936269574105154e-10 4.654639729206877519e-10
9.805663824081420898e-01 1.110409750260110684e-10 8.937049322810253216e-09 1.811479410918082067e-09 8.523299843687937027e-10 5.965244964656335469e-10
9.789022803306579590e-01 1.488026646345730342e-10 1.114326408924171119e-08 2.384091812857036530e-09 1.029995311263576241e-09 7.731366657992566616e-10
9.772353768348693848e-01 1.728313603344133753e-10 1.216982337126637503e-08 2.667375875731181623e-09 1.196739263242818652e-09 8.775728477239397307e-10
9.735029935836791992e-01 2.085677741625602266e-10 1.419459039198045502e-08 3.044436702737129963e-09 1.443861807892687921e-09 9.880087858959996083e-10
9.739859700202941895e-01 2.264379239669267463e-10 1.428375462353415060e-08 3.088978406395881393e-09 1.510714664476608959e-09 1.044447417442029291e-09
9.732809066772460938e-01 2.347852190442978326e-10 1.497919654980250925e-08 3.295159034522043839e-09 1.536743621244340829e-09 1.151066686411184037e-09
9.750123023986816406e-01 2.046613989392653821e-10 1.262031279480879675e-08 2.830409240317521835e-09 1.270682559173508253e-09 9.489259378270276102e-10
9.740832448005676270e-01 2.325904885358553997e-10 1.416196138137593152e-08 3.188646680030160496e-09 1.430679685832103587e-09 1.073329647383047813e-09
9.739345312118530273e-01 2.406387311637558923e-10 1.395676640925103129e-08 3.287801142448643077e-09 1.341363908835546681e-09 1.086688183882245085e-09
9.739398360252380371e-01 2.721566305652345363e-10 1.449912456763513546e-08 3.588511265917304627e-09 1.407121086316465153e-09 1.177120734219272435e-09
9.730533361434936523e-01 2.440553037441617334e-10 1.296750351542641511e-08 3.258803449313063538e-09 1.230523016815254778e-09 1.031699947695585706e-09
9.724332690238952637e-01 2.697763401560138163e-10 1.365120994023527601e-08 3.259473579930727283e-09 1.361744828010102992e-09 1.120783910124600879e-09
9.718197584152221680e-01 2.890664374533002956e-10 1.431835983112250688e-08 3.408311632924210244e-09 1.444081298984656314e-09 1.199084498360036832e-09
9.738808274269104004e-01 2.619603423070770987e-10 1.290383977448072983e-08 3.184811525613895355e-09 1.369869662148914813e-09 1.067150590117194042e-09
9.727442860603332520e-01 2.829997347575385902e-10 1.319815368105992093e-08 3.317387475831878874e-09 1.406458394193066397e-09 1.113381387085610186e-09
9.712806344032287598e-01 2.966703271933823771e-10 1.383430525692119772e-08 3.330057118944296235e-09 1.466123222826354322e-09 1.117938519534789066e-09
9.710609316825866699e-01 3.009627547179150042e-10 1.336603627777321890e-08 3.405630888408950341e-09 1.526643478300115930e-09 1.141159056139429140e-09
9.700664877891540527e-01 3.052482155929681085e-10 1.330694043844005137e-08 3.323345154626622389e-09 1.492217238663329226e-09 1.126560844610935419e-09
9.697639942169189453e-01 3.095986800261130156e-10 1.340804622884661512e-08 3.319616803665326188e-09 1.530265136828745653e-09 1.098165003377005178e-09
9.704372286796569824e-01 3.052117447666091721e-10 1.306147190405226866e-08 3.269920778592450006e-09 1.511277325505488989e-09 1.086404077810243507e-09
9.697448611259460449e-01 3.167185957941853758e-10 1.304640395716205603e-08 3.222068389874266359e-09 1.562271423338756904e-09 1.095200263812046160e-09
9.698669314384460449e-01 3.528873582236968787e-10 1.418503980943341958e-08 3.322864428056959696e-09 1.716464304024611920e-09 1.166699847843233329e-09
9.685767889022827148e-01 4.314811008487851041e-10 1.702442098405754223e-08 3.774028201064538734e-09 2.068829330070798278e-09 1.389651171912476002e-09
9.689905047416687012e-01 3.933215420026670017e-10 1.552452033592999214e-08 3.562221628783390770e-09 1.917577208132570377e-09 1.274096939063440459e-09
9.682695269584655762e-01 4.337491477102162207e-10 1.654376546866842546e-08 3.708873430596781873e-09 2.106981922267436858e-09 1.365016988330580716e-09
9.675015211105346680e-01 4.669470365925576516e-10 1.798695237198444374e-08 3.980672236281179721e-09 2.153202727228631375e-09 1.422629236635941652e-09
9.670032262802124023e-01 4.930965080696125824e-10 1.888287037843383587e-08 4.004438558524725522e-09 2.251214770154774669e-09 1.517911574211439074e-09
9.669420123100280762e-01 5.625216958904388775e-10 2.091594097919369233e-08 4.347505022650466344e-09 2.529225495706555193e-09 1.636195845478027877e-09
9.674353599548339844e-01 6.404299868201235313e-10 2.317947078722681908e-08 4.789160179541340767e-09 2.773858254201400086e-09 1.857941356320225168e-09
9.670626521110534668e-01 7.079765662609815990e-10 2.520156527907602140e-08 5.025855731588535491e-09 3.137167636779736313e-09 2.074296734377867324e-09
9.649171829223632812e-01 8.513798555043194938e-10 3.013262883655443147e-08 5.972662364683856140e-09 3.815328497580594558e-09 2.389430431293249057e-09
9.636832475662231445e-01 7.767858578588970886e-10 2.797538911636365810e-08 5.370572431218079146e-09 3.434001305535616666e-09 2.197245052570906410e-09
9.646655321121215820e-01 8.344243629387904093e-10 2.951377453541681462e-08 5.760290466838569046e-09 3.673214621358056320e-09 2.275975186094569835e-09
9.648011326789855957e-01 8.883378477264614048e-10 3.062086761929094791e-08 5.890896659366262611e-09 3.741790433053893139e-09 2.409167754180430165e-09
9.638555049896240234e-01 1.140661121112884757e-09 3.667088321890332736e-08 7.101711219092976535e-09 4.555900545710755978e-09 2.937014631498868766e-09
9.655002355575561523e-01 1.067343546878873894e-09 3.599323505909524101e-08 6.555404663544095456e-09 4.620527516152606040e-09 2.826816114520624978e-09
9.634609818458557129e-01 1.233109725440328930e-09 3.945298132634889043e-08 7.139104862829981357e-09 5.321902474264561533e-09 3.169699169802697725e-09
9.648207426071166992e-01 1.192478116252004838e-09 3.818727734028470877e-08 7.231742316093914269e-09 5.378440359748992705e-09 3.078474142270692937e-09
9.624770283699035645e-01 1.419677708724975673e-09 4.304341416627721628e-08 7.477284569290532090e-09 5.929014168515323036e-09 3.529837089288889729e-09
9.615715742111206055e-01 1.521856196617932255e-09 4.620787663611736207e-08 8.184084521190015948e-09 6.372324889980518492e-09 3.686084992793325910e-09
9.619033336639404297e-01 1.583874809085727975e-09 4.811525045056441741e-08 8.245470972667590104e-09 6.471931879303838286e-09 3.900207268259237026e-09
9.618952870368957520e-01 1.692103901440589198e-09 5.023452942509720742e-08 8.415568686359620187e-09 6.858938306208983704e-09 4.029747646683290441e-09
9.602912664413452148e-01 1.759976275828023518e-09 5.035981587298010709e-08 8.732815359735468519e-09 6.957629139492382819e-09 4.022820743188049164e-09
9.579870700836181641e-01 1.997632059769216539e-09 5.893888754826548393e-08 9.527916233764699427e-09 7.991877382096390647e-09 4.788406116063015361e-09
9.573698639869689941e-01 2.107860996858335056e-09 6.014344933191750897e-08 9.551608393110200268e-09 8.048339772415147308e-09 4.840224221425160067e-09
9.570112824440002441e-01 2.214915584275445326e-09 6.330262891651727841e-08 9.898562858268178388e-09 8.400047768475360499e-09 5.031190131177254443e-09
9.566230177879333496e-01 2.475829097292603365e-09 6.728105006459372817e-08 1.078550937450017955e-08 9.411398771419499099e-09 5.561496596584447616e-09
9.535703659057617188e-01 2.832242440575782894e-09 7.761824605267975130e-08 1.190103304793410643e-08 1.073697308839882680e-08 6.262749430163694342e-09
9.524357318878173828e-01 2.854541936159193938e-09 7.694136172631260706e-08 1.208244881922837521e-08 1.055765164181821092e-08 6.391862150678662147e-09
9.532716274261474609e-01 3.407308879488368802e-09 8.711781873671498033e-08 1.344525646373995187e-08 1.210318245625785494e-08 7.450697836475228542e-09
9.518388509750366211e-01 3.619779809227452461e-09 9.303023773554741638e-08 1.353256084968279538e-08 1.316385223049110209e-08 7.902239751444994909e-09
9.527395963668823242e-01 3.988187557979472331e-09 1.016733151004700630e-07 1.538845673110245116e-08 1.447181396940777631e-08 8.441962684457848809e-09
9.507079720497131348e-01 3.942195903050560446e-09 1.006393262059646077e-07 1.467488619510959325e-08 1.390981196891516447e-08 8.061136647086186713e-09
9.506103992462158203e-01 4.369978157114928763e-09 1.106737457234885369e-07 1.613483924245429080e-08 1.583305930807910045e-08 9.130044276162152528e-09
9.482170343399047852e-01 5.041053796617234184e-09 1.206666837560987915e-07 1.705086916103937256e-08 1.677298122615411557e-08 9.848918125499039888e-09
9.508373141288757324e-01 5.275254011394281406e-09 1.242697322823005379e-07 1.842734143053803564e-08 1.774182933900192438e-08 1.017014206183830538e-08
9.492877125740051270e-01 5.536691105589852668e-09 1.269877003551300731e-07 1.882687428178542177e-08 1.877297961527801817e-08 1.054839771086335531e-08
9.471501708030700684e-01 6.616423853245123610e-09 1.515639382887457032e-07 2.130741982853123773e-08 2.235730178767880716e-08 1.235775926033966243e-08
9.452291131019592285e-01 7.618574215939588612e-09 1.708386463405986433e-07 2.283858435703223222e-08 2.574706670088744431e-08 1.340075783673455589e-08
9.451693892478942871e-01 7.435716931070146529e-09 1.659170862922110246e-07 2.314515512580328505e-08 2.445758084945737210e-08 1.300531327075304944e-08
9.440811872482299805e-01 7.555190251196108875e-09 1.673196834417467471e-07 2.229395690278579423e-08 2.501051454828484566e-08 1.303879493264048506e-08
9.434566497802734375e-01 8.273953966408953420e-09 1.694549922603982850e-07 2.307102420218143379e-08 2.697003331775249535e-08 1.398559845711133676e-08
9.412488341331481934e-01 8.685705488176154176e-09 1.852414186487294501e-07 2.493814399429084006e-08 2.778720542551127437e-08 1.448689967986638294e-08
9.427455067634582520e-01 9.183263927070584032e-09 1.964537972298785462e-07 2.550233091369591421e-08 2.989308356404762890e-08 1.493126333684813289e-08
9.435638189315795898e-01 8.621678482256811549e-09 1.774566413814682164e-07 2.400735077401350281e-08 2.712808644389497204e-08 1.379086356223524490e-08
9.409947991371154785e-01 9.368648079544072971e-09 1.940611866757535608e-07 2.499640849862316827e-08 2.897129647294605093e-08 1.475841848730397032e-08
9.413283467292785645e-01 1.117249404103404231e-08 2.235366451941445121e-07 2.881774641139145388e-08 3.367253142982917780e-08 1.621918244154585409e-08
9.406573176383972168e-01 1.201703625497430039e-08 2.367026326055565733e-07 3.073455090429888514e-08 3.731635089820883877e-08 1.752571954227732931e-08
9.368429780006408691e-01 1.397010329640124837e-08 2.768665581243112683e-07 3.487198796392476652e-08 4.466784986334459973e-08 2.017708666812723095e-08
9.372343420982360840e-01 1.420152440090305390e-08 2.624348667268350255e-07 3.401295245453184179e-08 4.204182957323610026e-08 1.947701200322171644e-08
