2.100000000000000000e+01 1.280000000000000000e+02 9.200000000000000000e+01 7.010000000000000000e+02 2.200000000000000000e+01
1.490000000000000000e+02 1.450000000000000000e+02 6.000000000000000000e+00 4.000000000000000000e+00 1.460000000000000000e+02
1.500000000000000000e+02 4.000000000000000000e+00 1.780000000000000000e+02 2.840000000000000000e+02 1.490000000000000000e+02
1.500000000000000000e+02 1.450000000000000000e+02 1.490000000000000000e+02 1.460000000000000000e+02 4.000000000000000000e+00
1.500000000000000000e+02 1.450000000000000000e+02 1.480000000000000000e+02 1.460000000000000000e+02 1.490000000000000000e+02
1.450000000000000000e+02 1.500000000000000000e+02 1.480000000000000000e+02 1.460000000000000000e+02 1.490000000000000000e+02
1.450000000000000000e+02 1.480000000000000000e+02 1.500000000000000000e+02 1.460000000000000000e+02 1.490000000000000000e+02
1.450000000000000000e+02 1.480000000000000000e+02 1.500000000000000000e+02 1.460000000000000000e+02 1.490000000000000000e+02
1.480000000000000000e+02 1.450000000000000000e+02 1.500000000000000000e+02 3.000000000000000000e+00 1.460000000000000000e+02
1.480000000000000000e+02 1.450000000000000000e+02 3.000000000000000000e+00 1.500000000000000000e+02 1.460000000000000000e+02
1.480000000000000000e+02 1.450000000000000000e+02 3.000000000000000000e+00 1.460000000000000000e+02 1.500000000000000000e+02
1.480000000000000000e+02 1.450000000000000000e+02 3.000000000000000000e+00 1.460000000000000000e+02 6.000000000000000000e+00
1.480000000000000000e+02 3.000000000000000000e+00 1.450000000000000000e+02 1.460000000000000000e+02 6.000000000000000000e+00
1.480000000000000000e+02 3.000000000000000000e+00 1.450000000000000000e+02 6.000000000000000000e+00 1.460000000000000000e+02
1.480000000000000000e+02 3.000000000000000000e+00 1.450000000000000000e+02 6.000000000000000000e+00 1.460000000000000000e+02
1.480000000000000000e+02 3.000000000000000000e+00 1.450000000000000000e+02 6.000000000000000000e+00 1.460000000000000000e+02
1.480000000000000000e+02 3.000000000000000000e+00 6.000000000000000000e+00 1.450000000000000000e+02 1.460000000000000000e+02
1.480000000000000000e+02 3.000000000000000000e+00 6.000000000000000000e+00 1.460000000000000000e+02 1.450000000000000000e+02
1.480000000000000000e+02 3.000000000000000000e+00 6.000000000000000000e+00 1.460000000000000000e+02 1.450000000000000000e+02
3.000000000000000000e+00 1.480000000000000000e+02 6.000000000000000000e+00 1.460000000000000000e+02 1.470000000000000000e+02
3.000000000000000000e+00 1.480000000000000000e+02 6.000000000000000000e+00 1.460000000000000000e+02 1.470000000000000000e+02
3.000000000000000000e+00 1.480000000000000000e+02 1.460000000000000000e+02 6.000000000000000000e+00 1.470000000000000000e+02
3.000000000000000000e+00 1.480000000000000000e+02 1.460000000000000000e+02 6.000000000000000000e+00 2.000000000000000000e+00
3.000000000000000000e+00 1.480000000000000000e+02 1.460000000000000000e+02 2.000000000000000000e+00 6.000000000000000000e+00
3.000000000000000000e+00 1.480000000000000000e+02 2.000000000000000000e+00 1.460000000000000000e+02 1.470000000000000000e+02
3.000000000000000000e+00 1.480000000000000000e+02 2.000000000000000000e+00 1.460000000000000000e+02 1.470000000000000000e+02
3.000000000000000000e+00 1.480000000000000000e+02 2.000000000000000000e+00 1.460000000000000000e+02 1.470000000000000000e+02
3.000000000000000000e+00 1.480000000000000000e+02 2.000000000000000000e+00 1.460000000000000000e+02 1.470000000000000000e+02
3.000000000000000000e+00 1.480000000000000000e+02 2.000000000000000000e+00 1.470000000000000000e+02 1.460000000000000000e+02
3.000000000000000000e+00 1.480000000000000000e+02 2.000000000000000000e+00 1.470000000000000000e+02 1.460000000000000000e+02
3.000000000000000000e+00 1.480000000000000000e+02 2.000000000000000000e+00 1.470000000000000000e+02 7.780000000000000000e+02
3.000000000000000000e+00 1.480000000000000000e+02 2.000000000000000000e+00 1.470000000000000000e+02 7.780000000000000000e+02
3.000000000000000000e+00 1.480000000000000000e+02 7.780000000000000000e+02 1.470000000000000000e+02 2.000000000000000000e+00
3.000000000000000000e+00 1.480000000000000000e+02 1.470000000000000000e+02 2.000000000000000000e+00 7.780000000000000000e+02
3.000000000000000000e+00 1.480000000000000000e+02 1.470000000000000000e+02 2.000000000000000000e+00 7.780000000000000000e+02
3.000000000000000000e+00 1.480000000000000000e+02 1.470000000000000000e+02 7.780000000000000000e+02 2.000000000000000000e+00
3.000000000000000000e+00 1.480000000000000000e+02 1.470000000000000000e+02 7.780000000000000000e+02 2.000000000000000000e+00
3.000000000000000000e+00 1.480000000000000000e+02 1.470000000000000000e+02 2.000000000000000000e+00 7.780000000000000000e+02
3.000000000000000000e+00 1.480000000000000000e+02 1.470000000000000000e+02 7.780000000000000000e+02 2.000000000000000000e+00
3.000000000000000000e+00 1.480000000000000000e+02 1.470000000000000000e+02 7.780000000000000000e+02 2.000000000000000000e+00
3.000000000000000000e+00 1.480000000000000000e+02 1.470000000000000000e+02 7.780000000000000000e+02 2.000000000000000000e+00
3.000000000000000000e+00 1.480000000000000000e+02 1.470000000000000000e+02 7.780000000000000000e+02 2.000000000000000000e+00
3.000000000000000000e+00 1.480000000000000000e+02 7.780000000000000000e+02 1.470000000000000000e+02 2.000000000000000000e+00
3.000000000000000000e+00 1.480000000000000000e+02 1.470000000000000000e+02 7.780000000000000000e+02 2.000000000000000000e+00
3.000000000000000000e+00 7.780000000000000000e+02 1.470000000000000000e+02 1.480000000000000000e+02 2.000000000000000000e+00
3.000000000000000000e+00 7.780000000000000000e+02 1.470000000000000000e+02 1.480000000000000000e+02 2.000000000000000000e+00
3.000000000000000000e+00 7.780000000000000000e+02 1.470000000000000000e+02 1.480000000000000000e+02 2.000000000000000000e+00
3.000000000000000000e+00 7.780000000000000000e+02 1.470000000000000000e+02 1.480000000000000000e+02 2.000000000000000000e+00
3.000000000000000000e+00 7.780000000000000000e+02 1.470000000000000000e+02 1.480000000000000000e+02 2.000000000000000000e+00
3.000000000000000000e+00 7.780000000000000000e+02 1.470000000000000000e+02 1.480000000000000000e+02 2.000000000000000000e+00
3.000000000000000000e+00 7.780000000000000000e+02 1.470000000000000000e+02 1.480000000000000000e+02 2.000000000000000000e+00
