          0  0.05374183 12.69687557
        100  0.00258925 25.86825562
        200  0.00173398 27.60955238
        300  0.00138197 28.59501266
        400  0.00120178 29.20176506
        500  0.00111482 29.52796364
        600  0.00103520 29.84977531
        700  0.00097809 30.09619713
        800  0.00094201 30.25943947
        900  0.00091507 30.38543320
       1000  0.00087551 30.57736969
       1100  0.00085060 30.70274925
       1200  0.00080643 30.93433952
       1300  0.00078856 31.03165436
       1400  0.00076670 31.15376091
       1500  0.00074698 31.26693726
       1600  0.00072169 31.41651726
       1700  0.00073669 31.32713509
       1800  0.00067962 31.67734718
       1900  0.00065529 31.83568954
       2000  0.00063296 31.98621941
       2100  0.00062243 32.05912399
       2200  0.00061324 32.12367630
       2300  0.00060293 32.19734573
       2400  0.00057815 32.37959671
       2500  0.00056829 32.45428085
       2600  0.00055900 32.52585220
       2700  0.00057536 32.40057373
       2800  0.00053066 32.75181580
       2900  0.00051261 32.90214920
       3000  0.00050550 32.96278381
       3100  0.00049561 33.04857635
       3200  0.00047204 33.26021194
       3300  0.00046926 33.28588486
       3400  0.00044905 33.47705460
       3500  0.00045116 33.45671463
       3600  0.00044028 33.56273651
       3700  0.00044448 33.52143478
       3800  0.00044737 33.49336624
       3900  0.00043147 33.65045929
       4000  0.00040271 33.95002747
       4100  0.00042338 33.73270035
       4200  0.00039379 34.04735947
       4300  0.00036900 34.32977676
       4400  0.00036042 34.43188095
       4500  0.00035997 34.43730927
       4600  0.00034741 34.59151459
       4700  0.00033607 34.73575211
       4800  0.00033800 34.71081161
       4900  0.00032793 34.84212875
       5000  0.00033104 34.80123138
