8.157854317687451839e-04
1.347406804561614990e-01
9.962522387504577637e-01
9.986841082572937012e-01
9.982799291610717773e-01
9.985910058021545410e-01
9.983653426170349121e-01
9.985514283180236816e-01
9.984286427497863770e-01
9.981563687324523926e-01
9.977444410324096680e-01
9.975076913833618164e-01
9.973120689392089844e-01
9.970471262931823730e-01
9.966719150543212891e-01
9.963499307632446289e-01
9.959132075309753418e-01
9.955160021781921387e-01
9.952373504638671875e-01
9.948222637176513672e-01
9.942763447761535645e-01
9.936813116073608398e-01
9.930704236030578613e-01
9.923650622367858887e-01
9.916220903396606445e-01
9.907131791114807129e-01
9.900000691413879395e-01
9.891543984413146973e-01
9.882958531379699707e-01
9.873688817024230957e-01
9.865260720252990723e-01
9.853355884552001953e-01
9.841938614845275879e-01
9.831506609916687012e-01
9.815539121627807617e-01
9.807465672492980957e-01
9.794119000434875488e-01
9.786125421524047852e-01
9.777218699455261230e-01
9.771515727043151855e-01
9.768180847167968750e-01
9.758138060569763184e-01
9.744250774383544922e-01
9.742101430892944336e-01
9.732115864753723145e-01
9.727489948272705078e-01
9.719778299331665039e-01
9.715507030487060547e-01
9.704222083091735840e-01
9.703645110130310059e-01
9.692161083221435547e-01
