2.100000000000000000e+01 5.490000000000000000e+02 7.800000000000000000e+01 1.280000000000000000e+02 3.180000000000000000e+02
6.040000000000000000e+02 2.770000000000000000e+02 3.720000000000000000e+02 2.700000000000000000e+02 2.800000000000000000e+02
6.040000000000000000e+02 4.950000000000000000e+02 5.830000000000000000e+02 2.860000000000000000e+02 9.060000000000000000e+02
6.040000000000000000e+02 4.950000000000000000e+02 5.830000000000000000e+02 2.860000000000000000e+02 2.710000000000000000e+02
6.040000000000000000e+02 4.950000000000000000e+02 5.830000000000000000e+02 2.860000000000000000e+02 2.710000000000000000e+02
6.040000000000000000e+02 4.950000000000000000e+02 5.830000000000000000e+02 2.860000000000000000e+02 2.710000000000000000e+02
6.040000000000000000e+02 4.950000000000000000e+02 5.830000000000000000e+02 2.860000000000000000e+02 2.800000000000000000e+02
6.040000000000000000e+02 4.950000000000000000e+02 5.830000000000000000e+02 2.860000000000000000e+02 2.800000000000000000e+02
6.040000000000000000e+02 4.950000000000000000e+02 5.830000000000000000e+02 2.860000000000000000e+02 2.800000000000000000e+02
6.040000000000000000e+02 4.950000000000000000e+02 5.830000000000000000e+02 2.860000000000000000e+02 2.800000000000000000e+02
6.040000000000000000e+02 4.950000000000000000e+02 5.830000000000000000e+02 2.860000000000000000e+02 2.800000000000000000e+02
6.040000000000000000e+02 4.950000000000000000e+02 5.830000000000000000e+02 2.860000000000000000e+02 2.800000000000000000e+02
6.040000000000000000e+02 4.950000000000000000e+02 5.830000000000000000e+02 2.860000000000000000e+02 2.800000000000000000e+02
6.040000000000000000e+02 5.830000000000000000e+02 4.950000000000000000e+02 2.860000000000000000e+02 2.800000000000000000e+02
6.040000000000000000e+02 5.830000000000000000e+02 4.950000000000000000e+02 2.860000000000000000e+02 2.800000000000000000e+02
6.040000000000000000e+02 5.830000000000000000e+02 4.950000000000000000e+02 2.860000000000000000e+02 2.800000000000000000e+02
6.040000000000000000e+02 5.830000000000000000e+02 4.950000000000000000e+02 2.860000000000000000e+02 2.800000000000000000e+02
6.040000000000000000e+02 5.830000000000000000e+02 4.950000000000000000e+02 2.860000000000000000e+02 2.800000000000000000e+02
6.040000000000000000e+02 5.830000000000000000e+02 4.950000000000000000e+02 2.860000000000000000e+02 2.800000000000000000e+02
6.040000000000000000e+02 5.830000000000000000e+02 4.950000000000000000e+02 2.860000000000000000e+02 2.800000000000000000e+02
6.040000000000000000e+02 5.830000000000000000e+02 4.950000000000000000e+02 2.860000000000000000e+02 2.800000000000000000e+02
6.040000000000000000e+02 5.830000000000000000e+02 4.950000000000000000e+02 2.860000000000000000e+02 2.800000000000000000e+02
6.040000000000000000e+02 5.830000000000000000e+02 4.950000000000000000e+02 2.860000000000000000e+02 2.800000000000000000e+02
6.040000000000000000e+02 5.830000000000000000e+02 4.950000000000000000e+02 2.860000000000000000e+02 2.800000000000000000e+02
6.040000000000000000e+02 5.830000000000000000e+02 4.950000000000000000e+02 2.860000000000000000e+02 9.050000000000000000e+02
6.040000000000000000e+02 5.830000000000000000e+02 4.950000000000000000e+02 2.860000000000000000e+02 9.050000000000000000e+02
6.040000000000000000e+02 5.830000000000000000e+02 4.950000000000000000e+02 2.860000000000000000e+02 9.050000000000000000e+02
6.040000000000000000e+02 5.830000000000000000e+02 4.950000000000000000e+02 2.860000000000000000e+02 4.380000000000000000e+02
6.040000000000000000e+02 5.830000000000000000e+02 4.950000000000000000e+02 2.860000000000000000e+02 4.380000000000000000e+02
6.040000000000000000e+02 5.830000000000000000e+02 4.950000000000000000e+02 2.860000000000000000e+02 4.380000000000000000e+02
6.040000000000000000e+02 5.830000000000000000e+02 4.950000000000000000e+02 2.860000000000000000e+02 4.380000000000000000e+02
6.040000000000000000e+02 5.830000000000000000e+02 4.950000000000000000e+02 2.860000000000000000e+02 4.380000000000000000e+02
6.040000000000000000e+02 5.830000000000000000e+02 4.950000000000000000e+02 2.860000000000000000e+02 4.380000000000000000e+02
6.040000000000000000e+02 5.830000000000000000e+02 4.950000000000000000e+02 2.860000000000000000e+02 4.380000000000000000e+02
6.040000000000000000e+02 5.830000000000000000e+02 4.950000000000000000e+02 4.380000000000000000e+02 2.860000000000000000e+02
6.040000000000000000e+02 5.830000000000000000e+02 4.950000000000000000e+02 4.380000000000000000e+02 2.860000000000000000e+02
6.040000000000000000e+02 5.830000000000000000e+02 4.950000000000000000e+02 4.380000000000000000e+02 2.860000000000000000e+02
6.040000000000000000e+02 5.830000000000000000e+02 4.950000000000000000e+02 4.380000000000000000e+02 2.860000000000000000e+02
6.040000000000000000e+02 5.830000000000000000e+02 4.950000000000000000e+02 4.380000000000000000e+02 2.860000000000000000e+02
6.040000000000000000e+02 5.830000000000000000e+02 4.950000000000000000e+02 4.380000000000000000e+02 2.860000000000000000e+02
6.040000000000000000e+02 5.830000000000000000e+02 4.950000000000000000e+02 4.380000000000000000e+02 2.860000000000000000e+02
6.040000000000000000e+02 4.950000000000000000e+02 5.830000000000000000e+02 4.380000000000000000e+02 2.860000000000000000e+02
6.040000000000000000e+02 4.950000000000000000e+02 5.830000000000000000e+02 4.380000000000000000e+02 2.860000000000000000e+02
6.040000000000000000e+02 4.950000000000000000e+02 5.830000000000000000e+02 4.380000000000000000e+02 2.860000000000000000e+02
6.040000000000000000e+02 4.950000000000000000e+02 5.830000000000000000e+02 4.380000000000000000e+02 2.860000000000000000e+02
6.040000000000000000e+02 4.950000000000000000e+02 5.830000000000000000e+02 4.380000000000000000e+02 9.050000000000000000e+02
6.040000000000000000e+02 4.950000000000000000e+02 5.830000000000000000e+02 4.380000000000000000e+02 2.860000000000000000e+02
6.040000000000000000e+02 4.950000000000000000e+02 5.830000000000000000e+02 4.380000000000000000e+02 2.860000000000000000e+02
6.040000000000000000e+02 4.950000000000000000e+02 5.830000000000000000e+02 4.380000000000000000e+02 2.860000000000000000e+02
6.040000000000000000e+02 4.950000000000000000e+02 5.830000000000000000e+02 4.380000000000000000e+02 2.860000000000000000e+02
6.040000000000000000e+02 4.950000000000000000e+02 5.830000000000000000e+02 4.380000000000000000e+02 9.050000000000000000e+02
