          0  0.02844110 15.46053600
        100  0.00375563 24.25316811
        200  0.00296348 25.28197670
        300  0.00243096 26.14221573
        400  0.00206920 26.84197617
        500  0.00188679 27.24276161
        600  0.00173269 27.61278725
        700  0.00162071 27.90295792
        800  0.00147393 28.31524086
        900  0.00139943 28.54048538
       1000  0.00133647 28.74039650
       1100  0.00123420 29.08613777
       1200  0.00119012 29.24409676
       1300  0.00114045 29.42924690
       1400  0.00111745 29.51773262
       1500  0.00107473 29.68700981
       1600  0.00102022 29.91308212
       1700  0.00099105 30.03905106
       1800  0.00094002 30.26864433
       1900  0.00091701 30.37627029
       2000  0.00087170 30.59630966
       2100  0.00084579 30.72737885
       2200  0.00082454 30.83786201
       2300  0.00079715 30.98459053
       2400  0.00076367 31.17092896
       2500  0.00076447 31.16640091
       2600  0.00072061 31.42297173
       2700  0.00070714 31.50496864
       2800  0.00067216 31.72528076
       2900  0.00066911 31.74505234
       3000  0.00064070 31.93346977
       3100  0.00062419 32.04682159
       3200  0.00059971 32.22061539
       3300  0.00059857 32.22882080
       3400  0.00057028 32.43909836
       3500  0.00055286 32.57381821
       3600  0.00052600 32.79012680
       3700  0.00051567 32.87623978
       3800  0.00049979 33.01211929
       3900  0.00049994 33.01078415
       4000  0.00046288 33.34532928
       4100  0.00050189 32.99392319
       4200  0.00044917 33.47592163
       4300  0.00046159 33.35741425
       4400  0.00042602 33.70565033
       4500  0.00043207 33.64441681
       4600  0.00042878 33.67763138
       4700  0.00038465 34.14930725
       4800  0.00041192 33.85188675
       4900  0.00036857 34.33481216
       5000  0.00035988 34.43842697
