1.546039129607379436e-04 1.546039129607379436e-04 2.287516399519518018e-04 1.080846632248722017e-04 1.272989436984062195e-03 3.194109885953366756e-04
9.696468623587861657e-05 9.696468623587861657e-05 4.448784238775260746e-05 3.444201138336211443e-04 9.459862485527992249e-05 1.450932759325951338e-04
5.691668391227722168e-02 5.691668391227722168e-02 5.181287415325641632e-04 5.896120518445968628e-02 1.132148434408009052e-03 3.623824741225689650e-04
4.761487245559692383e-01 4.761487245559692383e-01 7.032536086626350880e-04 3.049031794071197510e-01 1.294250017963349819e-03 1.444526715204119682e-04
6.995429992675781250e-01 6.995429992675781250e-01 1.386536168865859509e-03 1.566877961158752441e-01 1.726619084365665913e-03 2.141164586646482348e-04
8.576716780662536621e-01 8.576716780662536621e-01 1.653556013479828835e-03 6.096953898668289185e-02 1.178868464194238186e-03 2.305359230376780033e-04
8.690166473388671875e-01 8.690166473388671875e-01 3.895401256158947945e-03 3.051761724054813385e-02 1.517487922683358192e-03 3.744036366697400808e-04
8.457021117210388184e-01 8.457021117210388184e-01 4.687071312218904495e-03 2.470993250608444214e-02 2.305041532963514328e-03 4.646991728805005550e-04
8.350696563720703125e-01 8.350696563720703125e-01 5.301946308463811874e-03 2.053489536046981812e-02 2.627198118716478348e-03 5.216157296672463417e-04
8.142518401145935059e-01 8.142518401145935059e-01 6.810546852648258209e-03 1.837031729519367218e-02 2.925205975770950317e-03 5.965621094219386578e-04
7.757697701454162598e-01 7.757697701454162598e-01 8.253412321209907532e-03 1.784244924783706665e-02 3.716230392456054688e-03 7.022689096629619598e-04
7.535879015922546387e-01 7.535879015922546387e-01 8.911403827369213104e-03 1.912089064717292786e-02 4.139153752475976944e-03 7.753848331049084663e-04
7.253171801567077637e-01 7.253171801567077637e-01 1.140657067298889160e-02 1.839452050626277924e-02 4.140583332628011703e-03 9.420795249752700329e-04
7.080851197242736816e-01 7.080851197242736816e-01 1.106676831841468811e-02 1.861810870468616486e-02 4.830017685890197754e-03 1.004442921839654446e-03
6.940842866897583008e-01 6.940842866897583008e-01 1.083114929497241974e-02 1.909068413078784943e-02 5.745562259107828140e-03 1.033433130942285061e-03
6.583293676376342773e-01 6.583293676376342773e-01 1.231163274496793747e-02 1.994067057967185974e-02 6.725562270730733871e-03 1.159536652266979218e-03
6.174207329750061035e-01 6.174207329750061035e-01 1.313066016882658005e-02 2.109156362712383270e-02 8.258606307208538055e-03 1.251789159141480923e-03
5.921233296394348145e-01 5.921233296394348145e-01 1.412621606141328812e-02 2.115167118608951569e-02 9.253139607608318329e-03 1.325278542935848236e-03
5.527471899986267090e-01 5.527471899986267090e-01 1.487629953771829605e-02 2.149038948118686676e-02 1.043530087918043137e-02 1.485862536355853081e-03
4.957391321659088135e-01 4.957391321659088135e-01 1.882222667336463928e-02 1.965088024735450745e-02 1.183153036981821060e-02 1.714630750939249992e-03
4.659857153892517090e-01 4.659857153892517090e-01 2.048198133707046509e-02 1.838120631873607635e-02 1.207221951335668564e-02 1.860267599113285542e-03
4.286219477653503418e-01 4.286219477653503418e-01 2.698931284248828888e-02 1.638792641460895538e-02 1.263048406690359116e-02 2.128486987203359604e-03
3.886528611183166504e-01 3.886528611183166504e-01 2.897974848747253418e-02 1.563398167490959167e-02 1.367987878620624542e-02 2.223896095529198647e-03
3.409706056118011475e-01 3.409706056118011475e-01 4.019042849540710449e-02 1.365856919437646866e-02 1.421844307333230972e-02 2.509891521185636520e-03
3.064897358417510986e-01 3.064897358417510986e-01 4.844774305820465088e-02 1.240972056984901428e-02 1.551587227731943130e-02 2.669517183676362038e-03
2.829965054988861084e-01 2.829965054988861084e-01 5.270633473992347717e-02 1.214799843728542328e-02 1.677505113184452057e-02 2.767629688605666161e-03
2.557852268218994141e-01 2.557852268218994141e-01 7.029255479574203491e-02 1.081077754497528076e-02 1.753594912588596344e-02 3.164988942444324493e-03
2.253181636333465576e-01 2.253181636333465576e-01 7.529401779174804688e-02 9.954328648746013641e-03 1.759544014930725098e-02 3.248982829973101616e-03
1.951021403074264526e-01 1.951021403074264526e-01 9.180795401334762573e-02 8.809429593384265900e-03 1.753671281039714813e-02 3.546644700691103935e-03
1.695091128349304199e-01 1.695091128349304199e-01 1.000825539231300354e-01 8.203839883208274841e-03 1.812608726322650909e-02 3.516588360071182251e-03
1.544689536094665527e-01 1.544689536094665527e-01 1.092540919780731201e-01 7.922443561255931854e-03 1.837754435837268829e-02 3.727449569851160049e-03
1.463551521301269531e-01 1.463551521301269531e-01 1.126976981759071350e-01 7.533383090049028397e-03 1.803478598594665527e-02 3.722470952197909355e-03
1.365067511796951294e-01 1.365067511796951294e-01 1.089231073856353760e-01 7.362443488091230392e-03 1.876752078533172607e-02 3.676449414342641830e-03
1.120047867298126221e-01 1.120047867298126221e-01 1.246498525142669678e-01 6.321671884506940842e-03 1.789629273116588593e-02 3.826116444543004036e-03
1.007837876677513123e-01 1.007837876677513123e-01 1.331568509340286255e-01 5.866950843483209610e-03 1.877506636083126068e-02 3.862160723656415939e-03
8.729014545679092407e-02 8.729014545679092407e-02 1.474262923002243042e-01 5.399883259087800980e-03 1.860638149082660675e-02 3.924648743122816086e-03
8.115699887275695801e-02 8.115699887275695801e-02 1.478729546070098877e-01 5.085530225187540054e-03 1.807746291160583496e-02 3.927672747522592545e-03
7.824799418449401855e-02 7.824799418449401855e-02 1.507414132356643677e-01 4.977216478437185287e-03 1.877962984144687653e-02 4.068863112479448318e-03
6.633687019348144531e-02 6.633687019348144531e-02 1.607658118009567261e-01 4.446406383067369461e-03 1.846418343484401703e-02 4.100422840565443039e-03
6.263342499732971191e-02 6.263342499732971191e-02 1.597494333982467651e-01 4.306511953473091125e-03 1.859606057405471802e-02 4.217253532260656357e-03
6.068891286849975586e-02 6.068891286849975586e-02 1.564574390649795532e-01 4.322562832385301590e-03 1.891458965837955475e-02 4.183130338788032532e-03
5.490732565522193909e-02 5.490732565522193909e-02 1.636292785406112671e-01 3.986343741416931152e-03 1.858916878700256348e-02 4.269167780876159668e-03
5.250870808959007263e-02 5.250870808959007263e-02 1.539436876773834229e-01 3.943954594433307648e-03 1.850057765841484070e-02 4.261709749698638916e-03
4.755374044179916382e-02 4.755374044179916382e-02 1.613802313804626465e-01 3.747835988178849220e-03 1.766988635063171387e-02 4.313777666538953781e-03
4.644516855478286743e-02 4.644516855478286743e-02 1.590332388877868652e-01 3.682530950754880905e-03 1.823951117694377899e-02 4.313762765377759933e-03
4.285432770848274231e-02 4.285432770848274231e-02 1.594547331333160400e-01 3.538769669830799103e-03 1.754805445671081543e-02 4.332380834966897964e-03
4.078961163759231567e-02 4.078961163759231567e-02 1.587631255388259888e-01 3.441666020080447197e-03 1.774665527045726776e-02 4.320016596466302872e-03
3.853417187929153442e-02 3.853417187929153442e-02 1.589607447385787964e-01 3.374553984031081200e-03 1.798747107386589050e-02 4.522332455962896347e-03
3.682473674416542053e-02 3.682473674416542053e-02 1.627648919820785522e-01 3.316256217658519745e-03 1.796339452266693115e-02 4.566933494061231613e-03
3.490934148430824280e-02 3.490934148430824280e-02 1.593517661094665527e-01 3.200328210368752480e-03 1.856215670704841614e-02 4.647402092814445496e-03
3.386590257287025452e-02 3.386590257287025452e-02 1.673318594694137573e-01 3.173425560817122459e-03 1.781634427607059479e-02 4.578954074531793594e-03
