          0  0.10631761  9.73394775
        100  0.00651345 21.86188698
        200  0.00391747 24.06994629
        300  0.00257329 25.89511108
        400  0.00167955 27.74808311
        500  0.00132615 28.77408409
        600  0.00112009 29.50746727
        700  0.00101474 29.93643379
        800  0.00092698 30.32929230
        900  0.00083340 30.79148483
       1000  0.00078220 31.06683350
       1100  0.00075269 31.23384094
       1200  0.00071789 31.43939018
       1300  0.00066311 31.78414536
       1400  0.00064846 31.88117599
       1500  0.00064314 31.91697311
       1600  0.00061644 32.10107040
       1700  0.00058268 32.34572983
       1800  0.00060022 32.21689224
       1900  0.00056827 32.45441818
       2000  0.00056030 32.51582718
       2100  0.00055127 32.58638000
       2200  0.00057706 32.38779068
       2300  0.00054340 32.64878082
       2400  0.00053519 32.71494293
       2500  0.00054123 32.66617966
       2600  0.00050180 32.99468613
       2700  0.00050235 32.98994827
       2800  0.00048171 33.17218018
       2900  0.00048606 33.13306427
       3000  0.00047153 33.26492691
       3100  0.00047741 33.21111298
       3200  0.00052863 32.76848221
       3300  0.00046577 33.31826019
       3400  0.00044587 33.50790787
       3500  0.00045353 33.43397903
       3600  0.00044479 33.51842499
       3700  0.00043450 33.62009048
       3800  0.00043512 33.61391068
       3900  0.00041337 33.83662415
       4000  0.00040630 33.91150284
       4100  0.00040854 33.88765717
       4200  0.00043061 33.65918350
       4300  0.00040874 33.88556671
       4400  0.00039830 33.99787903
       4500  0.00041156 33.85565186
       4600  0.00038771 34.11490250
       4700  0.00037558 34.25301743
       4800  0.00038451 34.15089798
       4900  0.00037124 34.30346298
       5000  0.00038874 34.10336304
