2.100000000000000000e+01 1.110000000000000000e+02 7.480000000000000000e+02 8.550000000000000000e+02 4.460000000000000000e+02
6.260000000000000000e+02 7.730000000000000000e+02 6.530000000000000000e+02 6.950000000000000000e+02 9.020000000000000000e+02
6.260000000000000000e+02 4.730000000000000000e+02 5.030000000000000000e+02 7.470000000000000000e+02 4.460000000000000000e+02
6.260000000000000000e+02 6.290000000000000000e+02 8.040000000000000000e+02 7.110000000000000000e+02 8.380000000000000000e+02
7.600000000000000000e+02 6.260000000000000000e+02 8.270000000000000000e+02 6.510000000000000000e+02 4.820000000000000000e+02
7.600000000000000000e+02 8.270000000000000000e+02 6.260000000000000000e+02 5.500000000000000000e+02 6.510000000000000000e+02
7.600000000000000000e+02 8.270000000000000000e+02 5.500000000000000000e+02 6.510000000000000000e+02 6.260000000000000000e+02
7.600000000000000000e+02 8.270000000000000000e+02 6.510000000000000000e+02 5.500000000000000000e+02 7.420000000000000000e+02
7.600000000000000000e+02 8.270000000000000000e+02 6.510000000000000000e+02 5.500000000000000000e+02 4.800000000000000000e+02
7.600000000000000000e+02 8.270000000000000000e+02 6.510000000000000000e+02 5.500000000000000000e+02 4.800000000000000000e+02
7.600000000000000000e+02 8.270000000000000000e+02 6.510000000000000000e+02 5.500000000000000000e+02 4.800000000000000000e+02
7.600000000000000000e+02 8.270000000000000000e+02 5.500000000000000000e+02 6.510000000000000000e+02 7.420000000000000000e+02
7.600000000000000000e+02 8.270000000000000000e+02 5.500000000000000000e+02 6.510000000000000000e+02 7.420000000000000000e+02
7.600000000000000000e+02 8.270000000000000000e+02 5.500000000000000000e+02 7.420000000000000000e+02 6.510000000000000000e+02
7.600000000000000000e+02 8.270000000000000000e+02 5.500000000000000000e+02 7.070000000000000000e+02 7.420000000000000000e+02
7.600000000000000000e+02 7.070000000000000000e+02 8.270000000000000000e+02 5.500000000000000000e+02 7.420000000000000000e+02
7.600000000000000000e+02 7.070000000000000000e+02 5.500000000000000000e+02 7.420000000000000000e+02 8.270000000000000000e+02
7.600000000000000000e+02 7.070000000000000000e+02 5.500000000000000000e+02 7.420000000000000000e+02 8.270000000000000000e+02
7.070000000000000000e+02 7.600000000000000000e+02 5.500000000000000000e+02 7.420000000000000000e+02 8.270000000000000000e+02
7.070000000000000000e+02 5.500000000000000000e+02 7.600000000000000000e+02 7.420000000000000000e+02 8.270000000000000000e+02
7.070000000000000000e+02 5.500000000000000000e+02 7.420000000000000000e+02 7.600000000000000000e+02 8.270000000000000000e+02
7.070000000000000000e+02 5.500000000000000000e+02 7.420000000000000000e+02 7.600000000000000000e+02 8.270000000000000000e+02
7.070000000000000000e+02 5.500000000000000000e+02 7.420000000000000000e+02 7.600000000000000000e+02 8.270000000000000000e+02
7.070000000000000000e+02 5.500000000000000000e+02 7.420000000000000000e+02 7.600000000000000000e+02 8.270000000000000000e+02
7.070000000000000000e+02 5.500000000000000000e+02 7.420000000000000000e+02 7.600000000000000000e+02 4.820000000000000000e+02
7.070000000000000000e+02 7.420000000000000000e+02 5.500000000000000000e+02 7.600000000000000000e+02 4.820000000000000000e+02
7.070000000000000000e+02 7.420000000000000000e+02 5.500000000000000000e+02 4.820000000000000000e+02 7.540000000000000000e+02
7.070000000000000000e+02 7.420000000000000000e+02 5.500000000000000000e+02 4.820000000000000000e+02 7.540000000000000000e+02
7.070000000000000000e+02 5.500000000000000000e+02 7.420000000000000000e+02 4.820000000000000000e+02 7.540000000000000000e+02
7.070000000000000000e+02 5.500000000000000000e+02 7.420000000000000000e+02 4.820000000000000000e+02 7.540000000000000000e+02
7.070000000000000000e+02 5.500000000000000000e+02 7.420000000000000000e+02 4.820000000000000000e+02 7.540000000000000000e+02
7.070000000000000000e+02 5.500000000000000000e+02 7.420000000000000000e+02 4.820000000000000000e+02 7.540000000000000000e+02
7.070000000000000000e+02 5.500000000000000000e+02 7.420000000000000000e+02 4.820000000000000000e+02 7.540000000000000000e+02
7.070000000000000000e+02 5.500000000000000000e+02 7.420000000000000000e+02 4.820000000000000000e+02 7.540000000000000000e+02
7.070000000000000000e+02 5.500000000000000000e+02 7.420000000000000000e+02 4.820000000000000000e+02 7.540000000000000000e+02
7.070000000000000000e+02 5.500000000000000000e+02 7.420000000000000000e+02 4.820000000000000000e+02 7.540000000000000000e+02
7.070000000000000000e+02 5.500000000000000000e+02 7.420000000000000000e+02 7.540000000000000000e+02 4.820000000000000000e+02
7.070000000000000000e+02 5.500000000000000000e+02 7.420000000000000000e+02 7.540000000000000000e+02 4.820000000000000000e+02
7.070000000000000000e+02 5.500000000000000000e+02 7.420000000000000000e+02 7.540000000000000000e+02 4.820000000000000000e+02
7.070000000000000000e+02 5.500000000000000000e+02 7.540000000000000000e+02 4.820000000000000000e+02 7.420000000000000000e+02
7.070000000000000000e+02 5.500000000000000000e+02 4.820000000000000000e+02 7.540000000000000000e+02 7.420000000000000000e+02
7.070000000000000000e+02 5.500000000000000000e+02 4.820000000000000000e+02 7.540000000000000000e+02 7.420000000000000000e+02
7.070000000000000000e+02 5.500000000000000000e+02 4.820000000000000000e+02 7.540000000000000000e+02 7.420000000000000000e+02
7.070000000000000000e+02 5.500000000000000000e+02 4.820000000000000000e+02 7.540000000000000000e+02 7.420000000000000000e+02
7.070000000000000000e+02 5.500000000000000000e+02 4.820000000000000000e+02 7.540000000000000000e+02 8.480000000000000000e+02
7.070000000000000000e+02 5.500000000000000000e+02 4.820000000000000000e+02 7.540000000000000000e+02 8.480000000000000000e+02
7.070000000000000000e+02 4.820000000000000000e+02 5.500000000000000000e+02 7.540000000000000000e+02 8.480000000000000000e+02
7.070000000000000000e+02 4.820000000000000000e+02 5.500000000000000000e+02 7.540000000000000000e+02 8.480000000000000000e+02
7.070000000000000000e+02 4.820000000000000000e+02 5.500000000000000000e+02 7.540000000000000000e+02 8.480000000000000000e+02
7.070000000000000000e+02 4.820000000000000000e+02 5.500000000000000000e+02 7.540000000000000000e+02 8.480000000000000000e+02
7.070000000000000000e+02 4.820000000000000000e+02 5.500000000000000000e+02 7.540000000000000000e+02 8.480000000000000000e+02
