9.710000000000000000e+02 1.250000000000000000e+02 1.280000000000000000e+02 1.130000000000000000e+02 1.150000000000000000e+02
4.040000000000000000e+02 8.120000000000000000e+02 6.570000000000000000e+02 8.950000000000000000e+02 7.440000000000000000e+02
4.040000000000000000e+02 5.570000000000000000e+02 8.950000000000000000e+02 8.120000000000000000e+02 6.570000000000000000e+02
4.040000000000000000e+02 8.950000000000000000e+02 5.570000000000000000e+02 9.080000000000000000e+02 7.440000000000000000e+02
4.040000000000000000e+02 8.950000000000000000e+02 5.570000000000000000e+02 7.490000000000000000e+02 9.080000000000000000e+02
4.040000000000000000e+02 8.950000000000000000e+02 7.490000000000000000e+02 5.570000000000000000e+02 9.080000000000000000e+02
4.040000000000000000e+02 8.950000000000000000e+02 7.490000000000000000e+02 9.080000000000000000e+02 5.570000000000000000e+02
4.040000000000000000e+02 8.950000000000000000e+02 7.490000000000000000e+02 9.080000000000000000e+02 6.960000000000000000e+02
4.040000000000000000e+02 8.950000000000000000e+02 9.080000000000000000e+02 7.490000000000000000e+02 6.960000000000000000e+02
4.040000000000000000e+02 8.950000000000000000e+02 9.080000000000000000e+02 7.490000000000000000e+02 7.950000000000000000e+02
4.040000000000000000e+02 8.950000000000000000e+02 9.080000000000000000e+02 7.490000000000000000e+02 7.950000000000000000e+02
4.040000000000000000e+02 8.950000000000000000e+02 9.080000000000000000e+02 7.950000000000000000e+02 7.490000000000000000e+02
4.040000000000000000e+02 8.950000000000000000e+02 9.080000000000000000e+02 7.950000000000000000e+02 6.960000000000000000e+02
4.040000000000000000e+02 8.950000000000000000e+02 9.080000000000000000e+02 7.950000000000000000e+02 6.960000000000000000e+02
4.040000000000000000e+02 8.950000000000000000e+02 9.080000000000000000e+02 7.950000000000000000e+02 6.960000000000000000e+02
4.040000000000000000e+02 8.950000000000000000e+02 9.080000000000000000e+02 7.950000000000000000e+02 6.960000000000000000e+02
4.040000000000000000e+02 8.950000000000000000e+02 9.080000000000000000e+02 7.950000000000000000e+02 6.960000000000000000e+02
4.040000000000000000e+02 8.950000000000000000e+02 9.080000000000000000e+02 7.950000000000000000e+02 7.440000000000000000e+02
4.040000000000000000e+02 8.950000000000000000e+02 9.080000000000000000e+02 7.950000000000000000e+02 7.440000000000000000e+02
4.040000000000000000e+02 8.950000000000000000e+02 9.080000000000000000e+02 7.950000000000000000e+02 7.440000000000000000e+02
4.040000000000000000e+02 8.950000000000000000e+02 9.080000000000000000e+02 7.950000000000000000e+02 7.440000000000000000e+02
4.040000000000000000e+02 8.950000000000000000e+02 9.080000000000000000e+02 7.950000000000000000e+02 7.440000000000000000e+02
4.040000000000000000e+02 8.950000000000000000e+02 9.080000000000000000e+02 7.950000000000000000e+02 7.440000000000000000e+02
4.040000000000000000e+02 8.950000000000000000e+02 9.080000000000000000e+02 7.950000000000000000e+02 7.440000000000000000e+02
4.040000000000000000e+02 8.950000000000000000e+02 9.080000000000000000e+02 7.950000000000000000e+02 7.440000000000000000e+02
4.040000000000000000e+02 8.950000000000000000e+02 9.080000000000000000e+02 7.950000000000000000e+02 7.440000000000000000e+02
4.040000000000000000e+02 8.950000000000000000e+02 9.080000000000000000e+02 7.950000000000000000e+02 7.440000000000000000e+02
4.040000000000000000e+02 8.950000000000000000e+02 9.080000000000000000e+02 7.950000000000000000e+02 7.440000000000000000e+02
4.040000000000000000e+02 8.950000000000000000e+02 9.080000000000000000e+02 7.950000000000000000e+02 7.440000000000000000e+02
4.040000000000000000e+02 8.950000000000000000e+02 9.080000000000000000e+02 7.950000000000000000e+02 7.440000000000000000e+02
4.040000000000000000e+02 8.950000000000000000e+02 9.080000000000000000e+02 7.950000000000000000e+02 7.440000000000000000e+02
4.040000000000000000e+02 8.950000000000000000e+02 9.080000000000000000e+02 7.950000000000000000e+02 7.440000000000000000e+02
4.040000000000000000e+02 8.950000000000000000e+02 9.080000000000000000e+02 7.950000000000000000e+02 6.570000000000000000e+02
4.040000000000000000e+02 8.950000000000000000e+02 9.080000000000000000e+02 7.950000000000000000e+02 9.700000000000000000e+02
4.040000000000000000e+02 8.950000000000000000e+02 9.080000000000000000e+02 7.950000000000000000e+02 9.700000000000000000e+02
4.040000000000000000e+02 8.950000000000000000e+02 9.080000000000000000e+02 7.950000000000000000e+02 9.700000000000000000e+02
4.040000000000000000e+02 8.950000000000000000e+02 9.080000000000000000e+02 7.950000000000000000e+02 9.700000000000000000e+02
4.040000000000000000e+02 8.950000000000000000e+02 9.080000000000000000e+02 7.950000000000000000e+02 9.700000000000000000e+02
4.040000000000000000e+02 8.950000000000000000e+02 9.080000000000000000e+02 7.950000000000000000e+02 9.700000000000000000e+02
4.040000000000000000e+02 8.950000000000000000e+02 9.080000000000000000e+02 7.950000000000000000e+02 9.700000000000000000e+02
4.040000000000000000e+02 8.950000000000000000e+02 9.080000000000000000e+02 7.950000000000000000e+02 9.700000000000000000e+02
4.040000000000000000e+02 8.950000000000000000e+02 9.080000000000000000e+02 7.950000000000000000e+02 9.700000000000000000e+02
4.040000000000000000e+02 8.950000000000000000e+02 9.080000000000000000e+02 7.950000000000000000e+02 9.700000000000000000e+02
4.040000000000000000e+02 8.950000000000000000e+02 9.080000000000000000e+02 7.950000000000000000e+02 9.700000000000000000e+02
4.040000000000000000e+02 8.950000000000000000e+02 9.080000000000000000e+02 7.950000000000000000e+02 9.700000000000000000e+02
4.040000000000000000e+02 8.950000000000000000e+02 9.080000000000000000e+02 7.950000000000000000e+02 9.700000000000000000e+02
4.040000000000000000e+02 8.950000000000000000e+02 9.080000000000000000e+02 7.950000000000000000e+02 9.700000000000000000e+02
4.040000000000000000e+02 8.950000000000000000e+02 9.080000000000000000e+02 9.700000000000000000e+02 7.950000000000000000e+02
4.040000000000000000e+02 8.950000000000000000e+02 9.080000000000000000e+02 9.700000000000000000e+02 7.950000000000000000e+02
4.040000000000000000e+02 8.950000000000000000e+02 9.080000000000000000e+02 9.700000000000000000e+02 7.950000000000000000e+02
4.040000000000000000e+02 8.950000000000000000e+02 9.080000000000000000e+02 9.700000000000000000e+02 7.950000000000000000e+02
4.040000000000000000e+02 8.950000000000000000e+02 9.080000000000000000e+02 9.700000000000000000e+02 7.950000000000000000e+02
4.040000000000000000e+02 8.950000000000000000e+02 9.080000000000000000e+02 9.700000000000000000e+02 7.950000000000000000e+02
4.040000000000000000e+02 8.950000000000000000e+02 9.080000000000000000e+02 9.700000000000000000e+02 7.950000000000000000e+02
4.040000000000000000e+02 8.950000000000000000e+02 9.080000000000000000e+02 9.700000000000000000e+02 8.470000000000000000e+02
4.040000000000000000e+02 8.950000000000000000e+02 9.080000000000000000e+02 9.700000000000000000e+02 8.470000000000000000e+02
4.040000000000000000e+02 8.950000000000000000e+02 9.080000000000000000e+02 8.470000000000000000e+02 9.700000000000000000e+02
4.040000000000000000e+02 8.950000000000000000e+02 9.080000000000000000e+02 8.470000000000000000e+02 9.700000000000000000e+02
4.040000000000000000e+02 8.950000000000000000e+02 9.080000000000000000e+02 8.470000000000000000e+02 9.700000000000000000e+02
4.040000000000000000e+02 8.950000000000000000e+02 9.080000000000000000e+02 8.470000000000000000e+02 8.210000000000000000e+02
4.040000000000000000e+02 8.950000000000000000e+02 9.080000000000000000e+02 8.470000000000000000e+02 8.210000000000000000e+02
4.040000000000000000e+02 8.950000000000000000e+02 9.080000000000000000e+02 8.470000000000000000e+02 8.210000000000000000e+02
4.040000000000000000e+02 8.950000000000000000e+02 9.080000000000000000e+02 8.470000000000000000e+02 8.210000000000000000e+02
4.040000000000000000e+02 8.950000000000000000e+02 9.080000000000000000e+02 8.470000000000000000e+02 8.210000000000000000e+02
4.040000000000000000e+02 8.950000000000000000e+02 9.080000000000000000e+02 8.470000000000000000e+02 8.210000000000000000e+02
4.040000000000000000e+02 8.950000000000000000e+02 9.080000000000000000e+02 8.470000000000000000e+02 8.210000000000000000e+02
4.040000000000000000e+02 8.950000000000000000e+02 9.080000000000000000e+02 8.470000000000000000e+02 8.210000000000000000e+02
4.040000000000000000e+02 8.950000000000000000e+02 9.080000000000000000e+02 8.470000000000000000e+02 8.210000000000000000e+02
4.040000000000000000e+02 8.950000000000000000e+02 9.080000000000000000e+02 8.470000000000000000e+02 8.210000000000000000e+02
4.040000000000000000e+02 8.950000000000000000e+02 9.080000000000000000e+02 8.470000000000000000e+02 8.210000000000000000e+02
4.040000000000000000e+02 8.950000000000000000e+02 9.080000000000000000e+02 8.470000000000000000e+02 8.210000000000000000e+02
4.040000000000000000e+02 8.950000000000000000e+02 9.080000000000000000e+02 8.470000000000000000e+02 8.210000000000000000e+02
4.040000000000000000e+02 8.950000000000000000e+02 9.080000000000000000e+02 8.470000000000000000e+02 5.490000000000000000e+02
4.040000000000000000e+02 8.950000000000000000e+02 9.080000000000000000e+02 8.470000000000000000e+02 5.490000000000000000e+02
4.040000000000000000e+02 8.950000000000000000e+02 9.080000000000000000e+02 8.470000000000000000e+02 5.490000000000000000e+02
4.040000000000000000e+02 8.950000000000000000e+02 9.080000000000000000e+02 8.470000000000000000e+02 5.490000000000000000e+02
4.040000000000000000e+02 8.950000000000000000e+02 9.080000000000000000e+02 8.470000000000000000e+02 5.490000000000000000e+02
4.040000000000000000e+02 8.950000000000000000e+02 9.080000000000000000e+02 8.470000000000000000e+02 5.490000000000000000e+02
4.040000000000000000e+02 8.950000000000000000e+02 9.080000000000000000e+02 8.470000000000000000e+02 5.490000000000000000e+02
4.040000000000000000e+02 8.950000000000000000e+02 9.080000000000000000e+02 8.470000000000000000e+02 5.490000000000000000e+02
4.040000000000000000e+02 8.950000000000000000e+02 9.080000000000000000e+02 8.470000000000000000e+02 5.490000000000000000e+02
4.040000000000000000e+02 8.950000000000000000e+02 9.080000000000000000e+02 8.470000000000000000e+02 5.490000000000000000e+02
4.040000000000000000e+02 8.950000000000000000e+02 9.080000000000000000e+02 8.470000000000000000e+02 5.490000000000000000e+02
4.040000000000000000e+02 8.950000000000000000e+02 9.080000000000000000e+02 8.470000000000000000e+02 4.130000000000000000e+02
4.040000000000000000e+02 8.950000000000000000e+02 9.080000000000000000e+02 8.470000000000000000e+02 4.130000000000000000e+02
4.040000000000000000e+02 8.950000000000000000e+02 9.080000000000000000e+02 8.470000000000000000e+02 4.130000000000000000e+02
4.040000000000000000e+02 8.950000000000000000e+02 9.080000000000000000e+02 8.470000000000000000e+02 4.130000000000000000e+02
4.040000000000000000e+02 8.950000000000000000e+02 9.080000000000000000e+02 8.470000000000000000e+02 4.130000000000000000e+02
4.040000000000000000e+02 8.950000000000000000e+02 9.080000000000000000e+02 8.470000000000000000e+02 4.130000000000000000e+02
4.040000000000000000e+02 8.950000000000000000e+02 9.080000000000000000e+02 8.470000000000000000e+02 4.130000000000000000e+02
4.040000000000000000e+02 8.950000000000000000e+02 9.080000000000000000e+02 8.470000000000000000e+02 4.130000000000000000e+02
4.040000000000000000e+02 8.950000000000000000e+02 9.080000000000000000e+02 8.470000000000000000e+02 4.130000000000000000e+02
4.040000000000000000e+02 8.950000000000000000e+02 9.080000000000000000e+02 8.470000000000000000e+02 4.130000000000000000e+02
4.040000000000000000e+02 8.950000000000000000e+02 9.080000000000000000e+02 8.470000000000000000e+02 4.130000000000000000e+02
4.040000000000000000e+02 8.950000000000000000e+02 9.080000000000000000e+02 8.470000000000000000e+02 4.130000000000000000e+02
4.040000000000000000e+02 8.950000000000000000e+02 9.080000000000000000e+02 8.470000000000000000e+02 4.130000000000000000e+02
4.040000000000000000e+02 8.950000000000000000e+02 9.080000000000000000e+02 8.470000000000000000e+02 4.130000000000000000e+02
4.040000000000000000e+02 8.950000000000000000e+02 9.080000000000000000e+02 8.470000000000000000e+02 4.130000000000000000e+02
4.040000000000000000e+02 8.950000000000000000e+02 9.080000000000000000e+02 8.470000000000000000e+02 4.130000000000000000e+02
4.040000000000000000e+02 8.950000000000000000e+02 9.080000000000000000e+02 8.470000000000000000e+02 4.130000000000000000e+02
4.040000000000000000e+02 8.950000000000000000e+02 9.080000000000000000e+02 8.470000000000000000e+02 4.130000000000000000e+02
