2.214715059380978346e-04 6.206561229191720486e-04 3.655722830444574356e-04 6.958088488318026066e-05 2.799148904159665108e-03 2.309425326529890299e-04
3.082602052018046379e-04 6.593122088816016912e-05 2.067872090265154839e-03 2.321388747077435255e-04 7.413412095047533512e-04 6.634255259996280074e-05
7.669851183891296387e-03 2.438835053908405825e-07 2.061131635855417699e-05 3.317592490930110216e-04 4.556267867883434519e-06 2.286052676936378703e-06
9.143702685832977295e-02 9.760444896755871014e-09 9.476153536525089294e-06 1.414819998899474740e-04 5.157101554686960299e-07 3.008905480328394333e-07
7.124064564704895020e-01 4.641685646955551192e-10 3.330812205604161136e-06 4.636172161553986371e-05 5.695356719570554560e-08 2.125157116950049385e-08
9.336925745010375977e-01 1.066393934961995527e-11 2.702644508190132910e-07 6.822715931775746867e-06 3.971709627847985757e-09 1.076147615464151386e-09
9.159181118011474609e-01 3.294127774375321671e-12 4.605298187243533903e-08 1.907282580759783741e-06 7.971527882233431228e-10 3.293760264533318605e-10
9.417990446090698242e-01 9.934388381371839216e-13 1.532786519931050861e-08 5.393132482822693419e-07 1.480031930345404589e-10 9.792400917918442360e-11
9.430559277534484863e-01 9.838112312657298908e-13 1.589711295935103408e-08 3.882225882989587262e-07 1.093505772042924207e-10 7.572571736336186632e-11
9.526665210723876953e-01 1.518484665265218414e-12 2.441224644655903830e-08 5.163350920156517532e-07 1.273788574618350822e-10 8.192618805580309527e-11
9.527525305747985840e-01 2.472203648393178632e-12 3.887260646706636180e-08 6.071809366403613240e-07 1.567319884987483647e-10 1.107242769693428386e-10
9.569772481918334961e-01 3.374146665194310835e-12 5.061929897465233807e-08 7.670183208574599121e-07 1.593726123294558761e-10 1.507882430029638954e-10
9.580877423286437988e-01 3.980747589199529202e-12 5.779891765200773079e-08 9.699776910565560684e-07 1.585391817826575789e-10 1.992798287497876686e-10
9.598182439804077148e-01 3.909155551345966373e-12 5.396214675101873581e-08 9.954188726624124683e-07 1.534807420044970172e-10 2.081130406894615703e-10
9.622354507446289062e-01 3.704968623563509311e-12 5.062141283929122437e-08 9.548663228997611441e-07 1.495696899667109392e-10 2.121831876866764333e-10
9.591826796531677246e-01 4.000078480254076752e-12 4.896924821196080302e-08 1.133635578298708424e-06 1.646355829443280072e-10 2.670276777472224694e-10
9.603008031845092773e-01 4.111018383351483507e-12 5.099167310618213378e-08 1.163621618616161868e-06 1.701408181009611553e-10 2.911134111549529280e-10
9.603800773620605469e-01 3.957746890631552716e-12 4.958033628099656198e-08 1.156604639618308283e-06 1.601395543948669342e-10 2.694415246473624848e-10
9.557995200157165527e-01 5.249991847505741660e-12 5.850782613947558275e-08 1.459040049667237327e-06 1.986924375030341139e-10 3.426333383682589329e-10
9.555433392524719238e-01 5.886382527242606244e-12 6.608639324667819892e-08 1.587173528605489992e-06 2.200488957715407423e-10 3.868156073227879688e-10
9.497778415679931641e-01 7.410703127541662383e-12 7.585648376107201329e-08 2.050328703262493946e-06 2.551239497439183879e-10 4.985870050155938316e-10
9.454206824302673340e-01 8.137563539678538405e-12 7.474645258298551198e-08 2.235774218206643127e-06 2.756313788321307356e-10 5.423759774636494058e-10
9.349754452705383301e-01 1.147771547943543524e-11 9.127980149514769437e-08 3.118451331829419360e-06 3.561212713609762659e-10 7.492340636794381226e-10
9.250594973564147949e-01 1.684392902934206404e-11 1.182825286605293513e-07 4.014995283796451986e-06 4.923043639415425332e-10 1.045477593386578974e-09
9.179036021232604980e-01 2.310529718940745880e-11 1.497506190162312123e-07 5.347461865312652662e-06 6.332470103842524622e-10 1.420819129016592797e-09
9.131891727447509766e-01 2.767754948840295270e-11 1.708053503080009250e-07 6.011938239680603147e-06 6.997653567708539413e-10 1.628897461358747023e-09
9.043534398078918457e-01 3.593026917658725949e-11 1.922823855693422956e-07 7.615211416123202071e-06 8.568431519861974266e-10 2.111919750191759704e-09
9.009597301483154297e-01 4.349876014941855829e-11 2.289038860681102960e-07 8.362713742826599628e-06 9.641591969256069206e-10 2.445153857166815214e-09
8.911623954772949219e-01 5.982711548391250744e-11 2.750734040546376491e-07 1.119330136134522036e-05 1.235347824035670783e-09 3.284266858472051354e-09
8.907918930053710938e-01 6.606853258928069295e-11 2.965814758226770209e-07 1.147725834016455337e-05 1.294011231500746817e-09 3.563100259285079119e-09
8.816184997558593750e-01 1.009078376412730904e-10 4.307495657940307865e-07 1.503767089161556214e-05 1.733369114909066866e-09 4.865416514121534419e-09
8.635105490684509277e-01 1.288958800804707039e-10 4.996999791728740092e-07 1.773739859345369041e-05 2.141279598077971968e-09 6.099111882207353119e-09
8.576856851577758789e-01 1.883929540147377679e-10 6.551870797011360992e-07 2.234493695141281933e-05 2.773154816892997587e-09 8.476995994044500549e-09
8.472632765769958496e-01 2.442201996188941848e-10 7.546710207861906383e-07 2.622519605210982263e-05 3.003789661448763582e-09 9.982931814533912984e-09
8.374246954917907715e-01 3.020473593462469353e-10 8.528668899998592678e-07 2.955874333565589041e-05 3.322719210885338725e-09 1.115605385848539299e-08
8.193831443786621094e-01 3.972672746321848081e-10 9.808563845581375062e-07 3.492178802844136953e-05 3.920823221648106482e-09 1.383210612715402021e-08
8.045984506607055664e-01 4.919543106218782214e-10 1.106470335798803717e-06 3.567983731045387685e-05 4.286077714965585983e-09 1.559006079787650378e-08
7.908287048339843750e-01 6.299501476014768286e-10 1.272357962989190128e-06 4.135574272368103266e-05 4.881557380542744795e-09 1.848722064323737868e-08
7.758736610412597656e-01 7.875172736149238517e-10 1.422952436769264750e-06 4.683122824644669890e-05 5.391618707051293313e-09 2.222118844485976297e-08
7.582299709320068359e-01 1.164547458465392538e-09 1.731064230625634082e-06 5.972303551970981061e-05 6.963749132893326532e-09 2.740816285040637013e-08
7.538477778434753418e-01 1.442122754546915075e-09 2.000663243961753324e-06 6.240968650672584772e-05 7.873207863440256915e-09 3.279878058037866140e-08
7.171356081962585449e-01 2.075221772201985004e-09 2.418562644379562698e-06 7.515587640227749944e-05 9.754073104772942315e-09 4.086054161689389730e-08
7.155669331550598145e-01 2.631433737576571730e-09 2.855655111488886178e-06 7.929180719656869769e-05 1.078347811045432536e-08 4.667798947366463835e-08
6.987525820732116699e-01 3.283016969390928352e-09 3.036574071302311495e-06 8.761569915805011988e-05 1.185194964392621841e-08 5.131312263984000310e-08
6.857366561889648438e-01 4.501047978777705794e-09 3.758857928914949298e-06 1.024376761051826179e-04 1.435606922228771509e-08 6.239812222474938608e-08
6.797630786895751953e-01 5.636034305922521526e-09 4.401993464853148907e-06 1.065473479684442282e-04 1.645469538402721810e-08 7.363885146105531021e-08
6.676176786422729492e-01 7.254470357764830624e-09 5.139347649674164131e-06 1.230330235557630658e-04 1.871429944344527030e-08 8.781029237070470117e-08
6.647339463233947754e-01 8.690026476187995286e-09 5.680217327608261257e-06 1.304914621869102120e-04 2.082955674609365815e-08 9.950863244512220263e-08
6.482400894165039062e-01 1.190128173789162247e-08 6.694066087220562622e-06 1.506002008682116866e-04 2.503912277518338669e-08 1.262986444316993584e-07
6.396539211273193359e-01 1.580512076770901331e-08 7.990355697984341532e-06 1.740627485560253263e-04 2.837116142018203391e-08 1.517519621074825409e-07
6.224049925804138184e-01 2.110546049038930505e-08 9.634715752326883376e-06 1.983287656912580132e-04 3.293240524726570584e-08 1.874510218158320640e-07
