1.015840470790863037e-02 1.883910772448871285e-05 4.856418308918364346e-05 2.355571450607385486e-05 1.717521990940440446e-05 1.216912083327770233e-02
3.345408290624618530e-02 2.456601578160189092e-06 8.063893801590893418e-06 6.588428732356987894e-06 7.538881618529558182e-06 1.746187102980911732e-03
9.521994590759277344e-01 1.584776754270933452e-11 5.746771808423645211e-11 2.073023835924558966e-10 2.684181488188386311e-10 1.160976115244238827e-08
9.595338106155395508e-01 1.114670074991996884e-11 7.265110735232838124e-11 6.355443255001702596e-11 1.753091422029839919e-10 1.457940790317024948e-08
9.592888951301574707e-01 4.059827127256276924e-11 2.925658049157675578e-10 1.194738891152624660e-10 3.956490413070667955e-10 5.790008827943893266e-08
9.515618681907653809e-01 1.982504160835674156e-10 1.266653670839446022e-09 3.907285328619281017e-10 1.572855956588625759e-09 1.477330471288951230e-07
9.545523524284362793e-01 5.612343922933860085e-10 3.542965698599687130e-09 9.000871159514645115e-10 4.249604668160600340e-09 2.730100163716997486e-07
9.568566083908081055e-01 6.407139818698226463e-10 3.685113991735988748e-09 7.806145729816194034e-10 4.729884928167393809e-09 3.932694880859344266e-07
9.723712801933288574e-01 6.611214353746674988e-10 3.514849744590264891e-09 7.226567677598438877e-10 4.214780080502578130e-09 4.068146211011480773e-07
9.825683832168579102e-01 6.074311054149461597e-10 3.053728159230217898e-09 6.457615553401296893e-10 3.437343298884343312e-09 3.383100590781396022e-07
9.850836396217346191e-01 7.109835498120276043e-10 3.353751498735846326e-09 7.141516267239467197e-10 3.430449257990630940e-09 3.907014161086408421e-07
9.886271357536315918e-01 7.682106062389948420e-10 3.292961459067100805e-09 6.521322926111849938e-10 3.028438388952281457e-09 4.438781502358324360e-07
9.911543130874633789e-01 9.405897172243271598e-10 3.989186758701634972e-09 7.527408696361703733e-10 3.284765792699317899e-09 4.877796300206682645e-07
9.919678568840026855e-01 1.086810308414953852e-09 4.301632827719004126e-09 8.077243318638238634e-10 3.234926992945474922e-09 5.352397351998661179e-07
9.928404092788696289e-01 1.179728092992604616e-09 4.602451753044078941e-09 8.370983350936000988e-10 3.254613689662733123e-09 5.891591285944741685e-07
9.933030605316162109e-01 1.168404373252940331e-09 4.640684281298490532e-09 7.837640536578760475e-10 3.055504294025013223e-09 6.380759600688179489e-07
9.933520555496215820e-01 1.275792471666647998e-09 4.885559068412703709e-09 8.055505151816078069e-10 3.248629365515398604e-09 7.312602861020423006e-07
9.925218224525451660e-01 1.434703689184857467e-09 5.467556629668024470e-09 8.454788535949830930e-10 3.363956890822805690e-09 8.938093287724768743e-07
9.923936128616333008e-01 1.446006647753961261e-09 5.495778498953995950e-09 7.729662465649767000e-10 3.117467173296972760e-09 1.009066750157217029e-06
9.930658340454101562e-01 1.275225369745669468e-09 4.857071189690032043e-09 6.683267828044847647e-10 2.806000320987322993e-09 9.000592058328038547e-07
9.924403429031372070e-01 1.577830865961971085e-09 5.856396256831430946e-09 7.366046661516634231e-10 3.216307886688696271e-09 1.019221372189349495e-06
9.927581548690795898e-01 1.695650730937359185e-09 6.084125647731752906e-09 7.347494834775147865e-10 2.986040747998686129e-09 1.101735051634022966e-06
9.920403361320495605e-01 1.887716427617647241e-09 6.718883227563310356e-09 7.754845654517339426e-10 3.400168591127794571e-09 1.252705487786442973e-06
9.925218224525451660e-01 1.824439599396043832e-09 6.091234183713822858e-09 7.418568537254088824e-10 3.142941018552392052e-09 1.228924588758673053e-06
9.918400049209594727e-01 2.208290883487507017e-09 6.930182649966809549e-09 8.762104375392709699e-10 3.567862449926906265e-09 1.533855083835078403e-06
9.913886189460754395e-01 2.588880665399528880e-09 7.828583115099263523e-09 1.008466421481557518e-09 3.848279028773049504e-09 1.705566660348267760e-06
9.910060763359069824e-01 2.833290491111029041e-09 8.360463432666165318e-09 1.064078047896543922e-09 3.985069607637115041e-09 1.903650513668253552e-06
9.905030727386474609e-01 3.233114886924681741e-09 8.919121441408606188e-09 1.173812269605889469e-09 4.430182887205091902e-09 2.120699718943797052e-06
9.897257685661315918e-01 3.924231162244495863e-09 1.010320804795128424e-08 1.405009664168233030e-09 5.132121838613556974e-09 2.435125452393549494e-06
9.893611073493957520e-01 4.413577503470378360e-09 1.108911096281417485e-08 1.472282407100067303e-09 5.276127978959266329e-09 2.707367684706696309e-06
9.885444045066833496e-01 5.053132134946736187e-09 1.256330950383244272e-08 1.617741718362708525e-09 5.954953419262665193e-09 2.937096724053844810e-06
9.879706501960754395e-01 5.611736408894785200e-09 1.328037679826366002e-08 1.778768132787433842e-09 6.211259062638418982e-09 3.019204768861527555e-06
9.869670271873474121e-01 6.258197071673521350e-09 1.455921161408468834e-08 1.982010777723530737e-09 6.668477769977698699e-09 3.279918018961325288e-06
9.852486252784729004e-01 7.731828510770810681e-09 1.729600285216292832e-08 2.349938688084307614e-09 7.471281371351778944e-09 3.682463102450128645e-06
9.830721616744995117e-01 1.024624296519505151e-08 2.193309178721847275e-08 2.972802892742265612e-09 9.185128213573534595e-09 4.399226781970355660e-06
9.813069105148315430e-01 1.169945029744212661e-08 2.460594750175459922e-08 3.274994275770382046e-09 9.896824693100825243e-09 4.877477749687386677e-06
9.777883887290954590e-01 1.544453454016547767e-08 3.087712840965650685e-08 4.176573309422337843e-09 1.229934909474650340e-08 6.017980922479182482e-06
9.763864874839782715e-01 1.743893207617475127e-08 3.449015295586832508e-08 4.647745743824316378e-09 1.322046117024910927e-08 5.912114374950760975e-06
9.730045795440673828e-01 2.107978325227577443e-08 4.042378520807687892e-08 5.520312207352162659e-09 1.493911128136460320e-08 7.005237876001046970e-06
9.700925946235656738e-01 2.586611813626404910e-08 4.790853225244973146e-08 6.342212088839005446e-09 1.601020294117461162e-08 7.699775778746698052e-06
9.650900363922119141e-01 3.432122497315504006e-08 6.025332055514809326e-08 7.777763322280861757e-09 1.937250893035979971e-08 9.335003596788737923e-06
9.592210650444030762e-01 4.189944036170345498e-08 7.186579153994898661e-08 9.260081590412028163e-09 2.132716048208749271e-08 1.076852640835568309e-05
9.516217112541198730e-01 5.521091139826239669e-08 9.195963457386824302e-08 1.153440365442293114e-08 2.721584557718870201e-08 1.284614427277119830e-05
9.443747401237487793e-01 7.172350535711302655e-08 1.158485716246104857e-07 1.377565350679788025e-08 3.137021309385090717e-08 1.667712058406323195e-05
9.376695156097412109e-01 8.791337791080877651e-08 1.347427343034723890e-07 1.637298296941480658e-08 3.618853838815994095e-08 1.798278026399202645e-05
9.297358989715576172e-01 1.134784284317902348e-07 1.687266859562441823e-07 2.041447899614468042e-08 4.240848028302934836e-08 2.171203414036426693e-05
9.293178915977478027e-01 1.258687092331456370e-07 1.853737217061279807e-07 2.183410430234289379e-08 4.532496333808921918e-08 2.273476457048673183e-05
9.183545112609863281e-01 1.588726519230476697e-07 2.245710817305734963e-07 2.602218351910323690e-08 5.123673574303211353e-08 2.600788138806819916e-05
8.963894844055175781e-01 2.227710922397818649e-07 3.041318166197015671e-07 3.307901863536244491e-08 6.290922272000898374e-08 3.411170109757222235e-05
8.849000930786132812e-01 2.795193836391263176e-07 3.606908478559489595e-07 4.022709632067744678e-08 7.512458211067496450e-08 3.625912358984351158e-05
8.795239925384521484e-01 3.268455373017786769e-07 4.089611707058793399e-07 4.461421809764942736e-08 7.978916727324758540e-08 4.159615491516888142e-05
8.691589236259460449e-01 3.759326716590294382e-07 4.449969424058508594e-07 4.919219165344657085e-08 8.444803256679733749e-08 4.623341737897135317e-05
8.481285572052001953e-01 4.865317464464169461e-07 5.522857122741697822e-07 6.075006808714533690e-08 1.006172709594466141e-07 5.315496309776790440e-05
8.330262899398803711e-01 6.219715942279435694e-07 6.674156338704051450e-07 7.398048040840876638e-08 1.149983290815725923e-07 6.015176404616795480e-05
8.153795599937438965e-01 7.461691211574361660e-07 7.682334626224474050e-07 8.249361371781560592e-08 1.257048722891340731e-07 6.331471377052366734e-05
8.064326047897338867e-01 8.677133109813439660e-07 8.662036066198197659e-07 9.270873135847068625e-08 1.411734444900503149e-07 6.554549327120184898e-05
7.840811014175415039e-01 1.152461663878057152e-06 1.117622105084592476e-06 1.211942191048365203e-07 1.776385829543869477e-07 7.438936881953850389e-05
7.732223868370056152e-01 1.302730538554897066e-06 1.206468368764035404e-06 1.289003677129585412e-07 1.827253868214029353e-07 8.095429075183346868e-05
7.598226070404052734e-01 1.569703613313322421e-06 1.428558221050479915e-06 1.524578863154602004e-07 2.059694423905966687e-07 8.402796083828434348e-05
7.396199703216552734e-01 1.892453610707889311e-06 1.603632881597150117e-06 1.789069301594281569e-07 2.172983641912651365e-07 9.230703290086239576e-05
7.047823667526245117e-01 2.263208216390921734e-06 1.856418293755268678e-06 1.967043772310717031e-07 2.398973606432264205e-07 9.726041753310710192e-05
6.887139081954956055e-01 2.709513410081854090e-06 2.097228843922493979e-06 2.302811452636888134e-07 2.545030497458355967e-07 1.042225339915603399e-04
6.862998604774475098e-01 3.004603286171914078e-06 2.292577846674248576e-06 2.587008225418685470e-07 2.783788772831030656e-07 1.136180799221619964e-04
6.715177297592163086e-01 3.534000143190496601e-06 2.542775973779498599e-06 3.004114716986805433e-07 3.085219759668689221e-07 1.223560975631698966e-04
6.554468870162963867e-01 4.269438250048551708e-06 2.961530526590649970e-06 3.400039929601916810e-07 3.304218125776969828e-07 1.277482806472107768e-04
6.348999738693237305e-01 4.810386599274352193e-06 3.259134928157436661e-06 3.703525237597204978e-07 3.497877116842573741e-07 1.370540412608534098e-04
6.242613196372985840e-01 5.574219358095433563e-06 3.567139629012672231e-06 4.078965787357446970e-07 3.699680064528365619e-07 1.438682666048407555e-04
6.254760026931762695e-01 6.051146556274034083e-06 3.753270675588282757e-06 4.366513053355447482e-07 3.805000687862047926e-07 1.489091664552688599e-04
6.099754571914672852e-01 7.077866030158475041e-06 4.026751412311568856e-06 4.855700126427109353e-07 4.009750114164489787e-07 1.582293043611571193e-04
6.018471717834472656e-01 7.673220352444332093e-06 4.275937499187421054e-06 5.060323360339680221e-07 4.189046762803627644e-07 1.609011233085766435e-04
6.028857231140136719e-01 8.247792720794677734e-06 4.330798674345714971e-06 5.253043582342797890e-07 4.207182371374074137e-07 1.603900163900107145e-04
5.837472677230834961e-01 1.027216785587370396e-05 5.185504505789140239e-06 6.061991939532163087e-07 4.536573499080986949e-07 1.876566821010783315e-04
5.763480067253112793e-01 1.082505423255497590e-05 5.303450052451808006e-06 6.415543793991673738e-07 4.747776642943790648e-07 1.813603303162381053e-04
5.789864063262939453e-01 1.220157355419360101e-05 5.863033493369584903e-06 7.160792279137240257e-07 5.157223199603322428e-07 1.892178261186927557e-04
5.631715655326843262e-01 1.522720140201272443e-05 6.739840046066092327e-06 8.510190241395321209e-07 5.828894131809647661e-07 2.088834153255447745e-04
5.451500415802001953e-01 1.732832606649026275e-05 7.305163762794109061e-06 9.069206612366542686e-07 6.132244152468047105e-07 2.247381344204768538e-04
5.502669215202331543e-01 1.888858241727575660e-05 7.682729119551368058e-06 9.991154001909308136e-07 6.546374606841709465e-07 2.253859565826132894e-04
5.510746240615844727e-01 2.080762169498484582e-05 8.044907190196681768e-06 1.075747945833427366e-06 6.705927262373734266e-07 2.326591638848185539e-04
5.664474368095397949e-01 2.005215173994656652e-05 7.622211342095397413e-06 1.056596033777168486e-06 6.732575457135681063e-07 2.225559728685766459e-04
5.424612760543823242e-01 2.828754986694548279e-05 9.845703971222974360e-06 1.438957042410038412e-06 8.155080877259024419e-07 2.622169267851859331e-04
5.066805481910705566e-01 3.532601476763375103e-05 1.099797827919246629e-05 1.709578668851463590e-06 9.182325584333739243e-07 2.751995925791561604e-04
5.079247355461120605e-01 4.319375511840917170e-05 1.221631828229874372e-05 1.984000164156896062e-06 1.017495151245384477e-06 2.966658212244510651e-04
5.055545568466186523e-01 4.735979018732905388e-05 1.319849434366915375e-05 2.107409272866789252e-06 1.077624688150535803e-06 3.042052558157593012e-04
5.100054740905761719e-01 5.071061241324059665e-05 1.322782009083312005e-05 2.234544126622495241e-06 1.085834583136602305e-06 3.145690716337412596e-04
5.282974243164062500e-01 5.668030280503444374e-05 1.415492170053767040e-05 2.440684284010785632e-06 1.167432515103428159e-06 3.191464347764849663e-04
5.067914724349975586e-01 6.463744648499414325e-05 1.480105584050761536e-05 2.651044951562653296e-06 1.189043587146443315e-06 3.425920440349727869e-04
4.901922345161437988e-01 8.090215123957023025e-05 1.626105586183257401e-05 3.156970706186257303e-06 1.355440190309309401e-06 3.705101262312382460e-04
4.970694780349731445e-01 9.100203169509768486e-05 1.739589060889557004e-05 3.450079020694829524e-06 1.435115905223938171e-06 3.809849731624126434e-04
4.616539180278778076e-01 1.128160147345624864e-04 2.035177385550923645e-05 4.084727152076084167e-06 1.651805405344930477e-06 4.174501227680593729e-04
4.615118801593780518e-01 1.168218077509663999e-04 2.025875255640130490e-05 4.096822067367611453e-06 1.710946094135579187e-06 4.345741472207009792e-04
4.253764450550079346e-01 1.429507683496922255e-04 2.275870610901620239e-05 4.585949227475794032e-06 1.874444478744408116e-06 4.890995915047824383e-04
4.211491942405700684e-01 1.612883788766339421e-04 2.438175215502269566e-05 4.994637038180371746e-06 2.101428435707930475e-06 5.158848944120109081e-04
4.200650751590728760e-01 1.855756418081000447e-04 2.580889122327789664e-05 5.648569640470668674e-06 2.250023499072995037e-06 5.342432996258139610e-04
3.883538246154785156e-01 2.305835223523899913e-04 3.035037116205785424e-05 6.450496130128158256e-06 2.553105787228560075e-06 5.740542546845972538e-04
3.684682250022888184e-01 2.757543115876615047e-04 3.428894706303253770e-05 7.122579518181737512e-06 2.749363375187385827e-06 6.623833905905485153e-04
3.711426556110382080e-01 2.934244112111628056e-04 3.505195127218030393e-05 7.690740858379285783e-06 2.904242364820674993e-06 6.522806943394243717e-04
3.610778748989105225e-01 3.298976807855069637e-04 3.849328277283348143e-05 8.520343726559076458e-06 3.298562660347670317e-06 6.862192531116306782e-04
3.546774387359619141e-01 3.813981602434068918e-04 4.136392817599698901e-05 9.526823305350262672e-06 3.597293698476278223e-06 7.215085206553339958e-04
3.540233075618743896e-01 4.084110260009765625e-04 4.353763142717070878e-05 1.005244484986178577e-05 3.801925686275353655e-06 7.134440238587558270e-04
3.346142470836639404e-01 4.849446995649486780e-04 4.662231367547065020e-05 1.129772772401338443e-05 4.232977062201825902e-06 6.997319869697093964e-04
3.288693428039550781e-01 5.500105326063930988e-04 4.947881097905337811e-05 1.220753347297431901e-05 4.825477390113519505e-06 7.017263560555875301e-04
