          0  0.08933552 10.48975849
        100  0.00719554 21.42936325
        200  0.00396767 24.01464081
        300  0.00273178 25.63554955
        400  0.00195347 27.09193802
        500  0.00156106 28.06580925
        600  0.00113346 29.45593643
        700  0.00102290 29.90165329
        800  0.00090163 30.44972801
        900  0.00088361 30.53737831
       1000  0.00072846 31.37595940
       1100  0.00078012 31.07836533
       1200  0.00058409 32.33523941
       1300  0.00057438 32.40802765
       1400  0.00051381 32.89199066
       1500  0.00049596 33.04549026
       1600  0.00044330 33.53300476
       1700  0.00041961 33.77149582
       1800  0.00041169 33.85426712
       1900  0.00038265 34.17198944
       2000  0.00038706 34.12227249
       2100  0.00038958 34.09402847
       2200  0.00033818 34.70851135
       2300  0.00035573 34.48878860
       2400  0.00030294 35.18645477
       2500  0.00029146 35.35426712
       2600  0.00029997 35.22927475
       2700  0.00026806 35.71769714
       2800  0.00030677 35.13187408
       2900  0.00025099 36.00343704
       3000  0.00025774 35.88824844
       3100  0.00025068 36.00873184
       3200  0.00024660 36.08000565
       3300  0.00021444 36.68696213
       3400  0.00025405 35.95075989
       3500  0.00022757 36.42885590
       3600  0.00021890 36.59744644
       3700  0.00020259 36.93376923
       3800  0.00019904 37.01067352
       3900  0.00018203 37.39861679
       4000  0.00018759 37.26786804
       4100  0.00017160 37.65476227
       4200  0.00016815 37.74298096
       4300  0.00018314 37.37207794
       4400  0.00017254 37.63101578
       4500  0.00016975 37.70185852
       4600  0.00014763 38.30815125
       4700  0.00016124 37.92518997
       4800  0.00015910 37.98321152
       4900  0.00014289 38.44996262
       5000  0.00014069 38.51728439
