4.146876162849366665e-04 6.103534542489796877e-05 2.425374623271636665e-05 4.221845665597356856e-05 1.173465512692928314e-03 3.880301301251165569e-05
5.764468805864453316e-04 1.364278432447463274e-05 9.249521099263802171e-05 3.076095599681138992e-04 4.471748616197146475e-05 9.341307304566726089e-05
2.081788629293441772e-01 1.016876893800144899e-08 1.881094107147873729e-07 3.188307289292424684e-07 2.723828913531178841e-07 7.486888207495212555e-04
6.617961525917053223e-01 1.902736990189168864e-08 7.139378510601090966e-08 1.322805758263712050e-07 2.236920124687458156e-07 4.051615542266517878e-04
8.308360576629638672e-01 1.507971525427365123e-08 5.455974871892976807e-08 1.533932589836695115e-07 1.986006878951229737e-07 2.050194016192108393e-04
8.212233781814575195e-01 2.835578349902334594e-08 1.083330047890740389e-07 5.345901286091248039e-07 5.960174007668683771e-07 2.072445931844413280e-04
8.140966892242431641e-01 3.508091950266134518e-08 1.214020386441916344e-07 8.004477649592445232e-07 1.091567582989227958e-06 3.124640497844666243e-04
8.260022401809692383e-01 2.772027940523003053e-08 8.986786070863672649e-08 7.420380256917269435e-07 1.181515585813031066e-06 2.901747648138552904e-04
8.433370590209960938e-01 1.940765415042733366e-08 6.077969061379917548e-08 5.691254045814275742e-07 1.055929942594957538e-06 2.447639126330614090e-04
8.662511706352233887e-01 1.149054806859339806e-08 3.712258589416705945e-08 3.989026140516216401e-07 8.282237899948086124e-07 1.778720470611006021e-04
8.766943812370300293e-01 1.071228528104484212e-08 4.009936205306985357e-08 3.911318060545454500e-07 7.722115924480021931e-07 1.393045095028355718e-04
8.913173079490661621e-01 9.777465947991004214e-09 3.958306749041184958e-08 3.710035230142239016e-07 7.172187110882077832e-07 9.486746421316638589e-05
8.949086666107177734e-01 9.718530868951802404e-09 4.172633794041757938e-08 3.634533243257465074e-07 7.115962148418475408e-07 7.343730976572260261e-05
8.911612033843994141e-01 1.147628481135143375e-08 5.064897479201135866e-08 4.045803621011145879e-07 8.270868079307547305e-07 6.655032484559342265e-05
8.886366486549377441e-01 1.185401732328728031e-08 4.949047394120498211e-08 4.080718554178019986e-07 8.381751399610948283e-07 5.809475260321050882e-05
8.714823126792907715e-01 1.472451227613191804e-08 5.193973251493844145e-08 4.309178223138587782e-07 9.308650419370678719e-07 5.728126780013553798e-05
8.692583441734313965e-01 1.468676735782992182e-08 4.636461170548500377e-08 3.810775126567023108e-07 9.029687362271943130e-07 4.990558954887092113e-05
8.600660562515258789e-01 1.852284725600839010e-08 5.081447085331092239e-08 4.047102493132115342e-07 9.817325690164580010e-07 5.105601667310111225e-05
8.670120835304260254e-01 1.721380371577652113e-08 4.269462650086097710e-08 3.410982003515528049e-07 9.631660304876277223e-07 4.447851461009122431e-05
8.715006709098815918e-01 1.665555160457188322e-08 3.724631980617232330e-08 2.974165340674517211e-07 8.915169473766582087e-07 4.439623808139003813e-05
8.756215572357177734e-01 1.750111522369479644e-08 3.651589963737933431e-08 2.790387156892393250e-07 8.834953177938587032e-07 4.488576087169349194e-05
8.705109953880310059e-01 2.065331550227256230e-08 3.850607299682451412e-08 2.940882382063136902e-07 9.742558404468582012e-07 4.689135312219150364e-05
8.801674842834472656e-01 2.103268137432223739e-08 3.686748684117446828e-08 2.866412671664875234e-07 8.973738658824004233e-07 4.579832966555841267e-05
8.792969584465026855e-01 2.525145603726741683e-08 3.816600013806237257e-08 3.077880137425381690e-07 9.105691560762352310e-07 4.935108881909400225e-05
8.836535811424255371e-01 2.619869299280708219e-08 3.868852616051299265e-08 3.018919869646197185e-07 8.113879630400333554e-07 4.780319068231619895e-05
8.802593946456909180e-01 3.294400841014066827e-08 4.589552204947722203e-08 3.499813487906067166e-07 9.621060144127113745e-07 5.113782026455737650e-05
8.717860579490661621e-01 3.944489535001594049e-08 5.281935955281369388e-08 3.898302622928895289e-07 1.004997670861484949e-06 5.238280937192030251e-05
8.662962317466735840e-01 5.557923898891203862e-08 6.385074868830997730e-08 4.647928619760932634e-07 1.147230136666621547e-06 5.841841630171984434e-05
8.612180948257446289e-01 6.981066746902797604e-08 7.396519663416256662e-08 5.261849196358525660e-07 1.243182850885204971e-06 6.508233491331338882e-05
8.496207594871520996e-01 8.165895337697293144e-08 8.519073446677793982e-08 6.083342327656282578e-07 1.361882368655642495e-06 7.160065433708950877e-05
8.409048914909362793e-01 1.024346687472643680e-07 1.010721533134528727e-07 6.984514584473799914e-07 1.405092461936874315e-06 8.044902642723172903e-05
8.382855653762817383e-01 1.131705857915221713e-07 1.090148984417282918e-07 7.668089665457955562e-07 1.436447178093658295e-06 8.436525240540504456e-05
8.344392180442810059e-01 1.247903469447919633e-07 1.141515184599484201e-07 8.120399570543668233e-07 1.488705152041802648e-06 8.821253868518397212e-05
8.320103883743286133e-01 1.342416169336502207e-07 1.242653695499029709e-07 8.406415759054652881e-07 1.417039243278850336e-06 8.978151890914887190e-05
8.212187886238098145e-01 1.717322533067999757e-07 1.525216077880031662e-07 9.825457709666807204e-07 1.611241827959020156e-06 9.723702532937750220e-05
8.065151572227478027e-01 1.884830567178141791e-07 1.601593311306714895e-07 1.038094296745839529e-06 1.718980911391554400e-06 1.018244074657559395e-04
8.104578256607055664e-01 2.070347022709029261e-07 1.695390068334745592e-07 1.071408178177080117e-06 1.677340264905069489e-06 9.988480451283976436e-05
8.030450940132141113e-01 2.331268831312627299e-07 1.885524056888243649e-07 1.180640538223087788e-06 1.778689238562947139e-06 1.059385831467807293e-04
7.935229539871215820e-01 2.813383161992533132e-07 2.066855984139692737e-07 1.345907207905838732e-06 1.951765170815633610e-06 1.091282392735593021e-04
7.884266972541809082e-01 2.976814528210525168e-07 2.130131662170242635e-07 1.328194912275648676e-06 2.006340764637570828e-06 1.050094724632799625e-04
7.840138077735900879e-01 3.524802707488561282e-07 2.368504254945946741e-07 1.500276425758784171e-06 2.125118044205009937e-06 1.116071434807963669e-04
7.743715047836303711e-01 3.785371518461033702e-07 2.358177084715862293e-07 1.560464852445875295e-06 2.275350652780616656e-06 1.181029874715022743e-04
7.762870192527770996e-01 4.625211431630305015e-07 2.716007259095931659e-07 1.766134232639160473e-06 2.584084313639323227e-06 1.264335296582430601e-04
7.677701711654663086e-01 5.000779879082983825e-07 2.815842776726640295e-07 1.801293251446622889e-06 2.723157422224176116e-06 1.311517698923125863e-04
7.621512413024902344e-01 6.671766641375143081e-07 3.428679349326557713e-07 2.173563416363322176e-06 3.089763140451395884e-06 1.477637561038136482e-04
7.393260002136230469e-01 7.903651066953898408e-07 3.750228074750339147e-07 2.431257144053233787e-06 3.390965957805747166e-06 1.633410283830016851e-04
7.351976633071899414e-01 9.088604429052793421e-07 4.128720263452123618e-07 2.674549705261597410e-06 3.598217517719604075e-06 1.623165153432637453e-04
7.319479584693908691e-01 1.107969978875189554e-06 4.824725010621477850e-07 3.024318175448570400e-06 3.850458597298711538e-06 1.859257608884945512e-04
7.166127562522888184e-01 1.370581003357074223e-06 5.546411330215050839e-07 3.556149522410123609e-06 4.360285856819245964e-06 2.048720052698627114e-04
7.154497504234313965e-01 1.491563125455286354e-06 5.696885523320815992e-07 3.673668970805010758e-06 4.648498816095525399e-06 2.166795165976509452e-04
7.058706879615783691e-01 1.686975338088814169e-06 6.116588906479591969e-07 4.041975898871896788e-06 4.966180313203949481e-06 2.356964687351137400e-04
7.031201124191284180e-01 2.008524916163878515e-06 6.861893098175642081e-07 4.499000169744249433e-06 5.241501639829948545e-06 2.407836000202223659e-04
6.914413571357727051e-01 2.355919605179224163e-06 7.376079338428098708e-07 5.066076482762582600e-06 5.599528321909019724e-06 2.591887605376541615e-04
6.735329627990722656e-01 3.228348305128747597e-06 8.983491852632141672e-07 5.951078946964116767e-06 6.753302386641735211e-06 3.062073665205389261e-04
6.725430488586425781e-01 3.462860831859870814e-06 9.349809033665223978e-07 6.309409400273580104e-06 7.057588845782447606e-06 3.013283712789416313e-04
6.624023914337158203e-01 4.029908268421422690e-06 1.005545868792978581e-06 6.846663836768129840e-06 7.684247066208627075e-06 3.200708888471126556e-04
6.558783650398254395e-01 4.475489276956068352e-06 1.026743802867713384e-06 7.208901024569058791e-06 8.325144335685763508e-06 3.478279395494610071e-04
6.336284875869750977e-01 5.283316568238660693e-06 1.129092993323865812e-06 8.027175681490916759e-06 8.938375685829669237e-06 3.758395905606448650e-04
6.282762289047241211e-01 5.930350198468659073e-06 1.191369733533065300e-06 8.391527444473467767e-06 9.241180123353842646e-06 3.883351455442607403e-04
6.249443292617797852e-01 6.500260496977716684e-06 1.228990186064038426e-06 8.717393939150497317e-06 9.540996870782691985e-06 4.099506768397986889e-04
6.226239800453186035e-01 7.546718734374735504e-06 1.344462248198396992e-06 9.404160664416849613e-06 1.036606590787414461e-05 4.206436569802463055e-04
6.173530220985412598e-01 8.301019988721236587e-06 1.427236725248803850e-06 1.025628898787545040e-05 1.100846111512510106e-05 4.309639043640345335e-04
6.169096827507019043e-01 9.458512977289501578e-06 1.517538862572109792e-06 1.081424761650850996e-05 1.170366704172920436e-05 4.503227828536182642e-04
6.097282171249389648e-01 1.164032801170833409e-05 1.751917920955747832e-06 1.227932170877465978e-05 1.294099547521909699e-05 4.915568861179053783e-04
6.122978329658508301e-01 1.181514562631491572e-05 1.738915784699202050e-06 1.229070767294615507e-05 1.301596239500213414e-05 4.921600339002907276e-04
6.066885590553283691e-01 1.406344927090685815e-05 1.879430556073202752e-06 1.344607153441756964e-05 1.408025218552211300e-05 5.230031674727797508e-04
5.939560532569885254e-01 1.636461456655524671e-05 2.025028379648574628e-06 1.434129808330908418e-05 1.469157450628699735e-05 5.478577804751694202e-04
5.917364358901977539e-01 1.735923069645650685e-05 2.019478188231005333e-06 1.465854802518151700e-05 1.518341468909056857e-05 5.932787316851317883e-04
5.833323001861572266e-01 1.931850783876143396e-05 2.149665760953212157e-06 1.582402182975783944e-05 1.604455792403314263e-05 6.192814907990396023e-04
5.727859139442443848e-01 2.123335798387415707e-05 2.213902462244732305e-06 1.632163912290707231e-05 1.622986019356176257e-05 6.375741213560104370e-04
5.702540278434753418e-01 2.267232230224180967e-05 2.297588480359991081e-06 1.676286228757817298e-05 1.688479824224486947e-05 6.548724486492574215e-04
5.629004240036010742e-01 2.516990025469567627e-05 2.460817540850257501e-06 1.799875462893396616e-05 1.819061071728356183e-05 6.864861934445798397e-04
5.568436384201049805e-01 2.720036536629777402e-05 2.562609097367385402e-06 1.900688766909297556e-05 1.832094494602642953e-05 7.118990179151296616e-04
5.540276765823364258e-01 2.844832488335669041e-05 2.577687837401754223e-06 1.930327562149614096e-05 1.877670911198947579e-05 7.447833777405321598e-04
5.529488325119018555e-01 3.172572178300470114e-05 2.693863734748447314e-06 2.025477624556515366e-05 1.994906597246881574e-05 7.639874820597469807e-04
5.465407371520996094e-01 3.306774669908918440e-05 2.735508815021603368e-06 2.109951492457184941e-05 2.071518429147545248e-05 7.602507248520851135e-04
5.529416203498840332e-01 3.507976362016052008e-05 2.768417516563204117e-06 2.168770515709184110e-05 2.082341416098643094e-05 8.053923374973237514e-04
5.414707660675048828e-01 4.150531094637699425e-05 3.093779469054425135e-06 2.350293470954056829e-05 2.265812508994713426e-05 9.037615964189171791e-04
5.291020274162292480e-01 4.708291817223653197e-05 3.243105538786039688e-06 2.524284718674607575e-05 2.403306461928877980e-05 9.154162835329771042e-04
5.275480747222900391e-01 5.001588215236552060e-05 3.360638402227777988e-06 2.652232797117903829e-05 2.485926415829453617e-05 9.191887802444398403e-04
5.253707170486450195e-01 5.481506377691403031e-05 3.459169420239049941e-06 2.670209505595266819e-05 2.591303382359910756e-05 9.620522614568471909e-04
5.206170082092285156e-01 5.534876618185080588e-05 3.371859065737226047e-06 2.640709317347500473e-05 2.663721170392818749e-05 9.684282122179865837e-04
5.156347751617431641e-01 6.340625259326770902e-05 3.696294015753665008e-06 2.799489811877720058e-05 2.817953281919471920e-05 9.907042840495705605e-04
5.063334107398986816e-01 7.057221955619752407e-05 3.832920356217073277e-06 3.087930235778912902e-05 3.008403473359066993e-05 1.073536346666514874e-03
5.061640739440917969e-01 7.505487155867740512e-05 3.945287062379065901e-06 3.166493479511700571e-05 3.062980249524116516e-05 1.065657357685267925e-03
5.061751604080200195e-01 8.180185977835208178e-05 4.065371740580303594e-06 3.299050877103582025e-05 3.198196282028220594e-05 1.092190854251384735e-03
5.020776391029357910e-01 8.870106103131547570e-05 4.296080078347586095e-06 3.447695780778303742e-05 3.274292612331919372e-05 1.142319058999419212e-03
5.026009082794189453e-01 9.430724458070471883e-05 4.582690053211990744e-06 3.539875615388154984e-05 3.328277307446114719e-05 1.187926740385591984e-03
4.965297579765319824e-01 9.700020018499344587e-05 4.520413313002791256e-06 3.563224527169950306e-05 3.469927833066321909e-05 1.228922861628234386e-03
4.851229488849639893e-01 1.134937701863236725e-04 4.974517651135101914e-06 3.838611519313417375e-05 3.650602229754440486e-05 1.307421363890171051e-03
4.763986170291900635e-01 1.242779544554650784e-04 5.187178885535104200e-06 4.011264900327660143e-05 3.940171518479473889e-05 1.344340620562434196e-03
4.764384627342224121e-01 1.335302658844739199e-04 5.450910521176410839e-06 4.140245073358528316e-05 3.836326868622563779e-05 1.382217509672045708e-03
4.782059788703918457e-01 1.272055233130231500e-04 5.358525868359720334e-06 3.988528260379098356e-05 3.689313598442822695e-05 1.334234490059316158e-03
4.735215306282043457e-01 1.409129763487726450e-04 5.466541097121080384e-06 4.068908310728147626e-05 3.829792694887146354e-05 1.417735824361443520e-03
4.795637130737304688e-01 1.333608379354700446e-04 5.348299055185634643e-06 3.976048174081370234e-05 3.669022044050507247e-05 1.368366996757686138e-03
4.696434140205383301e-01 1.519692450528964400e-04 5.634535227727610618e-06 4.268385964678600430e-05 3.878600546158850193e-05 1.431742799468338490e-03
4.677228927612304688e-01 1.600033865543082356e-04 5.848311502631986514e-06 4.370737951830960810e-05 3.997952808276750147e-05 1.480344915762543678e-03
4.679022729396820068e-01 1.753646356519311666e-04 6.240689344849670306e-06 4.606814400176517665e-05 4.192220876575447619e-05 1.493890304118394852e-03
4.623351991176605225e-01 1.916183391585946083e-04 6.566712727362755686e-06 4.812378028873354197e-05 4.397309021442197263e-05 1.547525986097753048e-03
4.552786648273468018e-01 2.048223395831882954e-04 6.777439466532086954e-06 4.994752453058026731e-05 4.671454371418803930e-05 1.568156410939991474e-03
4.573624432086944580e-01 2.123119629686698318e-04 6.781922365917125717e-06 5.046146543463692069e-05 4.606564107234589756e-05 1.595961162820458412e-03
