8.735589058700122221e-04
1.294479987732756743e-01
8.863988386881019865e-01
8.849001052399713130e-01
8.852860193042656478e-01
8.511710954224984693e-01
8.396982923845346392e-01
8.350810718015426737e-01
8.711703682156834994e-01
8.905341490833064144e-01
9.163340720572711318e-01
9.191769924305971395e-01
9.148500515828416058e-01
9.136030667625903989e-01
9.149115566368385410e-01
9.128678401710370593e-01
9.061474482367134486e-01
9.051062038519891439e-01
8.955621872475542089e-01
8.876529990979862283e-01
8.800537481813045515e-01
8.632919325931139864e-01
8.652149906147508229e-01
8.464775362136632841e-01
8.506851451968502342e-01
8.457174664042209633e-01
8.448692393507164500e-01
8.440325897191407467e-01
8.345678060960312061e-01
8.280869823769327898e-01
8.207157222535476082e-01
8.139288807412782267e-01
8.264719320178608442e-01
8.232206060261807457e-01
8.202149987551256016e-01
8.265620791313170734e-01
8.161223198042113491e-01
8.125543030835197245e-01
8.102741539542654969e-01
7.932414146331256966e-01
7.964752538937673876e-01
7.963467565701718431e-01
7.913605659622710009e-01
7.713954224441469387e-01
7.693272848539643993e-01
7.681712310351125339e-01
7.514748399406343538e-01
7.419327529065208315e-01
7.334249155647162288e-01
7.236632796074626839e-01
7.143476155907593217e-01
7.179805141135104929e-01
7.085497994663894072e-01
7.042425764153563694e-01
6.960154915553259380e-01
6.899964984328572637e-01
6.727016993424326241e-01
6.612545837093734002e-01
6.576225293736379651e-01
6.532069488892398024e-01
6.440287064588687826e-01
6.391169852055622602e-01
6.328870659273276855e-01
6.218789878414758832e-01
6.103785678282861449e-01
5.882286683136754846e-01
5.821149453482370451e-01
5.546683753011862894e-01
5.489752986658287259e-01
5.294771111655008911e-01
5.168627260860962913e-01
5.239628815793146988e-01
5.040880962214008276e-01
4.930543910297169874e-01
4.798302918782636484e-01
4.770534894379843127e-01
4.623228481085055463e-01
4.424946739336697021e-01
4.256611928977581671e-01
4.192959323511941117e-01
4.084680278941097420e-01
3.822428155614781553e-01
3.881877011237878095e-01
3.788502088428228332e-01
3.548952867410841705e-01
3.493664044802693436e-01
3.362145737672623258e-01
3.225177901861209229e-01
3.088359306254346293e-01
3.012057161350006895e-01
2.930805065580366908e-01
2.736438844107782487e-01
2.678231847883770778e-01
2.540094210064964275e-01
2.422942609212022091e-01
2.346273544451240034e-01
2.354943345101903340e-01
2.236118595733490866e-01
2.052787255284505286e-01
2.086505290670774837e-01
1.953201075759573857e-01
