3.806131193414330482e-03 6.617569015361368656e-04 1.803736668080091476e-03 1.346107572317123413e-03 2.039039041846990585e-03 5.524879670701920986e-04
2.342262119054794312e-02 9.740958194015547633e-05 8.968875772552564740e-05 2.910055045504122972e-04 1.261969591723755002e-04 1.918192574521526694e-04
9.942092895507812500e-01 6.023862653137257439e-08 2.816024213814216637e-08 2.514473464998445706e-07 2.354536405846374691e-07 4.674400599924410926e-08
9.999915361404418945e-01 2.822263473270525402e-12 2.599425666036103699e-12 6.679705399914581676e-11 3.692889050110892413e-11 9.252610830290386446e-12
9.999989271163940430e-01 1.843970668432420856e-13 1.759559295141932544e-13 1.234713286474287131e-12 3.391511680869707668e-12 9.757665595661046964e-13
9.999992847442626953e-01 6.304962248907669542e-14 1.137670551298528010e-13 2.218538395527824836e-13 1.341330367089776932e-12 3.544078550597740129e-13
9.999985694885253906e-01 1.004844536571514180e-13 2.544555007238241684e-13 2.816382923317289899e-13 2.013370373199485641e-12 6.123123384195461316e-13
9.999954700469970703e-01 2.520179431895336331e-13 8.259205494000332326e-13 5.629442766975911727e-13 3.773891789349281822e-12 1.132432038766784110e-12
9.999923706054687500e-01 5.212179971479657947e-13 1.518898722074890628e-12 9.809066536456412244e-13 6.595744349996435218e-12 1.966812346668178613e-12
9.999923706054687500e-01 6.934302849807838509e-13 1.829320332366601853e-12 1.268233239780369725e-12 7.745256692948121469e-12 2.545909229961784703e-12
9.999942779541015625e-01 6.043501745052470842e-13 1.491106608846048953e-12 1.194762713242758512e-12 6.641898836479143142e-12 2.420217238424671180e-12
9.999941587448120117e-01 1.049018402525525584e-12 2.326532412902371227e-12 1.999545928138557471e-12 9.386429133950713322e-12 3.760464595964352341e-12
9.999935626983642578e-01 1.588542665464931503e-12 3.435453093877938180e-12 3.060215492470264032e-12 1.162025944217992546e-11 5.758088016810658516e-12
9.999935626983642578e-01 1.867125377918998907e-12 4.051096697682554648e-12 4.021564331546656490e-12 1.246797803888810563e-11 6.685871908190810231e-12
9.999932050704956055e-01 2.413525976296959641e-12 5.109093269978215446e-12 5.398377925236452768e-12 1.497418682105955412e-11 9.341269945062347091e-12
9.999912977218627930e-01 4.520133399521508721e-12 9.792666677554962007e-12 1.006917899754045109e-11 2.731100068320557739e-11 1.669589813624305918e-11
9.999897480010986328e-01 6.806395724812119852e-12 1.465568812142326038e-11 1.669740040677325510e-11 3.980707430351060339e-11 2.581358911346587348e-11
9.999871253967285156e-01 1.034445445968756871e-11 2.125015441389876969e-11 2.694425065008498876e-11 5.800591951210520847e-11 3.677732424156587854e-11
9.999859333038330078e-01 1.335683733755255176e-11 2.690708766905913762e-11 3.837983750254458926e-11 7.664078399693963206e-11 4.845470552572450629e-11
9.999817609786987305e-01 1.905658963963219321e-11 4.089261221307260996e-11 5.839135425178554328e-11 1.161999524379453419e-10 7.414814595652075013e-11
9.999796152114868164e-01 2.706023773113575004e-11 5.409573136661016690e-11 7.652022765425314788e-11 1.608449345935625274e-10 9.992099508915330830e-11
9.999763965606689453e-01 3.732367193087782198e-11 7.212091340802473383e-11 1.045712683112043351e-10 2.258590814374628053e-10 1.357963741455137097e-10
9.999743700027465820e-01 4.992030053219131958e-11 9.429511338421292521e-11 1.338545801976565031e-10 3.016816241263597931e-10 1.841299474003577075e-10
9.999674558639526367e-01 8.010715007999991144e-11 1.404758392942184742e-10 2.040954349968870929e-10 4.611325488124151661e-10 2.818502931045685500e-10
9.999523162841796875e-01 1.370320940052849323e-10 2.264532172890909578e-10 3.212244359396265736e-10 6.908926208915033840e-10 4.613023851796071995e-10
9.999452829360961914e-01 1.683866657220534080e-10 2.633019635656097535e-10 3.609222365419384460e-10 8.128716033617422454e-10 5.142170578231741729e-10
9.999239444732666016e-01 2.681546928950950814e-10 4.142944043383778308e-10 5.351856180446645794e-10 1.283691708486855987e-09 7.684156644316431084e-10
9.998900890350341797e-01 4.458750868518990274e-10 6.566496235649310620e-10 8.180541799518437074e-10 1.991379061649922733e-09 1.188846021626943639e-09
9.998663663864135742e-01 6.901523796898345608e-10 9.880528617500772270e-10 1.178527386791472509e-09 2.783999697442141041e-09 1.685270256679416434e-09
9.998146891593933105e-01 1.076308042691209721e-09 1.540875871341995662e-09 1.736416455067057996e-09 4.163135169932274948e-09 2.506111762556884059e-09
9.997678399085998535e-01 1.628512213969202094e-09 2.247241726038851084e-09 2.438325097386950802e-09 5.579072315242683544e-09 3.501216871981682743e-09
9.997003078460693359e-01 2.240101881767486702e-09 3.108887147718064625e-09 3.163173944997765830e-09 7.429876713871408356e-09 4.686858456892650793e-09
9.996463060379028320e-01 2.859814385303138806e-09 4.055995983520688242e-09 3.879386145655416840e-09 9.228548591977414617e-09 5.807885727904249507e-09
9.995797276496887207e-01 3.831909456408766346e-09 5.346150189211584802e-09 4.854809443344265674e-09 1.128688698059931994e-08 7.444824756674961463e-09
9.995744824409484863e-01 3.646900115228390860e-09 5.064252572850591605e-09 4.633165406886519122e-09 1.057675547144754091e-08 7.067887164424746516e-09
9.994530081748962402e-01 5.211317155584538341e-09 6.933076335258192557e-09 6.329818447170509899e-09 1.382744141409375516e-08 1.023263429544840619e-08
9.994088411331176758e-01 6.250263417939549981e-09 8.270609974658782448e-09 7.113261979441176663e-09 1.609622302112256875e-08 1.185731957065172537e-08
9.993261098861694336e-01 7.908002253032009321e-09 1.074421174251938282e-08 8.540288476410751173e-09 1.967910279176976474e-08 1.476933153554682576e-08
9.991949200630187988e-01 1.021749174157093876e-08 1.372372349095485333e-08 1.059811793879816832e-08 2.408487453919860855e-08 1.846697195162505523e-08
9.991082549095153809e-01 1.224922208109546773e-08 1.588866105350916769e-08 1.205526789505029228e-08 2.758915051970234344e-08 2.135432275451876194e-08
9.990246295928955078e-01 1.430135831981260708e-08 1.815023509266211477e-08 1.359101986508903792e-08 3.139484761049970984e-08 2.375260343967511290e-08
9.989656209945678711e-01 1.651841330385650508e-08 2.082550842885666498e-08 1.542951721944518795e-08 3.433650874740123982e-08 2.739618842895197304e-08
9.987961053848266602e-01 2.131457499388034194e-08 2.656596187478044158e-08 1.914927416635237023e-08 4.162752986758277984e-08 3.376467105908886879e-08
9.986287355422973633e-01 2.596918413644289103e-08 3.127645697986736195e-08 2.282171784884212684e-08 4.688798327379117836e-08 3.985773133763359510e-08
9.985201954841613770e-01 2.923366082541178912e-08 3.472477061450263136e-08 2.435162826941450476e-08 5.142384651435349951e-08 4.250366458791177138e-08
9.984748959541320801e-01 3.214183053046326677e-08 3.757359579026342544e-08 2.589115233320171683e-08 5.399123637062075431e-08 4.622988925007120997e-08
9.983204007148742676e-01 3.640944257199407730e-08 4.185061541761569970e-08 2.996353032358456403e-08 5.762912280715681845e-08 5.261592761485189840e-08
9.983248114585876465e-01 3.896885658605242497e-08 4.381386276008925051e-08 3.123338387922558468e-08 5.791356016970894416e-08 5.421994231369353656e-08
9.981741905212402344e-01 4.664912367502438428e-08 5.014351955878737499e-08 3.542548299151349056e-08 6.574692434924145346e-08 6.099914173773868242e-08
9.980302453041076660e-01 5.480053744122415083e-08 5.734443320193349791e-08 4.114960461265582126e-08 7.314417871384648606e-08 7.012130964767493424e-08
9.981348514556884766e-01 5.362171862088871421e-08 5.527259716586740979e-08 3.999950948241348669e-08 6.966245535977577674e-08 6.731766433176744613e-08
9.978095889091491699e-01 6.646047978620117647e-08 6.893668569318833761e-08 4.950722143348684767e-08 8.450714972241257783e-08 8.420113317697541788e-08
9.976878166198730469e-01 7.411190239281495451e-08 7.467536988770007156e-08 5.298711514001297473e-08 9.090951635926103336e-08 8.934659234682840179e-08
9.976660013198852539e-01 7.596868556447589071e-08 7.425801129556930391e-08 5.342751308035076363e-08 8.788166638851180323e-08 9.047922588933943189e-08
9.975002408027648926e-01 8.496411396663461346e-08 8.210913904349581571e-08 5.985650375350815011e-08 9.681539836492447648e-08 9.939508771594773862e-08
9.974174499511718750e-01 9.902920083959543263e-08 9.338257456192877726e-08 6.756361869975080481e-08 1.072598649898282019e-07 1.138059602112662105e-07
9.971971511840820312e-01 1.143788708191095793e-07 1.047456592573325906e-07 7.680198166326590581e-08 1.225211718747232226e-07 1.289944009386090329e-07
9.971833825111389160e-01 1.228917341222768300e-07 1.087150067746733839e-07 8.036779064468646538e-08 1.240553615389217157e-07 1.329836152308416786e-07
9.970959424972534180e-01 1.257015611599854310e-07 1.135069069846394996e-07 8.432631659616163233e-08 1.262480679997679545e-07 1.396029460920544807e-07
9.970672726631164551e-01 1.280829025063212612e-07 1.140554033440821513e-07 8.555122121833846904e-08 1.257922122022137046e-07 1.404521157155613764e-07
9.968950748443603516e-01 1.473776620741773513e-07 1.273342462582149892e-07 9.390417687882290920e-08 1.389114032690486056e-07 1.513127045882356470e-07
9.968219995498657227e-01 1.558155986458586995e-07 1.326249332578299800e-07 1.004180631980489125e-07 1.467019359324694960e-07 1.631179173955388251e-07
9.966172575950622559e-01 1.734477166337455856e-07 1.446867941012897063e-07 1.087650502995529678e-07 1.552311488239865866e-07 1.754126373043618514e-07
9.965468049049377441e-01 1.808803773428735440e-07 1.487444336589760496e-07 1.120571937462955248e-07 1.589650793221153435e-07 1.749880453871810460e-07
9.964307546615600586e-01 1.882431917010762845e-07 1.561869851229857886e-07 1.162967819823279569e-07 1.672419926990187378e-07 1.869816230737342266e-07
9.962685108184814453e-01 2.079462149140454130e-07 1.704474357211438473e-07 1.252709296295506647e-07 1.811237950732902391e-07 2.023281524543563137e-07
9.965174198150634766e-01 1.926200070556660648e-07 1.555272177711231052e-07 1.161583540465471742e-07 1.630240831218543462e-07 1.887470943984226324e-07
9.963511228561401367e-01 2.063442821054195520e-07 1.661307180711446563e-07 1.244940506239800015e-07 1.736084129788650898e-07 2.009242621170415077e-07
9.961329698562622070e-01 2.302319757063742145e-07 1.813457828347964096e-07 1.352389062958536670e-07 1.867746277639525943e-07 2.209986575962830102e-07
9.960833787918090820e-01 2.417716018499049824e-07 1.866953454054964823e-07 1.401292450964319869e-07 1.901154149663852877e-07 2.277674013839714462e-07
9.959981441497802734e-01 2.525333400171803078e-07 1.972729677390816505e-07 1.468372943236317951e-07 1.994244342995443731e-07 2.417423843326105271e-07
9.959052801132202148e-01 2.648433508056768915e-07 2.026934851073747268e-07 1.486413054863078287e-07 2.061145067955294508e-07 2.446599012273509288e-07
9.957656860351562500e-01 2.814579431742458837e-07 2.172407107536855619e-07 1.552829331785687828e-07 2.146540936109886388e-07 2.554858156145201065e-07
9.954705238342285156e-01 3.090261770921642892e-07 2.338313720429141540e-07 1.696896418934557005e-07 2.311915920927276602e-07 2.772923721749975812e-07
9.954583644866943359e-01 3.221670965558587341e-07 2.335619768700780696e-07 1.723285265597951366e-07 2.337509386052261107e-07 2.769176603578671347e-07
9.954381585121154785e-01 3.189865367403399432e-07 2.385346817845857004e-07 1.708240944253702764e-07 2.354822186134697404e-07 2.811204637964692665e-07
9.956213831901550293e-01 3.132908830139058409e-07 2.248562651629981701e-07 1.632035520060526324e-07 2.222414821062557166e-07 2.632820326198270777e-07
9.956983327865600586e-01 3.148943505948409438e-07 2.250834683081848198e-07 1.668957736455922714e-07 2.186526444347691722e-07 2.628632955747889355e-07
9.952281713485717773e-01 3.651458087006176356e-07 2.614035565784433857e-07 1.861723291085581877e-07 2.534625025418790756e-07 3.032577353678789223e-07
9.954592585563659668e-01 3.468099407655245159e-07 2.462677173298288835e-07 1.782696301688702079e-07 2.404104009201546432e-07 2.834972860910056625e-07
9.953563809394836426e-01 3.607200937949528452e-07 2.556044762513920432e-07 1.855645308523889980e-07 2.465098987158853561e-07 2.985874800742749358e-07
9.953945279121398926e-01 3.694737245041324059e-07 2.611454874568153173e-07 1.896267889378577820e-07 2.563945429301384138e-07 3.034582789496198529e-07
9.950894713401794434e-01 3.897777105521527119e-07 2.719213796353869839e-07 1.966001974551545572e-07 2.622427359710854944e-07 3.185338073308230378e-07
9.950407147407531738e-01 4.082610018940613372e-07 2.768880733583500842e-07 2.019701241806615144e-07 2.674131280855363002e-07 3.223782130135077750e-07
9.947715401649475098e-01 4.653976475310628302e-07 3.190947381881414913e-07 2.314288281013432425e-07 3.031472033399040811e-07 3.678331381706811953e-07
9.950615763664245605e-01 4.379199083359708311e-07 2.942431081009999616e-07 2.120797262250562198e-07 2.774167171537555987e-07 3.458415562818117905e-07
9.949225783348083496e-01 4.359841057066660142e-07 3.005673647749063093e-07 2.142297006457738462e-07 2.837000181443727342e-07 3.510498061132238945e-07
9.948012828826904297e-01 4.617901652181899408e-07 3.143622961943037808e-07 2.203608175932458835e-07 2.994155750002391869e-07 3.646033803761383751e-07
9.946494698524475098e-01 4.852468578064872418e-07 3.279389204635663191e-07 2.281335724774180562e-07 3.002817265951307490e-07 3.784855664434871869e-07
9.944872260093688965e-01 5.276379511087725405e-07 3.390633196431735996e-07 2.437988086967379786e-07 3.179132477271195967e-07 3.939479711334570311e-07
9.946399331092834473e-01 5.080805749457795173e-07 3.315483070309710456e-07 2.383118413717966178e-07 3.078424697378068231e-07 3.861352979583898559e-07
9.947590231895446777e-01 4.934788648824905977e-07 3.218910080704517895e-07 2.328245471971968072e-07 3.025037074166903039e-07 3.711332965394831263e-07
9.949308037757873535e-01 5.024978690926218405e-07 3.303510709429247072e-07 2.347016447856731247e-07 3.049882479899679311e-07 3.773310481847147457e-07
9.946158528327941895e-01 5.499031772160378750e-07 3.621110238327673869e-07 2.518673056783882203e-07 3.289031269559927750e-07 4.057315550198836718e-07
9.943669438362121582e-01 6.298346306721214205e-07 3.960632284361054190e-07 2.781006003260699799e-07 3.604439768878364703e-07 4.515843841090827482e-07
9.946692585945129395e-01 5.732433123739610892e-07 3.629876346167293377e-07 2.598139019482914591e-07 3.321461008454207331e-07 4.181660813173948554e-07
9.946933388710021973e-01 5.524929065359174274e-07 3.544523679011035711e-07 2.521332476135285106e-07 3.235948895508045098e-07 4.094857217751268763e-07
9.945979118347167969e-01 5.756778591603506356e-07 3.711000715611589840e-07 2.634941722590156132e-07 3.430841957197117154e-07 4.240930309151735855e-07
9.945868253707885742e-01 5.871784196642693132e-07 3.781813688874535728e-07 2.598610251425270690e-07 3.417503080527239945e-07 4.306726566483121132e-07
9.946995973587036133e-01 5.548154149437323213e-07 3.639696330992592266e-07 2.488874315531575121e-07 3.329891455905453768e-07 4.056430782384268241e-07
9.944261312484741211e-01 6.339948868117062375e-07 4.066662881996307988e-07 2.782394687983469339e-07 3.789592710745637305e-07 4.570864007291675080e-07
