          0  0.08681686 10.61395931
        100  0.00640388 21.93556976
        200  0.00361540 24.41843224
        300  0.00205761 26.86637115
        400  0.00143029 28.44576645
        500  0.00099511 30.02130699
        600  0.00086830 30.61330605
        700  0.00059853 32.22913361
        800  0.00057093 32.43417358
        900  0.00046065 33.36624527
       1000  0.00038924 34.09778976
       1100  0.00036309 34.39982986
       1200  0.00032712 34.85287476
       1300  0.00029712 35.27071762
       1400  0.00030107 35.21330643
       1500  0.00026729 35.73022461
       1600  0.00028305 35.48132706
       1700  0.00025958 35.85731506
       1800  0.00025154 35.99394226
       1900  0.00020802 36.81893921
       2000  0.00021980 36.57963562
       2100  0.00020465 36.88982010
       2200  0.00017877 37.47695160
       2300  0.00018807 37.25683975
       2400  0.00017796 37.49673843
       2500  0.00017488 37.57266617
       2600  0.00016006 37.95703888
       2700  0.00017090 37.67251205
       2800  0.00015936 37.97625351
       2900  0.00015550 38.08282471
       3000  0.00015409 38.12229538
       3100  0.00014129 38.49890900
       3200  0.00014495 38.38786316
       3300  0.00013269 38.77166748
       3400  0.00012825 38.91939926
       3500  0.00013109 38.82419586
       3600  0.00014279 38.45296860
       3700  0.00012797 38.92896652
       3800  0.00012056 39.18804550
       3900  0.00012385 39.07114410
       4000  0.00012520 39.02399445
       4100  0.00013237 38.78209305
       4200  0.00011547 39.37529755
       4300  0.00011192 39.51082611
       4400  0.00013965 38.54964828
       4500  0.00011085 39.55245590
       4600  0.00010976 39.59558868
       4700  0.00010397 39.83086395
       4800  0.00011048 39.56722260
       4900  0.00011218 39.50100327
       5000  0.00010472 39.79978180
