2.439762921815153340e-04
8.773823204885319305e-01
9.992164583248066556e-01
9.991042340126892185e-01
9.990117578384296593e-01
9.991955169459904029e-01
9.986354693022654327e-01
9.991710555063476606e-01
9.994612517073786506e-01
9.997961347822937883e-01
9.998665956608747685e-01
9.999835332747770700e-01
9.999557904224991578e-01
9.999005433661350972e-01
9.997956574859104828e-01
9.997911231702694135e-01
9.997100424471605518e-01
9.995481196491347031e-01
9.992220665573101623e-01
9.990432593997258248e-01
9.987923804882670176e-01
9.985178754058361417e-01
9.983748058149495286e-01
9.979833631186163512e-01
9.976895275326629342e-01
9.972927749140657605e-01
9.968873712985217850e-01
9.966221138335168428e-01
9.962680792412228481e-01
9.959395800054340331e-01
9.955872159504814967e-01
9.952969004253545693e-01
9.947474129641096230e-01
9.948030179927610517e-01
9.944974289833694581e-01
9.943381909774994254e-01
9.938356575479589949e-01
9.936919316745453923e-01
9.931925006714963367e-01
9.927979555486718954e-01
9.930175118849782212e-01
9.925394995571286128e-01
9.923000160968205030e-01
9.923049083847490515e-01
9.921862405714574340e-01
9.919696673375465457e-01
9.916978470472715967e-01
9.915431433570426334e-01
9.914459538809983208e-01
9.916707604775206741e-01
9.914144523197021552e-01
9.912424466355795882e-01
9.910721114887983685e-01
9.908947958824118052e-01
9.910076168150083742e-01
9.909387668117209946e-01
9.907402115162787792e-01
9.906828166261899549e-01
9.908702151186732365e-01
9.904456003237024353e-01
9.904319377147311476e-01
9.902853480630179339e-01
9.900560071508544002e-01
9.898436102602972131e-01
9.894977493685667147e-01
9.893356475843970710e-01
9.894640403114979277e-01
9.894414283953403277e-01
9.893564099770695286e-01
9.891312454082595851e-01
9.891607184599268132e-01
9.889635950536344033e-01
9.889829255571570554e-01
9.885373693833701125e-01
9.884236535200549012e-01
9.885374887074658279e-01
9.887250065240449359e-01
9.887282879366799948e-01
9.883175743988720230e-01
9.881472989141387719e-01
9.877761413140947466e-01
9.877510235919249038e-01
9.879599004216556013e-01
9.875740062957779619e-01
9.873286162927268350e-01
9.873821331497014686e-01
9.874781890468355972e-01
9.871758217880309827e-01
9.872587520346249867e-01
9.869465405379154177e-01
9.869590695679764103e-01
9.870066798822080267e-01
9.868872961243414510e-01
9.869757749413909931e-01
9.869219597741767380e-01
9.867230465064470435e-01
9.867731626266909029e-01
9.866337920827746855e-01
9.866325391797685640e-01
9.861457565308762163e-01
9.863066054120398496e-01
