 Iterations  Total_Loss        PSNR
        100  0.02489950 16.03809357
        200  0.01759962 17.54496765
        300  0.01434146 18.43406677
        400  0.01171969 19.31083870
        500  0.01020837 19.91043472
        600  0.00983378 20.07279396
        700  0.00865938 20.62513351
        800  0.00775663 21.10326958
        900  0.00699862 21.54987335
       1000  0.00668959 21.74600410
       1100  0.00621164 22.06793594
       1200  0.00590542 22.28749466
       1300  0.00561452 22.50687790
       1400  0.00544054 22.64357567
       1500  0.00506465 22.95450974
       1600  0.00523058 22.81450462
       1700  0.00473979 23.24240685
       1800  0.00461486 23.35841370
       1900  0.00446699 23.49985504
       2000  0.00438253 23.58275414
       2100  0.00420014 23.76735878
       2200  0.00401235 23.96600723
       2300  0.00399690 23.98276711
       2400  0.00378296 24.22168541
       2500  0.00395839 24.02481270
       2600  0.00376469 24.24270248
       2700  0.00375291 24.25631523
       2800  0.00364341 24.38491440
       2900  0.00351504 24.54070282
       3000  0.00343902 24.63565063
       3100  0.00341294 24.66871452
       3200  0.00336973 24.72405243
       3300  0.00318404 24.97021103
       3400  0.00326768 24.85760307
       3500  0.00327217 24.85164452
       3600  0.00322770 24.91106606
       3700  0.00302074 25.19886398
       3800  0.00305171 25.15457344
       3900  0.00310341 25.08161354
       4000  0.00311264 25.06871033
       4100  0.00308805 25.10316086
       4200  0.00296455 25.28041077
       4300  0.00291824 25.34878349
       4400  0.00280131 25.52638626
       4500  0.00282250 25.49366379
       4600  0.00283798 25.46991158
       4700  0.00278709 25.54848671
       4800  0.00265476 25.75974655
       4900  0.00271786 25.65773201
       5000  0.00272829 25.64109230
       5100  0.00258498 25.87542725
       5200  0.00271345 25.66478729
       5300  0.00265336 25.76203728
       5400  0.00253143 25.96634674
       5500  0.00254571 25.94190788
       5600  0.00249385 26.03130150
       5700  0.00246029 26.09014511
       5800  0.00242503 26.15282249
       5900  0.00239062 26.21488571
       6000  0.00245884 26.09270477
       6100  0.00237892 26.23619270
       6200  0.00237584 26.24182320
       6300  0.00237657 26.24048615
       6400  0.00234580 26.29708862
       6500  0.00230471 26.37382889
       6600  0.00234528 26.29805183
       6700  0.00233316 26.32055283
       6800  0.00222592 26.52490807
       6900  0.00236253 26.26623154
       7000  0.00219064 26.59429359
       7100  0.00225165 26.47499275
       7200  0.00219655 26.58259392
       7300  0.00215442 26.66669655
       7400  0.00211828 26.74016190
       7500  0.00212164 26.73328590
       7600  0.00208455 26.80988503
       7700  0.00215737 26.66076088
       7800  0.00213746 26.70102882
       7900  0.00210200 26.77367592
       8000  0.00209405 26.79012299
       8100  0.00200044 26.98874092
       8200  0.00205835 26.86479950
       8300  0.00208727 26.80420494
       8400  0.00203993 26.90385246
       8500  0.00205229 26.87761116
       8600  0.00195907 27.07951164
       8700  0.00200845 26.97138214
       8800  0.00197333 27.04800224
       8900  0.00196650 27.06305122
       9000  0.00200205 26.98525238
       9100  0.00192906 27.14654350
       9200  0.00187961 27.25931931
       9300  0.00191006 27.18953896
       9400  0.00193306 27.13754272
       9500  0.00196731 27.06126595
       9600  0.00188421 27.24871254
       9700  0.00177408 27.51026535
       9800  0.00187870 27.26142502
       9900  0.00185376 27.31945610
      10000  0.00183632 27.36051941
