       1    0.0000000046
       2    0.0000000157
       3    0.0000003328
       4    0.0000090282
       5    0.0010336372
       6    0.0136292670
       7    0.0313658416
       8    0.1302781403
       9    0.1223539412
      10    0.1768683046
      11    0.2754754424
      12    0.3171255589
      13    0.3942520618
      14    0.3137526810
      15    0.4854575396
      16    0.4030104876
      17    0.3578399420
      18    0.5044119358
      19    0.2076675445
      20    0.4061776102
      21    0.3587330282
      22    0.2812890112
      23    0.2026310712
      24    0.2634634376
      25    0.0964699090
      26    0.1410465539
      27    0.0613802113
      28    0.1230819821
      29    0.0745828971
      30    0.0189311597
      31    0.0219909791
      32    0.0228503756
      33    0.0082331989
      34    0.0256412476
      35    0.0120220566
      36    0.0052856985
      37    0.0043418733
      38    0.0112824431
      39    0.0080334209
      40    0.0036184541
      41    0.0089638475
      42    0.0049830158
      43    0.0024036295
      44    0.0018470180
      45    0.0024923924
      46    0.0016619848
      47    0.0022030119
      48    0.0005540301
      49    0.0009852973
      50    0.0003894281
      51    0.0012618580
      52    0.0017333780
      53    0.0006317383
      54    0.0005275151
      55    0.0007409010
      56    0.0003685543
      57    0.0008012286
      58    0.0004230635
      59    0.0001544950
      60    0.0003656425
      61    0.0004064180
      62    0.0002302471
      63    0.0001925270
      64    0.0001494104
      65    0.0000853023
      66    0.0001239825
      67    0.0005591969
      68    0.0000802223
      69    0.0000398470
      70    0.0001897057
      71    0.0001461533
      72    0.0001058873
      73    0.0001249705
      74    0.0001129767
      75    0.0000532738
      76    0.0000776157
      77    0.0006487620
      78    0.0000628315
      79    0.0001005872
      80    0.0000908550
      81    0.0000575302
      82    0.0000927154
      83    0.0000746279
      84    0.0001007346
      85    0.0000533392
      86    0.0000447442
      87    0.0000314693
      88    0.0000390471
      89    0.0001137801
      90    0.0000505541
      91    0.0000568998
      92    0.0000618336
      93    0.0000388157
      94    0.0000383254
      95    0.0000437541
      96    0.0000692621
      97    0.0000298158
      98    0.0000541893
      99    0.0000359885
     100    0.0000545189
     101    0.0000261112
     102    0.0000492212
     103    0.0000707509
     104    0.0000407997
     105    0.0000423036
     106    0.0000465851
     107    0.0000679038
     108    0.0000544673
     109    0.0000240236
     110    0.0000342187
     111    0.0000498193
     112    0.0001094976
     113    0.0000410579
     114    0.0000524735
     115    0.0000836193
     116    0.0000260408
     117    0.0000395187
     118    0.0000440441
     119    0.0000357099
     120    0.0000578899
     121    0.0000607416
     122    0.0000592208
     123    0.0000467541
     124    0.0000415310
     125    0.0000384322
     126    0.0000464920
     127    0.0000422711
     128    0.0000466226
