       1    0.0000000000
       2    0.0000000000
       3    0.0000000000
       4    0.0000000000
       5    0.0000000000
       6    0.0000000000
       7    0.0000000006
       8    0.0000000188
       9    0.0000004204
      10    0.0000061930
      11    0.0000487339
      12    0.0009310936
      13    0.0058039646
      14    0.0319617502
      15    0.0767292827
      16    0.0625644624
      17    0.1319474876
      18    0.2679730058
      19    0.1908418536
      20    0.2029746175
      21    0.2812202275
      22    0.2736586332
      23    0.2668766081
      24    0.2558760345
      25    0.2960638404
      26    0.2423963845
      27    0.1835728586
      28    0.2656569183
      29    0.3131050169
      30    0.1945170164
      31    0.2340197563
      32    0.0995054096
      33    0.1179751381
      34    0.2670585215
      35    0.1990546733
      36    0.1687891036
      37    0.2012332529
      38    0.1664532274
      39    0.2156369984
      40    0.0811389908
      41    0.1054215580
      42    0.1450708061
      43    0.1410658211
      44    0.1517987847
      45    0.0725874528
      46    0.1506252140
      47    0.0548824891
      48    0.1016383320
      49    0.0550858229
      50    0.0625916496
      51    0.0397679023
      52    0.1140538603
      53    0.0601307154
      54    0.0738356933
      55    0.0509578213
      56    0.0643889830
      57    0.0231227130
      58    0.0490478501
      59    0.0221812613
      60    0.0247907639
      61    0.0225979518
      62    0.0215341151
      63    0.0148693547
      64    0.0175080560
      65    0.0193322804
      66    0.0159924477
      67    0.0233168378
      68    0.0219220892
      69    0.0134148430
      70    0.0202801563
      71    0.0101136137
      72    0.0129508348
      73    0.0100786742
      74    0.0084718587
      75    0.0027142037
      76    0.0130581763
      77    0.0091012381
      78    0.0099765342
      79    0.0061485665
      80    0.0088484222
      81    0.0031404116
      82    0.0057617836
      83    0.0040008407
      84    0.0021272390
      85    0.0036187745
      86    0.0017000267
      87    0.0045005465
      88    0.0037240076
      89    0.0017095682
      90    0.0016831046
      91    0.0012828058
      92    0.0015490594
      93    0.0014241815
      94    0.0016944131
      95    0.0014328999
      96    0.0007130859
      97    0.0008060611
      98    0.0007807740
      99    0.0004275260
     100    0.0009660439
     101    0.0009097842
     102    0.0004792378
     103    0.0005284208
     104    0.0008833170
     105    0.0003240156
     106    0.0003022517
     107    0.0002759428
     108    0.0001584409
     109    0.0003543303
     110    0.0001370223
     111    0.0002828478
     112    0.0001794403
     113    0.0001115250
     114    0.0000867265
     115    0.0001230827
     116    0.0000935931
     117    0.0000581625
     118    0.0000548155
     119    0.0001123380
     120    0.0000348670
     121    0.0000482440
     122    0.0000289870
     123    0.0000548677
     124    0.0000254033
     125    0.0000461405
     126    0.0000396581
     127    0.0000238757
     128    0.0000242679
