       1    0.0000000000
       2    0.0000000000
       3    0.0000000000
       4    0.0000000000
       5    0.0000000000
       6    0.0000000000
       7    0.0000000000
       8    0.0000000000
       9    0.0000000007
      10    0.0000000258
      11    0.0000007306
      12    0.0000030532
      13    0.0000105517
      14    0.0000732588
      15    0.0005254465
      16    0.0010954853
      17    0.0032128391
      18    0.0060514864
      19    0.0099284826
      20    0.0321146995
      21    0.0482568741
      22    0.0576063395
      23    0.0519928411
      24    0.1243177876
      25    0.1627651453
      26    0.0885214955
      27    0.1466342062
      28    0.1910076141
      29    0.3079032898
      30    0.1898053437
      31    0.2128735930
      32    0.2212752998
      33    0.2496259958
      34    0.2759572268
      35    0.1851590425
      36    0.2333936840
      37    0.1954129040
      38    0.3260736763
      39    0.1836021394
      40    0.1663307250
      41    0.1980626583
      42    0.2038081139
      43    0.2026299089
      44    0.1210639030
      45    0.1467153728
      46    0.1310705841
      47    0.1149638221
      48    0.0993542224
      49    0.1164412275
      50    0.0787403584
      51    0.1370109171
      52    0.1366932243
      53    0.0932005495
      54    0.0550490916
      55    0.0845037550
      56    0.0701626092
      57    0.1129440591
      58    0.0864776671
      59    0.0759671181
      60    0.0765618384
      61    0.0178576391
      62    0.0736771747
      63    0.0308524258
      64    0.0500090197
      65    0.0252381731
      66    0.0191915929
      67    0.0314158127
      68    0.0111544542
      69    0.0148789054
      70    0.0160152745
      71    0.0242319293
      72    0.0219742600
      73    0.0063048997
      74    0.0053636734
      75    0.0047550318
      76    0.0136910183
      77    0.0076512722
      78    0.0079586282
      79    0.0039021585
      80    0.0036699018
      81    0.0100309094
      82    0.0024036139
      83    0.0011978265
      84    0.0013778126
      85    0.0014418282
      86    0.0009917537
      87    0.0004491436
      88    0.0009664634
      89    0.0001329329
      90    0.0001350179
      91    0.0002366442
      92    0.0001901520
      93    0.0001002272
      94    0.0000618615
      95    0.0000368050
      96    0.0000304823
      97    0.0000396560
      98    0.0000118992
      99    0.0000238668
     100    0.0000137388
     101    0.0000276966
     102    0.0000248009
     103    0.0000292342
     104    0.0000040599
     105    0.0000109318
     106    0.0000082448
     107    0.0000065328
     108    0.0000066692
     109    0.0000034541
     110    0.0000025735
     111    0.0000027611
     112    0.0000037995
     113    0.0000044324
     114    0.0000044340
     115    0.0000024248
     116    0.0000049304
     117    0.0000036011
     118    0.0000037375
     119    0.0000032273
     120    0.0000024741
     121    0.0000033869
     122    0.0000029714
     123    0.0000026236
     124    0.0000036491
     125    0.0000028300
     126    0.0000039561
     127    0.0000020124
     128    0.0000025616
