       1    0.0000000000
       2    0.0000000000
       3    0.0000000000
       4    0.0000000008
       5    0.0000000446
       6    0.0000011746
       7    0.0000184934
       8    0.0001190447
       9    0.0005443279
      10    0.0022843548
      11    0.0163691994
      12    0.0384881347
      13    0.0620325394
      14    0.1625121683
      15    0.1567939520
      16    0.2380792201
      17    0.4143017828
      18    0.5064815283
      19    0.5231099129
      20    0.6228864193
      21    0.6669360995
      22    0.6021872759
      23    0.6531639099
      24    0.6586214304
      25    0.7354488969
      26    0.6304294467
      27    0.6744780540
      28    0.7441378236
      29    0.6772666574
      30    0.7737622857
      31    0.7838703394
      32    0.7218157649
      33    0.7034090161
      34    0.5916737318
      35    0.6360366344
      36    0.5037946105
      37    0.5493208766
      38    0.6192453504
      39    0.6018740535
      40    0.5329684615
      41    0.5922601819
      42    0.4552820921
      43    0.3866570890
      44    0.5320326686
      45    0.3479118645
      46    0.5538765192
      47    0.4149406850
      48    0.3567163348
      49    0.3689677715
      50    0.2606311440
      51    0.3187620044
      52    0.3195872307
      53    0.4041968882
      54    0.3531114161
      55    0.2619537413
      56    0.2768113613
      57    0.2082071751
      58    0.1930867881
      59    0.1449196488
      60    0.2511428297
      61    0.2025849521
      62    0.2621034384
      63    0.1518298239
      64    0.1482872516
      65    0.1097083017
      66    0.1779353023
      67    0.0711122155
      68    0.1302774400
      69    0.0600424372
      70    0.0744188279
      71    0.0911206752
      72    0.0990968719
      73    0.0543582067
      74    0.0809561089
      75    0.0684288293
      76    0.0461630523
      77    0.0389167145
      78    0.0432781912
      79    0.0237393174
      80    0.0305537768
      81    0.0173532851
      82    0.0282439347
      83    0.0240135454
      84    0.0125743411
      85    0.0207927432
      86    0.0146167716
      87    0.0058879824
      88    0.0039923736
      89    0.0162055921
      90    0.0053926855
      91    0.0078694792
      92    0.0058002784
      93    0.0060959398
      94    0.0025610859
      95    0.0032303315
      96    0.0026945595
      97    0.0009705470
      98    0.0022088985
      99    0.0030717955
     100    0.0008670525
     101    0.0020622369
     102    0.0008994795
     103    0.0003589239
     104    0.0006262242
     105    0.0004224855
     106    0.0004867461
     107    0.0002747515
     108    0.0008762936
     109    0.0001197891
     110    0.0002967503
     111    0.0001978253
     112    0.0005115316
     113    0.0001347472
     114    0.0001153873
     115    0.0001931276
     116    0.0001457440
     117    0.0000668735
     118    0.0000954430
     119    0.0001405338
     120    0.0000584256
     121    0.0000760815
     122    0.0000366673
     123    0.0000318124
     124    0.0000390246
     125    0.0000259342
     126    0.0000266234
     127    0.0000255210
     128    0.0000201714
