5.778510603704489768e-05 5.778510603704489768e-05 1.284387690247967839e-05 6.000322537147440016e-05 3.378123074071481824e-05 8.206890197470784187e-05
1.813602261245250702e-02 1.813602261245250702e-02 4.042377113364636898e-04 2.027016307692974806e-04 2.638940513134002686e-02 6.120426114648580551e-04
5.442277789115905762e-01 5.442277789115905762e-01 2.262169420719146729e-01 1.100485399365425110e-02 7.166758179664611816e-02 9.270870126783847809e-03
6.650525331497192383e-01 6.650525331497192383e-01 2.399533241987228394e-01 1.012760773301124573e-02 4.548051580786705017e-02 3.469688585028052330e-03
8.319262862205505371e-01 8.319262862205505371e-01 1.232983469963073730e-01 8.778257295489311218e-03 2.071579732000827789e-02 1.770408358424901962e-03
8.827669024467468262e-01 8.827669024467468262e-01 8.663991093635559082e-02 8.399971760809421539e-03 1.093668118119239807e-02 1.560050994157791138e-03
8.815039992332458496e-01 8.815039992332458496e-01 8.719594031572341919e-02 1.047236192971467972e-02 1.052103284746408463e-02 1.791958580724895000e-03
8.833146691322326660e-01 8.833146691322326660e-01 8.415126055479049683e-02 1.150080189108848572e-02 1.128649059683084488e-02 1.770726172253489494e-03
8.800211548805236816e-01 8.800211548805236816e-01 8.551607280969619751e-02 1.253505051136016846e-02 1.138809043914079666e-02 1.839729840867221355e-03
8.788115978240966797e-01 8.788115978240966797e-01 8.660820871591567993e-02 1.287888363003730774e-02 1.083316840231418610e-02 1.793349045328795910e-03
8.875837326049804688e-01 8.875837326049804688e-01 7.830609381198883057e-02 1.408818177878856659e-02 8.804849348962306976e-03 1.939316396601498127e-03
8.937245607376098633e-01 8.937245607376098633e-01 7.300633937120437622e-02 1.474316604435443878e-02 7.694737985730171204e-03 1.991833094507455826e-03
8.985047340393066406e-01 8.985047340393066406e-01 6.904593110084533691e-02 1.534995809197425842e-02 7.020414806902408600e-03 2.024246845394372940e-03
9.014407992362976074e-01 9.014407992362976074e-01 6.641494482755661011e-02 1.569259911775588989e-02 6.715364754199981689e-03 2.129824832081794739e-03
9.057044982910156250e-01 9.057044982910156250e-01 6.285258382558822632e-02 1.557707414031028748e-02 6.184148136526346207e-03 2.150247804820537567e-03
9.064995050430297852e-01 9.064995050430297852e-01 6.245095282793045044e-02 1.550683286041021347e-02 6.119992118328809738e-03 2.253603888675570488e-03
9.094019532203674316e-01 9.094019532203674316e-01 6.038919091224670410e-02 1.536769233644008636e-02 5.823336075991392136e-03 2.273671561852097511e-03
9.090545177459716797e-01 9.090545177459716797e-01 6.075238063931465149e-02 1.528068538755178452e-02 5.868653301149606705e-03 2.335437806323170662e-03
9.083203077316284180e-01 9.083203077316284180e-01 6.171431764960289001e-02 1.530686300247907639e-02 5.744070746004581451e-03 2.371909562498331070e-03
9.101544618606567383e-01 9.101544618606567383e-01 6.000544130802154541e-02 1.542619802057743073e-02 5.633777938783168793e-03 2.459755633026361465e-03
9.127545952796936035e-01 9.127545952796936035e-01 5.784028768539428711e-02 1.530866511166095734e-02 5.309188272804021835e-03 2.437190618366003036e-03
9.110130071640014648e-01 9.110130071640014648e-01 5.913560092449188232e-02 1.573460362851619720e-02 5.307378247380256653e-03 2.516907406970858574e-03
9.124333858489990234e-01 9.124333858489990234e-01 5.765606835484504700e-02 1.583394594490528107e-02 5.161456763744354248e-03 2.571092452853918076e-03
9.118617177009582520e-01 9.118617177009582520e-01 5.766920372843742371e-02 1.627591997385025024e-02 5.146248266100883484e-03 2.664113184437155724e-03
9.112269878387451172e-01 9.112269878387451172e-01 5.793898180127143860e-02 1.638560555875301361e-02 5.332421977072954178e-03 2.691827481612563133e-03
9.107189774513244629e-01 9.107189774513244629e-01 5.768714100122451782e-02 1.685705967247486115e-02 5.255257245153188705e-03 2.841500099748373032e-03
9.112387895584106445e-01 9.112387895584106445e-01 5.675847083330154419e-02 1.733675599098205566e-02 5.061307922005653381e-03 2.865314250811934471e-03
9.106438755989074707e-01 9.106438755989074707e-01 5.662828683853149414e-02 1.769674383103847504e-02 5.069027654826641083e-03 2.966558095067739487e-03
9.091495275497436523e-01 9.091495275497436523e-01 5.710967257618904114e-02 1.838556490838527679e-02 5.032669752836227417e-03 3.168651601299643517e-03
9.105952382087707520e-01 9.105952382087707520e-01 5.581013858318328857e-02 1.823139190673828125e-02 4.946893081068992615e-03 3.153058001771569252e-03
9.101166725158691406e-01 9.101166725158691406e-01 5.621642619371414185e-02 1.823257096111774445e-02 5.002188961952924728e-03 3.210980445146560669e-03
9.077398180961608887e-01 9.077398180961608887e-01 5.791685730218887329e-02 1.849484071135520935e-02 5.139163695275783539e-03 3.296805545687675476e-03
9.097645878791809082e-01 9.097645878791809082e-01 5.591317638754844666e-02 1.850066706538200378e-02 5.020168609917163849e-03 3.326484002172946930e-03
9.073539376258850098e-01 9.073539376258850098e-01 5.732876062393188477e-02 1.914774067699909210e-02 5.036957561969757080e-03 3.478340804576873779e-03
9.081129431724548340e-01 9.081129431724548340e-01 5.613488331437110901e-02 1.942031830549240112e-02 5.063508637249469757e-03 3.503999672830104828e-03
9.060675501823425293e-01 9.060675501823425293e-01 5.740553513169288635e-02 1.965676434338092804e-02 5.243691615760326385e-03 3.636625129729509354e-03
9.067246317863464355e-01 9.067246317863464355e-01 5.659974738955497742e-02 1.967445202171802521e-02 5.189247895032167435e-03 3.671367419883608818e-03
9.070805907249450684e-01 9.070805907249450684e-01 5.606738105416297913e-02 1.977202855050563812e-02 5.154724232852458954e-03 3.699307795614004135e-03
9.054383039474487305e-01 9.054383039474487305e-01 5.667095631361007690e-02 2.037972584366798401e-02 5.223081447184085846e-03 3.837865311652421951e-03
9.045795202255249023e-01 9.045795202255249023e-01 5.689970776438713074e-02 2.068289928138256073e-02 5.251245573163032532e-03 3.916031215339899063e-03
9.032133817672729492e-01 9.032133817672729492e-01 5.772657692432403564e-02 2.078626304864883423e-02 5.389708094298839569e-03 4.074442200362682343e-03
9.042884111404418945e-01 9.042884111404418945e-01 5.653819069266319275e-02 2.089510485529899597e-02 5.320221185684204102e-03 4.058685619384050369e-03
9.067394137382507324e-01 9.067394137382507324e-01 5.496880784630775452e-02 2.015141583979129791e-02 5.256615579128265381e-03 3.984039183706045151e-03
9.081991910934448242e-01 9.081991910934448242e-01 5.365045368671417236e-02 1.994442939758300781e-02 5.146267358213663101e-03 4.033965989947319031e-03
9.058944582939147949e-01 9.058944582939147949e-01 5.490658804774284363e-02 2.052431553602218628e-02 5.275998730212450027e-03 4.184139892458915710e-03
9.051652550697326660e-01 9.051652550697326660e-01 5.562923103570938110e-02 2.042221091687679291e-02 5.367966368794441223e-03 4.170863423496484756e-03
9.050796031951904297e-01 9.050796031951904297e-01 5.536474660038948059e-02 2.048384398221969604e-02 5.316615104675292969e-03 4.195561166852712631e-03
9.051896333694458008e-01 9.051896333694458008e-01 5.498727783560752869e-02 2.056863531470298767e-02 5.363408010452985764e-03 4.201393108814954758e-03
9.048761129379272461e-01 9.048761129379272461e-01 5.539782345294952393e-02 2.037530951201915741e-02 5.440044682472944260e-03 4.222637042403221130e-03
9.043813347816467285e-01 9.043813347816467285e-01 5.546594038605690002e-02 2.077623456716537476e-02 5.369033664464950562e-03 4.193387925624847412e-03
9.055880308151245117e-01 9.055880308151245117e-01 5.446118861436843872e-02 2.061432041227817535e-02 5.295453127473592758e-03 4.236318171024322510e-03
