          0  0.05472361 12.61825275
        100  0.00196545 27.06538200
        200  0.00115931 29.35802078
        300  0.00104487 29.80938721
        400  0.00079980 30.97019577
        500  0.00074198 31.29608154
        600  0.00062691 32.02795410
        700  0.00057770 32.38297653
        800  0.00055050 32.59244537
        900  0.00049751 33.03195190
       1000  0.00045728 33.39815903
       1100  0.00043649 33.60020828
       1200  0.00040431 33.93283463
       1300  0.00041366 33.83356094
       1400  0.00039600 34.02301407
       1500  0.00033875 34.70122528
       1600  0.00032258 34.91362000
       1700  0.00030406 35.17044449
       1800  0.00029682 35.27511597
       1900  0.00027181 35.65730286
       2000  0.00025772 35.88848495
       2100  0.00022570 36.46463776
       2200  0.00021382 36.69961166
       2300  0.00021647 36.64599228
       2400  0.00019869 37.01824570
       2500  0.00021149 36.74715805
       2600  0.00019011 37.20996094
       2700  0.00017238 37.63516235
       2800  0.00016326 37.87109375
       2900  0.00017688 37.52321243
       3000  0.00014518 38.38087463
       3100  0.00018435 37.34359360
       3200  0.00015379 38.13065338
       3300  0.00013725 38.62490845
       3400  0.00012324 39.09252930
       3500  0.00012162 39.15005493
       3600  0.00010811 39.66121292
       3700  0.00010745 39.68781281
       3800  0.00014306 38.44474792
       3900  0.00010097 39.95799637
       4000  0.00011259 39.48498535
       4100  0.00009212 40.35666656
       4200  0.00009344 40.29479218
       4300  0.00010793 39.66877365
       4400  0.00007855 41.04851532
       4500  0.00008153 40.88677216
       4600  0.00007378 41.32068634
       4700  0.00007442 41.28306580
       4800  0.00007598 41.19326782
       4900  0.00007718 41.12509537
       5000  0.00006754 41.70448685
