1.277019112795871932e-03
2.268302741417677938e-03
1.983068478285956449e-01
2.257418739675328134e-01
1.450191898887215891e-01
1.792717347085724389e-01
2.628842208449479467e-01
4.896835314556892138e-01
6.420223205736740324e-01
8.100427022861440562e-01
8.764978447552786989e-01
8.852039170393927181e-01
7.811012132888163206e-01
8.484310333118535441e-01
8.827155618940552007e-01
9.551172876825683167e-01
1.080933555696984572e+00
1.168375134175109187e+00
1.241206677486948573e+00
1.232307854644252521e+00
1.248975100152497131e+00
1.232334105294158766e+00
1.231097596450676068e+00
1.196991365822051900e+00
1.190056548766591726e+00
1.164021950557490914e+00
1.100599790481470164e+00
1.095445962041707633e+00
1.061245273316089088e+00
1.070574577322137344e+00
1.090036189765358321e+00
1.122289168753261457e+00
1.059755327720560913e+00
1.040545087371527622e+00
1.016242073465098317e+00
9.798668575885283172e-01
9.861660549749073912e-01
9.443909476845930850e-01
9.286704952797127932e-01
8.802617160300552079e-01
8.607448739891380152e-01
8.265103396222074350e-01
7.821167300037333847e-01
7.785507709321833891e-01
7.579487299736483719e-01
7.049909932987842298e-01
6.560296231210415163e-01
6.234094299855716947e-01
6.177513457329310009e-01
5.913760421084021113e-01
5.634519870082879134e-01
