1.144450187683105469e+01
1.717630004882812500e+01
2.179536056518554688e+01
2.467755126953125000e+01
2.652507019042968750e+01
2.780224418640136719e+01
2.874724388122558594e+01
2.949513053894042969e+01
3.012687110900878906e+01
3.067237663269042969e+01
3.118878555297851562e+01
3.165926933288574219e+01
3.211661911010742188e+01
3.253562545776367188e+01
3.294472503662109375e+01
3.332933425903320312e+01
3.368757629394531250e+01
3.403374099731445312e+01
3.435958480834960938e+01
3.466603088378906250e+01
3.496171569824218750e+01
3.524472427368164062e+01
3.550106430053710938e+01
3.576218414306640625e+01
3.602265930175781250e+01
3.626222229003906250e+01
3.647441864013671875e+01
3.670623779296875000e+01
3.691246032714843750e+01
3.711119079589843750e+01
3.730608749389648438e+01
3.749570846557617188e+01
3.768314361572265625e+01
3.783964157104492188e+01
3.800923538208007812e+01
3.817111968994140625e+01
3.830324935913085938e+01
3.847747802734375000e+01
3.860717010498046875e+01
3.876935195922851562e+01
3.890626144409179688e+01
3.903891372680664062e+01
3.915999984741210938e+01
3.929294586181640625e+01
3.941031646728515625e+01
3.952670288085937500e+01
3.964978027343750000e+01
3.975801849365234375e+01
3.987417984008789062e+01
3.999248123168945312e+01
4.010420608520507812e+01
