4.398626915644854307e-04 5.573873568209819496e-05 8.864940173225477338e-05 6.962108425796031952e-03 2.572199737187474966e-04 6.601219647563993931e-04
2.888081222772598267e-02 9.305874118581414223e-05 1.006059974315576255e-04 1.465819589793682098e-02 1.087945653125643730e-03 8.727623149752616882e-03
1.878555566072463989e-01 4.474447923712432384e-04 7.291887304745614529e-04 3.530041314661502838e-03 2.187352365581318736e-04 1.585235260426998138e-02
2.247253954410552979e-01 5.125255556777119637e-04 4.513876512646675110e-03 6.338821258395910263e-03 2.021841937676072121e-04 4.991976171731948853e-02
2.403272837400436401e-01 4.517754423432052135e-04 9.604064747691154480e-03 3.803597763180732727e-03 2.661859034560620785e-04 5.463343858718872070e-02
3.169317245483398438e-01 6.555085419677197933e-04 1.385054085403680801e-02 1.925105578266084194e-03 2.220043097622692585e-04 6.118280440568923950e-02
3.666821122169494629e-01 1.314555527642369270e-03 2.469022944569587708e-02 2.488344907760620117e-03 7.492937729693949223e-04 6.854754686355590820e-02
4.115395545959472656e-01 1.884996308945119381e-03 2.632347308099269867e-02 1.967492280527949333e-03 1.616735826246440411e-03 8.066367357969284058e-02
4.429276585578918457e-01 2.414249582216143608e-03 2.851668559014797211e-02 1.904424047097563744e-03 2.723560435697436333e-03 8.081218600273132324e-02
4.627955555915832520e-01 2.970137866213917732e-03 2.901332080364227295e-02 1.351241138763725758e-03 2.981529571115970612e-03 8.827487379312515259e-02
4.553136229515075684e-01 3.077673725783824921e-03 2.638891339302062988e-02 1.446031033992767334e-03 3.158651059493422508e-03 1.092002540826797485e-01
4.656860530376434326e-01 3.060079878196120262e-03 2.275741845369338989e-02 1.334265572950243950e-03 3.638043766841292381e-03 1.165025979280471802e-01
4.378792047500610352e-01 3.153218654915690422e-03 2.030987106263637543e-02 1.389791956171393394e-03 3.949106670916080475e-03 1.239933744072914124e-01
4.377611279487609863e-01 3.258395940065383911e-03 1.982152648270130157e-02 1.325959921814501286e-03 4.977015778422355652e-03 1.250071376562118530e-01
4.237158596515655518e-01 4.366570618003606796e-03 2.042306400835514069e-02 1.675754203461110592e-03 5.417172797024250031e-03 1.384665817022323608e-01
4.289742112159729004e-01 5.558635573834180832e-03 2.139467373490333557e-02 1.842044875957071781e-03 7.035910617560148239e-03 1.348225623369216919e-01
4.125726521015167236e-01 7.832456380128860474e-03 2.446701191365718842e-02 1.969203352928161621e-03 7.665139157325029373e-03 1.432127952575683594e-01
4.176622331142425537e-01 1.062597613781690598e-02 2.737514488399028778e-02 2.229644451290369034e-03 8.053328841924667358e-03 1.436780989170074463e-01
4.107198417186737061e-01 1.303995773196220398e-02 2.901211194694042206e-02 2.516460604965686798e-03 8.939973078668117523e-03 1.474970579147338867e-01
4.138104319572448730e-01 1.486648991703987122e-02 2.919868752360343933e-02 2.396009862422943115e-03 8.906193077564239502e-03 1.546393930912017822e-01
4.228199720382690430e-01 1.559423003345727921e-02 2.794598788022994995e-02 2.404704457148909569e-03 9.078753180801868439e-03 1.586824506521224976e-01
4.216371178627014160e-01 2.106977626681327820e-02 3.230124339461326599e-02 2.541807712987065315e-03 8.673956617712974548e-03 1.648459434509277344e-01
4.049871265888214111e-01 2.412512525916099548e-02 3.567162901163101196e-02 2.939697587862610817e-03 9.016986005008220673e-03 1.717892587184906006e-01
4.003064036369323730e-01 2.837337367236614227e-02 3.749584779143333435e-02 2.781338756904006004e-03 1.062618941068649292e-02 1.711234450340270996e-01
3.961077630519866943e-01 3.210099413990974426e-02 3.347200527787208557e-02 2.794023603200912476e-03 9.444661438465118408e-03 1.763399243354797363e-01
4.031988382339477539e-01 3.306638076901435852e-02 3.219298273324966431e-02 2.782451221719384193e-03 9.114510379731655121e-03 1.770902723073959351e-01
4.072459340095520020e-01 3.547584637999534607e-02 3.062826767563819885e-02 2.649806207045912743e-03 1.016811653971672058e-02 1.719500720500946045e-01
3.994542658329010010e-01 3.817332163453102112e-02 3.053924068808555603e-02 2.563136164098978043e-03 9.541131556034088135e-03 1.758511513471603394e-01
3.900642096996307373e-01 3.870728239417076111e-02 2.919024415314197540e-02 2.468318678438663483e-03 9.851830080151557922e-03 1.780174970626831055e-01
4.024313390254974365e-01 3.968568146228790283e-02 2.751246653497219086e-02 2.350944327190518379e-03 9.466805495321750641e-03 1.766991019248962402e-01
4.035691618919372559e-01 3.954414278268814087e-02 2.616848237812519073e-02 2.288472140207886696e-03 9.940745308995246887e-03 1.739575564861297607e-01
4.036735296249389648e-01 4.349561780691146851e-02 2.818427234888076782e-02 2.155709080398082733e-03 1.046488899737596512e-02 1.716309487819671631e-01
3.907268643379211426e-01 4.698872193694114685e-02 2.839345671236515045e-02 2.230467041954398155e-03 1.091413944959640503e-02 1.739281862974166870e-01
3.884208500385284424e-01 5.083785206079483032e-02 3.022462315857410431e-02 2.286578994244337082e-03 1.208483986556529999e-02 1.706500500440597534e-01
3.917465209960937500e-01 5.274178087711334229e-02 3.064579516649246216e-02 2.089777961373329163e-03 1.217763964086771011e-02 1.716178059577941895e-01
3.865663111209869385e-01 5.988183990120887756e-02 3.328847512602806091e-02 2.153398701921105385e-03 1.318744849413633347e-02 1.642803251743316650e-01
3.794165849685668945e-01 6.210402399301528931e-02 3.399873524904251099e-02 2.119797747582197189e-03 1.222855318337678909e-02 1.701219379901885986e-01
3.721930980682373047e-01 6.643743067979812622e-02 3.623142838478088379e-02 2.200615359470248222e-03 1.324239932000637054e-02 1.691158413887023926e-01
3.737066090106964111e-01 6.503894925117492676e-02 3.582705929875373840e-02 2.144982106983661652e-03 1.314239669591188431e-02 1.689550280570983887e-01
3.679472208023071289e-01 6.607098877429962158e-02 3.690304607152938843e-02 2.167653059586882591e-03 1.273695472627878189e-02 1.719749569892883301e-01
3.615391254425048828e-01 7.457743585109710693e-02 3.877851739525794983e-02 2.274479949846863747e-03 1.324505358934402466e-02 1.723383516073226929e-01
3.554089963436126709e-01 7.431228458881378174e-02 4.071332886815071106e-02 2.494242275133728981e-03 1.409093756228685379e-02 1.693110913038253784e-01
3.482604026794433594e-01 7.926565408706665039e-02 4.277370870113372803e-02 2.390654291957616806e-03 1.358886156231164932e-02 1.723791956901550293e-01
3.370839953422546387e-01 8.625297248363494873e-02 4.493501409888267517e-02 2.706588478758931160e-03 1.424192264676094055e-02 1.702736616134643555e-01
3.398607373237609863e-01 8.648445457220077515e-02 4.559605568647384644e-02 2.671287395060062408e-03 1.489099767059087753e-02 1.673105955123901367e-01
3.288941085338592529e-01 9.469331800937652588e-02 4.845112562179565430e-02 2.706249011680483818e-03 1.573155634105205536e-02 1.697169244289398193e-01
3.271388411521911621e-01 9.811984747648239136e-02 4.881185293197631836e-02 3.017509821802377701e-03 1.561160199344158173e-02 1.671979129314422607e-01
3.183067739009857178e-01 1.009314730763435364e-01 4.990831390023231506e-02 2.922805724665522575e-03 1.640138775110244751e-02 1.685244590044021606e-01
3.132485449314117432e-01 1.064253970980644226e-01 5.135026946663856506e-02 3.147576237097382545e-03 1.685536280274391174e-02 1.653481423854827881e-01
3.053810596466064453e-01 1.168099790811538696e-01 5.317685008049011230e-02 3.283766331151127815e-03 1.687386445701122284e-02 1.611396819353103638e-01
2.964114546775817871e-01 1.201424375176429749e-01 5.656566470861434937e-02 3.529536072164773941e-03 1.812655106186866760e-02 1.576684266328811646e-01
