1.006904494257551561e-04
2.298225686401068741e-05
4.607318875352119135e-04
1.643370507542585290e-02
5.097707626741357911e-01
8.654708896232937709e-01
9.735009973167284558e-01
9.872728351246886636e-01
9.767743099498098491e-01
9.779563035424166939e-01
9.926455444841244535e-01
1.003641679773893847e+00
1.002939229410965361e+00
1.006124119131437844e+00
1.007728680520493914e+00
1.007656536303093597e+00
1.007792500405117586e+00
1.006528805027847584e+00
1.006900995195565196e+00
1.006044760492297296e+00
1.002703065006996130e+00
9.975457400504491590e-01
9.965783292583154651e-01
9.891537027002161864e-01
9.859583304866170739e-01
9.845321564658854330e-01
9.854231683816436771e-01
9.822993854299264527e-01
9.802963043168879675e-01
9.803503199873518925e-01
9.749975890265808465e-01
9.727172151394825050e-01
9.710522252606379467e-01
9.666398355950442944e-01
9.631318384393763310e-01
9.558262190091256771e-01
9.513172054215948137e-01
9.447989445485979187e-01
9.435156407430089764e-01
9.401002594972004411e-01
9.384797893832815818e-01
9.311263204549944383e-01
9.233932619520770491e-01
9.174470368951693766e-01
9.115863366498296871e-01
9.066033910495293613e-01
9.057098510030758831e-01
8.978383002674392710e-01
8.945535802153671279e-01
8.863144022796093369e-01
8.829724601474109313e-01
