          0  0.03333907 14.77046490
        100  0.00390875 24.07961655
        200  0.00260950 25.83443069
        300  0.00204231 26.89877892
        400  0.00165702 27.80671120
        500  0.00138478 28.58618164
        600  0.00129307 28.88376427
        700  0.00110218 29.57747269
        800  0.00096670 30.14706039
        900  0.00088443 30.53338432
       1000  0.00081229 30.90291023
       1100  0.00076190 31.18099213
       1200  0.00068605 31.63642311
       1300  0.00067000 31.73927689
       1400  0.00060714 32.16710281
       1500  0.00057701 32.38814545
       1600  0.00055254 32.57640076
       1700  0.00050319 32.98270798
       1800  0.00046947 33.28394318
       1900  0.00045326 33.43648529
       2000  0.00043525 33.61260605
       2100  0.00043189 33.64629745
       2200  0.00037435 34.26720428
       2300  0.00036111 34.42359161
       2400  0.00034246 34.65388489
       2500  0.00033289 34.77693939
       2600  0.00032214 34.91961670
       2700  0.00030042 35.22274399
       2800  0.00032277 34.91103745
       2900  0.00027813 35.55758286
       3000  0.00027129 35.66570663
       3100  0.00026516 35.76498032
       3200  0.00025627 35.91299438
       3300  0.00025290 35.97043610
       3400  0.00023616 36.26801300
       3500  0.00032039 34.94320297
       3600  0.00022855 36.41026688
       3700  0.00022287 36.51950836
       3800  0.00028032 35.52344131
       3900  0.00019816 37.02976990
       4000  0.00018791 37.26055145
       4100  0.00024103 36.17927933
       4200  0.00019928 37.00525665
       4300  0.00017799 37.49597168
       4400  0.00017410 37.59210968
       4500  0.00023252 36.33539963
       4600  0.00016068 37.94041443
       4700  0.00017265 37.62824249
       4800  0.00014752 38.31145859
       4900  0.00015652 38.05434799
       5000  0.00014267 38.45664215
