9.797428703210127397e-05
2.926340304912112850e-04
7.225158757990177150e-02
5.133135042148957439e-01
8.002121561123187732e-01
9.301190929611350411e-01
9.600664020037649182e-01
9.709544680086606983e-01
9.795905632886415804e-01
9.779860976149272744e-01
9.695520971327057369e-01
9.539513140604599650e-01
9.455887983496771287e-01
9.278251666881232040e-01
9.207099600266511752e-01
9.255534207367167587e-01
9.183996657452256906e-01
9.275746359470994351e-01
9.338840689372412962e-01
9.397787566366427869e-01
9.463321063562455393e-01
9.569131218849424858e-01
9.501452510428258780e-01
9.566535720372418838e-01
9.527373423017548859e-01
9.501918163565574726e-01
9.504844362620733511e-01
9.515690673502125163e-01
9.471505735851210028e-01
9.449296018638952965e-01
9.333273562265874679e-01
9.376217203605263784e-01
9.269461712322164537e-01
9.200971284300080155e-01
9.208696316189303177e-01
9.134278664875583598e-01
9.114872887716864991e-01
9.170881540180153557e-01
9.061161101087283898e-01
8.906470728021622651e-01
8.720554871476727810e-01
8.795856395244779913e-01
8.688818973367780085e-01
8.712348820564739249e-01
8.816079904742200046e-01
8.694477627705038403e-01
8.696143824153341750e-01
8.688504974839030837e-01
8.683451602772085387e-01
8.707482511451092311e-01
8.613319029252838321e-01
