1.060438156127929688e+01
1.608563613891601562e+01
2.024955558776855469e+01
2.241280555725097656e+01
2.367986679077148438e+01
2.458995246887207031e+01
2.532810783386230469e+01
2.593895721435546875e+01
2.646856498718261719e+01
2.691105079650878906e+01
2.731204032897949219e+01
2.766267204284667969e+01
2.799254608154296875e+01
2.829681587219238281e+01
2.860136413574218750e+01
2.887140274047851562e+01
2.915159606933593750e+01
2.944056701660156250e+01
2.968646812438964844e+01
2.995147323608398438e+01
3.022818565368652344e+01
3.048403549194335938e+01
3.074109840393066406e+01
3.098834800720214844e+01
3.124813461303710938e+01
3.149085807800292969e+01
3.173124694824218750e+01
3.194945526123046875e+01
3.218233108520507812e+01
3.240535354614257812e+01
3.261757659912109375e+01
3.282746505737304688e+01
3.304210281372070312e+01
3.325834655761718750e+01
3.344966506958007812e+01
3.366122436523437500e+01
3.386627578735351562e+01
3.407413482666015625e+01
3.426528549194335938e+01
3.446390151977539062e+01
3.464657211303710938e+01
3.485177612304687500e+01
3.501683425903320312e+01
3.519850158691406250e+01
3.536832427978515625e+01
3.553807830810546875e+01
3.565459823608398438e+01
3.583772277832031250e+01
3.599638366699218750e+01
3.618111419677734375e+01
3.629682159423828125e+01
