1.033044168605919263e-03
6.012940153527722258e-03
4.418456368281426655e-02
1.958005552592129994e-01
4.378957779876342382e-01
5.311650725357094371e-01
8.237682904970091702e-01
9.263310656700918244e-01
9.676825440114963373e-01
9.753902749116191151e-01
9.770896186148506635e-01
9.768561370211167327e-01
9.909250690063364786e-01
9.913899960171149717e-01
9.937306119729040210e-01
9.922255688877138491e-01
9.935422964802834711e-01
9.877171034831270235e-01
9.847214556565451193e-01
9.822077029798211845e-01
9.832683659281001853e-01
9.776615991576398379e-01
9.736916716362746804e-01
9.664800891228366719e-01
9.667450389017726575e-01
9.700812835564232017e-01
9.654156623327982967e-01
9.621484008762963835e-01
9.541299987752088763e-01
9.543706378385182765e-01
9.479120704862668001e-01
9.452924983240106327e-01
9.415190927043480817e-01
9.347708946435904220e-01
9.292365664014186066e-01
9.294197606011533885e-01
9.225327323115634082e-01
9.212454367275061395e-01
9.193285923324373554e-01
9.217552213277784290e-01
9.091595557309273268e-01
9.078133344275212124e-01
9.019368667991827238e-01
8.929385700918346380e-01
8.897483748379156898e-01
8.830705791287569717e-01
8.795375657631081534e-01
8.766846971140898059e-01
8.731374922139379935e-01
8.672129584752615861e-01
8.635171126767733352e-01
