9.438751618427107266e-04
5.241883548863323500e-02
9.383546903603430245e-01
5.942369885003035979e-01
6.846026860945454429e-01
7.821141855799229603e-01
8.512219878397272455e-01
8.753958257243441565e-01
8.960735836818167765e-01
9.208081426420388071e-01
9.429691974850703540e-01
9.508163378889885609e-01
9.640261763097848213e-01
9.653725340015917311e-01
9.640485472656993293e-01
9.587522385276944226e-01
9.572328224976804911e-01
9.511534097045206693e-01
9.507624305181324731e-01
9.383505297243374121e-01
9.363229734099782764e-01
9.283929820803819011e-01
9.345999877110490184e-01
9.358698861788676826e-01
9.410874443281275203e-01
9.491344158584631430e-01
9.493358750598392959e-01
9.546599816702879826e-01
9.509255395093693108e-01
9.541865133526568066e-01
9.511720421179373774e-01
9.498150717893623085e-01
9.505964874704858625e-01
9.523702449884988708e-01
9.510695336946092260e-01
9.522859468850795039e-01
9.549394678715386053e-01
9.539754062996732564e-01
9.550224393953619106e-01
9.559757677323140745e-01
9.558640938499588513e-01
9.567758761259268496e-01
9.527438580419937963e-01
9.536996586409204335e-01
9.558471498105735042e-01
9.493918928982345573e-01
9.489281327312832914e-01
9.444182444974231760e-01
9.485121294297884642e-01
9.475753833377864588e-01
9.440147231039454079e-01
