6.116097417920129085e-03
4.933384331316659904e-02
9.965981674820025837e-01
1.000000953678977567e+00
9.999960660742174268e-01
1.000000715259233175e+00
1.000000834469105371e+00
9.999995231605112167e-01
9.999946355557510769e-01
9.999936818767735103e-01
9.999949931853676643e-01
9.999996423703834125e-01
1.000001311308594154e+00
1.000002503407316112e+00
1.000002384197443916e+00
1.000002384197443916e+00
1.000002503407316112e+00
1.000002384197443916e+00
1.000002145777699525e+00
1.000002026567827329e+00
1.000001549728338546e+00
1.000001430518466350e+00
1.000000715259233175e+00
1.000000596049360979e+00
1.000000357629616587e+00
9.999997615802556084e-01
9.999986886914058459e-01
9.999980926420448668e-01
9.999967813334506017e-01
9.999948739754954685e-01
9.999926089879236368e-01
9.999914168892016786e-01
9.999892711115021537e-01
9.999866484943137346e-01
9.999840258771254264e-01
9.999806880007038323e-01
9.999780653835154132e-01
9.999736546182440566e-01
9.999716280504167276e-01
9.999682901739951335e-01
9.999642370383403644e-01
9.999631641494906020e-01
9.999573228657528956e-01
9.999548194584366723e-01
9.999496934339321408e-01
9.999508855326540990e-01
9.999456402982773717e-01
9.999439713600666302e-01
9.999412295330060152e-01
9.999386069158177071e-01
9.999314543234857355e-01
