1.385126598391506355e-04
1.400572495735237684e-03
4.529159525392448780e-03
6.436232453031882905e-02
3.577081038483452824e-01
6.561136852332616343e-01
7.941565132523904502e-01
8.748251765467276453e-01
9.170794547122118612e-01
9.342727412727777070e-01
9.623319568109138800e-01
9.629677903601123745e-01
9.668801703361014077e-01
9.682763645256030616e-01
9.601651443953508336e-01
9.615209920808702737e-01
9.526445560530560908e-01
9.574821018805300676e-01
9.591932039528084930e-01
9.599129445535091731e-01
9.556921531657234237e-01
9.532441461325755760e-01
9.518632699378062334e-01
9.494202549297273697e-01
9.498642032413423530e-01
9.445754604083175243e-01
9.405661804388659730e-01
9.395596377403659938e-01
9.373190390912490288e-01
9.342882644192250785e-01
9.313094615150426803e-01
9.324231617927634108e-01
9.388256049035089701e-01
9.314918413898235494e-01
9.232431012265063242e-01
9.248546363330252262e-01
9.175895302600147740e-01
9.167908746328810032e-01
9.188312452079978598e-01
9.137808202840885796e-01
9.105997377887544708e-01
9.117922847090031979e-01
9.086954511846964122e-01
9.071090813552377119e-01
9.092657729528526023e-01
9.042972719471988885e-01
9.043942403245663897e-01
9.011301397684958747e-01
8.980430167587067913e-01
8.998511555922579230e-01
8.995048594970610489e-01
