1.207301320391707122e-04 1.207301320391707122e-04 8.608861207903828472e-06 5.836193304276093841e-05 1.098379580071195960e-04 1.285858888877555728e-04
1.220764243043959141e-03 1.220764243043959141e-03 1.323940814472734928e-03 2.588939678389579058e-04 8.724521845579147339e-03 1.944343210197985172e-03
3.947697114199399948e-03 3.947697114199399948e-03 6.092357798479497433e-04 8.111890638247132301e-04 9.035286493599414825e-04 1.836641167756170034e-04
5.609936267137527466e-02 5.609936267137527466e-02 2.606053836643695831e-03 3.572363406419754028e-02 9.777125669643282890e-04 7.322243414819240570e-03
3.117848336696624756e-01 3.117848336696624756e-01 6.536309141665697098e-03 6.205677613615989685e-02 1.187567715533077717e-03 3.516518697142601013e-02
5.718805193901062012e-01 5.718805193901062012e-01 6.720365490764379501e-03 7.663923501968383789e-02 1.043806318193674088e-03 4.970443621277809143e-02
6.922011375427246094e-01 6.922011375427246094e-01 8.013845421373844147e-03 4.855266213417053223e-02 1.310069579631090164e-03 3.774868324398994446e-02
7.625133991241455078e-01 7.625133991241455078e-01 1.155938766896724701e-02 2.700381353497505188e-02 2.005813643336296082e-03 2.355372905731201172e-02
7.993429899215698242e-01 7.993429899215698242e-01 1.331975869834423065e-02 1.609130762517452240e-02 2.133904723450541496e-03 2.109887823462486267e-02
8.143289685249328613e-01 8.143289685249328613e-01 1.551719196140766144e-02 1.232800725847482681e-02 2.327553229406476021e-03 2.082998678088188171e-02
8.387858867645263672e-01 8.387858867645263672e-01 1.534044090658426285e-02 9.549171663820743561e-03 2.152352593839168549e-03 2.155562303960323334e-02
8.393400907516479492e-01 8.393400907516479492e-01 1.718576252460479736e-02 8.847164921462535858e-03 2.351753413677215576e-03 2.353033237159252167e-02
8.427501916885375977e-01 8.427501916885375977e-01 1.924106106162071228e-02 8.408947847783565521e-03 2.510540187358856201e-03 2.369703724980354309e-02
8.439671397209167480e-01 8.439671397209167480e-01 1.990433223545551300e-02 8.452855981886386871e-03 2.611634554341435432e-03 2.665450423955917358e-02
8.368972539901733398e-01 8.368972539901733398e-01 2.242358587682247162e-02 9.240903891623020172e-03 2.789373975247144699e-03 2.914366312325000763e-02
8.380790352821350098e-01 8.380790352821350098e-01 2.319467440247535706e-02 9.378004819154739380e-03 2.955854637548327446e-03 2.828522212803363800e-02
8.303421735763549805e-01 8.303421735763549805e-01 2.587666176259517670e-02 9.743372909724712372e-03 3.283751662820577621e-03 2.960363961756229401e-02
8.345586657524108887e-01 8.345586657524108887e-01 2.755442261695861816e-02 9.280752390623092651e-03 3.347043646499514580e-03 2.697468921542167664e-02
8.360500931739807129e-01 8.360500931739807129e-01 2.827692404389381409e-02 9.621188044548034668e-03 3.562917234376072884e-03 2.566036768257617950e-02
8.366774320602416992e-01 8.366774320602416992e-01 3.027660585939884186e-02 9.313324466347694397e-03 3.860539523884654045e-03 2.263743244111537933e-02
8.329985141754150391e-01 8.329985141754150391e-01 3.250474855303764343e-02 9.337169118225574493e-03 4.115917254239320755e-03 2.233863063156604767e-02
8.308647871017456055e-01 8.308647871017456055e-01 3.589795902371406555e-02 8.896713145077228546e-03 4.408848937600851059e-03 2.057783305644989014e-02
8.296611905097961426e-01 8.296611905097961426e-01 3.654211759567260742e-02 9.494764730334281921e-03 4.608459305018186569e-03 1.907508075237274170e-02
8.275318145751953125e-01 8.275318145751953125e-01 4.016878828406333923e-02 9.301244281232357025e-03 4.999293945729732513e-03 1.815908215939998627e-02
8.279187679290771484e-01 8.279187679290771484e-01 4.065245017409324646e-02 9.297822602093219757e-03 4.938696045428514481e-03 1.830683089792728424e-02
8.233090043067932129e-01 8.233090043067932129e-01 4.413052275776863098e-02 9.803027845919132233e-03 5.377049092203378677e-03 1.742589287459850311e-02
8.198144435882568359e-01 8.198144435882568359e-01 4.562043026089668274e-02 1.067323144525289536e-02 5.547115113586187363e-03 1.709815114736557007e-02
8.189371228218078613e-01 8.189371228218078613e-01 4.612779244780540466e-02 1.082248147577047348e-02 5.567239597439765930e-03 1.651906967163085938e-02
8.169841766357421875e-01 8.169841766357421875e-01 4.627638682723045349e-02 1.168010011315345764e-02 5.506313405930995941e-03 1.648984663188457489e-02
8.143424987792968750e-01 8.143424987792968750e-01 4.612116515636444092e-02 1.246916782110929489e-02 5.537810269743204117e-03 1.617515832185745239e-02
8.117461204528808594e-01 8.117461204528808594e-01 4.857367649674415588e-02 1.243370398879051208e-02 5.717226769775152206e-03 1.555642671883106232e-02
8.127168416976928711e-01 8.127168416976928711e-01 4.834621399641036987e-02 1.305531430989503860e-02 5.711026489734649658e-03 1.532096043229103088e-02
8.182973265647888184e-01 8.182973265647888184e-01 4.341762140393257141e-02 1.359737198799848557e-02 5.185836460441350937e-03 1.562937535345554352e-02
8.119050860404968262e-01 8.119050860404968262e-01 4.807725176215171814e-02 1.384846679866313934e-02 5.533158779144287109e-03 1.502093207091093063e-02
8.047153353691101074e-01 8.047153353691101074e-01 5.011238902807235718e-02 1.490544714033603668e-02 5.878188647329807281e-03 1.550163794308900833e-02
8.061199784278869629e-01 8.061199784278869629e-01 4.762201011180877686e-02 1.565792225301265717e-02 5.652096588164567947e-03 1.607182435691356659e-02
7.997875809669494629e-01 7.997875809669494629e-01 4.989313706755638123e-02 1.616686396300792694e-02 5.950355902314186096e-03 1.598427444696426392e-02
7.990914583206176758e-01 7.990914583206176758e-01 5.167784169316291809e-02 1.637491211295127869e-02 6.120691075921058655e-03 1.573584601283073425e-02
8.008698821067810059e-01 8.008698821067810059e-01 5.126420035958290100e-02 1.645346358418464661e-02 6.107646971940994263e-03 1.511076278984546661e-02
7.964678406715393066e-01 7.964678406715393066e-01 5.295219272375106812e-02 1.667885482311248779e-02 6.287212017923593521e-03 1.532367710024118423e-02
7.936951518058776855e-01 7.936951518058776855e-01 5.391071364283561707e-02 1.671964675188064575e-02 6.469270680099725723e-03 1.566771231591701508e-02
7.947345972061157227e-01 7.947345972061157227e-01 5.420267581939697266e-02 1.690860837697982788e-02 6.358919199556112289e-03 1.481345295906066895e-02
7.920353412628173828e-01 7.920353412628173828e-01 5.599350854754447937e-02 1.739635877311229706e-02 6.547000259160995483e-03 1.495388336479663849e-02
7.906526327133178711e-01 7.906526327133178711e-01 5.803610011935234070e-02 1.728511042892932892e-02 6.738970056176185608e-03 1.457838807255029678e-02
7.925324440002441406e-01 7.925324440002441406e-01 5.613390728831291199e-02 1.809947937726974487e-02 6.543697323650121689e-03 1.464406214654445648e-02
7.882018089294433594e-01 7.882018089294433594e-01 5.910842493176460266e-02 1.750020124018192291e-02 6.676526274532079697e-03 1.464370638132095337e-02
7.882863283157348633e-01 7.882863283157348633e-01 5.932292714715003967e-02 1.750154234468936920e-02 6.795964669436216354e-03 1.456574257463216782e-02
7.854412794113159180e-01 7.854412794113159180e-01 6.026527658104896545e-02 1.785402745008468628e-02 6.802141666412353516e-03 1.447261963039636612e-02
7.827504873275756836e-01 7.827504873275756836e-01 6.069223582744598389e-02 1.827476732432842255e-02 6.906760390847921371e-03 1.487740036100149155e-02
7.843264937400817871e-01 7.843264937400817871e-01 6.023652851581573486e-02 1.808573491871356964e-02 6.720834877341985703e-03 1.443298999220132828e-02
7.840246558189392090e-01 7.840246558189392090e-01 6.103727966547012329e-02 1.777694374322891235e-02 6.774214096367359161e-03 1.413653977215290070e-02
