          0  0.07805837 11.07580471
        100  0.00345667 24.61342430
        200  0.00207030 26.83967018
        300  0.00159458 27.97353172
        400  0.00132283 28.78496361
        500  0.00110772 29.55571556
        600  0.00097280 30.11976814
        700  0.00086209 30.64447212
        800  0.00077408 31.11216354
        900  0.00073384 31.34397888
       1000  0.00069469 31.58207321
       1100  0.00059417 32.26089859
       1200  0.00061492 32.11184692
       1300  0.00054101 32.66794968
       1400  0.00050418 32.97414398
       1500  0.00048248 33.16518784
       1600  0.00045251 33.44371796
       1700  0.00044656 33.50119019
       1800  0.00039997 33.97977829
       1900  0.00039431 34.04159927
       2000  0.00038189 34.18057251
       2100  0.00036390 34.39014816
       2200  0.00037230 34.29104996
       2300  0.00033557 34.74213028
       2400  0.00032072 34.93870544
       2500  0.00028313 35.48008728
       2600  0.00027333 35.63308716
       2700  0.00027228 35.64986801
       2800  0.00031175 35.06200409
       2900  0.00024193 36.16316605
       3000  0.00023399 36.30807114
       3100  0.00021228 36.73085785
       3200  0.00020326 36.91953659
       3300  0.00020592 36.86295700
       3400  0.00019641 37.06844711
       3500  0.00018783 37.26229858
       3600  0.00017966 37.45559692
       3700  0.00016567 37.80765915
       3800  0.00015896 37.98705292
       3900  0.00016283 37.88257980
       4000  0.00015452 38.11011124
       4100  0.00014603 38.35570908
       4200  0.00013328 38.75227737
       4300  0.00012850 38.91083145
       4400  0.00014169 38.48671341
       4500  0.00011776 39.29019547
       4600  0.00011773 39.29109192
       4700  0.00011799 39.28142929
       4800  0.00011286 39.47452164
       4900  0.00014774 38.30515671
       5000  0.00010008 39.99631500
