2.859036976587958634e-05 3.389165503904223442e-04 1.459971972508355975e-04 1.660277048358693719e-04 2.194564091041684151e-03 2.276579616591334343e-03
1.882719079731032252e-04 3.709371667355298996e-04 6.827186443842947483e-04 1.778722071321681142e-04 1.944738999009132385e-02 4.589206946548074484e-04
6.085300445556640625e-02 1.351803985016886145e-05 2.552295045461505651e-04 1.113248174078762531e-03 1.675325911492109299e-03 9.560596663504838943e-05
9.493460506200790405e-02 3.161156564601697028e-05 9.325892897322773933e-04 9.894719347357749939e-03 1.499839010648429394e-03 4.979281220585107803e-04
1.210618391633033752e-01 4.663040454033762217e-05 1.980994828045368195e-03 1.799071766436100006e-02 1.129751792177557945e-03 1.187020563520491123e-03
1.122789010405540466e-01 9.012476220959797502e-05 4.386290442198514938e-03 2.183445170521736145e-02 1.000246615149080753e-03 1.788152731023728848e-03
9.502496570348739624e-02 1.267591578653082252e-04 6.091520190238952637e-03 2.361801452934741974e-02 7.239932310767471790e-04 1.786165172234177589e-03
6.453005969524383545e-02 1.416422310285270214e-04 7.868555374443531036e-03 3.301548212766647339e-02 5.300254561007022858e-04 1.980176195502281189e-03
4.773100093007087708e-02 1.876808091765269637e-04 1.090239454060792923e-02 4.096166417002677917e-02 4.655144875869154930e-04 2.729622647166252136e-03
3.764628618955612183e-02 2.963226579595357180e-04 1.890735141932964325e-02 5.669049546122550964e-02 4.891259595751762390e-04 4.016756545752286911e-03
3.707475215196609497e-02 4.075781034771353006e-04 2.736741490662097931e-02 6.704643368721008301e-02 4.684897721745073795e-04 4.581842105835676193e-03
3.029444068670272827e-02 5.251266993582248688e-04 3.439176827669143677e-02 7.309003174304962158e-02 6.809871410951018333e-04 5.823184270411729813e-03
2.683521434664726257e-02 6.244478281587362289e-04 4.016887769103050232e-02 7.945311069488525391e-02 9.158406173810362816e-04 6.953309290111064911e-03
2.005314268171787262e-02 7.315730326808989048e-04 4.538714513182640076e-02 8.525458723306655884e-02 1.312604174017906189e-03 8.947662077844142914e-03
1.464717369526624680e-02 8.245005155913531780e-04 5.206242948770523071e-02 1.044049113988876343e-01 1.697877305559813976e-03 9.540915489196777344e-03
1.077713817358016968e-02 8.700234466232359409e-04 5.854186415672302246e-02 1.203299239277839661e-01 2.123022684827446938e-03 1.040885690599679947e-02
7.158777676522731781e-03 9.952062973752617836e-04 6.664596498012542725e-02 1.323345601558685303e-01 2.885537687689065933e-03 1.212267763912677765e-02
4.789717495441436768e-03 9.396705427207052708e-04 8.251919597387313843e-02 1.349725723266601562e-01 2.847539260983467102e-03 1.448536664247512817e-02
3.268487984314560890e-03 9.026994812302291393e-04 8.786821365356445312e-02 1.357341557741165161e-01 3.407275304198265076e-03 1.760245673358440399e-02
2.655828138813376427e-03 1.043385593220591545e-03 1.071825250983238220e-01 1.274200081825256348e-01 3.668632125481963158e-03 1.936488226056098938e-02
2.267822623252868652e-03 1.190231414511799812e-03 1.235665902495384216e-01 1.198352277278900146e-01 3.648563753813505173e-03 2.408263459801673889e-02
1.560211414471268654e-03 1.315748086199164391e-03 1.221928596496582031e-01 1.241799890995025635e-01 4.290182609111070633e-03 2.932312525808811188e-02
1.148550771176815033e-03 1.584456069394946098e-03 1.270008385181427002e-01 1.236099898815155029e-01 4.961838945746421814e-03 3.291602805256843567e-02
8.576565305702388287e-04 1.670558121986687183e-03 1.414957344532012939e-01 1.243020817637443542e-01 4.610384814441204071e-03 3.850338980555534363e-02
6.565021467395126820e-04 1.872520544566214085e-03 1.471476405858993530e-01 1.270764768123626709e-01 5.705710500478744507e-03 4.303012415766716003e-02
5.161160952411592007e-04 2.060585422441363335e-03 1.406393945217132568e-01 1.409873366355895996e-01 5.616864189505577087e-03 4.600654542446136475e-02
4.060874052811414003e-04 2.381510799750685692e-03 1.464553624391555786e-01 1.470362842082977295e-01 6.687643472105264664e-03 4.586788639426231384e-02
3.285782295279204845e-04 2.989495638757944107e-03 1.730742752552032471e-01 1.419563591480255127e-01 7.356915622949600220e-03 4.740263521671295166e-02
2.601489250082522631e-04 3.368370933458209038e-03 1.757678389549255371e-01 1.545782238245010376e-01 7.714098785072565079e-03 5.076675117015838623e-02
2.249894314445555210e-04 3.350913524627685547e-03 1.722137928009033203e-01 1.690722256898880005e-01 8.497286587953567505e-03 4.968581721186637878e-02
2.091183851007372141e-04 3.413516562432050705e-03 1.675807833671569824e-01 1.723337471485137939e-01 9.938172996044158936e-03 4.870371893048286438e-02
1.757180143613368273e-04 3.196369390934705734e-03 1.748021841049194336e-01 1.738000065088272095e-01 1.083856541663408279e-02 4.531060159206390381e-02
1.510265283286571503e-04 3.726799739524722099e-03 1.830783486366271973e-01 1.761169582605361938e-01 1.161626167595386505e-02 4.426100105047225952e-02
1.422422938048839569e-04 3.786454210057854652e-03 1.918398737907409668e-01 1.831725835800170898e-01 1.092854887247085571e-02 4.782295227050781250e-02
1.393852871842682362e-04 4.013500176370143890e-03 1.961176246404647827e-01 1.877466589212417603e-01 1.119739655405282974e-02 4.549934715032577515e-02
1.291097723878920078e-04 4.759178031235933304e-03 2.218075990676879883e-01 1.692864745855331421e-01 1.189159322530031204e-02 4.604903608560562134e-02
1.184195862151682377e-04 5.311385728418827057e-03 2.323139309883117676e-01 1.779986768960952759e-01 1.222486328333616257e-02 4.313750565052032471e-02
1.121997411246411502e-04 5.676925648003816605e-03 2.354952096939086914e-01 1.816094070672988892e-01 1.320261508226394653e-02 4.227003082633018494e-02
1.042852309183217585e-04 5.827279295772314072e-03 2.527157962322235107e-01 1.772959083318710327e-01 1.397555042058229446e-02 4.043853655457496643e-02
1.007284226943738759e-04 5.550180561840534210e-03 2.596855759620666504e-01 1.843876838684082031e-01 1.453861687332391739e-02 3.836694359779357910e-02
9.141742339124903083e-05 6.118642631918191910e-03 2.699692547321319580e-01 1.882465183734893799e-01 1.244142279028892517e-02 3.621495887637138367e-02
9.426128963241353631e-05 6.187407299876213074e-03 2.567819952964782715e-01 1.970034837722778320e-01 1.414239779114723206e-02 3.234905004501342773e-02
8.545013406546786427e-05 6.482169032096862793e-03 2.532206177711486816e-01 1.992767006158828735e-01 1.364282704889774323e-02 3.087074495851993561e-02
8.547292236471548676e-05 7.375841028988361359e-03 2.607697248458862305e-01 1.913595646619796753e-01 1.416607946157455444e-02 3.051695600152015686e-02
7.798252045176923275e-05 7.653589826077222824e-03 2.735661864280700684e-01 1.813311576843261719e-01 1.379571668803691864e-02 3.182778134942054749e-02
8.101331331999972463e-05 7.612939924001693726e-03 2.634545862674713135e-01 1.904405206441879272e-01 1.504847779870033264e-02 3.304950520396232605e-02
8.222817268688231707e-05 8.212938904762268066e-03 2.530134916305541992e-01 1.901163309812545776e-01 1.607408188283443451e-02 3.315360471606254578e-02
8.270886610262095928e-05 8.775564841926097870e-03 2.491032332181930542e-01 1.934407204389572144e-01 1.674325391650199890e-02 3.377494961023330688e-02
7.664201257284730673e-05 8.647133596241474152e-03 2.390362769365310669e-01 1.985990107059478760e-01 1.814151182770729065e-02 3.413533046841621399e-02
7.259981794049963355e-05 8.472987450659275055e-03 2.188367545604705811e-01 2.099707126617431641e-01 1.866532489657402039e-02 3.482406213879585266e-02
7.347478094743564725e-05 9.083764627575874329e-03 2.103378176689147949e-01 1.957645714282989502e-01 2.130549959838390350e-02 3.642783686518669128e-02
7.363016629824414849e-05 1.021629013121128082e-02 1.993934065103530884e-01 1.911156028509140015e-01 2.268185280263423920e-02 3.843091428279876709e-02
7.318987627513706684e-05 1.032817736268043518e-02 2.081736326217651367e-01 1.860042214393615723e-01 2.398233301937580109e-02 3.917787224054336548e-02
7.520251529058441520e-05 1.090090163052082062e-02 2.159824222326278687e-01 1.721981763839721680e-01 2.717391960322856903e-02 4.289471730589866638e-02
7.610362081322818995e-05 1.182369329035282135e-02 2.191280722618103027e-01 1.557966768741607666e-01 2.630664221942424774e-02 4.710765182971954346e-02
7.492010627174749970e-05 1.214534789323806763e-02 2.141467332839965820e-01 1.589660495519638062e-01 2.874551713466644287e-02 4.706032946705818176e-02
7.627491140738129616e-05 1.203639246523380280e-02 2.067046463489532471e-01 1.633167266845703125e-01 2.826419472694396973e-02 4.584585130214691162e-02
7.512855518143624067e-05 1.260467804968357086e-02 2.079978287220001221e-01 1.578234583139419556e-01 3.006269223988056183e-02 4.527145996689796448e-02
7.255961827468127012e-05 1.256247423589229584e-02 2.148318290710449219e-01 1.488350629806518555e-01 3.273125737905502319e-02 4.655977711081504822e-02
7.533988537034019828e-05 1.361258327960968018e-02 2.007469534873962402e-01 1.509077399969100952e-01 3.355446830391883850e-02 4.824616760015487671e-02
7.431928679579868913e-05 1.335773803293704987e-02 2.052259296178817749e-01 1.490222513675689697e-01 3.481058403849601746e-02 4.995867609977722168e-02
6.844266317784786224e-05 1.289058290421962738e-02 1.945934742689132690e-01 1.574782878160476685e-01 3.531981259584426880e-02 4.582796245813369751e-02
6.619899795623496175e-05 1.238692458719015121e-02 1.840266436338424683e-01 1.710080355405807495e-01 3.787744417786598206e-02 4.276069626212120056e-02
6.812122592236846685e-05 1.353596057742834091e-02 1.852389574050903320e-01 1.573577076196670532e-01 3.985932841897010803e-02 4.427604377269744873e-02
6.341189873637631536e-05 1.286017522215843201e-02 1.778329908847808838e-01 1.575845181941986084e-01 4.022474586963653564e-02 4.458872973918914795e-02
6.660354119958356023e-05 1.422501169145107269e-02 1.861439347267150879e-01 1.503444015979766846e-01 4.100868478417396545e-02 4.761239141225814819e-02
6.206025136634707451e-05 1.399590261280536652e-02 1.704830378293991089e-01 1.630063652992248535e-01 3.908021003007888794e-02 4.692394658923149109e-02
6.409404159057885408e-05 1.374065689742565155e-02 1.695399731397628784e-01 1.577816605567932129e-01 4.272813722491264343e-02 4.802839830517768860e-02
6.542477058246731758e-05 1.485595759004354477e-02 1.692308336496353149e-01 1.498127132654190063e-01 4.273581504821777344e-02 4.939055442810058594e-02
6.739168748026713729e-05 1.424460019916296005e-02 1.679663509130477905e-01 1.582112461328506470e-01 3.995568305253982544e-02 4.770683497190475464e-02
6.426807522075250745e-05 1.521144993603229523e-02 1.766022890806198120e-01 1.489821821451187134e-01 4.160492867231369019e-02 4.873716086149215698e-02
6.543356721522286534e-05 1.557104103267192841e-02 1.707527935504913330e-01 1.569613814353942871e-01 3.667282313108444214e-02 4.937238246202468872e-02
6.477080751210451126e-05 1.537777204066514969e-02 1.568775773048400879e-01 1.542937755584716797e-01 4.008246585726737976e-02 4.759556427597999573e-02
6.354979996103793383e-05 1.552921254187822342e-02 1.585194617509841919e-01 1.538479030132293701e-01 3.995129466056823730e-02 4.881833121180534363e-02
6.128675158834084868e-05 1.622150279581546783e-02 1.497688591480255127e-01 1.550398170948028564e-01 4.108360037207603455e-02 4.792404174804687500e-02
6.116111035225912929e-05 1.616939529776573181e-02 1.524587720632553101e-01 1.514306664466857910e-01 4.183408245444297791e-02 5.062694102525711060e-02
6.277173088165000081e-05 1.606159657239913940e-02 1.473231017589569092e-01 1.559613496065139771e-01 4.387557134032249451e-02 4.829711467027664185e-02
6.355890218401327729e-05 1.616283506155014038e-02 1.458434909582138062e-01 1.562376022338867188e-01 4.074490815401077271e-02 4.766016080975532532e-02
6.300527456915006042e-05 1.598312705755233765e-02 1.431619524955749512e-01 1.534231603145599365e-01 4.233519732952117920e-02 5.157886445522308350e-02
6.106009095674380660e-05 1.666299253702163696e-02 1.356466710567474365e-01 1.612491756677627563e-01 3.918965905904769897e-02 5.344281718134880066e-02
5.962612340226769447e-05 1.521030254662036896e-02 1.407773941755294800e-01 1.605791449546813965e-01 4.080274328589439392e-02 5.353881046175956726e-02
5.718669854104518890e-05 1.588944531977176666e-02 1.381800472736358643e-01 1.653017997741699219e-01 4.003038257360458374e-02 5.236421152949333191e-02
4.714380484074354172e-03 7.101377937942743301e-03 6.980977952480316162e-02 1.354541257023811340e-02 6.982679013162851334e-03 8.545462042093276978e-03
1.030527874827384949e-01 2.265425573568791151e-04 6.764857098460197449e-03 1.195564866065979004e-02 1.398329739458858967e-03 4.390632966533303261e-04
1.526974141597747803e-01 1.152220356743782759e-04 5.292942747473716736e-03 1.953855901956558228e-02 7.546989945694804192e-04 6.124227656982839108e-04
1.433298140764236450e-01 1.030106286634691060e-04 5.674953572452068329e-03 2.687345445156097412e-02 5.443742848001420498e-04 6.394124357029795647e-04
1.355245113372802734e-01 1.240402634721249342e-04 7.163170725107192993e-03 3.377727791666984558e-02 3.221379884053021669e-04 9.227318223565816879e-04
1.275510042905807495e-01 1.886336685856804252e-04 9.256556630134582520e-03 3.601963818073272705e-02 3.207662084605544806e-04 1.417206833139061928e-03
1.001703292131423950e-01 2.884776040446013212e-04 1.311536319553852081e-02 4.229934141039848328e-02 4.069586866535246372e-04 2.389010041952133179e-03
7.763315737247467041e-02 3.687850839924067259e-04 1.576160639524459839e-02 5.385189875960350037e-02 5.488368915393948555e-04 3.079989459365606308e-03
6.143492460250854492e-02 4.171332111582159996e-04 1.560846902430057526e-02 6.139796972274780273e-02 7.619284442625939846e-04 3.719518892467021942e-03
4.645071923732757568e-02 4.902550717815756798e-04 1.784822903573513031e-02 6.698785722255706787e-02 9.358730749227106571e-04 4.294299520552158356e-03
3.836599737405776978e-02 5.088981124572455883e-04 2.055539377033710480e-02 7.125347852706909180e-02 1.064570271410048008e-03 5.092335864901542664e-03
3.490179032087326050e-02 5.962672294117510319e-04 2.272987738251686096e-02 7.449002563953399658e-02 1.262082252651453018e-03 6.022783461958169937e-03
3.168751299381256104e-02 6.565885851159691811e-04 2.559745870530605316e-02 8.186204731464385986e-02 1.527496729977428913e-03 6.734176538884639740e-03
2.364075556397438049e-02 6.785063305869698524e-04 2.970312535762786865e-02 9.888548403978347778e-02 1.843049889430403709e-03 8.131689392030239105e-03
1.958246901631355286e-02 7.038745097815990448e-04 3.587591648101806641e-02 9.527260065078735352e-02 2.077796729281544685e-03 9.124954231083393097e-03
1.391815673559904099e-02 7.928628474473953247e-04 4.609691351652145386e-02 1.104819700121879578e-01 2.924059983342885971e-03 1.175782270729541779e-02
1.055239047855138779e-02 7.962719537317752838e-04 5.891249701380729675e-02 1.164133772253990173e-01 3.533956129103899002e-03 1.342824380844831467e-02
7.629862986505031586e-03 9.299259982071816921e-04 6.652981787919998169e-02 1.273418813943862915e-01 3.707720898091793060e-03 1.463177986443042755e-02
5.629747640341520309e-03 1.007458311505615711e-03 7.689219713211059570e-02 1.282241493463516235e-01 4.856745712459087372e-03 1.561987772583961487e-02
