1.896005682647228241e-02 5.898574367165565491e-03 1.128447358496487141e-03 1.542589743621647358e-03 8.863278664648532867e-03 2.841943874955177307e-02
5.343206524848937988e-01 2.663996070623397827e-02 1.692131336312741041e-04 2.463267010170966387e-04 2.817531931214034557e-04 1.934431865811347961e-02
9.616450667381286621e-01 7.133044418878853321e-04 2.312722102715270012e-07 8.189540068315181998e-08 1.301748966398008633e-07 7.037168834358453751e-03
9.701187610626220703e-01 4.366560315247625113e-04 7.866088367336487863e-07 2.080963241724020918e-07 1.070049577833742660e-07 1.128592435270547867e-02
9.651694297790527344e-01 9.344991412945091724e-04 9.036553819896653295e-06 2.782688625302398577e-06 8.380315534850524273e-07 1.385904848575592041e-02
9.497863650321960449e-01 1.562469755299389362e-03 5.595093534793704748e-05 2.049575778073631227e-05 5.988755674479762092e-06 2.271255478262901306e-02
9.160789251327514648e-01 2.386869164183735847e-03 2.684935752768069506e-04 9.935135312844067812e-05 2.500205664546228945e-05 3.964586928486824036e-02
8.739226460456848145e-01 3.309746040031313896e-03 7.454616716131567955e-04 2.753100998234003782e-04 5.807305933558382094e-05 5.775595456361770630e-02
8.361886143684387207e-01 4.161597695201635361e-03 1.396062667481601238e-03 4.714268725365400314e-04 8.477211667923256755e-05 7.235646247863769531e-02
8.009831905364990234e-01 4.366270266473293304e-03 2.053786069154739380e-03 6.506977370008826256e-04 1.025353558361530304e-04 8.164139091968536377e-02
7.677257657051086426e-01 4.503664560616016388e-03 3.318370552733540535e-03 1.043694210238754749e-03 1.354172709397971630e-04 8.945368230342864990e-02
7.452298998832702637e-01 4.650802351534366608e-03 5.037502851337194443e-03 1.463054097257554531e-03 1.566152059240266681e-04 9.457437694072723389e-02
7.273028492927551270e-01 4.801792092621326447e-03 8.624831214547157288e-03 2.401739824563264847e-03 2.032033808063715696e-04 8.572488278150558472e-02
6.930029988288879395e-01 4.706190433353185654e-03 1.395772583782672882e-02 3.654662985354661942e-03 2.570195938460528851e-04 7.830717414617538452e-02
6.239777207374572754e-01 5.205728579312562943e-03 2.368043921887874603e-02 6.019921973347663879e-03 3.328663296997547150e-04 7.737389206886291504e-02
5.420081019401550293e-01 5.556001327931880951e-03 3.415865078568458557e-02 8.876770734786987305e-03 4.009371914435178041e-04 7.064249366521835327e-02
4.396703541278839111e-01 6.089696194976568222e-03 4.738487303256988525e-02 1.246228069067001343e-02 5.558337434194982052e-04 7.175902277231216431e-02
3.404064178466796875e-01 6.274580024182796478e-03 6.462326645851135254e-02 1.732113398611545563e-02 6.522197509184479713e-04 6.396120041608810425e-02
2.487244457006454468e-01 6.635982543230056763e-03 8.146207034587860107e-02 2.196348458528518677e-02 7.620056858286261559e-04 5.925520136952400208e-02
1.894075274467468262e-01 7.530633825808763504e-03 9.869196265935897827e-02 2.649535797536373138e-02 8.807751000858843327e-04 5.535253882408142090e-02
1.630844920873641968e-01 8.431488648056983948e-03 1.084342971444129944e-01 2.891763299703598022e-02 1.035231049172580242e-03 4.866658896207809448e-02
1.380428969860076904e-01 8.763200603425502777e-03 1.143383830785751343e-01 2.996619977056980133e-02 1.167904818430542946e-03 4.151296988129615784e-02
1.110734492540359497e-01 9.282171726226806641e-03 1.137906834483146667e-01 2.923869527876377106e-02 1.390681369230151176e-03 4.021380841732025146e-02
1.002539098262786865e-01 1.045819558203220367e-02 1.207630038261413574e-01 3.068467229604721069e-02 1.604568213224411011e-03 3.635687753558158875e-02
8.998780697584152222e-02 1.139986794441938400e-02 1.165334209799766541e-01 2.957714162766933441e-02 1.885290141217410564e-03 3.946468606591224670e-02
7.488183677196502686e-02 1.291917916387319565e-02 1.122816279530525208e-01 2.897329255938529968e-02 2.129113767296075821e-03 3.941557556390762329e-02
6.680465489625930786e-02 1.341884117573499680e-02 1.221697479486465454e-01 3.188348561525344849e-02 2.225086325779557228e-03 3.799246624112129211e-02
5.622109398245811462e-02 1.329097989946603775e-02 1.368052661418914795e-01 3.431669995188713074e-02 2.546645933762192726e-03 3.628836944699287415e-02
4.456017538905143738e-02 1.374447345733642578e-02 1.404031515121459961e-01 3.467747941613197327e-02 2.842277288436889648e-03 3.493619337677955627e-02
3.400221839547157288e-02 1.522720884531736374e-02 1.425074636936187744e-01 3.529231622815132141e-02 3.578056581318378448e-03 3.507169708609580994e-02
3.044237382709980011e-02 1.638978347182273865e-02 1.316335201263427734e-01 3.410629555583000183e-02 3.703908994793891907e-03 3.708316385746002197e-02
2.551759779453277588e-02 1.766437664628028870e-02 1.285487711429595947e-01 3.368026018142700195e-02 3.851600224152207375e-03 3.767961636185646057e-02
2.413120120763778687e-02 1.877150870859622955e-02 1.271831691265106201e-01 3.437066450715065002e-02 4.230595659464597702e-03 3.852209076285362244e-02
2.045340463519096375e-02 1.919491589069366455e-02 1.386282593011856079e-01 3.760193288326263428e-02 4.506866913288831711e-03 3.795917704701423645e-02
1.825005561113357544e-02 2.209366858005523682e-02 1.373240798711776733e-01 3.852737694978713989e-02 4.363419488072395325e-03 3.819135203957557678e-02
1.479366328567266464e-02 2.367656677961349487e-02 1.413224190473556519e-01 4.141581058502197266e-02 4.789950326085090637e-03 3.743448480963706970e-02
1.284169219434261322e-02 2.443973347544670105e-02 1.452687680721282959e-01 4.322511330246925354e-02 4.851548001170158386e-03 3.860473632812500000e-02
1.230372115969657898e-02 2.572364360094070435e-02 1.349130421876907349e-01 4.222656041383743286e-02 4.606959875673055649e-03 4.098951071500778198e-02
1.091415621340274811e-02 2.871144562959671021e-02 1.322933137416839600e-01 4.263009503483772278e-02 4.865501541644334793e-03 4.075484350323677063e-02
1.009692251682281494e-02 3.000283800065517426e-02 1.304783523082733154e-01 4.263768717646598816e-02 4.728137049823999405e-03 4.041595384478569031e-02
1.007475517690181732e-02 3.222234174609184265e-02 1.318937987089157104e-01 4.517922922968864441e-02 4.933145362883806229e-03 4.239960014820098877e-02
8.375580422580242157e-03 3.603653237223625183e-02 1.227179765701293945e-01 4.261396452784538269e-02 5.359566770493984222e-03 4.320008307695388794e-02
7.423569448292255402e-03 3.441577404737472534e-02 1.297568082809448242e-01 4.699013754725456238e-02 4.574470687657594681e-03 3.886437043547630310e-02
6.958004552870988846e-03 3.648916259407997131e-02 1.220407560467720032e-01 4.589667171239852905e-02 4.855682142078876495e-03 4.050531238317489624e-02
6.755206268280744553e-03 3.797823935747146606e-02 1.180079877376556396e-01 4.505030065774917603e-02 5.156689789146184921e-03 4.009211063385009766e-02
6.047866772860288620e-03 4.230364039540290833e-02 1.115387156605720520e-01 4.405996948480606079e-02 4.872884135693311691e-03 4.076905921101570129e-02
6.250703241676092148e-03 4.571839049458503723e-02 1.130994036793708801e-01 4.685844108462333679e-02 5.071296822279691696e-03 4.142630100250244141e-02
5.716558545827865601e-03 4.912592843174934387e-02 1.038375124335289001e-01 4.316132515668869019e-02 5.093573126941919327e-03 4.377329349517822266e-02
5.522758234292268753e-03 5.063562095165252686e-02 9.953373670578002930e-02 4.323793947696685791e-02 5.147894378751516342e-03 4.254030436277389526e-02
5.440247245132923126e-03 5.403488874435424805e-02 9.458792209625244141e-02 4.287502914667129517e-02 5.080379545688629150e-03 4.358161985874176025e-02
5.151120480149984360e-03 5.567137524485588074e-02 9.486851096153259277e-02 4.354742914438247681e-02 5.347653292119503021e-03 4.292817413806915283e-02
4.824880044907331467e-03 5.614383891224861145e-02 9.448602795600891113e-02 4.371511191129684448e-02 5.324671510607004166e-03 4.111006110906600952e-02
4.868899937719106674e-03 5.987738445401191711e-02 9.143833816051483154e-02 4.291288927197456360e-02 5.574586335569620132e-03 4.266832768917083740e-02
4.849817603826522827e-03 6.104927137494087219e-02 9.036770462989807129e-02 4.458265751600265503e-02 5.650963634252548218e-03 3.951285034418106079e-02
4.564847331494092941e-03 5.972988158464431763e-02 9.132999181747436523e-02 4.525012522935867310e-02 5.758407525718212128e-03 3.646406903862953186e-02
4.607704933732748032e-03 6.073954328894615173e-02 9.109428524971008301e-02 4.471387341618537903e-02 5.530424416065216064e-03 3.743314743041992188e-02
4.494240973144769669e-03 6.055093184113502502e-02 8.473273366689682007e-02 4.242179542779922485e-02 5.557862110435962677e-03 3.896755725145339966e-02
4.293117672204971313e-03 6.190281361341476440e-02 8.090169727802276611e-02 4.158543050289154053e-02 5.591599270701408386e-03 3.988196328282356262e-02
3.972317557781934738e-03 5.962254479527473450e-02 7.581041753292083740e-02 3.878246247768402100e-02 5.787322297692298889e-03 3.787861391901969910e-02
3.861034754663705826e-03 5.972459539771080017e-02 7.430078089237213135e-02 3.764574229717254639e-02 5.956530105322599411e-03 3.831613063812255859e-02
4.032448399811983109e-03 5.892984196543693542e-02 8.119744807481765747e-02 4.031170159578323364e-02 6.027590949088335037e-03 3.780346736311912537e-02
3.875602968037128448e-03 6.068770959973335266e-02 7.395871728658676147e-02 3.819633647799491882e-02 6.139684002846479416e-03 3.738886490464210510e-02
3.840415040031075478e-03 6.392770260572433472e-02 7.700045406818389893e-02 3.964392468333244324e-02 5.745668895542621613e-03 3.592915087938308716e-02
3.914713859558105469e-03 6.313306093215942383e-02 8.000042289495468140e-02 4.146687686443328857e-02 5.995244253426790237e-03 3.371528908610343933e-02
3.639151807874441147e-03 6.104053184390068054e-02 8.114518970251083374e-02 4.257495701313018799e-02 6.660560611635446548e-03 3.358317911624908447e-02
3.606838872656226158e-03 6.076261401176452637e-02 8.002430945634841919e-02 4.152449965476989746e-02 6.681143771857023239e-03 3.223519027233123779e-02
3.665695432573556900e-03 6.496231257915496826e-02 8.410432934761047363e-02 4.467349871993064880e-02 6.750185042619705200e-03 3.184759989380836487e-02
3.799336496740579605e-03 6.568873673677444458e-02 8.462376892566680908e-02 4.446842148900032043e-02 6.975784432142972946e-03 3.086889535188674927e-02
3.998782485723495483e-03 6.900239735841751099e-02 8.770395070314407349e-02 4.651019349694252014e-02 6.957605946809053421e-03 3.065768443048000336e-02
4.098217934370040894e-03 6.867731362581253052e-02 9.229230135679244995e-02 4.831246286630630493e-02 7.060407195240259171e-03 3.136458247900009155e-02
4.060612060129642487e-03 6.730995327234268188e-02 9.586866199970245361e-02 5.005235970020294189e-02 7.046817801892757416e-03 2.905842475593090057e-02
4.074608907103538513e-03 6.921380758285522461e-02 9.098663926124572754e-02 4.898293688893318176e-02 7.512965705245733261e-03 2.836904115974903107e-02
4.325673915445804596e-03 7.404757291078567505e-02 8.872173726558685303e-02 4.886205866932868958e-02 8.024844340980052948e-03 2.839791402220726013e-02
4.232662729918956757e-03 7.678420096635818481e-02 8.552843332290649414e-02 4.711178317666053772e-02 8.260257542133331299e-03 2.971074543893337250e-02
4.245480056852102280e-03 7.611454278230667114e-02 8.421191573143005371e-02 4.713062942028045654e-02 8.394702337682247162e-03 2.870971709489822388e-02
4.430036060512065887e-03 8.029328286647796631e-02 8.513613790273666382e-02 4.816749691963195801e-02 8.815148845314979553e-03 2.885667793452739716e-02
4.240168258547782898e-03 8.015239238739013672e-02 8.706445246934890747e-02 4.986742883920669556e-02 8.758046664297580719e-03 2.901150658726692200e-02
4.280046094208955765e-03 8.124691247940063477e-02 8.318402618169784546e-02 4.813206195831298828e-02 9.324981831014156342e-03 2.920078486204147339e-02
4.246069118380546570e-03 8.472619950771331787e-02 8.529410511255264282e-02 4.916631057858467102e-02 9.695788845419883728e-03 3.043576143682003021e-02
4.174784757196903229e-03 8.703804016113281250e-02 8.610100299119949341e-02 5.078656226396560669e-02 9.682899340987205505e-03 2.896946482360363007e-02
4.326186142861843109e-03 8.668605238199234009e-02 9.079843759536743164e-02 5.354589968919754028e-02 1.012483052909374237e-02 2.882726863026618958e-02
4.277611616998910904e-03 8.854546397924423218e-02 9.178104251623153687e-02 5.396020784974098206e-02 9.910410270094871521e-03 2.937176823616027832e-02
4.366831388324499130e-03 8.905299007892608643e-02 9.465598315000534058e-02 5.522898957133293152e-02 9.918333962559700012e-03 3.061332367360591888e-02
4.412286914885044098e-03 8.967752754688262939e-02 9.562573581933975220e-02 5.676748976111412048e-02 1.026168838143348694e-02 2.990975789725780487e-02
4.632259719073772430e-03 9.544083476066589355e-02 9.804937988519668579e-02 5.682371556758880615e-02 1.074137538671493530e-02 3.090082481503486633e-02
4.581493791192770004e-03 9.881395101547241211e-02 9.303614497184753418e-02 5.507674813270568848e-02 1.159737724810838699e-02 3.135995566844940186e-02
4.426585044711828232e-03 9.668293595314025879e-02 9.957091510295867920e-02 5.834664776921272278e-02 1.161879766732454300e-02 3.000915981829166412e-02
4.550286103039979935e-03 9.594467282295227051e-02 9.721846133470535278e-02 5.764165520668029785e-02 1.168779563158750534e-02 2.947445586323738098e-02
4.575932864099740982e-03 9.560257196426391602e-02 9.497426450252532959e-02 5.717012286186218262e-02 1.187596749514341354e-02 2.881689555943012238e-02
4.581738729029893875e-03 1.028445214033126831e-01 9.326427429914474487e-02 5.723195895552635193e-02 1.266968715935945511e-02 2.993134595453739166e-02
4.674776457250118256e-03 9.790028631687164307e-02 9.615162760019302368e-02 5.889540910720825195e-02 1.232842449098825455e-02 2.951561659574508667e-02
4.722184501588344574e-03 9.500096738338470459e-02 9.655026346445083618e-02 5.838230997323989868e-02 1.161917671561241150e-02 2.983399853110313416e-02
4.702255129814147949e-03 9.789333492517471313e-02 9.809992462396621704e-02 5.880042538046836853e-02 1.149196922779083252e-02 2.921051718294620514e-02
4.562791436910629272e-03 9.507869184017181396e-02 9.613818675279617310e-02 5.796909704804420471e-02 1.150777004659175873e-02 2.929953858256340027e-02
4.761796444654464722e-03 1.001799777150154114e-01 9.940417110919952393e-02 5.902437493205070496e-02 1.204969547688961029e-02 2.815846912562847137e-02
4.692460875958204269e-03 9.480763226747512817e-02 9.695939719676971436e-02 5.937441438436508179e-02 1.255813799798488617e-02 2.858352474868297577e-02
4.758096765726804733e-03 9.999908506870269775e-02 9.495745599269866943e-02 5.845435708761215210e-02 1.290367450565099716e-02 2.886110357940196991e-02
5.094899795949459076e-03 1.001561880111694336e-01 9.158606082201004028e-02 5.714212730526924133e-02 1.290918421000242233e-02 2.960797771811485291e-02
5.054076667875051498e-03 1.049373969435691833e-01 9.116105735301971436e-02 5.650352314114570618e-02 1.277478411793708801e-02 2.969152852892875671e-02
5.135788116604089737e-03 1.090148836374282837e-01 9.280317276716232300e-02 5.743634328246116638e-02 1.274259015917778015e-02 3.004188463091850281e-02
5.327665712684392929e-03 1.087654083967208862e-01 9.173161536455154419e-02 5.825302749872207642e-02 1.330503448843955994e-02 2.944094315171241760e-02
