8.810097642708569765e-05 8.810097642708569765e-05 5.543861188925802708e-04 2.960007113870233297e-04 2.098159020533785224e-04 1.796551950974389911e-04
2.086876332759857178e-02 2.086876332759857178e-02 2.017718739807605743e-02 2.709431108087301254e-03 8.380118757486343384e-03 3.034013090655207634e-03
8.240187168121337891e-02 8.240187168121337891e-02 4.462291002273559570e-01 6.570320576429367065e-02 2.185831405222415924e-02 8.696718141436576843e-03
1.851243525743484497e-01 1.851243525743484497e-01 4.265954494476318359e-01 8.701832592487335205e-02 1.267594564706087112e-02 1.036085374653339386e-02
2.347289025783538818e-01 2.347289025783538818e-01 4.178589284420013428e-01 1.068823859095573425e-01 9.168175049126148224e-03 8.508889004588127136e-03
2.900051474571228027e-01 2.900051474571228027e-01 3.755559325218200684e-01 1.185800507664680481e-01 8.231980726122856140e-03 8.638436906039714813e-03
3.069909512996673584e-01 3.069909512996673584e-01 3.821179866790771484e-01 1.287976056337356567e-01 7.703881710767745972e-03 9.384975768625736237e-03
3.247741162776947021e-01 3.247741162776947021e-01 3.532298803329467773e-01 1.398481577634811401e-01 8.189341053366661072e-03 1.016012951731681824e-02
3.864154815673828125e-01 3.864154815673828125e-01 2.995645105838775635e-01 1.391144692897796631e-01 8.046150207519531250e-03 1.011545769870281219e-02
4.117463529109954834e-01 4.117463529109954834e-01 2.804943323135375977e-01 1.353654116392135620e-01 7.135129999369382858e-03 1.063276361674070358e-02
4.093832671642303467e-01 4.093832671642303467e-01 2.780273258686065674e-01 1.325467377901077271e-01 7.112765684723854065e-03 1.065182965248823166e-02
4.212507009506225586e-01 4.212507009506225586e-01 2.595198154449462891e-01 1.283800750970840454e-01 7.578037679195404053e-03 1.098417118191719055e-02
4.296568334102630615e-01 4.296568334102630615e-01 2.556457519531250000e-01 1.220495477318763733e-01 7.608418352901935577e-03 1.085832994431257248e-02
4.268424212932586670e-01 4.268424212932586670e-01 2.476666867733001709e-01 1.193113178014755249e-01 7.850608788430690765e-03 1.125158183276653290e-02
4.261952340602874756e-01 4.261952340602874756e-01 2.354361563920974731e-01 1.182393506169319153e-01 8.277514949440956116e-03 1.136670075356960297e-02
4.253843426704406738e-01 4.253843426704406738e-01 2.298970073461532593e-01 1.137336492538452148e-01 8.191934786736965179e-03 1.101631298661231995e-02
4.198120534420013428e-01 4.198120534420013428e-01 2.293473482131958008e-01 1.122977808117866516e-01 8.123573847115039825e-03 1.111342385411262512e-02
4.238465726375579834e-01 4.238465726375579834e-01 2.201548814773559570e-01 1.087200641632080078e-01 8.030103519558906555e-03 1.100573875010013580e-02
4.291191399097442627e-01 4.291191399097442627e-01 2.093570679426193237e-01 1.046346649527549744e-01 7.988092489540576935e-03 1.096132583916187286e-02
4.516276717185974121e-01 4.516276717185974121e-01 1.888213157653808594e-01 9.682930260896682739e-02 8.292309939861297607e-03 1.069636829197406769e-02
4.463369250297546387e-01 4.463369250297546387e-01 1.796181052923202515e-01 9.345921128988265991e-02 8.488787338137626648e-03 1.079793926328420639e-02
4.494332075119018555e-01 4.494332075119018555e-01 1.782441884279251099e-01 9.198591113090515137e-02 8.306008763611316681e-03 1.073972880840301514e-02
4.450767934322357178e-01 4.450767934322357178e-01 1.779851317405700684e-01 9.011975675821304321e-02 8.550004102289676666e-03 1.058743149042129517e-02
4.385845661163330078e-01 4.385845661163330078e-01 1.791165471076965332e-01 8.901634067296981812e-02 8.556591346859931946e-03 1.036884356290102005e-02
4.467558562755584717e-01 4.467558562755584717e-01 1.762119978666305542e-01 8.540954440832138062e-02 8.406110107898712158e-03 9.928475134074687958e-03
4.543803334236145020e-01 4.543803334236145020e-01 1.700762957334518433e-01 8.375556021928787231e-02 8.336435072124004364e-03 9.665706194937229156e-03
4.529570639133453369e-01 4.529570639133453369e-01 1.668193042278289795e-01 8.117507398128509521e-02 8.517621085047721863e-03 9.475897997617721558e-03
4.553101062774658203e-01 4.553101062774658203e-01 1.627748608589172363e-01 7.824604958295822144e-02 8.402621373534202576e-03 9.274609386920928955e-03
4.508120715618133545e-01 4.508120715618133545e-01 1.597586274147033691e-01 7.880050688982009888e-02 8.468884043395519257e-03 9.265106171369552612e-03
4.423350989818572998e-01 4.423350989818572998e-01 1.583413928747177124e-01 7.805828005075454712e-02 8.456808514893054962e-03 9.257729165256023407e-03
4.406374096870422363e-01 4.406374096870422363e-01 1.543465703725814819e-01 7.729426026344299316e-02 8.459417149424552917e-03 9.270953014492988586e-03
4.350387156009674072e-01 4.350387156009674072e-01 1.537186801433563232e-01 7.596904039382934570e-02 8.698436431586742401e-03 9.047280065715312958e-03
4.317703545093536377e-01 4.317703545093536377e-01 1.513762027025222778e-01 7.567679882049560547e-02 8.715558797121047974e-03 9.035375900566577911e-03
4.171600937843322754e-01 4.171600937843322754e-01 1.507010012865066528e-01 7.562474906444549561e-02 8.953939191997051239e-03 9.086450561881065369e-03
4.122940003871917725e-01 4.122940003871917725e-01 1.535425186157226562e-01 7.538602501153945923e-02 8.842933923006057739e-03 9.025189094245433807e-03
4.109310805797576904e-01 4.109310805797576904e-01 1.537447273731231689e-01 7.477062195539474487e-02 8.750776760280132294e-03 8.954611606895923615e-03
4.021976888179779053e-01 4.021976888179779053e-01 1.535984277725219727e-01 7.462548464536666870e-02 8.787204511463642120e-03 8.893168531358242035e-03
3.980976641178131104e-01 3.980976641178131104e-01 1.517732590436935425e-01 7.263256609439849854e-02 8.931323885917663574e-03 8.684478700160980225e-03
3.867574632167816162e-01 3.867574632167816162e-01 1.545569151639938354e-01 7.396987080574035645e-02 8.855432271957397461e-03 8.784105069935321808e-03
3.768111169338226318e-01 3.768111169338226318e-01 1.501990407705307007e-01 7.177636027336120605e-02 8.788774721324443817e-03 8.636034093797206879e-03
3.675028383731842041e-01 3.675028383731842041e-01 1.485182046890258789e-01 7.150924950838088989e-02 8.932210505008697510e-03 8.580794557929039001e-03
3.519174456596374512e-01 3.519174456596374512e-01 1.481074541807174683e-01 7.168244570493698120e-02 9.015478193759918213e-03 8.652503602206707001e-03
3.435136079788208008e-01 3.435136079788208008e-01 1.449717134237289429e-01 7.128646224737167358e-02 9.086972102522850037e-03 8.568891324102878571e-03
3.372474610805511475e-01 3.372474610805511475e-01 1.442319303750991821e-01 7.153712213039398193e-02 9.108451195061206818e-03 8.649268187582492828e-03
3.389559686183929443e-01 3.389559686183929443e-01 1.409067511558532715e-01 6.913510710000991821e-02 9.139277040958404541e-03 8.361137472093105316e-03
3.338942825794219971e-01 3.338942825794219971e-01 1.391719579696655273e-01 7.048585265874862671e-02 9.061161428689956665e-03 8.460631594061851501e-03
3.172804415225982666e-01 3.172804415225982666e-01 1.374751627445220947e-01 7.004588842391967773e-02 9.033765643835067749e-03 8.447968401014804840e-03
3.072408139705657959e-01 3.072408139705657959e-01 1.329149305820465088e-01 6.965617835521697998e-02 9.077941998839378357e-03 8.392286486923694611e-03
3.086116015911102295e-01 3.086116015911102295e-01 1.351003646850585938e-01 7.050418853759765625e-02 8.948491886258125305e-03 8.497518487274646759e-03
3.048824667930603027e-01 3.048824667930603027e-01 1.359495520591735840e-01 6.974390894174575806e-02 8.994695730507373810e-03 8.406304754316806793e-03
2.985932528972625732e-01 2.985932528972625732e-01 1.401270478963851929e-01 7.142970710992813110e-02 8.920440450310707092e-03 8.634096942842006683e-03
