2.338291010113523996e-04
1.118127079266771542e-03
3.666401045008205878e-02
7.443936934024994456e-02
1.171201687315049367e-01
1.634028656157397730e-01
2.859071995007169686e-01
3.401296721951592161e-01
3.505806684655700667e-01
4.346223826544646784e-01
5.453863348893942531e-01
6.237826217154809338e-01
5.821431952571360924e-01
5.711505776413995372e-01
5.236349354300404713e-01
5.247690693986377664e-01
4.864602282123366983e-01
4.861429449655015889e-01
4.723355622561840605e-01
4.553618481599298606e-01
4.187620041452520536e-01
3.876094568793427841e-01
3.951167076167076408e-01
3.650834637274193994e-01
3.610633321130261586e-01
3.329006220315960940e-01
3.258175160668132508e-01
3.049659576966505803e-01
2.870829556272751493e-01
2.697689251558939016e-01
2.589277116315317206e-01
2.350214576318429560e-01
2.245889742065531602e-01
2.294254994354217037e-01
2.181315211433451917e-01
1.995525605321785134e-01
1.977004633848936932e-01
1.770567364611932148e-01
1.709280705115416577e-01
1.685717840267617063e-01
1.517638221117219022e-01
1.486350751017114502e-01
1.398473652742298345e-01
1.366893633978552014e-01
1.352117894876700976e-01
1.281404540355259858e-01
1.259826536926751950e-01
1.232493044858680720e-01
1.200395859989460134e-01
1.169378337137143148e-01
1.149486551700459463e-01
