          0  0.08441193 10.73596191
        100  0.00693246 21.59112930
        200  0.00383683 24.16027069
        300  0.00264475 25.77615166
        400  0.00210572 26.76599312
        500  0.00175410 27.55946732
        600  0.00141089 28.50506783
        700  0.00127425 28.94744682
        800  0.00117862 29.28624535
        900  0.00102246 29.90355682
       1000  0.00092858 30.32179642
       1100  0.00082139 30.85452271
       1200  0.00080256 30.95522118
       1300  0.00071349 31.46610832
       1400  0.00064071 31.93340302
       1500  0.00062415 32.04714203
       1600  0.00057220 32.42451859
       1700  0.00051381 32.89199448
       1800  0.00047897 33.19694901
       1900  0.00045493 33.42056274
       2000  0.00043333 33.63180161
       2100  0.00041413 33.82860947
       2200  0.00039331 34.05263519
       2300  0.00036400 34.38893890
       2400  0.00035123 34.54403687
       2500  0.00033489 34.75091553
       2600  0.00031659 34.99506378
       2700  0.00033001 34.81474686
       2800  0.00029073 35.36509705
       2900  0.00030167 35.20466614
       3000  0.00028017 35.52578735
       3100  0.00026699 35.73497772
       3200  0.00027082 35.67313004
       3300  0.00025570 35.92262268
       3400  0.00023173 36.35020065
       3500  0.00025310 35.96703720
       3600  0.00021313 36.71357727
       3700  0.00021847 36.60600662
       3800  0.00021377 36.70046616
       3900  0.00019023 37.20729446
       4000  0.00018931 37.22835922
       4100  0.00018190 37.40171051
       4200  0.00019792 37.03520203
       4300  0.00017667 37.52828979
       4400  0.00017273 37.62641525
       4500  0.00017440 37.58453751
       4600  0.00017739 37.51066589
       4700  0.00017766 37.50416565
       4800  0.00016835 37.73778915
       4900  0.00015362 38.13565063
       5000  0.00013861 38.58218002
