5.490000000000000000e+02 7.800000000000000000e+01 7.000000000000000000e+02 2.100000000000000000e+01 5.910000000000000000e+02
8.550000000000000000e+02 6.530000000000000000e+02 1.260000000000000000e+02 7.250000000000000000e+02 8.830000000000000000e+02
6.960000000000000000e+02 9.210000000000000000e+02 8.590000000000000000e+02 7.250000000000000000e+02 5.040000000000000000e+02
8.030000000000000000e+02 7.950000000000000000e+02 8.140000000000000000e+02 4.500000000000000000e+02 8.020000000000000000e+02
8.140000000000000000e+02 8.950000000000000000e+02 8.030000000000000000e+02 8.020000000000000000e+02 7.950000000000000000e+02
8.950000000000000000e+02 8.140000000000000000e+02 7.950000000000000000e+02 8.030000000000000000e+02 8.020000000000000000e+02
8.950000000000000000e+02 9.080000000000000000e+02 8.140000000000000000e+02 7.950000000000000000e+02 8.020000000000000000e+02
8.950000000000000000e+02 9.080000000000000000e+02 8.140000000000000000e+02 7.950000000000000000e+02 4.030000000000000000e+02
8.950000000000000000e+02 9.080000000000000000e+02 8.140000000000000000e+02 4.030000000000000000e+02 7.950000000000000000e+02
8.950000000000000000e+02 9.080000000000000000e+02 8.140000000000000000e+02 4.030000000000000000e+02 7.950000000000000000e+02
8.950000000000000000e+02 9.080000000000000000e+02 4.030000000000000000e+02 8.140000000000000000e+02 4.040000000000000000e+02
8.950000000000000000e+02 9.080000000000000000e+02 4.030000000000000000e+02 8.140000000000000000e+02 4.040000000000000000e+02
8.950000000000000000e+02 9.080000000000000000e+02 4.030000000000000000e+02 8.140000000000000000e+02 4.040000000000000000e+02
8.950000000000000000e+02 9.080000000000000000e+02 4.030000000000000000e+02 8.140000000000000000e+02 4.040000000000000000e+02
8.950000000000000000e+02 9.080000000000000000e+02 4.030000000000000000e+02 4.040000000000000000e+02 8.140000000000000000e+02
8.950000000000000000e+02 9.080000000000000000e+02 4.030000000000000000e+02 4.040000000000000000e+02 8.140000000000000000e+02
8.950000000000000000e+02 9.080000000000000000e+02 4.040000000000000000e+02 4.030000000000000000e+02 7.950000000000000000e+02
8.950000000000000000e+02 9.080000000000000000e+02 4.040000000000000000e+02 4.030000000000000000e+02 7.950000000000000000e+02
8.950000000000000000e+02 9.080000000000000000e+02 4.040000000000000000e+02 7.950000000000000000e+02 4.030000000000000000e+02
8.950000000000000000e+02 9.080000000000000000e+02 4.040000000000000000e+02 7.950000000000000000e+02 8.140000000000000000e+02
8.950000000000000000e+02 9.080000000000000000e+02 4.040000000000000000e+02 7.950000000000000000e+02 8.140000000000000000e+02
8.950000000000000000e+02 9.080000000000000000e+02 4.040000000000000000e+02 7.950000000000000000e+02 8.140000000000000000e+02
8.950000000000000000e+02 9.080000000000000000e+02 4.040000000000000000e+02 7.950000000000000000e+02 8.140000000000000000e+02
8.950000000000000000e+02 9.080000000000000000e+02 4.040000000000000000e+02 7.950000000000000000e+02 8.140000000000000000e+02
8.950000000000000000e+02 9.080000000000000000e+02 4.040000000000000000e+02 7.950000000000000000e+02 8.140000000000000000e+02
8.950000000000000000e+02 9.080000000000000000e+02 4.040000000000000000e+02 7.950000000000000000e+02 8.140000000000000000e+02
8.950000000000000000e+02 4.040000000000000000e+02 9.080000000000000000e+02 7.950000000000000000e+02 8.140000000000000000e+02
8.950000000000000000e+02 4.040000000000000000e+02 9.080000000000000000e+02 7.950000000000000000e+02 8.140000000000000000e+02
8.950000000000000000e+02 4.040000000000000000e+02 9.080000000000000000e+02 7.950000000000000000e+02 8.140000000000000000e+02
8.950000000000000000e+02 4.040000000000000000e+02 9.080000000000000000e+02 7.950000000000000000e+02 8.140000000000000000e+02
8.950000000000000000e+02 4.040000000000000000e+02 9.080000000000000000e+02 7.950000000000000000e+02 8.140000000000000000e+02
8.950000000000000000e+02 4.040000000000000000e+02 9.080000000000000000e+02 7.950000000000000000e+02 8.140000000000000000e+02
8.950000000000000000e+02 4.040000000000000000e+02 9.080000000000000000e+02 7.950000000000000000e+02 8.140000000000000000e+02
8.950000000000000000e+02 4.040000000000000000e+02 9.080000000000000000e+02 7.950000000000000000e+02 8.140000000000000000e+02
8.950000000000000000e+02 4.040000000000000000e+02 9.080000000000000000e+02 7.950000000000000000e+02 8.140000000000000000e+02
8.950000000000000000e+02 4.040000000000000000e+02 9.080000000000000000e+02 7.950000000000000000e+02 8.140000000000000000e+02
8.950000000000000000e+02 4.040000000000000000e+02 9.080000000000000000e+02 7.950000000000000000e+02 8.140000000000000000e+02
8.950000000000000000e+02 4.040000000000000000e+02 9.080000000000000000e+02 7.950000000000000000e+02 8.140000000000000000e+02
8.950000000000000000e+02 4.040000000000000000e+02 9.080000000000000000e+02 7.950000000000000000e+02 8.140000000000000000e+02
8.950000000000000000e+02 4.040000000000000000e+02 9.080000000000000000e+02 7.950000000000000000e+02 8.140000000000000000e+02
8.950000000000000000e+02 4.040000000000000000e+02 9.080000000000000000e+02 7.950000000000000000e+02 8.140000000000000000e+02
8.950000000000000000e+02 4.040000000000000000e+02 9.080000000000000000e+02 7.950000000000000000e+02 8.140000000000000000e+02
8.950000000000000000e+02 4.040000000000000000e+02 9.080000000000000000e+02 7.950000000000000000e+02 4.070000000000000000e+02
8.950000000000000000e+02 4.040000000000000000e+02 9.080000000000000000e+02 7.950000000000000000e+02 4.070000000000000000e+02
8.950000000000000000e+02 4.040000000000000000e+02 9.080000000000000000e+02 7.950000000000000000e+02 4.070000000000000000e+02
8.950000000000000000e+02 4.040000000000000000e+02 9.080000000000000000e+02 7.950000000000000000e+02 4.070000000000000000e+02
8.950000000000000000e+02 4.040000000000000000e+02 9.080000000000000000e+02 7.950000000000000000e+02 4.070000000000000000e+02
8.950000000000000000e+02 4.040000000000000000e+02 9.080000000000000000e+02 7.950000000000000000e+02 4.070000000000000000e+02
8.950000000000000000e+02 4.040000000000000000e+02 9.080000000000000000e+02 7.950000000000000000e+02 4.070000000000000000e+02
8.950000000000000000e+02 4.040000000000000000e+02 9.080000000000000000e+02 7.950000000000000000e+02 4.070000000000000000e+02
8.950000000000000000e+02 4.040000000000000000e+02 9.080000000000000000e+02 7.950000000000000000e+02 4.070000000000000000e+02
