          0  0.09846873 10.06701660
        100  0.00813115 20.89848137
        200  0.00423544 23.73101044
        300  0.00294369 25.31108284
        400  0.00234536 26.29790497
        500  0.00196755 27.06073380
        600  0.00159591 27.96991730
        700  0.00128917 28.89690399
        800  0.00109857 29.59173965
        900  0.00099059 30.04103851
       1000  0.00092392 30.34367561
       1100  0.00077628 31.09980202
       1200  0.00069881 31.55638313
       1300  0.00066151 31.79466057
       1400  0.00059082 32.28548050
       1500  0.00053546 32.71276855
       1600  0.00049258 33.07522202
       1700  0.00044097 33.55589676
       1800  0.00044755 33.49155426
       1900  0.00041920 33.77577591
       2000  0.00038435 34.15277100
       2100  0.00041055 33.86633682
       2200  0.00032328 34.90423203
       2300  0.00032890 34.82935333
       2400  0.00031062 35.07764053
       2500  0.00028635 35.43103027
       2600  0.00031003 35.08601379
       2700  0.00023604 36.27009583
       2800  0.00024127 36.17505264
       2900  0.00024880 36.04144287
       3000  0.00021790 36.61747742
       3100  0.00020767 36.82622147
       3200  0.00022287 36.51953888
       3300  0.00024385 36.12868881
       3400  0.00019353 37.13249588
       3500  0.00021243 36.72790527
       3600  0.00016467 37.83372498
       3700  0.00017303 37.61877823
       3800  0.00015668 38.04995346
       3900  0.00015903 37.98520279
       4000  0.00015499 38.09703827
       4100  0.00015178 38.18795395
       4200  0.00014623 38.34960175
       4300  0.00015415 38.12054825
       4400  0.00013415 38.72410202
       4500  0.00012961 38.87363815
       4600  0.00013689 38.63618851
       4700  0.00012143 39.15690231
       4800  0.00012057 39.18750000
       4900  0.00014016 38.53374863
       5000  0.00012958 38.87473297
