1.514949777170910335e-03
9.862221878248719209e-01
9.842309199043421941e-01
9.791090481997519746e-01
9.616750101822465480e-01
9.484846755322184908e-01
9.341121544199316729e-01
9.340817944420323204e-01
9.351635180640374134e-01
9.292810332910903526e-01
9.298869180468852802e-01
9.270817278054666044e-01
9.261543141498712606e-01
9.218046496784262356e-01
9.155807346815832970e-01
9.136137906016146282e-01
9.172673270758709974e-01
9.253812104606857769e-01
9.307769196037305459e-01
9.370622119574685271e-01
9.377558298777443069e-01
9.377016241691720211e-01
9.402894537026772470e-01
9.429375250820929422e-01
9.447553586406858273e-01
9.479378971113496810e-01
9.514032375808715303e-01
9.516130082943100588e-01
9.504780949472451113e-01
9.533290642104568224e-01
9.533658786718466338e-01
9.535844346544803951e-01
9.531126597223197328e-01
9.537897828514533272e-01
9.575434235835471597e-01
9.564006214233271574e-01
9.562825282809469529e-01
9.579920699498671866e-01
9.575630260889624878e-01
9.580739462682178464e-01
9.590757060114249999e-01
9.576807606489265989e-01
9.574549134904980496e-01
9.581989122402406744e-01
9.601687249795384238e-01
9.591869263241626919e-01
9.611478342667930663e-01
9.590051848029186310e-01
9.581493681030780474e-01
9.582220408060813099e-01
9.568523157401843671e-01
