1.510916976258158684e-03 1.510916976258158684e-03 6.613930454477667809e-04 1.408043317496776581e-03 2.599213912617415190e-04 3.069012600462883711e-04
9.835968613624572754e-01 9.835968613624572754e-01 3.961253387387841940e-04 1.233415514434454963e-05 2.085833984892815351e-04 2.517677421565167606e-05
9.816108942031860352e-01 9.816108942031860352e-01 6.824312731623649597e-05 8.620493645139504224e-06 2.543687296565622091e-04 6.893721729284152389e-05
9.765026569366455078e-01 9.765026569366455078e-01 1.018050897982902825e-04 1.376980890199774876e-05 2.294771402375772595e-04 6.679369107587262988e-05
9.591150283813476562e-01 9.591150283813476562e-01 3.187292604707181454e-04 2.820220470312051475e-05 5.477438680827617645e-04 2.688288805074989796e-04
9.459598064422607422e-01 9.459598064422607422e-01 3.381846763659268618e-04 3.938945519621483982e-05 9.395155939273536205e-04 5.012992187403142452e-04
9.316255450248718262e-01 9.316255450248718262e-01 3.056337300222367048e-04 4.896336395177058876e-05 1.559749827720224857e-03 8.073498611338436604e-04
9.315952658653259277e-01 9.315952658653259277e-01 2.946561726275831461e-04 4.874424485024064779e-05 1.743709319271147251e-03 9.602220379747450352e-04
9.326741099357604980e-01 9.326741099357604980e-01 2.942550636362284422e-04 4.690579953603446484e-05 1.739344792440533638e-03 1.020294963382184505e-03
9.268072843551635742e-01 9.268072843551635742e-01 3.309854364488273859e-04 4.793963307747617364e-05 2.032794058322906494e-03 1.193298143334686756e-03
9.274115562438964844e-01 9.274115562438964844e-01 3.373459912836551666e-04 4.646382149076089263e-05 1.926139113493263721e-03 1.045984448865056038e-03
9.246138334274291992e-01 9.246138334274291992e-01 3.459231229498982430e-04 4.771137537318281829e-05 2.140955533832311630e-03 1.153935096226632595e-03
9.236888885498046875e-01 9.236888885498046875e-01 3.325189172755926847e-04 4.832217018702067435e-05 2.172439591959118843e-03 1.147140515968203545e-03
9.193508028984069824e-01 9.193508028984069824e-01 3.342841519042849541e-04 5.045616853749379516e-05 2.122035482898354530e-03 1.101493020541965961e-03
9.131434559822082520e-01 9.131434559822082520e-01 3.557286399882286787e-04 5.408440847531892359e-05 2.139658667147159576e-03 1.181434490717947483e-03
9.111817479133605957e-01 9.111817479133605957e-01 3.420749271754175425e-04 5.397383574745617807e-05 2.133093774318695068e-03 1.065734075382351875e-03
9.148255586624145508e-01 9.148255586624145508e-01 3.010745567735284567e-04 4.808613812201656401e-05 1.984097529202699661e-03 8.527573663741350174e-04
9.229178428649902344e-01 9.229178428649902344e-01 2.501492563169449568e-04 4.257522232364863157e-05 1.817253301851451397e-03 6.766805308870971203e-04
9.282991886138916016e-01 9.282991886138916016e-01 2.105345629388466477e-04 3.809070403804071248e-05 1.882430166006088257e-03 5.910836625844240189e-04
9.345677495002746582e-01 9.345677495002746582e-01 1.714419195195659995e-04 3.269746594014577568e-05 1.859119161963462830e-03 4.696151590906083584e-04
9.352595210075378418e-01 9.352595210075378418e-01 1.606425939826294780e-04 3.128603202640078962e-05 1.943902578204870224e-03 4.357239813543856144e-04
9.352054595947265625e-01 9.352054595947265625e-01 1.503970270277932286e-04 3.057536014239303768e-05 2.075957367196679115e-03 4.108374705538153648e-04
9.377864003181457520e-01 9.377864003181457520e-01 1.369467790937051177e-04 2.902539927163161337e-05 1.946609583683311939e-03 3.538510063663125038e-04
9.404274225234985352e-01 9.404274225234985352e-01 1.226967142429202795e-04 2.765644967439584434e-05 1.824235543608665466e-03 2.956265234388411045e-04
9.422404170036315918e-01 9.422404170036315918e-01 1.155193749582394958e-04 2.697499621717724949e-05 1.760414685122668743e-03 2.788240381050854921e-04
9.454144835472106934e-01 9.454144835472106934e-01 1.046851612045429647e-04 2.551317993493285030e-05 1.600371440872550011e-03 2.459778916090726852e-04
9.488705992698669434e-01 9.488705992698669434e-01 9.622223296901211143e-05 2.408594809821806848e-05 1.402532798238098621e-03 2.165078767575323582e-04
9.490798115730285645e-01 9.490798115730285645e-01 9.409370977664366364e-05 2.400715857220347971e-05 1.422663452103734016e-03 2.153573732357472181e-04
9.479479193687438965e-01 9.479479193687438965e-01 9.581627818988636136e-05 2.521637725294567645e-05 1.389767974615097046e-03 2.095707895932719111e-04
9.507912993431091309e-01 9.507912993431091309e-01 8.833607716951519251e-05 2.423861769784707576e-05 1.248626853339374065e-03 1.827720116125419736e-04
9.508280158042907715e-01 9.508280158042907715e-01 9.028188651427626610e-05 2.474209395586512983e-05 1.170835690572857857e-03 1.808947563404217362e-04
9.510459899902343750e-01 9.510459899902343750e-01 8.851982420310378075e-05 2.460771429468877614e-05 1.148949144408106804e-03 1.682074653217568994e-04
9.505754709243774414e-01 9.505754709243774414e-01 8.925384463509544730e-05 2.484898868715390563e-05 1.150667434558272362e-03 1.684963208390399814e-04
9.512507915496826172e-01 9.512507915496826172e-01 8.844310650601983070e-05 2.461838630551937968e-05 1.106075127609074116e-03 1.589372695889323950e-04
9.549944400787353516e-01 9.549944400787353516e-01 8.047258597798645496e-05 2.267213858431205153e-05 1.002847566269338131e-03 1.437650935258716345e-04
9.538546800613403320e-01 9.538546800613403320e-01 8.609028009232133627e-05 2.385291190876159817e-05 9.802029235288500786e-04 1.471280556870624423e-04
9.537369012832641602e-01 9.537369012832641602e-01 8.644549234304577112e-05 2.420668170088902116e-05 9.746887371875345707e-04 1.453474833397194743e-04
9.554418921470642090e-01 9.554418921470642090e-01 8.450033055851235986e-05 2.372451672272291034e-05 9.152633138000965118e-04 1.371290709357708693e-04
9.550139904022216797e-01 9.550139904022216797e-01 8.493761561112478375e-05 2.376036536588799208e-05 9.532717522233724594e-04 1.389017706969752908e-04
9.555235505104064941e-01 9.555235505104064941e-01 8.463966514682397246e-05 2.442180630168877542e-05 9.049125364981591702e-04 1.341335737379267812e-04
9.565226435661315918e-01 9.565226435661315918e-01 8.277159940917044878e-05 2.408783984719775617e-05 8.671064861118793488e-04 1.301744050579145551e-04
9.551314115524291992e-01 9.551314115524291992e-01 8.636655547888949513e-05 2.477704219927545637e-05 9.142092312686145306e-04 1.355528220301494002e-04
9.549061655998229980e-01 9.549061655998229980e-01 8.843261457514017820e-05 2.544635572121478617e-05 9.403862641192972660e-04 1.380547910230234265e-04
9.556481838226318359e-01 9.556481838226318359e-01 8.617988351034000516e-05 2.472077903803437948e-05 9.365986334159970284e-04 1.323957112617790699e-04
9.576127529144287109e-01 9.576127529144287109e-01 8.149986388161778450e-05 2.386470259807538241e-05 8.615477127023041248e-04 1.204035215778276324e-04
9.566335678100585938e-01 9.566335678100585938e-01 8.510844054399058223e-05 2.471327388775534928e-05 9.044332546181976795e-04 1.273878151550889015e-04
9.585892558097839355e-01 9.585892558097839355e-01 8.014630293473601341e-05 2.372993549215607345e-05 8.443693513981997967e-04 1.162325643235817552e-04
9.564523100852966309e-01 9.564523100852966309e-01 8.162888843799009919e-05 2.544189737818669528e-05 8.878325461409986019e-04 1.224562874995172024e-04
9.555987715721130371e-01 9.555987715721130371e-01 8.355070167453959584e-05 2.643568768689874560e-05 9.048095089383423328e-04 1.234472001669928432e-04
9.556712508201599121e-01 9.556712508201599121e-01 8.258088928414508700e-05 2.714837501116562635e-05 8.689978276379406452e-04 1.210429472848773003e-04
9.543051719665527344e-01 9.543051719665527344e-01 8.659472223371267319e-05 2.798111199808772653e-05 9.163871291093528271e-04 1.291260850848630071e-04
