          0  0.16052371  7.94460773
        100  0.00369013 24.32957840
        200  0.00199449 27.00168037
        300  0.00131455 28.81222916
        400  0.00103540 29.84891319
        500  0.00088896 30.51118279
        600  0.00074807 31.26055908
        700  0.00064635 31.89531898
        800  0.00061662 32.09984589
        900  0.00053955 32.67970657
       1000  0.00050777 32.94332504
       1100  0.00052439 32.80349731
       1200  0.00045530 33.41706848
       1300  0.00042486 33.71753693
       1400  0.00041016 33.87046432
       1500  0.00040239 33.95358276
       1600  0.00041124 33.85904694
       1700  0.00036212 34.41143036
       1800  0.00035712 34.47180557
       1900  0.00034273 34.65042496
       2000  0.00033241 34.78327179
       2100  0.00031634 34.99839401
       2200  0.00031405 35.02997589
       2300  0.00030339 35.17994308
       2400  0.00030546 35.15042496
       2500  0.00029590 35.28853607
       2600  0.00028795 35.40690231
       2700  0.00030119 35.21166229
       2800  0.00027148 35.66260910
       2900  0.00026828 35.71417618
       3000  0.00027435 35.61692047
       3100  0.00025517 35.93170166
       3200  0.00025449 35.94324112
       3300  0.00025185 35.98852539
       3400  0.00025015 36.01804733
       3500  0.00025479 35.93810654
       3600  0.00023956 36.20586014
       3700  0.00022988 36.38507080
       3800  0.00022221 36.53241348
       3900  0.00023863 36.22277451
       4000  0.00022184 36.53963470
       4100  0.00021128 36.75141525
       4200  0.00022393 36.49890137
       4300  0.00020135 36.96047974
       4400  0.00020613 36.85855103
       4500  0.00020235 36.93904877
       4600  0.00019371 37.12858200
       4700  0.00019205 37.16581345
       4800  0.00020725 36.83511734
       4900  0.00018679 37.28657532
       5000  0.00017995 37.44852829
