3.793195258567390229e-03
2.049905368546301853e-03
4.584493853584226228e-04
1.205927865231685644e-02
2.490209733368323464e-01
4.812706345906627159e-01
7.767739685110083281e-01
9.051029338535464541e-01
9.530558907960414716e-01
9.710139147414089678e-01
9.735417099565483179e-01
9.737513225229582625e-01
9.738744919110977616e-01
9.750187106380775459e-01
9.757707784299259890e-01
9.774520496837023620e-01
9.748039381909421319e-01
9.696845473531056081e-01
9.664798364912714490e-01
9.646697503327971157e-01
9.653813282370709015e-01
9.604341560065048355e-01
9.592476262575767576e-01
9.547032282459884112e-01
9.554808526235474275e-01
9.457391192229291921e-01
9.390738281197594794e-01
9.272184254605755349e-01
9.162661840417758441e-01
8.995623753395580735e-01
8.987979238339686150e-01
8.906674087182194777e-01
8.857328630193108676e-01
8.736118782639660241e-01
8.660236362602180549e-01
8.651177433182731802e-01
8.466820965311699920e-01
8.522975643723955663e-01
8.325975039896501562e-01
8.177066345564253380e-01
8.132725972878817045e-01
8.020934425261222467e-01
7.814891282223682678e-01
7.731277539725163184e-01
7.582872692569632145e-01
7.371429886114148067e-01
7.179765813046351530e-01
7.053310491451929565e-01
6.885736990923890799e-01
6.768980423958868009e-01
6.831228617985437568e-01
