3.724470734596252441e-03 3.724470734596252441e-03 2.150586806237697601e-04 4.754277179017663002e-04 4.257365944795310497e-04 1.734603196382522583e-03
2.012765500694513321e-03 2.012765500694513321e-03 2.663790655788034201e-04 3.829392953775823116e-04 1.103501650504767895e-03 5.069099715910851955e-04
4.501432704273611307e-04 4.501432704273611307e-04 1.202362327603623271e-04 1.595927460584789515e-04 6.943416665308177471e-04 2.412254980299621820e-04
1.184079051017761230e-02 1.184079051017761230e-02 2.594299730844795704e-04 4.658541292883455753e-04 1.865396392531692982e-03 1.116385101340711117e-03
2.445092499256134033e-01 2.445092499256134033e-01 8.761041099205613136e-04 4.810895188711583614e-04 6.215417757630348206e-03 1.679058652371168137e-03
4.725510478019714355e-01 4.725510478019714355e-01 9.476218838244676590e-04 3.970970574300736189e-04 5.561918951570987701e-03 9.059637086465954781e-04
7.627004981040954590e-01 7.627004981040954590e-01 8.720930200070142746e-04 2.360138023504987359e-04 3.536611795425415039e-03 5.004285485483705997e-04
8.887044191360473633e-01 8.887044191360473633e-01 6.015092367306351662e-04 1.395028812112286687e-04 1.776859513483941555e-03 3.350840124767273664e-04
9.357885718345642090e-01 9.357885718345642090e-01 4.702346632257103920e-04 8.852653991198167205e-05 1.107379328459501266e-03 2.480811963323503733e-04
9.534212350845336914e-01 9.534212350845336914e-01 4.787425277754664421e-04 6.102633778937160969e-05 1.017954782582819462e-03 2.089583140332251787e-04
9.559032320976257324e-01 9.559032320976257324e-01 5.339445779100060463e-04 5.295991286402568221e-05 1.059787347912788391e-03 1.959118089871481061e-04
9.561090469360351562e-01 9.561090469360351562e-01 6.986725493334233761e-04 5.659514499711804092e-05 1.220272271893918514e-03 2.215677523054182529e-04
9.562299847602844238e-01 9.562299847602844238e-01 7.879085023887455463e-04 5.273736678645946085e-05 1.343951676972210407e-03 2.372137241763994098e-04
9.573534727096557617e-01 9.573534727096557617e-01 8.419083314947783947e-04 4.972461101715452969e-05 1.418390544131398201e-03 2.684836217667907476e-04
9.580919146537780762e-01 9.580919146537780762e-01 9.189106058329343796e-04 4.782331598107703030e-05 1.479289028793573380e-03 2.817046770360320807e-04
9.597427248954772949e-01 9.597427248954772949e-01 1.049293903633952141e-03 4.641923806047998369e-05 1.521974452771246433e-03 3.418512060306966305e-04
9.571425914764404297e-01 9.571425914764404297e-01 1.184914028272032738e-03 4.924706081510521472e-05 1.601850613951683044e-03 4.045958921778947115e-04
9.521159529685974121e-01 9.521159529685974121e-01 1.523868413642048836e-03 5.884983693249523640e-05 2.001273445785045624e-03 5.120411515235900879e-04
9.489693045616149902e-01 9.489693045616149902e-01 1.851635053753852844e-03 6.357119127642363310e-05 2.239979803562164307e-03 6.138586322776973248e-04
9.471920132637023926e-01 9.471920132637023926e-01 2.089963760226964951e-03 6.451542139984667301e-05 2.412262838333845139e-03 6.734401104040443897e-04
9.478906989097595215e-01 9.478906989097595215e-01 2.234273590147495270e-03 5.912043707212433219e-05 2.396180061623454094e-03 6.347700837068259716e-04
9.430331587791442871e-01 9.430331587791442871e-01 2.787552308291196823e-03 7.080227806000038981e-05 2.911138581112027168e-03 7.843503262847661972e-04
9.418681263923645020e-01 9.418681263923645020e-01 2.927347784861922264e-03 7.333506073337048292e-05 2.802370814606547356e-03 8.364084060303866863e-04
9.374060630798339844e-01 9.374060630798339844e-01 3.265962237492203712e-03 8.216400601668283343e-05 3.013577079400420189e-03 9.133348939940333366e-04
9.381695985794067383e-01 9.381695985794067383e-01 3.250676440075039864e-03 8.225390774896368384e-05 2.867312869057059288e-03 8.714709547348320484e-04
9.286043643951416016e-01 9.286043643951416016e-01 3.795368364080786705e-03 9.260545630240812898e-05 3.262652782723307610e-03 1.045366516336798668e-03
9.220598340034484863e-01 9.220598340034484863e-01 4.291473887860774994e-03 1.026376194204203784e-04 3.584684571251273155e-03 1.132267527282238007e-03
9.104192256927490234e-01 9.104192256927490234e-01 5.130880046635866165e-03 1.214877047459594905e-04 4.194039385765790939e-03 1.445401576347649097e-03
8.996654152870178223e-01 8.996654152870178223e-01 6.168719846755266190e-03 1.420574553776532412e-04 5.132823251187801361e-03 1.544349477626383305e-03
8.832642436027526855e-01 8.832642436027526855e-01 7.180329877883195877e-03 1.661102869547903538e-04 5.935409571975469589e-03 1.790179871022701263e-03
8.825136423110961914e-01 8.825136423110961914e-01 7.539613638073205948e-03 1.649500918574631214e-04 6.281501613557338715e-03 1.870993291959166527e-03
8.745304346084594727e-01 8.745304346084594727e-01 8.385865949094295502e-03 1.685402385191991925e-04 6.893072742968797684e-03 2.084659412503242493e-03
8.696852922439575195e-01 8.696852922439575195e-01 9.083379991352558136e-03 1.783511688699945807e-04 7.246789988130331039e-03 2.158346818760037422e-03
8.577839136123657227e-01 8.577839136123657227e-01 1.043736282736063004e-02 2.016846847254782915e-04 8.106493391096591949e-03 2.541199792176485062e-03
8.503331542015075684e-01 8.503331542015075684e-01 1.115014683455228806e-02 2.056690718745812774e-04 8.704333566129207611e-03 2.595608588308095932e-03
8.494436740875244141e-01 8.494436740875244141e-01 1.152004301548004150e-02 2.029151219176128507e-04 8.763075806200504303e-03 2.595901954919099808e-03
8.313420414924621582e-01 8.313420414924621582e-01 1.376634743064641953e-02 2.254883438581600785e-04 1.028918288648128510e-02 2.913044765591621399e-03
8.368557691574096680e-01 8.368557691574096680e-01 1.370641402900218964e-02 2.200638555223122239e-04 9.907578118145465851e-03 2.767015015706419945e-03
8.175126314163208008e-01 8.175126314163208008e-01 1.609436981379985809e-02 2.656891883816570044e-04 1.120171137154102325e-02 3.347266698256134987e-03
8.028915524482727051e-01 8.028915524482727051e-01 1.853254064917564392e-02 3.031204978469759226e-04 1.249220315366983414e-02 3.783644177019596100e-03
7.985378503799438477e-01 7.985378503799438477e-01 1.887102983891963959e-02 3.128816024400293827e-04 1.276737265288829803e-02 3.866178449243307114e-03
7.875612378120422363e-01 7.875612378120422363e-01 2.133575826883316040e-02 3.301583928987383842e-04 1.389546971768140793e-02 4.009332507848739624e-03
7.673302292823791504e-01 7.673302292823791504e-01 2.499042078852653503e-02 3.712353354785591364e-04 1.602100394666194916e-02 4.681105259805917740e-03
7.591203451156616211e-01 7.591203451156616211e-01 2.674777992069721222e-02 3.845123283099383116e-04 1.692509651184082031e-02 4.629594739526510239e-03
7.445487380027770996e-01 7.445487380027770996e-01 3.091784939169883728e-02 4.220895934849977493e-04 1.893341913819313049e-02 5.110553465783596039e-03
7.237875461578369141e-01 7.237875461578369141e-01 3.459472209215164185e-02 4.620708350557833910e-04 2.049240469932556152e-02 5.829984322190284729e-03
7.049683928489685059e-01 7.049683928489685059e-01 3.853420540690422058e-02 5.188831128180027008e-04 2.281095646321773529e-02 6.475992500782012939e-03
6.925519704818725586e-01 6.925519704818725586e-01 4.171477630734443665e-02 5.377741763368248940e-04 2.425158023834228516e-02 6.708331871777772903e-03
6.760982275009155273e-01 6.760982275009155273e-01 4.347528144717216492e-02 5.694209830835461617e-04 2.578346617519855499e-02 7.413594517856836319e-03
6.646341085433959961e-01 6.646341085433959961e-01 4.580080881714820862e-02 5.938731483183801174e-04 2.724913693964481354e-02 7.465369999408721924e-03
6.707461476325988770e-01 6.707461476325988770e-01 4.654706269502639771e-02 5.778198828920722008e-04 2.639273554086685181e-02 7.505326066166162491e-03
