4.558672441878446860e-04
1.375889003362044732e-03
1.017934309079298050e+00
9.977540908162499944e-01
1.002906037266566797e+00
1.014411579162368460e+00
1.016737507788645356e+00
1.019289339445319076e+00
1.017195906727579757e+00
1.009393041540303182e+00
1.003987786370064805e+00
9.999915326761138479e-01
9.935329036328051089e-01
9.899234967591479251e-01
9.859735871203600954e-01
9.826211732220558881e-01
9.769487772150131644e-01
9.738100501317282776e-01
9.725634790747218483e-01
9.647041866068912785e-01
9.652015610901258924e-01
9.648238279543204232e-01
9.597597219098146226e-01
9.629762708095795931e-01
9.582385768690809824e-01
9.541422665539414094e-01
9.512640874293204485e-01
9.510354696843950073e-01
9.505909028623432677e-01
9.480766247566452254e-01
9.426117105028426479e-01
9.366072144184952597e-01
9.337530799082685018e-01
9.289083486520796074e-01
9.213784415470253064e-01
9.136964457923217875e-01
9.096928882235684188e-01
9.026554432611736400e-01
8.985949413233845773e-01
8.947660950253503165e-01
8.837861735710905720e-01
8.815440779148924211e-01
8.805708527564694021e-01
8.713201398207254256e-01
8.642302750135089084e-01
8.599026322389156096e-01
8.615603532748505877e-01
8.553143768695979920e-01
8.400586507610249276e-01
8.345303931682269694e-01
8.285459988986015878e-01
