3.315645735710859299e-03 6.824509910074993968e-05 7.285227911779657006e-05 5.815501208417117596e-05 3.866691258735954762e-05 9.401119314134120941e-05
4.818352404981851578e-03 7.717920379946008325e-05 1.541524579806718975e-05 3.352896965225227177e-05 4.623513086698949337e-05 1.687345138634555042e-05
3.262417912483215332e-01 1.885399408638477325e-02 6.392750656232237816e-04 6.250054575502872467e-04 3.504625754430890083e-03 2.187062782468274236e-04
3.349534273147583008e-01 1.169301345944404602e-01 2.495739376172423363e-03 3.254483686760067940e-03 1.592112332582473755e-02 1.073630410246551037e-03
2.293756455183029175e-01 6.865884363651275635e-02 4.458530806005001068e-03 9.351182729005813599e-03 3.368908539414405823e-02 2.975131617859005928e-03
1.924346685409545898e-01 4.205258563160896301e-02 6.279105320572853088e-03 1.689277961850166321e-02 5.832682549953460693e-02 4.860464483499526978e-03
1.507710069417953491e-01 2.536225318908691406e-02 7.161844056099653244e-03 2.324207127094268799e-02 6.032848358154296875e-02 5.361414048820734024e-03
1.075316146016120911e-01 1.628193445503711700e-02 8.847042918205261230e-03 2.714855782687664032e-02 6.346689909696578979e-02 5.645939148962497711e-03
1.047678142786026001e-01 1.178141217678785324e-02 9.339532814919948578e-03 3.093080408871173859e-02 6.883417814970016479e-02 4.779045470058917999e-03
1.174558103084564209e-01 1.137259602546691895e-02 1.062989514321088791e-02 3.043255582451820374e-02 6.278076767921447754e-02 4.435991868376731873e-03
8.509702235460281372e-02 1.216618902981281281e-02 1.131452247500419617e-02 2.551310323178768158e-02 5.378689244389533997e-02 4.307847935706377029e-03
9.062530100345611572e-02 1.245853770524263382e-02 1.356459967792034149e-02 2.915481664240360260e-02 6.756850332021713257e-02 4.799942951649427414e-03
8.728127181529998779e-02 1.240427605807781219e-02 1.348040252923965454e-02 3.003219701349735260e-02 7.333904504776000977e-02 4.576586186885833740e-03
9.442596137523651123e-02 1.111388485878705978e-02 1.173084788024425507e-02 2.373619377613067627e-02 6.857047975063323975e-02 3.817486343905329704e-03
1.207779720425605774e-01 1.168465893715620041e-02 1.145992521196603775e-02 2.219620533287525177e-02 6.451281905174255371e-02 3.420871216803789139e-03
1.362889409065246582e-01 1.192953903228044510e-02 1.119831483811140060e-02 2.062096819281578064e-02 6.377237290143966675e-02 3.276963485404849052e-03
1.563439071178436279e-01 1.295462436974048615e-02 1.007601432502269745e-02 2.004243619740009308e-02 6.215821206569671631e-02 2.883985172957181931e-03
1.244662180542945862e-01 1.326616294682025909e-02 1.178939547389745712e-02 2.108175866305828094e-02 5.966575071215629578e-02 2.750021405518054962e-03
9.126955270767211914e-02 1.235575508326292038e-02 1.188334263861179352e-02 1.707259006798267365e-02 4.794898256659507751e-02 2.195829758420586586e-03
7.561058551073074341e-02 1.167073100805282593e-02 1.183564215898513794e-02 1.503622159361839294e-02 4.350858181715011597e-02 2.162727992981672287e-03
6.719745695590972900e-02 1.355247106403112411e-02 1.215337961912155151e-02 1.422316487878561020e-02 4.357612878084182739e-02 2.102566650137305260e-03
5.906497314572334290e-02 1.196752581745386124e-02 1.272920053452253342e-02 1.420367229729890823e-02 4.029123857617378235e-02 2.251054858788847923e-03
5.942863970994949341e-02 1.307052373886108398e-02 1.376027148216962814e-02 1.573249883949756622e-02 4.445457085967063904e-02 2.262875670567154884e-03
5.393051356077194214e-02 1.284878980368375778e-02 1.416402962058782578e-02 1.582463271915912628e-02 4.497322067618370056e-02 2.291090553626418114e-03
5.625954270362854004e-02 1.306961290538311005e-02 1.378320809453725815e-02 1.483318395912647247e-02 4.471779242157936096e-02 2.398252254351973534e-03
5.848949402570724487e-02 1.196270436048507690e-02 1.256997976452112198e-02 1.345949340611696243e-02 4.276031255722045898e-02 2.435448579490184784e-03
5.645199865102767944e-02 1.277212705463171005e-02 1.103924866765737534e-02 1.165815256536006927e-02 3.621009737253189087e-02 2.360411221161484718e-03
5.068840458989143372e-02 1.390738319605588913e-02 1.036877464503049850e-02 1.094191521406173706e-02 3.195545449852943420e-02 2.289950847625732422e-03
4.572224244475364685e-02 1.441860292106866837e-02 1.007324550300836563e-02 9.474889375269412994e-03 2.510489523410797119e-02 2.332691568881273270e-03
4.192990809679031372e-02 1.474146265536546707e-02 9.636500850319862366e-03 8.455184288322925568e-03 1.937819272279739380e-02 2.185715362429618835e-03
3.535532206296920776e-02 1.605946198105812073e-02 1.010797359049320221e-02 7.820060476660728455e-03 1.581684686243534088e-02 2.412559697404503822e-03
3.490841761231422424e-02 1.930862665176391602e-02 9.811855852603912354e-03 7.393420673906803131e-03 1.397828198969364166e-02 2.441677032038569450e-03
2.759429812431335449e-02 1.897657290101051331e-02 9.331678971648216248e-03 6.759059149771928787e-03 1.213043835014104843e-02 2.418194431811571121e-03
2.556814998388290405e-02 1.814411021769046783e-02 8.853357285261154175e-03 6.804963108152151108e-03 1.129962410777807236e-02 2.271252451464533806e-03
2.267389371991157532e-02 1.640257611870765686e-02 8.048538118600845337e-03 6.867103278636932373e-03 1.038066204637289047e-02 1.990423770621418953e-03
1.955343224108219147e-02 1.684374734759330750e-02 8.096900768578052521e-03 6.701683159917593002e-03 9.079546667635440826e-03 1.996058737859129906e-03
2.040859125554561615e-02 2.056230232119560242e-02 8.878976106643676758e-03 7.257865276187658310e-03 9.475543163716793060e-03 2.055247081443667412e-03
1.966637745499610901e-02 2.445900999009609222e-02 9.772879071533679962e-03 7.318655028939247131e-03 9.359438903629779816e-03 2.082756254822015762e-03
1.805100589990615845e-02 2.778027020394802094e-02 9.850388392806053162e-03 6.991392467170953751e-03 8.481311611831188202e-03 1.959992805495858192e-03
1.682340726256370544e-02 3.097123466432094574e-02 1.053594052791595459e-02 7.294633425772190094e-03 8.889119140803813934e-03 1.963496208190917969e-03
1.663638651371002197e-02 3.522769734263420105e-02 1.120116375386714935e-02 7.626927457749843597e-03 9.566497057676315308e-03 1.977139851078391075e-03
1.517268549650907516e-02 3.763904049992561340e-02 1.098742987960577011e-02 7.267555221915245056e-03 9.370616637170314789e-03 1.946645556017756462e-03
1.396397780627012253e-02 4.052674397826194763e-02 1.184099633246660233e-02 7.743118796497583389e-03 1.022041123360395432e-02 2.084967680275440216e-03
1.308098528534173965e-02 4.472331702709197998e-02 1.284676976501941681e-02 8.258536458015441895e-03 1.119713392108678818e-02 2.219324698671698570e-03
1.313268486410379410e-02 4.571520537137985229e-02 1.440340373665094376e-02 9.167972952127456665e-03 1.193307247012853622e-02 2.333394950255751610e-03
1.114022079855203629e-02 4.635928198695182800e-02 1.441985275596380234e-02 9.232159703969955444e-03 1.185229886323213577e-02 2.327803755179047585e-03
1.093270163983106613e-02 4.656656458973884583e-02 1.473421230912208557e-02 9.388542734086513519e-03 1.147677842527627945e-02 2.378586446866393089e-03
1.029560994356870651e-02 4.709368944168090820e-02 1.527432724833488464e-02 9.302639402449131012e-03 1.100347936153411865e-02 2.345540793612599373e-03
9.946581907570362091e-03 4.836699739098548889e-02 1.632992736995220184e-02 9.369527921080589294e-03 1.076745241880416870e-02 2.368894405663013458e-03
9.855297394096851349e-03 5.684682354331016541e-02 1.822618208825588226e-02 1.001439616084098816e-02 1.157853379845619202e-02 2.448783488944172859e-03
9.926785714924335480e-03 5.977370589971542358e-02 1.948856376111507416e-02 1.022066455334424973e-02 1.218870747834444046e-02 2.608955604955554008e-03
9.430864825844764709e-03 6.201104074716567993e-02 1.904527470469474792e-02 9.591372683644294739e-03 1.156789250671863556e-02 2.363927895203232765e-03
9.490152820944786072e-03 6.124475598335266113e-02 1.882176287472248077e-02 9.346496313810348511e-03 1.102162245661020279e-02 2.299317857250571251e-03
9.187988936901092529e-03 6.333138048648834229e-02 2.005364373326301575e-02 9.802288375794887543e-03 1.190463081002235413e-02 2.343215281143784523e-03
9.230423718690872192e-03 6.609518080949783325e-02 2.119413949549198151e-02 1.026708073914051056e-02 1.308785565197467804e-02 2.406805520877242088e-03
8.926282636821269989e-03 7.047422230243682861e-02 2.178277261555194855e-02 1.030787825584411621e-02 1.361901778727769852e-02 2.532500540837645531e-03
8.736251853406429291e-03 7.003831118345260620e-02 2.144503965973854065e-02 1.055062189698219299e-02 1.405044086277484894e-02 2.461916301399469376e-03
8.768951520323753357e-03 7.430510222911834717e-02 2.245433814823627472e-02 1.085139159113168716e-02 1.462940778583288193e-02 2.533203922212123871e-03
9.016483090817928314e-03 8.214671909809112549e-02 2.523918822407722473e-02 1.185350865125656128e-02 1.630645617842674255e-02 2.829123288393020630e-03
8.328010328114032745e-03 8.594021946191787720e-02 2.500134706497192383e-02 1.192491594702005386e-02 1.645157486200332642e-02 2.811387181282043457e-03
8.568691089749336243e-03 8.937112241983413696e-02 2.473760768771171570e-02 1.211794465780258179e-02 1.705564744770526886e-02 2.776921726763248444e-03
8.547706529498100281e-03 9.245725721120834351e-02 2.514321357011795044e-02 1.236964669078588486e-02 1.703972928225994110e-02 2.913143252953886986e-03
8.345690555870532990e-03 9.336151182651519775e-02 2.486173808574676514e-02 1.248902268707752228e-02 1.725950650870800018e-02 2.822284353896975517e-03
8.108695968985557556e-03 1.015061736106872559e-01 2.477399632334709167e-02 1.269629132002592087e-02 1.767767593264579773e-02 2.920181490480899811e-03
8.257229812443256378e-03 1.005297377705574036e-01 2.558026835322380066e-02 1.344135589897632599e-02 1.835270039737224579e-02 2.929605310782790184e-03
8.633107878267765045e-03 1.023356392979621887e-01 2.606619894504547119e-02 1.366414781659841537e-02 1.806585490703582764e-02 2.964684274047613144e-03
8.558890782296657562e-03 1.059752926230430603e-01 2.686744555830955505e-02 1.418616808950901031e-02 1.835045777261257172e-02 3.037708345800638199e-03
8.181192912161350250e-03 1.031644046306610107e-01 2.759042009711265564e-02 1.470346376299858093e-02 1.850323006510734558e-02 3.078207373619079590e-03
7.778016384690999985e-03 1.042056158185005188e-01 2.850919775664806366e-02 1.524362061172723770e-02 1.893413811922073364e-02 3.048732643947005272e-03
7.370184175670146942e-03 1.096517518162727356e-01 2.966050244867801666e-02 1.551658473908901215e-02 1.933276839554309845e-02 3.239887999370694160e-03
7.355708628892898560e-03 1.122040152549743652e-01 2.948101982474327087e-02 1.604215428233146667e-02 1.952900737524032593e-02 3.033156506717205048e-03
7.145640440285205841e-03 1.196945831179618835e-01 3.095572255551815033e-02 1.638431474566459656e-02 1.981992833316326141e-02 3.199790138751268387e-03
6.882520858198404312e-03 1.286377310752868652e-01 3.005844727158546448e-02 1.625778153538703918e-02 1.924434117972850800e-02 3.094157669693231583e-03
6.896951235830783844e-03 1.357565224170684814e-01 3.028298355638980865e-02 1.574255898594856262e-02 1.826639100909233093e-02 3.127525560557842255e-03
6.923221517354249954e-03 1.375598907470703125e-01 2.975322864949703217e-02 1.516693364828824997e-02 1.753967069089412689e-02 3.077169880270957947e-03
6.628687493503093719e-03 1.403145343065261841e-01 3.151784092187881470e-02 1.598742231726646423e-02 1.820844039320945740e-02 3.283802652731537819e-03
6.449757143855094910e-03 1.482196897268295288e-01 3.143623098731040955e-02 1.639528758823871613e-02 1.850280351936817169e-02 3.263281425461173058e-03
6.686003413051366806e-03 1.520329713821411133e-01 3.256101533770561218e-02 1.736039109528064728e-02 1.935470290482044220e-02 3.337347647175192833e-03
6.489972583949565887e-03 1.612735837697982788e-01 3.367693722248077393e-02 1.790819875895977020e-02 1.969839073717594147e-02 3.369452431797981262e-03
6.453190464526414871e-03 1.649005562067031860e-01 3.454717248678207397e-02 1.807356625795364380e-02 2.015406079590320587e-02 3.508026944473385811e-03
6.254098843783140182e-03 1.751880794763565063e-01 3.547095134854316711e-02 1.872468739748001099e-02 2.058122307062149048e-02 3.685377771034836769e-03
6.602875888347625732e-03 1.767978668212890625e-01 3.534689545631408691e-02 1.894275844097137451e-02 2.098703756928443909e-02 3.704261966049671173e-03
6.443905178457498550e-03 1.819878220558166504e-01 3.753894567489624023e-02 1.920663565397262573e-02 2.176566235721111298e-02 3.903009928762912750e-03
6.408134475350379944e-03 1.912732571363449097e-01 3.952233865857124329e-02 1.970391348004341125e-02 2.238360606133937836e-02 3.955014050006866455e-03
6.386694032698869705e-03 2.078728675842285156e-01 4.002712294459342957e-02 2.029636874794960022e-02 2.275014482438564301e-02 4.042987246066331863e-03
6.097999867051839828e-03 2.084299027919769287e-01 4.242574423551559448e-02 2.106459997594356537e-02 2.378042228519916534e-02 4.396813921630382538e-03
6.283542141318321228e-03 2.124017030000686646e-01 4.348719120025634766e-02 2.191075868904590607e-02 2.433451637625694275e-02 4.501190036535263062e-03
5.881628487259149551e-03 2.195003479719161987e-01 4.350384324789047241e-02 2.210344187915325165e-02 2.463222295045852661e-02 4.420757759362459183e-03
5.638399627059698105e-03 2.317863106727600098e-01 4.471001029014587402e-02 2.239834703505039215e-02 2.442522905766963959e-02 4.554607439786195755e-03
5.583573598414659500e-03 2.356943488121032715e-01 4.415488243103027344e-02 2.209965325891971588e-02 2.452039718627929688e-02 4.485256969928741455e-03
5.406263284385204315e-03 2.371256500482559204e-01 4.371141269803047180e-02 2.204416692256927490e-02 2.418068051338195801e-02 4.418417345732450485e-03
5.360593087971210480e-03 2.422750294208526611e-01 4.343577846884727478e-02 2.230284549295902252e-02 2.393119223415851593e-02 4.532910883426666260e-03
5.308082327246665955e-03 2.455851435661315918e-01 4.416727274656295776e-02 2.294233441352844238e-02 2.431676723062992096e-02 4.434328526258468628e-03
5.212559364736080170e-03 2.363896965980529785e-01 4.506899416446685791e-02 2.352087572216987610e-02 2.508746087551116943e-02 4.521862603724002838e-03
5.127625074237585068e-03 2.427191883325576782e-01 4.243175685405731201e-02 2.222992852330207825e-02 2.358009107410907745e-02 4.335412755608558655e-03
4.933810327202081680e-03 2.464514821767807007e-01 4.136287048459053040e-02 2.224997431039810181e-02 2.304252050817012787e-02 4.371021408587694168e-03
4.795375280082225800e-03 2.528658509254455566e-01 4.090970754623413086e-02 2.173429727554321289e-02 2.272411622107028961e-02 4.280545283108949661e-03
4.819661844521760941e-03 2.619163095951080322e-01 4.098326340317726135e-02 2.270234748721122742e-02 2.406899072229862213e-02 4.361563827842473984e-03
4.888349212706089020e-03 2.592058777809143066e-01 4.290924593806266785e-02 2.390647307038307190e-02 2.483902126550674438e-02 4.548417404294013977e-03
4.890772979706525803e-03 2.572568655014038086e-01 4.382817074656486511e-02 2.369714900851249695e-02 2.448103949427604675e-02 4.540814552456140518e-03
