3.046252205967903137e-02 6.416089308913797140e-05 4.048732444061897695e-05 2.264629729324951768e-04 3.368091347510926425e-05 1.146022259490564466e-04
1.549968612380325794e-03 3.176703467033803463e-04 5.602326127700507641e-04 7.759493892081081867e-04 4.268372867954894900e-05 1.262436417164281011e-04
5.131181096658110619e-04 1.434034318663179874e-03 1.105286646634340286e-02 3.730275109410285950e-02 1.468789996579289436e-03 5.662195850163698196e-03
4.522635717876255512e-04 5.319938645698130131e-04 6.761869881302118301e-03 1.697721704840660095e-02 2.573429141193628311e-03 2.458686940371990204e-03
4.184349672868847847e-04 1.920058566611260176e-04 3.695936407893896103e-03 5.452369339764118195e-03 1.866426202468574047e-03 2.045243047177791595e-03
5.457049119286239147e-04 1.741065643727779388e-04 2.948273904621601105e-03 7.369736209511756897e-03 2.157019916921854019e-03 2.286894712597131729e-03
9.398377733305096626e-04 1.903188676806166768e-04 2.559080719947814941e-03 1.222993526607751846e-02 2.902445383369922638e-03 2.669885521754622459e-03
1.645973767153918743e-03 2.597886486910283566e-04 3.349831560626626015e-03 2.180892601609230042e-02 4.194193985313177109e-03 3.853289177641272545e-03
2.233561128377914429e-03 2.459965180605649948e-04 4.103366751223802567e-03 2.331547252833843231e-02 4.355629440397024155e-03 3.478440921753644943e-03
2.998372074216604233e-03 3.186669491697102785e-04 6.953552365303039551e-03 3.647482395172119141e-02 6.241543684154748917e-03 3.972193691879510880e-03
3.956709988415241241e-03 3.679455840028822422e-04 8.370103314518928528e-03 4.599969461560249329e-02 6.635412108153104782e-03 4.244373645633459091e-03
4.221169278025627136e-03 3.880434378515928984e-04 9.862825274467468262e-03 5.597154051065444946e-02 7.176008541136980057e-03 4.289191216230392456e-03
3.944361582398414612e-03 3.629136190284043550e-04 1.284158788621425629e-02 5.594537779688835144e-02 6.210920400917530060e-03 4.151273053139448166e-03
4.148077219724655151e-03 3.172971482854336500e-04 1.441615074872970581e-02 4.627556726336479187e-02 5.629303399473428726e-03 3.857139265164732933e-03
4.369369708001613617e-03 3.382962604518979788e-04 1.653340831398963928e-02 3.929447010159492493e-02 5.782673135399818420e-03 4.170896019786596298e-03
5.704130511730909348e-03 3.697639040183275938e-04 1.564255915582180023e-02 4.340903460979461670e-02 6.644350942224264145e-03 4.516497254371643066e-03
7.870717905461788177e-03 4.207415040582418442e-04 1.475337520241737366e-02 4.486700519919395447e-02 6.979486439377069473e-03 6.469998508691787720e-03
1.048947125673294067e-02 4.686211759690195322e-04 1.457728724926710129e-02 4.594676569104194641e-02 5.788912530988454819e-03 7.307323627173900604e-03
1.288750581443309784e-02 5.181679734960198402e-04 1.407681312412023544e-02 3.826202452182769775e-02 5.139296874403953552e-03 9.553787298500537872e-03
1.335432939231395721e-02 5.484346766024827957e-04 1.442436873912811279e-02 3.765777871012687683e-02 5.076871719211339951e-03 1.100034080445766449e-02
1.288188900798559189e-02 5.945194279775023460e-04 1.276315096765756607e-02 3.043405339121818542e-02 4.783193115144968033e-03 1.269478909671306610e-02
1.357166841626167297e-02 5.062043201178312302e-04 1.130936760455369949e-02 2.478376403450965881e-02 4.453158471733331680e-03 1.141508668661117554e-02
1.443226356059312820e-02 5.025268183089792728e-04 1.010411884635686874e-02 2.014672011137008667e-02 3.971572499722242355e-03 1.165859308093786240e-02
1.524390000849962234e-02 5.139600834809243679e-04 8.611887693405151367e-03 1.570196449756622314e-02 3.816112177446484566e-03 9.637552313506603241e-03
1.501838769763708115e-02 4.879391635768115520e-04 7.516186684370040894e-03 1.207882910966873169e-02 3.277634503319859505e-03 8.612350560724735260e-03
1.279877219349145889e-02 4.447038809303194284e-04 7.000956218689680099e-03 9.696875698864459991e-03 2.884832210838794708e-03 8.008590899407863617e-03
1.124052796512842178e-02 4.045118112117052078e-04 7.407458499073982239e-03 8.075300604104995728e-03 2.805804600939154625e-03 7.140432484447956085e-03
1.037418562918901443e-02 3.892123058903962374e-04 7.274908479303121567e-03 6.591835059225559235e-03 2.490279264748096466e-03 5.441285669803619385e-03
1.060786657035350800e-02 4.707517509814351797e-04 8.966513909399509430e-03 7.693327963352203369e-03 2.577341627329587936e-03 5.769836716353893280e-03
1.005735341459512711e-02 4.612709453795105219e-04 1.024965941905975342e-02 8.048978634178638458e-03 2.555408282205462456e-03 5.369840189814567566e-03
1.254633255302906036e-02 5.869895103387534618e-04 1.173151936382055283e-02 9.525895118713378906e-03 3.220668528228998184e-03 6.145771592855453491e-03
1.417892146855592728e-02 7.258882978931069374e-04 1.401637867093086243e-02 1.196060795336961746e-02 4.100657068192958832e-03 6.868274882435798645e-03
1.347217801958322525e-02 8.151340298354625702e-04 1.325586345046758652e-02 1.283717807382345200e-02 4.254979081451892853e-03 7.338446564972400665e-03
1.436761766672134399e-02 9.236600017175078392e-04 1.734610833227634430e-02 1.611896045506000519e-02 5.053076427429914474e-03 7.608461193740367889e-03
1.619057543575763702e-02 1.290255342610180378e-03 2.109521627426147461e-02 2.087379992008209229e-02 6.667291745543479919e-03 9.233358316123485565e-03
1.539585459977388382e-02 1.353918691165745258e-03 2.064370363950729370e-02 2.109507657587528229e-02 7.739746477454900742e-03 1.028558705002069473e-02
1.717652007937431335e-02 1.573688699863851070e-03 2.666873671114444733e-02 2.464386820793151855e-02 9.711631573736667633e-03 1.220467314124107361e-02
2.037509717047214508e-02 1.624428783543407917e-03 2.932181768119335175e-02 2.523459494113922119e-02 1.151429582387208939e-02 1.354740746319293976e-02
2.153836376965045929e-02 1.952737919054925442e-03 3.145840391516685486e-02 2.713452838361263275e-02 1.403907872736454010e-02 1.473360229283571243e-02
2.098090946674346924e-02 2.128894673660397530e-03 3.622382506728172302e-02 2.535447105765342712e-02 1.537408400326967239e-02 1.554689276963472366e-02
2.010557428002357483e-02 2.494832035154104233e-03 3.982679173350334167e-02 2.893738076090812683e-02 1.842615567147731781e-02 1.649668067693710327e-02
2.567565068602561951e-02 2.626239089295268059e-03 3.712458163499832153e-02 2.788353338837623596e-02 1.799765042960643768e-02 1.689143292605876923e-02
2.412834018468856812e-02 3.221092280000448227e-03 4.246907681226730347e-02 3.475867956876754761e-02 2.169495075941085815e-02 1.862769760191440582e-02
2.580100484192371368e-02 3.537781070917844772e-03 4.698463156819343567e-02 4.277065396308898926e-02 2.430314198136329651e-02 2.004841901361942291e-02
2.485533431172370911e-02 3.835847834125161171e-03 4.865043610334396362e-02 4.162824526429176331e-02 2.625847421586513519e-02 1.958917453885078430e-02
2.531985752284526825e-02 3.926197998225688934e-03 4.660230875015258789e-02 4.601647704839706421e-02 2.561852708458900452e-02 1.996091194450855255e-02
2.769532240927219391e-02 4.536035005003213882e-03 4.771610349416732788e-02 4.257772117853164673e-02 2.489368431270122528e-02 2.110830694437026978e-02
2.642607130110263824e-02 5.051752086728811264e-03 5.118563771247863770e-02 4.582374170422554016e-02 2.592846564948558807e-02 1.943960227072238922e-02
2.809944748878479004e-02 4.866269882768392563e-03 4.595272988080978394e-02 4.650216549634933472e-02 2.472186833620071411e-02 1.800919324159622192e-02
2.924775145947933197e-02 5.414003506302833557e-03 3.914578631520271301e-02 4.358692094683647156e-02 2.262154780328273773e-02 1.877365075051784515e-02
2.918720431625843048e-02 5.400861147791147232e-03 3.325345739722251892e-02 4.447570443153381348e-02 2.071418240666389465e-02 1.745656318962574005e-02
