1.156756907393481359e-01
5.885713911348161749e-03
1.948469389703797860e-03
1.717385742398033549e-03
1.588927987498253052e-03
2.072211634464511329e-03
3.568856951500984798e-03
6.250275406657602138e-03
8.481527754908268699e-03
1.138575329052161217e-02
1.502486104297411952e-02
1.602909539160050564e-02
1.497797029660952184e-02
1.575154206509124521e-02
1.659185861493951350e-02
2.166036140143599853e-02
2.988756901169202507e-02
3.983179169262474062e-02
4.893787632131538223e-02
5.071055094487382509e-02
4.891654755660274079e-02
5.153585495845859621e-02
5.480380294951600617e-02
5.788583951093011909e-02
5.702949897950118641e-02
4.860092710633841240e-02
4.268378810178167365e-02
3.939401623291930582e-02
4.028137559958195474e-02
3.819090556467506781e-02
4.764233511177955877e-02
5.384178406505389647e-02
5.115805891336539651e-02
5.455832234182268065e-02
6.148066116553582705e-02
5.846285845480579668e-02
6.522460027398144233e-02
7.737059441297411411e-02
8.178788025392794148e-02
7.967105251989929637e-02
7.634713199375535442e-02
9.749844817410778519e-02
9.162282793886400434e-02
9.797445697410643584e-02
9.438345122683365618e-02
9.614739064083477338e-02
1.051677711932451909e-01
1.003480291386786294e-01
1.067023600767962876e-01
1.110628281538845463e-01
1.108329117799004421e-01
