5.659300368279218674e-04 5.659300368279218674e-04 2.314875746378675103e-05 3.313168999738991261e-04 2.934994336101226509e-05 5.766832327935844660e-05
2.715667709708213806e-02 2.715667709708213806e-02 8.417762001045048237e-04 1.874667778611183167e-02 4.087239794898778200e-04 5.790885770693421364e-04
7.374573349952697754e-01 7.374573349952697754e-01 1.370620248053455725e-05 2.464179992675781250e-01 1.501418650150299072e-02 2.868761112040374428e-05
9.172735810279846191e-01 9.172735810279846191e-01 2.192891406593844295e-04 6.834645569324493408e-02 1.359942741692066193e-02 6.359817780321463943e-05
9.661774039268493652e-01 9.661774039268493652e-01 2.172595413867384195e-04 2.040826342999935150e-02 1.263598632067441940e-02 5.436452920548617840e-05
9.764458537101745605e-01 9.764458537101745605e-01 4.564207047224044800e-04 1.391878444701433182e-02 8.454754948616027832e-03 1.073818930308334529e-04
9.857376813888549805e-01 9.857376813888549805e-01 4.319899599067866802e-04 9.022452868521213531e-03 4.349948372691869736e-03 1.186304725706577301e-04
9.878182411193847656e-01 9.878182411193847656e-01 3.428272902965545654e-04 7.218462880700826645e-03 4.299158696085214615e-03 1.039226699504069984e-04
9.889523386955261230e-01 9.889523386955261230e-01 3.782478743232786655e-04 6.905448157340288162e-03 3.531397320330142975e-03 8.478647214360535145e-05
9.865120649337768555e-01 9.865120649337768555e-01 8.595320396125316620e-04 8.016660809516906738e-03 4.246258642524480820e-03 1.383154885843396187e-04
9.811835289001464844e-01 9.811835289001464844e-01 1.078963745385408401e-03 1.163297891616821289e-02 5.664931144565343857e-03 1.312530221184715629e-04
9.796273708343505859e-01 9.796273708343505859e-01 2.077906625345349312e-03 1.217453274875879288e-02 5.439686123281717300e-03 1.660179259488359094e-04
9.746528267860412598e-01 9.746528267860412598e-01 5.221460014581680298e-03 1.302168890833854675e-02 5.675576161593198776e-03 3.378970432095229626e-04
9.673591852188110352e-01 9.673591852188110352e-01 9.132501669228076935e-03 1.567275077104568481e-02 5.539617966860532761e-03 4.799388698302209377e-04
9.544672966003417969e-01 9.544672966003417969e-01 1.514160353690385818e-02 1.937599293887615204e-02 6.908703129738569260e-03 7.801371975801885128e-04
9.463658928871154785e-01 9.463658928871154785e-01 2.287881635129451752e-02 1.855702511966228485e-02 6.705780979245901108e-03 1.084196148440241814e-03
9.350708723068237305e-01 9.350708723068237305e-01 2.934018708765506744e-02 2.050540409982204437e-02 7.508634123951196671e-03 1.380629721097648144e-03
9.251132607460021973e-01 9.251132607460021973e-01 3.754069283604621887e-02 2.041057869791984558e-02 8.375821635127067566e-03 1.614630455151200294e-03
9.294694662094116211e-01 9.294694662094116211e-01 3.746830299496650696e-02 1.829716376960277557e-02 6.522605195641517639e-03 1.616423716768622398e-03
9.334539175033569336e-01 9.334539175033569336e-01 3.853758051991462708e-02 1.471799984574317932e-02 5.487858317792415619e-03 1.611171755939722061e-03
9.287897348403930664e-01 9.287897348403930664e-01 4.380763322114944458e-02 1.433123275637626648e-02 5.293018184602260590e-03 1.625849865376949310e-03
9.226449728012084961e-01 9.226449728012084961e-01 4.982080683112144470e-02 1.299311406910419464e-02 6.042468361556529999e-03 1.768401009030640125e-03
9.316214323043823242e-01 9.316214323043823242e-01 4.365120828151702881e-02 1.150698401033878326e-02 5.829269997775554657e-03 1.310312421992421150e-03
9.306911826133728027e-01 9.306911826133728027e-01 4.464638233184814453e-02 1.155300624668598175e-02 5.762332584708929062e-03 1.273987465538084507e-03
9.464706182479858398e-01 9.464706182479858398e-01 3.066070564091205597e-02 1.176858507096767426e-02 5.460794549435377121e-03 1.019212417304515839e-03
9.487981200218200684e-01 9.487981200218200684e-01 2.924385666847229004e-02 1.109752524644136429e-02 5.631078965961933136e-03 8.520846604369580746e-04
9.561198949813842773e-01 9.561198949813842773e-01 2.581983990967273712e-02 9.091587737202644348e-03 4.801138769835233688e-03 6.445575854741036892e-04
9.636912941932678223e-01 9.636912941932678223e-01 1.993665471673011780e-02 8.853158913552761078e-03 4.462325014173984528e-03 5.084302392788231373e-04
9.614098668098449707e-01 9.614098668098449707e-01 2.286927588284015656e-02 8.124507963657379150e-03 4.207492806017398834e-03 5.704435752704739571e-04
9.663109183311462402e-01 9.663109183311462402e-01 2.042902074754238129e-02 7.136037107557058334e-03 3.422742476686835289e-03 4.713113885372877121e-04
9.642617702484130859e-01 9.642617702484130859e-01 2.326259948313236237e-02 6.513132248073816299e-03 3.184580244123935699e-03 4.701339057646691799e-04
9.648266434669494629e-01 9.648266434669494629e-01 2.335770241916179657e-02 6.480350624769926071e-03 2.674355870112776756e-03 4.980476805940270424e-04
9.657598137855529785e-01 9.657598137855529785e-01 2.300614118576049805e-02 6.114413496106863022e-03 2.472433261573314667e-03 5.102728609926998615e-04
9.629517793655395508e-01 9.629517793655395508e-01 2.588366717100143433e-02 5.847586318850517273e-03 2.452693646773695946e-03 5.588110652752220631e-04
9.608795046806335449e-01 9.608795046806335449e-01 2.842195518314838409e-02 5.338463466614484787e-03 2.190201077610254288e-03 6.144014769233763218e-04
9.635357856750488281e-01 9.635357856750488281e-01 2.656581625342369080e-02 5.097898188978433609e-03 1.923144329339265823e-03 5.250374088063836098e-04
9.674797058105468750e-01 9.674797058105468750e-01 2.291104570031166077e-02 5.159177817404270172e-03 1.830728608183562756e-03 4.587020084727555513e-04
9.651780724525451660e-01 9.651780724525451660e-01 2.527496963739395142e-02 5.231401883065700531e-03 1.590351457707583904e-03 4.867493698839098215e-04
9.718591570854187012e-01 9.718591570854187012e-01 2.059005945920944214e-02 4.232223611325025558e-03 1.197431818582117558e-03 3.623091324698179960e-04
9.675114750862121582e-01 9.675114750862121582e-01 2.509933337569236755e-02 3.836925141513347626e-03 1.112205791287124157e-03 4.412625567056238651e-04
9.653061628341674805e-01 9.653061628341674805e-01 2.744640223681926727e-02 3.586507868021726608e-03 9.930625092238187790e-04 4.981189849786460400e-04
9.678975939750671387e-01 9.678975939750671387e-01 2.552912384271621704e-02 3.381286980584263802e-03 7.888791733421385288e-04 4.784743650816380978e-04
9.704762101173400879e-01 9.704762101173400879e-01 2.328977361321449280e-02 3.297014161944389343e-03 7.510549039579927921e-04 4.248383920639753342e-04
9.726646542549133301e-01 9.726646542549133301e-01 2.147543989121913910e-02 3.062899457290768623e-03 7.176778162829577923e-04 3.623180382419377565e-04
9.734840989112854004e-01 9.734840989112854004e-01 2.078983373939990997e-02 3.092954400926828384e-03 6.747008883394300938e-04 3.273492329753935337e-04
9.717772006988525391e-01 9.717772006988525391e-01 2.307388558983802795e-02 2.637892263010144234e-03 6.146525265648961067e-04 3.201985673513263464e-04
9.758012294769287109e-01 9.758012294769287109e-01 1.966688595712184906e-02 2.398340264335274696e-03 5.439919768832623959e-04 2.854210615623742342e-04
9.779431819915771484e-01 9.779431819915771484e-01 1.781735382974147797e-02 2.303944434970617294e-03 4.897789913229644299e-04 2.621845342218875885e-04
9.810741543769836426e-01 9.810741543769836426e-01 1.483158767223358154e-02 2.317682141438126564e-03 4.899502964690327644e-04 2.337342884857207537e-04
9.820839166641235352e-01 9.820839166641235352e-01 1.415031775832176208e-02 2.188866958022117615e-03 4.442036151885986328e-04 2.038485108641907573e-04
9.798593521118164062e-01 9.798593521118164062e-01 1.642633974552154541e-02 2.049967180937528610e-03 4.169331223238259554e-04 2.369081485085189342e-04
