1.000000000000000000e+00 9.710000000000000000e+02 1.070000000000000000e+02 9.730000000000000000e+02 7.350000000000000000e+02
1.070000000000000000e+02 9.710000000000000000e+02 8.980000000000000000e+02 8.490000000000000000e+02 5.620000000000000000e+02
5.620000000000000000e+02 9.740000000000000000e+02 5.540000000000000000e+02 9.800000000000000000e+02 1.070000000000000000e+02
5.620000000000000000e+02 9.740000000000000000e+02 5.540000000000000000e+02 8.350000000000000000e+02 8.070000000000000000e+02
5.620000000000000000e+02 9.740000000000000000e+02 5.540000000000000000e+02 8.350000000000000000e+02 8.140000000000000000e+02
5.620000000000000000e+02 9.740000000000000000e+02 5.540000000000000000e+02 8.350000000000000000e+02 7.080000000000000000e+02
5.620000000000000000e+02 9.740000000000000000e+02 5.540000000000000000e+02 8.350000000000000000e+02 7.080000000000000000e+02
5.620000000000000000e+02 9.740000000000000000e+02 5.540000000000000000e+02 8.350000000000000000e+02 7.080000000000000000e+02
5.620000000000000000e+02 9.740000000000000000e+02 5.540000000000000000e+02 8.350000000000000000e+02 7.080000000000000000e+02
5.620000000000000000e+02 9.740000000000000000e+02 5.540000000000000000e+02 8.350000000000000000e+02 7.080000000000000000e+02
5.620000000000000000e+02 9.740000000000000000e+02 5.540000000000000000e+02 8.350000000000000000e+02 7.080000000000000000e+02
5.620000000000000000e+02 9.740000000000000000e+02 5.540000000000000000e+02 8.350000000000000000e+02 7.080000000000000000e+02
5.620000000000000000e+02 9.740000000000000000e+02 5.540000000000000000e+02 8.350000000000000000e+02 7.080000000000000000e+02
5.620000000000000000e+02 9.740000000000000000e+02 8.350000000000000000e+02 5.540000000000000000e+02 7.080000000000000000e+02
5.620000000000000000e+02 9.740000000000000000e+02 8.350000000000000000e+02 5.540000000000000000e+02 7.550000000000000000e+02
5.620000000000000000e+02 8.350000000000000000e+02 9.740000000000000000e+02 5.540000000000000000e+02 7.550000000000000000e+02
5.620000000000000000e+02 8.350000000000000000e+02 9.740000000000000000e+02 5.540000000000000000e+02 7.550000000000000000e+02
5.620000000000000000e+02 8.350000000000000000e+02 9.740000000000000000e+02 5.540000000000000000e+02 7.080000000000000000e+02
5.620000000000000000e+02 8.350000000000000000e+02 9.740000000000000000e+02 5.540000000000000000e+02 7.550000000000000000e+02
5.620000000000000000e+02 8.350000000000000000e+02 9.740000000000000000e+02 5.540000000000000000e+02 7.080000000000000000e+02
5.620000000000000000e+02 8.350000000000000000e+02 9.740000000000000000e+02 5.540000000000000000e+02 7.080000000000000000e+02
5.620000000000000000e+02 8.350000000000000000e+02 9.740000000000000000e+02 5.540000000000000000e+02 7.080000000000000000e+02
5.620000000000000000e+02 8.350000000000000000e+02 9.740000000000000000e+02 5.540000000000000000e+02 9.140000000000000000e+02
5.620000000000000000e+02 8.350000000000000000e+02 9.740000000000000000e+02 5.540000000000000000e+02 9.140000000000000000e+02
5.620000000000000000e+02 8.350000000000000000e+02 9.740000000000000000e+02 5.540000000000000000e+02 9.140000000000000000e+02
5.620000000000000000e+02 8.350000000000000000e+02 9.740000000000000000e+02 5.540000000000000000e+02 9.140000000000000000e+02
5.620000000000000000e+02 8.350000000000000000e+02 9.740000000000000000e+02 5.540000000000000000e+02 9.140000000000000000e+02
5.620000000000000000e+02 8.350000000000000000e+02 9.740000000000000000e+02 5.540000000000000000e+02 9.140000000000000000e+02
5.620000000000000000e+02 8.350000000000000000e+02 9.740000000000000000e+02 5.540000000000000000e+02 7.080000000000000000e+02
5.620000000000000000e+02 8.350000000000000000e+02 9.740000000000000000e+02 5.540000000000000000e+02 7.080000000000000000e+02
5.620000000000000000e+02 8.350000000000000000e+02 9.740000000000000000e+02 5.540000000000000000e+02 7.080000000000000000e+02
5.620000000000000000e+02 8.350000000000000000e+02 9.740000000000000000e+02 5.540000000000000000e+02 7.080000000000000000e+02
5.620000000000000000e+02 8.350000000000000000e+02 9.740000000000000000e+02 5.540000000000000000e+02 7.080000000000000000e+02
5.620000000000000000e+02 8.350000000000000000e+02 9.740000000000000000e+02 5.540000000000000000e+02 7.080000000000000000e+02
5.620000000000000000e+02 8.350000000000000000e+02 9.740000000000000000e+02 5.540000000000000000e+02 7.080000000000000000e+02
5.620000000000000000e+02 8.350000000000000000e+02 9.740000000000000000e+02 5.540000000000000000e+02 7.080000000000000000e+02
5.620000000000000000e+02 8.350000000000000000e+02 9.740000000000000000e+02 5.540000000000000000e+02 7.080000000000000000e+02
5.620000000000000000e+02 8.350000000000000000e+02 9.740000000000000000e+02 5.540000000000000000e+02 7.080000000000000000e+02
5.620000000000000000e+02 8.350000000000000000e+02 9.740000000000000000e+02 5.540000000000000000e+02 7.080000000000000000e+02
5.620000000000000000e+02 8.350000000000000000e+02 9.740000000000000000e+02 5.540000000000000000e+02 7.080000000000000000e+02
5.620000000000000000e+02 8.350000000000000000e+02 9.740000000000000000e+02 5.540000000000000000e+02 7.080000000000000000e+02
5.620000000000000000e+02 8.350000000000000000e+02 9.740000000000000000e+02 5.540000000000000000e+02 7.080000000000000000e+02
5.620000000000000000e+02 8.350000000000000000e+02 9.740000000000000000e+02 5.540000000000000000e+02 7.080000000000000000e+02
5.620000000000000000e+02 8.350000000000000000e+02 9.740000000000000000e+02 5.540000000000000000e+02 7.080000000000000000e+02
5.620000000000000000e+02 8.350000000000000000e+02 9.740000000000000000e+02 5.540000000000000000e+02 7.080000000000000000e+02
5.620000000000000000e+02 8.350000000000000000e+02 9.740000000000000000e+02 5.540000000000000000e+02 7.080000000000000000e+02
5.620000000000000000e+02 8.350000000000000000e+02 9.740000000000000000e+02 5.540000000000000000e+02 7.080000000000000000e+02
5.620000000000000000e+02 8.350000000000000000e+02 9.740000000000000000e+02 5.540000000000000000e+02 7.080000000000000000e+02
5.620000000000000000e+02 8.350000000000000000e+02 9.740000000000000000e+02 5.540000000000000000e+02 7.080000000000000000e+02
5.620000000000000000e+02 8.350000000000000000e+02 9.740000000000000000e+02 5.540000000000000000e+02 7.080000000000000000e+02
5.620000000000000000e+02 8.350000000000000000e+02 9.740000000000000000e+02 5.540000000000000000e+02 7.080000000000000000e+02
