9.531268849968910217e-03 9.531268849968910217e-03 7.366543868556618690e-04 5.168567877262830734e-04 1.936200773343443871e-03 3.659337817225605249e-04
2.234304994344711304e-01 2.234304994344711304e-01 1.867152936756610870e-02 2.835495583713054657e-02 3.255781158804893494e-02 1.858026348054409027e-02
9.382676482200622559e-01 9.382676482200622559e-01 4.858721513301134109e-03 4.358539730310440063e-02 8.451534435153007507e-03 7.102202507667243481e-04
9.689013957977294922e-01 9.689013957977294922e-01 1.647348166443407536e-03 2.181383967399597168e-02 5.758864805102348328e-03 5.072474014014005661e-04
9.817554950714111328e-01 9.817554950714111328e-01 5.978423869237303734e-04 7.820499129593372345e-03 7.535848300904035568e-03 6.500431336462497711e-04
9.829866886138916016e-01 9.829866886138916016e-01 5.294540314935147762e-04 4.474395420402288437e-03 8.018749766051769257e-03 1.359481364488601685e-03
9.799032807350158691e-01 9.799032807350158691e-01 5.519906990230083466e-04 4.488510545343160629e-03 7.114637177437543869e-03 2.879770239815115929e-03
9.697189331054687500e-01 9.697189331054687500e-01 7.729978533461689949e-04 7.586894091218709946e-03 7.396992761641740799e-03 6.130100693553686142e-03
9.613660573959350586e-01 9.613660573959350586e-01 9.300943347625434399e-04 1.093420293182134628e-02 7.773367222398519516e-03 7.758925668895244598e-03
9.574214816093444824e-01 9.574214816093444824e-01 8.292550337500870228e-04 1.095046848058700562e-02 7.258396130055189133e-03 9.453462436795234680e-03
9.523292183876037598e-01 9.523292183876037598e-01 7.792719989083707333e-04 1.246428582817316055e-02 6.568724755197763443e-03 1.053596567362546921e-02
9.409065246582031250e-01 9.409065246582031250e-01 8.465525461360812187e-04 1.389352791011333466e-02 6.291461642831563950e-03 1.387148350477218628e-02
9.385499954223632812e-01 9.385499954223632812e-01 8.075157529674470425e-04 1.249218452721834183e-02 6.422905251383781433e-03 1.430636085569858551e-02
9.306432604789733887e-01 9.306432604789733887e-01 1.003972836770117283e-03 1.078402251005172729e-02 7.690576370805501938e-03 1.394594274461269379e-02
9.131309390068054199e-01 9.131309390068054199e-01 1.376182772219181061e-03 1.228826865553855896e-02 9.324293583631515503e-03 1.593105681240558624e-02
9.019455909729003906e-01 9.019455909729003906e-01 1.475013094022870064e-03 1.185563486069440842e-02 1.160989515483379364e-02 1.643124967813491821e-02
8.911974430084228516e-01 8.911974430084228516e-01 1.703573158010840416e-03 1.453783642500638962e-02 1.267799828201532364e-02 1.845672540366649628e-02
8.686252832412719727e-01 8.686252832412719727e-01 2.193372463807463646e-03 2.134346403181552887e-02 1.297715865075588226e-02 2.376407571136951447e-02
8.179516792297363281e-01 8.179516792297363281e-01 2.781791146844625473e-03 3.459508344531059265e-02 1.390456687659025192e-02 3.147206827998161316e-02
7.658559083938598633e-01 7.658559083938598633e-01 3.741701599210500717e-03 4.782574996352195740e-02 1.671092770993709564e-02 4.156310483813285828e-02
7.526880502700805664e-01 7.526880502700805664e-01 4.030604846775531769e-03 5.229715257883071899e-02 1.566904969513416290e-02 4.598604515194892883e-02
7.547720670700073242e-01 7.547720670700073242e-01 4.278244450688362122e-03 5.170060321688652039e-02 1.271769125014543533e-02 4.606185853481292725e-02
7.813444733619689941e-01 7.813444733619689941e-01 4.051806870847940445e-03 4.303612187504768372e-02 1.151524484157562256e-02 4.039173573255538940e-02
7.613021731376647949e-01 7.613021731376647949e-01 4.464451223611831665e-03 4.776237159967422485e-02 1.130613032728433609e-02 4.241823032498359680e-02
7.229014039039611816e-01 7.229014039039611816e-01 5.468208808451890945e-03 5.100101977586746216e-02 1.118444558233022690e-02 4.888361692428588867e-02
7.162504196166992188e-01 7.162504196166992188e-01 5.741552915424108505e-03 4.764587804675102234e-02 1.073112990707159042e-02 4.610260948538780212e-02
6.861659288406372070e-01 6.861659288406372070e-01 6.692370399832725525e-03 4.955272376537322998e-02 9.027840569615364075e-03 5.510714277625083923e-02
6.371098756790161133e-01 6.371098756790161133e-01 7.438754662871360779e-03 6.049729883670806885e-02 1.052320096641778946e-02 6.450205296277999878e-02
6.495149731636047363e-01 6.495149731636047363e-01 6.970630958676338196e-03 5.742911994457244873e-02 9.982321411371231079e-03 7.384487986564636230e-02
6.382327079772949219e-01 6.382327079772949219e-01 7.602376863360404968e-03 6.317160278558731079e-02 9.015092626214027405e-03 6.912226974964141846e-02
6.472719311714172363e-01 6.472719311714172363e-01 6.847777403891086578e-03 5.561650171875953674e-02 8.941684849560260773e-03 6.295669823884963989e-02
6.287410259246826172e-01 6.287410259246826172e-01 7.559728808701038361e-03 5.235639959573745728e-02 1.077146735042333603e-02 6.221094354987144470e-02
6.064179539680480957e-01 6.064179539680480957e-01 7.626144215464591980e-03 6.347364932298660278e-02 1.069297455251216888e-02 6.443700939416885376e-02
5.753236413002014160e-01 5.753236413002014160e-01 8.608885109424591064e-03 6.385392695665359497e-02 1.190830674022436142e-02 6.639251112937927246e-02
5.494068264961242676e-01 5.494068264961242676e-01 9.479748085141181946e-03 5.893884226679801941e-02 1.247945800423622131e-02 6.639064103364944458e-02
5.176346898078918457e-01 5.176346898078918457e-01 9.339407086372375488e-03 7.234910130500793457e-02 1.246775221079587936e-02 7.673844695091247559e-02
5.074712038040161133e-01 5.074712038040161133e-01 9.726544842123985291e-03 6.782989948987960815e-02 1.348799746483564377e-02 8.024331182241439819e-02
4.864927530288696289e-01 4.864927530288696289e-01 1.084368210285902023e-02 6.317024677991867065e-02 1.508343778550624847e-02 7.515200972557067871e-02
5.038714408874511719e-01 5.038714408874511719e-01 1.055300980806350708e-02 5.692932754755020142e-02 1.637188903987407684e-02 6.999368965625762939e-02
4.919883608818054199e-01 4.919883608818054199e-01 1.225376687943935394e-02 5.932325124740600586e-02 1.742272637784481049e-02 7.928720116615295410e-02
4.723383784294128418e-01 4.723383784294128418e-01 1.208127941936254501e-02 5.904660373926162720e-02 1.957224309444427490e-02 7.808183133602142334e-02
4.720291197299957275e-01 4.720291197299957275e-01 1.369628496468067169e-02 5.846064165234565735e-02 2.083762921392917633e-02 7.882623374462127686e-02
4.656926691532135010e-01 4.656926691532135010e-01 1.612893305718898773e-02 6.028094142675399780e-02 2.237890660762786865e-02 8.280625939369201660e-02
4.795395731925964355e-01 4.795395731925964355e-01 1.684483326971530914e-02 5.603956058621406555e-02 2.424742095172405243e-02 7.603607326745986938e-02
4.700367748737335205e-01 4.700367748737335205e-01 1.681129448115825653e-02 5.398109927773475647e-02 2.564170584082603455e-02 7.834073156118392944e-02
4.598481059074401855e-01 4.598481059074401855e-01 1.870180480182170868e-02 5.509408563375473022e-02 2.435291185975074768e-02 8.382958173751831055e-02
4.775437414646148682e-01 4.775437414646148682e-01 1.763300411403179169e-02 4.768313094973564148e-02 2.791102603077888489e-02 7.743220776319503784e-02
4.565756618976593018e-01 4.565756618976593018e-01 1.989703997969627380e-02 4.819758608937263489e-02 2.672324515879154205e-02 7.342059910297393799e-02
4.568109810352325439e-01 4.568109810352325439e-01 1.987949199974536896e-02 4.755927622318267822e-02 2.646967582404613495e-02 7.286529988050460815e-02
4.687721431255340576e-01 4.687721431255340576e-01 1.844617165625095367e-02 3.941301256418228149e-02 2.523232437670230865e-02 6.696481257677078247e-02
4.507690966129302979e-01 4.507690966129302979e-01 2.019528858363628387e-02 3.588671237230300903e-02 2.542314678430557251e-02 7.005301117897033691e-02
