6.110000000000000000e+02 9.730000000000000000e+02 6.500000000000000000e+01 9.830000000000000000e+02 7.410000000000000000e+02
4.000000000000000000e+00 8.010000000000000000e+02 6.500000000000000000e+01 9.830000000000000000e+02 3.270000000000000000e+02
4.990000000000000000e+02 6.230000000000000000e+02 7.770000000000000000e+02 5.120000000000000000e+02 7.440000000000000000e+02
4.990000000000000000e+02 6.230000000000000000e+02 7.770000000000000000e+02 8.130000000000000000e+02 7.440000000000000000e+02
4.990000000000000000e+02 6.230000000000000000e+02 7.770000000000000000e+02 8.130000000000000000e+02 7.440000000000000000e+02
4.990000000000000000e+02 6.230000000000000000e+02 7.770000000000000000e+02 8.130000000000000000e+02 7.440000000000000000e+02
4.990000000000000000e+02 6.230000000000000000e+02 7.770000000000000000e+02 8.130000000000000000e+02 7.440000000000000000e+02
4.990000000000000000e+02 6.230000000000000000e+02 7.770000000000000000e+02 8.130000000000000000e+02 7.440000000000000000e+02
4.990000000000000000e+02 6.230000000000000000e+02 7.770000000000000000e+02 8.130000000000000000e+02 4.730000000000000000e+02
4.990000000000000000e+02 6.230000000000000000e+02 7.770000000000000000e+02 8.130000000000000000e+02 4.730000000000000000e+02
4.990000000000000000e+02 6.230000000000000000e+02 7.770000000000000000e+02 8.130000000000000000e+02 5.120000000000000000e+02
4.990000000000000000e+02 6.230000000000000000e+02 7.770000000000000000e+02 8.130000000000000000e+02 5.120000000000000000e+02
4.990000000000000000e+02 6.230000000000000000e+02 7.770000000000000000e+02 8.130000000000000000e+02 5.120000000000000000e+02
4.990000000000000000e+02 6.230000000000000000e+02 7.770000000000000000e+02 8.130000000000000000e+02 5.120000000000000000e+02
4.990000000000000000e+02 6.230000000000000000e+02 7.770000000000000000e+02 8.130000000000000000e+02 5.120000000000000000e+02
4.990000000000000000e+02 6.230000000000000000e+02 7.770000000000000000e+02 8.130000000000000000e+02 4.730000000000000000e+02
4.990000000000000000e+02 6.230000000000000000e+02 7.770000000000000000e+02 8.130000000000000000e+02 4.730000000000000000e+02
4.990000000000000000e+02 6.230000000000000000e+02 7.770000000000000000e+02 8.130000000000000000e+02 4.730000000000000000e+02
4.990000000000000000e+02 6.230000000000000000e+02 7.770000000000000000e+02 8.130000000000000000e+02 4.730000000000000000e+02
4.990000000000000000e+02 6.230000000000000000e+02 7.770000000000000000e+02 8.130000000000000000e+02 4.730000000000000000e+02
4.990000000000000000e+02 6.230000000000000000e+02 7.770000000000000000e+02 8.130000000000000000e+02 4.730000000000000000e+02
4.990000000000000000e+02 6.230000000000000000e+02 7.770000000000000000e+02 4.730000000000000000e+02 8.130000000000000000e+02
4.990000000000000000e+02 6.230000000000000000e+02 7.770000000000000000e+02 4.730000000000000000e+02 8.130000000000000000e+02
4.990000000000000000e+02 6.230000000000000000e+02 7.770000000000000000e+02 4.730000000000000000e+02 8.130000000000000000e+02
4.990000000000000000e+02 6.230000000000000000e+02 7.770000000000000000e+02 4.730000000000000000e+02 8.130000000000000000e+02
4.990000000000000000e+02 6.230000000000000000e+02 7.770000000000000000e+02 4.730000000000000000e+02 8.130000000000000000e+02
4.990000000000000000e+02 6.230000000000000000e+02 7.770000000000000000e+02 4.730000000000000000e+02 7.440000000000000000e+02
4.990000000000000000e+02 6.230000000000000000e+02 7.770000000000000000e+02 4.730000000000000000e+02 7.440000000000000000e+02
4.990000000000000000e+02 6.230000000000000000e+02 7.770000000000000000e+02 4.730000000000000000e+02 7.440000000000000000e+02
4.990000000000000000e+02 6.230000000000000000e+02 7.770000000000000000e+02 4.730000000000000000e+02 7.440000000000000000e+02
4.990000000000000000e+02 6.230000000000000000e+02 7.770000000000000000e+02 4.730000000000000000e+02 7.440000000000000000e+02
4.990000000000000000e+02 6.230000000000000000e+02 7.770000000000000000e+02 4.730000000000000000e+02 7.440000000000000000e+02
4.990000000000000000e+02 6.230000000000000000e+02 7.770000000000000000e+02 4.730000000000000000e+02 7.440000000000000000e+02
4.990000000000000000e+02 6.230000000000000000e+02 7.770000000000000000e+02 4.730000000000000000e+02 7.440000000000000000e+02
4.990000000000000000e+02 6.230000000000000000e+02 7.770000000000000000e+02 4.730000000000000000e+02 7.440000000000000000e+02
4.990000000000000000e+02 6.230000000000000000e+02 7.770000000000000000e+02 4.730000000000000000e+02 7.440000000000000000e+02
4.990000000000000000e+02 6.230000000000000000e+02 7.770000000000000000e+02 4.730000000000000000e+02 7.440000000000000000e+02
4.990000000000000000e+02 6.230000000000000000e+02 7.770000000000000000e+02 4.730000000000000000e+02 5.120000000000000000e+02
4.990000000000000000e+02 6.230000000000000000e+02 7.770000000000000000e+02 4.730000000000000000e+02 5.120000000000000000e+02
4.990000000000000000e+02 6.230000000000000000e+02 7.770000000000000000e+02 4.730000000000000000e+02 7.440000000000000000e+02
4.990000000000000000e+02 6.230000000000000000e+02 7.770000000000000000e+02 4.730000000000000000e+02 7.440000000000000000e+02
4.990000000000000000e+02 6.230000000000000000e+02 7.770000000000000000e+02 4.730000000000000000e+02 7.440000000000000000e+02
4.990000000000000000e+02 6.230000000000000000e+02 7.770000000000000000e+02 4.730000000000000000e+02 7.440000000000000000e+02
4.990000000000000000e+02 6.230000000000000000e+02 7.770000000000000000e+02 4.730000000000000000e+02 7.440000000000000000e+02
4.990000000000000000e+02 6.230000000000000000e+02 7.770000000000000000e+02 4.730000000000000000e+02 7.440000000000000000e+02
4.990000000000000000e+02 6.230000000000000000e+02 7.770000000000000000e+02 4.730000000000000000e+02 7.440000000000000000e+02
4.990000000000000000e+02 6.230000000000000000e+02 7.770000000000000000e+02 4.730000000000000000e+02 7.440000000000000000e+02
4.990000000000000000e+02 6.230000000000000000e+02 7.770000000000000000e+02 4.730000000000000000e+02 7.440000000000000000e+02
6.230000000000000000e+02 4.990000000000000000e+02 7.770000000000000000e+02 4.730000000000000000e+02 7.440000000000000000e+02
6.230000000000000000e+02 4.990000000000000000e+02 7.770000000000000000e+02 4.730000000000000000e+02 7.440000000000000000e+02
6.230000000000000000e+02 4.990000000000000000e+02 7.770000000000000000e+02 4.730000000000000000e+02 7.440000000000000000e+02
