9.130000000000000000e+02 6.000000000000000000e+00 9.830000000000000000e+02 6.500000000000000000e+01 9.730000000000000000e+02
7.800000000000000000e+01 9.400000000000000000e+01 1.140000000000000000e+02 7.010000000000000000e+02 3.190000000000000000e+02
4.880000000000000000e+02 6.160000000000000000e+02 6.000000000000000000e+02 7.100000000000000000e+01 6.770000000000000000e+02
4.880000000000000000e+02 6.000000000000000000e+02 9.320000000000000000e+02 6.160000000000000000e+02 6.300000000000000000e+01
4.880000000000000000e+02 6.000000000000000000e+02 6.160000000000000000e+02 9.320000000000000000e+02 6.300000000000000000e+01
4.880000000000000000e+02 6.000000000000000000e+02 6.160000000000000000e+02 6.300000000000000000e+01 9.320000000000000000e+02
4.880000000000000000e+02 6.000000000000000000e+02 6.160000000000000000e+02 6.300000000000000000e+01 9.320000000000000000e+02
4.880000000000000000e+02 6.000000000000000000e+02 6.300000000000000000e+01 6.160000000000000000e+02 6.600000000000000000e+01
4.880000000000000000e+02 6.300000000000000000e+01 6.000000000000000000e+02 6.160000000000000000e+02 6.600000000000000000e+01
6.300000000000000000e+01 4.880000000000000000e+02 6.000000000000000000e+02 6.160000000000000000e+02 6.600000000000000000e+01
6.300000000000000000e+01 4.880000000000000000e+02 6.000000000000000000e+02 6.160000000000000000e+02 6.600000000000000000e+01
6.300000000000000000e+01 4.880000000000000000e+02 6.000000000000000000e+02 6.160000000000000000e+02 6.600000000000000000e+01
6.300000000000000000e+01 4.880000000000000000e+02 6.000000000000000000e+02 6.160000000000000000e+02 6.600000000000000000e+01
6.300000000000000000e+01 4.880000000000000000e+02 6.800000000000000000e+01 6.600000000000000000e+01 6.500000000000000000e+01
6.300000000000000000e+01 4.880000000000000000e+02 6.800000000000000000e+01 6.500000000000000000e+01 6.600000000000000000e+01
6.300000000000000000e+01 4.880000000000000000e+02 6.800000000000000000e+01 6.600000000000000000e+01 6.500000000000000000e+01
6.300000000000000000e+01 4.880000000000000000e+02 5.800000000000000000e+01 6.800000000000000000e+01 6.500000000000000000e+01
6.300000000000000000e+01 5.800000000000000000e+01 4.880000000000000000e+02 6.800000000000000000e+01 6.500000000000000000e+01
6.300000000000000000e+01 5.800000000000000000e+01 6.800000000000000000e+01 6.600000000000000000e+01 6.500000000000000000e+01
6.300000000000000000e+01 5.800000000000000000e+01 6.800000000000000000e+01 6.600000000000000000e+01 6.500000000000000000e+01
6.300000000000000000e+01 5.800000000000000000e+01 6.800000000000000000e+01 6.600000000000000000e+01 6.500000000000000000e+01
6.300000000000000000e+01 6.800000000000000000e+01 5.800000000000000000e+01 6.600000000000000000e+01 6.500000000000000000e+01
6.300000000000000000e+01 6.800000000000000000e+01 5.800000000000000000e+01 6.600000000000000000e+01 6.500000000000000000e+01
6.300000000000000000e+01 6.800000000000000000e+01 6.600000000000000000e+01 5.800000000000000000e+01 4.880000000000000000e+02
6.300000000000000000e+01 4.880000000000000000e+02 6.160000000000000000e+02 6.600000000000000000e+01 6.800000000000000000e+01
6.300000000000000000e+01 6.600000000000000000e+01 6.800000000000000000e+01 6.160000000000000000e+02 6.500000000000000000e+01
6.300000000000000000e+01 6.600000000000000000e+01 6.800000000000000000e+01 6.500000000000000000e+01 6.160000000000000000e+02
6.300000000000000000e+01 6.600000000000000000e+01 6.800000000000000000e+01 6.500000000000000000e+01 6.160000000000000000e+02
6.300000000000000000e+01 6.500000000000000000e+01 6.600000000000000000e+01 6.160000000000000000e+02 6.800000000000000000e+01
6.300000000000000000e+01 6.500000000000000000e+01 6.160000000000000000e+02 6.600000000000000000e+01 6.800000000000000000e+01
6.300000000000000000e+01 6.160000000000000000e+02 6.600000000000000000e+01 4.880000000000000000e+02 6.500000000000000000e+01
6.300000000000000000e+01 6.500000000000000000e+01 6.160000000000000000e+02 5.800000000000000000e+01 4.880000000000000000e+02
6.300000000000000000e+01 6.500000000000000000e+01 6.160000000000000000e+02 5.800000000000000000e+01 4.880000000000000000e+02
6.300000000000000000e+01 4.880000000000000000e+02 6.160000000000000000e+02 6.500000000000000000e+01 5.800000000000000000e+01
6.300000000000000000e+01 4.880000000000000000e+02 6.500000000000000000e+01 6.160000000000000000e+02 5.800000000000000000e+01
6.300000000000000000e+01 6.500000000000000000e+01 4.880000000000000000e+02 5.800000000000000000e+01 6.160000000000000000e+02
6.300000000000000000e+01 4.880000000000000000e+02 6.500000000000000000e+01 5.800000000000000000e+01 6.600000000000000000e+01
6.300000000000000000e+01 6.500000000000000000e+01 4.880000000000000000e+02 5.800000000000000000e+01 6.600000000000000000e+01
6.300000000000000000e+01 6.500000000000000000e+01 4.880000000000000000e+02 5.800000000000000000e+01 6.600000000000000000e+01
6.300000000000000000e+01 6.500000000000000000e+01 4.880000000000000000e+02 5.800000000000000000e+01 6.160000000000000000e+02
6.300000000000000000e+01 6.500000000000000000e+01 4.880000000000000000e+02 5.800000000000000000e+01 6.600000000000000000e+01
6.300000000000000000e+01 6.500000000000000000e+01 4.880000000000000000e+02 5.800000000000000000e+01 6.160000000000000000e+02
6.300000000000000000e+01 6.500000000000000000e+01 4.880000000000000000e+02 5.800000000000000000e+01 6.160000000000000000e+02
6.300000000000000000e+01 6.500000000000000000e+01 4.880000000000000000e+02 5.800000000000000000e+01 6.160000000000000000e+02
6.300000000000000000e+01 6.500000000000000000e+01 4.880000000000000000e+02 5.800000000000000000e+01 6.160000000000000000e+02
6.300000000000000000e+01 6.500000000000000000e+01 4.880000000000000000e+02 5.800000000000000000e+01 6.160000000000000000e+02
6.300000000000000000e+01 6.500000000000000000e+01 4.880000000000000000e+02 5.800000000000000000e+01 6.160000000000000000e+02
6.300000000000000000e+01 6.500000000000000000e+01 4.880000000000000000e+02 5.800000000000000000e+01 6.160000000000000000e+02
6.300000000000000000e+01 6.500000000000000000e+01 4.880000000000000000e+02 5.800000000000000000e+01 6.160000000000000000e+02
6.300000000000000000e+01 6.500000000000000000e+01 4.880000000000000000e+02 5.800000000000000000e+01 6.160000000000000000e+02
6.300000000000000000e+01 6.500000000000000000e+01 5.800000000000000000e+01 4.880000000000000000e+02 6.160000000000000000e+02
