1.801758969235226675e-03
6.248714982681308552e-03
9.281632352328036961e-02
2.556368100252675024e-01
5.885988277247167222e-01
6.048820261272532806e-01
9.525461802601606909e-01
1.071389037680367862e+00
1.070048057791140872e+00
9.212320719529070168e-01
8.840523436222773590e-01
6.659226562265441185e-01
5.820760320744566840e-01
6.527407920883884218e-01
7.382077846216553718e-01
8.590910214500554476e-01
1.015785158047316949e+00
1.015160817331486109e+00
1.013220321828808057e+00
1.071770537971638459e+00
1.008812486984060897e+00
1.044727302085319165e+00
9.942038690452509320e-01
1.074382053869835651e+00
1.031558752264892798e+00
1.110538118042937450e+00
1.261543274768370582e+00
1.347754914282846883e+00
1.359991143591680940e+00
1.411007683793547240e+00
1.503526490665177962e+00
1.468272511302052274e+00
1.447539413297958655e+00
1.560136105215149227e+00
1.507486200584917668e+00
1.493373766423157889e+00
1.492509237537294586e+00
1.484014066284933042e+00
1.510071406118199455e+00
1.587842829094128883e+00
1.591909584006608203e+00
1.610861003509144851e+00
1.655881751035413574e+00
1.607407980294385474e+00
1.644282274993600135e+00
1.710909242714495626e+00
1.662232733637366566e+00
1.635531532494945095e+00
1.683711539524480383e+00
1.703346604154088340e+00
1.668403575111795156e+00
