2.639217537534907987e-04
8.340143108456338748e-05
4.930329014551319139e-04
1.467881708638885943e-03
3.923114556689089039e-02
2.611432531567607351e-01
5.431554223845626028e-01
6.449610596765320558e-01
6.780331424262947548e-01
6.831238369684575762e-01
7.289602251431802626e-01
7.114355727101566718e-01
7.060188457685926400e-01
7.202422831692760763e-01
7.728824058670489272e-01
8.173556909366280765e-01
8.207581403988664093e-01
8.470738181188532945e-01
8.933734325786916175e-01
9.398395564425098270e-01
9.102649246125420479e-01
8.927541765024340492e-01
8.987510493311677839e-01
9.050739545593028401e-01
8.853785153964005561e-01
8.911156582128383352e-01
9.187610823618115319e-01
9.317973097669444149e-01
8.935925455294656539e-01
9.414668416830505038e-01
8.643001098099039048e-01
8.481834926782437778e-01
8.602792946960282627e-01
8.479467082234686259e-01
8.823365509169456278e-01
8.735271006897640245e-01
8.872160778357147670e-01
9.092010726739917503e-01
8.681510593039235557e-01
9.256494757179836164e-01
9.037699619501011750e-01
9.025469294871373283e-01
9.336074745256365270e-01
9.035527668369706111e-01
9.279119076895426810e-01
9.329406834734998988e-01
9.428348763707059543e-01
9.659496145694289604e-01
9.603610356761638212e-01
9.684281457468936205e-01
9.579758620954184067e-01
