       1    0.0000000001
       2    0.0000000005
       3    0.0000000050
       4    0.0000000935
       5    0.0000013723
       6    0.0000118797
       7    0.0000821943
       8    0.0006988887
       9    0.0021400750
      10    0.0141345588
      11    0.0232576001
      12    0.0631664544
      13    0.2068232149
      14    0.2234579027
      15    0.3926937580
      16    0.3817759752
      17    0.4017176032
      18    0.5093837976
      19    0.4846004844
      20    0.5769006014
      21    0.5104416013
      22    0.4376936853
      23    0.5599027872
      24    0.4869910181
      25    0.4143642485
      26    0.3730270863
      27    0.1560465544
      28    0.3782588840
      29    0.2379071414
      30    0.1450742185
      31    0.2723713815
      32    0.1451701373
      33    0.1088332757
      34    0.1704916060
      35    0.0739685073
      36    0.0183697883
      37    0.0989369005
      38    0.0118652731
      39    0.0267195664
      40    0.0241985023
      41    0.0654458702
      42    0.0215356592
      43    0.0304988902
      44    0.0073042572
      45    0.0238894708
      46    0.0059977737
      47    0.0051933615
      48    0.0069652507
      49    0.0057504489
      50    0.0030105314
      51    0.0022564810
      52    0.0040881978
      53    0.0026276819
      54    0.0022304510
      55    0.0014425006
      56    0.0014976095
      57    0.0012097697
      58    0.0010870491
      59    0.0024853426
      60    0.0010544114
      61    0.0015957374
      62    0.0001901273
      63    0.0004773129
      64    0.0002383137
      65    0.0004317903
      66    0.0003314877
      67    0.0001604235
      68    0.0003209809
      69    0.0009001765
      70    0.0000875283
      71    0.0000578098
      72    0.0003744593
      73    0.0001751045
      74    0.0000807257
      75    0.0000889626
      76    0.0000582672
      77    0.0000978397
      78    0.0000846763
      79    0.0000774003
      80    0.0001136260
      81    0.0000411369
      82    0.0000315018
      83    0.0000152591
      84    0.0000504443
      85    0.0000150461
      86    0.0000172358
      87    0.0000143626
      88    0.0000342080
      89    0.0000351120
      90    0.0000121829
      91    0.0000137655
      92    0.0000143984
      93    0.0000296427
      94    0.0000074634
      95    0.0000110959
      96    0.0000068951
      97    0.0000132214
      98    0.0000072487
      99    0.0000068005
     100    0.0000085261
     101    0.0000100747
     102    0.0000071098
     103    0.0000056524
     104    0.0000124152
     105    0.0000063010
     106    0.0000049989
     107    0.0000069299
     108    0.0000060768
     109    0.0000112275
     110    0.0000089948
     111    0.0000044513
     112    0.0000062761
     113    0.0000082386
     114    0.0000077835
     115    0.0000094674
     116    0.0000044577
     117    0.0000046741
     118    0.0000032677
     119    0.0000077886
     120    0.0000045576
     121    0.0000037673
     122    0.0000023934
     123    0.0000043467
     124    0.0000041424
     125    0.0000029195
     126    0.0000038976
     127    0.0000037686
     128    0.0000057919
