       1    0.0002259658
       2    0.0003787478
       3    0.0021668661
       4    0.0303858388
       5    0.5856478810
       6    0.9704942703
       7    0.9983420968
       8    0.9997863770
       9    0.9999454618
      10    0.9999825358
      11    0.9999980927
      12    0.9999984503
      13    0.9999985695
      14    0.9999992847
      15    0.9999991655
      16    0.9999982119
      17    0.9999995828
      18    0.9999997020
      19    0.9999993443
      20    0.9999988079
      21    0.9999992847
      22    0.9999988675
      23    0.9999988079
      24    0.9999989271
      25    0.9999976158
      26    0.9999983311
      27    0.9999967813
      28    0.9999968410
      29    0.9999954104
      30    0.9999762177
      31    0.9999922514
      32    0.9999940395
      33    0.9999889731
      34    0.9999644160
      35    0.9999935031
      36    0.9999877810
      37    0.9999704361
      38    0.9999823570
      39    0.9999718070
      40    0.9999845624
      41    0.9999718070
      42    0.9998454452
      43    0.9994670153
      44    0.9997707009
      45    0.9999383688
      46    0.9988571405
      47    0.9998377562
      48    0.9978255630
      49    0.9994952679
      50    0.9995679855
      51    0.9969601631
      52    0.9962714911
      53    0.9965252876
      54    0.9989697933
      55    0.9876163602
      56    0.9935306907
      57    0.9919496179
      58    0.9926515818
      59    0.9701516628
      60    0.9934404492
      61    0.9007040858
      62    0.9369400144
      63    0.8210049868
      64    0.9843931198
      65    0.8643435836
      66    0.8197451830
      67    0.9134220481
      68    0.7635793090
      69    0.8161302805
      70    0.6736513972
      71    0.9370372891
      72    0.6652565598
      73    0.6091454625
      74    0.7734869719
      75    0.6159112453
      76    0.6891577840
      77    0.5315737724
      78    0.4168299139
      79    0.2824640274
      80    0.4161865413
      81    0.3062514067
      82    0.4393834472
      83    0.1318280399
      84    0.3433046341
      85    0.1414557546
      86    0.2516356707
      87    0.1291719228
      88    0.1275670826
      89    0.1075633168
      90    0.1113173217
      91    0.0903306976
      92    0.1246865541
      93    0.0534893870
      94    0.0459641218
      95    0.0263941437
      96    0.0242803972
      97    0.0222008675
      98    0.0202204920
      99    0.0266420059
     100    0.0420976505
     101    0.0151341036
     102    0.0270763971
     103    0.0256162174
     104    0.0094627729
     105    0.0233142171
     106    0.0106922016
     107    0.0096732238
     108    0.0073926728
     109    0.0142929489
     110    0.0076538827
     111    0.0127315596
     112    0.0093401866
     113    0.0047485284
     114    0.0055693099
     115    0.0048464490
     116    0.0032906886
     117    0.0030037719
     118    0.0065276646
     119    0.0044179694
     120    0.0051213712
     121    0.0043808888
     122    0.0056259511
     123    0.0042813057
     124    0.0023958082
     125    0.0034393652
     126    0.0038928976
     127    0.0023678110
     128    0.0021370901
