       1    0.0000538876
       2    0.0000537469
       3    0.0001204461
       4    0.0005796516
       5    0.0035583200
       6    0.0207062531
       7    0.0421219505
       8    0.1056173742
       9    0.1758012474
      10    0.2561169267
      11    0.3781093657
      12    0.4840139151
      13    0.5886029601
      14    0.6824877262
      15    0.7558348775
      16    0.7752195597
      17    0.7416197062
      18    0.7480403781
      19    0.8668119311
      20    0.8540149331
      21    0.8605173230
      22    0.8067721128
      23    0.8197403550
      24    0.7824071646
      25    0.8400291204
      26    0.7763734460
      27    0.7592231631
      28    0.8150058389
      29    0.8090707064
      30    0.8358512521
      31    0.8107373118
      32    0.6758108139
      33    0.6147918701
      34    0.7784693837
      35    0.6705095768
      36    0.6611411572
      37    0.6567460299
      38    0.6778517365
      39    0.6893061399
      40    0.6153004169
      41    0.4407482445
      42    0.5141593814
      43    0.4567100108
      44    0.4711089730
      45    0.6242023706
      46    0.4500456750
      47    0.2351548672
      48    0.4195872545
      49    0.2524036169
      50    0.3173297942
      51    0.3488698602
      52    0.2488693297
      53    0.2309247553
      54    0.3844246268
      55    0.3258055449
      56    0.1783905029
      57    0.2435446829
      58    0.1134047508
      59    0.1772982925
      60    0.2163469493
      61    0.2150980085
      62    0.2174889296
      63    0.2018042952
      64    0.1589092314
      65    0.1519824266
      66    0.1176135987
      67    0.1245484427
      68    0.0930625647
      69    0.1798597574
      70    0.0870221928
      71    0.1727230102
      72    0.0642376244
      73    0.0734695271
      74    0.0738953575
      75    0.0580900200
      76    0.0310241468
      77    0.0353142098
      78    0.0371936038
      79    0.0162955038
      80    0.0452472158
      81    0.0410680771
      82    0.0259446613
      83    0.0417291783
      84    0.0176629983
      85    0.0191669837
      86    0.0152880773
      87    0.0098254280
      88    0.0077554910
      89    0.0072467364
      90    0.0048281723
      91    0.0067962892
      92    0.0054530613
      93    0.0047963094
      94    0.0073371017
      95    0.0025382894
      96    0.0055463193
      97    0.0012481806
      98    0.0019644569
      99    0.0006078387
     100    0.0021708997
     101    0.0014750039
     102    0.0008655877
     103    0.0003516977
     104    0.0003846453
     105    0.0005780918
     106    0.0004558258
     107    0.0004866553
     108    0.0003901876
     109    0.0002388893
     110    0.0003854200
     111    0.0002190939
     112    0.0003334852
     113    0.0001631763
     114    0.0001332619
     115    0.0001617041
     116    0.0000984998
     117    0.0001314868
     118    0.0000739363
     119    0.0000433869
     120    0.0000840279
     121    0.0000480757
     122    0.0000694327
     123    0.0000274596
     124    0.0000344508
     125    0.0000571551
     126    0.0000968554
     127    0.0000469163
     128    0.0000312038
