9.710000000000000000e+02 5.800000000000000000e+01 1.400000000000000000e+01 1.070000000000000000e+02 9.730000000000000000e+02
3.170000000000000000e+02 4.050000000000000000e+02 3.000000000000000000e+00 7.670000000000000000e+02 3.180000000000000000e+02
6.930000000000000000e+02 7.670000000000000000e+02 6.260000000000000000e+02 9.080000000000000000e+02 4.720000000000000000e+02
6.930000000000000000e+02 4.720000000000000000e+02 9.080000000000000000e+02 7.670000000000000000e+02 6.440000000000000000e+02
4.720000000000000000e+02 9.080000000000000000e+02 6.930000000000000000e+02 3.170000000000000000e+02 7.670000000000000000e+02
9.080000000000000000e+02 4.720000000000000000e+02 6.930000000000000000e+02 3.170000000000000000e+02 8.140000000000000000e+02
4.720000000000000000e+02 6.930000000000000000e+02 9.080000000000000000e+02 3.170000000000000000e+02 8.140000000000000000e+02
4.720000000000000000e+02 6.930000000000000000e+02 9.080000000000000000e+02 8.140000000000000000e+02 3.170000000000000000e+02
4.720000000000000000e+02 6.930000000000000000e+02 8.140000000000000000e+02 9.080000000000000000e+02 6.840000000000000000e+02
4.720000000000000000e+02 6.930000000000000000e+02 8.140000000000000000e+02 9.080000000000000000e+02 6.840000000000000000e+02
4.720000000000000000e+02 6.930000000000000000e+02 8.140000000000000000e+02 9.080000000000000000e+02 6.840000000000000000e+02
4.720000000000000000e+02 6.930000000000000000e+02 8.140000000000000000e+02 9.080000000000000000e+02 4.050000000000000000e+02
4.720000000000000000e+02 8.140000000000000000e+02 6.930000000000000000e+02 9.080000000000000000e+02 4.050000000000000000e+02
4.720000000000000000e+02 8.140000000000000000e+02 6.930000000000000000e+02 9.080000000000000000e+02 4.050000000000000000e+02
4.720000000000000000e+02 8.140000000000000000e+02 6.930000000000000000e+02 9.080000000000000000e+02 4.050000000000000000e+02
4.720000000000000000e+02 8.140000000000000000e+02 6.930000000000000000e+02 9.080000000000000000e+02 4.050000000000000000e+02
4.720000000000000000e+02 8.140000000000000000e+02 6.930000000000000000e+02 9.080000000000000000e+02 4.050000000000000000e+02
4.720000000000000000e+02 8.140000000000000000e+02 6.930000000000000000e+02 9.080000000000000000e+02 4.050000000000000000e+02
4.720000000000000000e+02 8.140000000000000000e+02 6.930000000000000000e+02 9.080000000000000000e+02 4.050000000000000000e+02
4.720000000000000000e+02 8.140000000000000000e+02 6.930000000000000000e+02 9.080000000000000000e+02 4.050000000000000000e+02
4.720000000000000000e+02 8.140000000000000000e+02 6.930000000000000000e+02 9.080000000000000000e+02 4.050000000000000000e+02
4.720000000000000000e+02 8.140000000000000000e+02 6.930000000000000000e+02 9.080000000000000000e+02 4.050000000000000000e+02
4.720000000000000000e+02 8.140000000000000000e+02 6.930000000000000000e+02 9.080000000000000000e+02 4.050000000000000000e+02
4.720000000000000000e+02 8.140000000000000000e+02 6.930000000000000000e+02 9.080000000000000000e+02 4.050000000000000000e+02
4.720000000000000000e+02 8.140000000000000000e+02 6.930000000000000000e+02 9.080000000000000000e+02 4.050000000000000000e+02
4.720000000000000000e+02 8.140000000000000000e+02 6.930000000000000000e+02 9.080000000000000000e+02 4.050000000000000000e+02
4.720000000000000000e+02 8.140000000000000000e+02 6.930000000000000000e+02 9.080000000000000000e+02 4.050000000000000000e+02
4.720000000000000000e+02 8.140000000000000000e+02 6.930000000000000000e+02 9.080000000000000000e+02 4.050000000000000000e+02
4.720000000000000000e+02 8.140000000000000000e+02 6.930000000000000000e+02 9.080000000000000000e+02 4.050000000000000000e+02
4.720000000000000000e+02 8.140000000000000000e+02 6.930000000000000000e+02 9.080000000000000000e+02 4.050000000000000000e+02
4.720000000000000000e+02 8.140000000000000000e+02 6.930000000000000000e+02 9.080000000000000000e+02 4.050000000000000000e+02
4.720000000000000000e+02 8.140000000000000000e+02 6.930000000000000000e+02 9.080000000000000000e+02 6.250000000000000000e+02
4.720000000000000000e+02 8.140000000000000000e+02 6.930000000000000000e+02 9.080000000000000000e+02 6.250000000000000000e+02
4.720000000000000000e+02 6.930000000000000000e+02 8.140000000000000000e+02 9.080000000000000000e+02 6.250000000000000000e+02
4.720000000000000000e+02 6.930000000000000000e+02 8.140000000000000000e+02 9.080000000000000000e+02 6.250000000000000000e+02
4.720000000000000000e+02 8.140000000000000000e+02 6.930000000000000000e+02 9.080000000000000000e+02 6.250000000000000000e+02
4.720000000000000000e+02 8.140000000000000000e+02 6.930000000000000000e+02 6.250000000000000000e+02 9.080000000000000000e+02
4.720000000000000000e+02 8.140000000000000000e+02 6.930000000000000000e+02 6.250000000000000000e+02 9.080000000000000000e+02
4.720000000000000000e+02 8.140000000000000000e+02 6.930000000000000000e+02 6.250000000000000000e+02 9.080000000000000000e+02
4.720000000000000000e+02 8.140000000000000000e+02 6.930000000000000000e+02 6.250000000000000000e+02 9.080000000000000000e+02
4.720000000000000000e+02 8.140000000000000000e+02 6.930000000000000000e+02 6.250000000000000000e+02 9.080000000000000000e+02
4.720000000000000000e+02 8.140000000000000000e+02 6.930000000000000000e+02 6.250000000000000000e+02 9.080000000000000000e+02
4.720000000000000000e+02 8.140000000000000000e+02 6.930000000000000000e+02 6.250000000000000000e+02 9.080000000000000000e+02
4.720000000000000000e+02 8.140000000000000000e+02 6.930000000000000000e+02 6.250000000000000000e+02 9.080000000000000000e+02
4.720000000000000000e+02 8.140000000000000000e+02 6.930000000000000000e+02 6.250000000000000000e+02 9.080000000000000000e+02
4.720000000000000000e+02 8.140000000000000000e+02 6.930000000000000000e+02 6.250000000000000000e+02 9.080000000000000000e+02
4.720000000000000000e+02 8.140000000000000000e+02 6.930000000000000000e+02 6.250000000000000000e+02 9.080000000000000000e+02
4.720000000000000000e+02 8.140000000000000000e+02 6.930000000000000000e+02 6.250000000000000000e+02 9.080000000000000000e+02
4.720000000000000000e+02 8.140000000000000000e+02 6.930000000000000000e+02 6.250000000000000000e+02 9.080000000000000000e+02
4.720000000000000000e+02 8.140000000000000000e+02 6.930000000000000000e+02 6.250000000000000000e+02 9.080000000000000000e+02
4.720000000000000000e+02 8.140000000000000000e+02 6.930000000000000000e+02 6.250000000000000000e+02 9.080000000000000000e+02
4.720000000000000000e+02 8.140000000000000000e+02 6.930000000000000000e+02 6.250000000000000000e+02 9.080000000000000000e+02
4.720000000000000000e+02 8.140000000000000000e+02 6.930000000000000000e+02 6.250000000000000000e+02 9.080000000000000000e+02
4.720000000000000000e+02 8.140000000000000000e+02 6.930000000000000000e+02 6.250000000000000000e+02 9.080000000000000000e+02
4.720000000000000000e+02 8.140000000000000000e+02 6.930000000000000000e+02 6.250000000000000000e+02 9.080000000000000000e+02
4.720000000000000000e+02 8.140000000000000000e+02 6.930000000000000000e+02 6.250000000000000000e+02 9.080000000000000000e+02
4.720000000000000000e+02 8.140000000000000000e+02 6.930000000000000000e+02 6.250000000000000000e+02 9.080000000000000000e+02
4.720000000000000000e+02 8.140000000000000000e+02 6.930000000000000000e+02 6.250000000000000000e+02 9.080000000000000000e+02
4.720000000000000000e+02 8.140000000000000000e+02 6.930000000000000000e+02 6.250000000000000000e+02 9.080000000000000000e+02
4.720000000000000000e+02 8.140000000000000000e+02 6.930000000000000000e+02 6.250000000000000000e+02 9.080000000000000000e+02
4.720000000000000000e+02 8.140000000000000000e+02 6.930000000000000000e+02 6.250000000000000000e+02 9.080000000000000000e+02
4.720000000000000000e+02 8.140000000000000000e+02 6.930000000000000000e+02 6.250000000000000000e+02 9.080000000000000000e+02
4.720000000000000000e+02 8.140000000000000000e+02 6.930000000000000000e+02 6.250000000000000000e+02 9.080000000000000000e+02
4.720000000000000000e+02 8.140000000000000000e+02 6.930000000000000000e+02 6.250000000000000000e+02 9.080000000000000000e+02
4.720000000000000000e+02 8.140000000000000000e+02 6.930000000000000000e+02 6.250000000000000000e+02 9.080000000000000000e+02
4.720000000000000000e+02 8.140000000000000000e+02 6.930000000000000000e+02 6.250000000000000000e+02 9.080000000000000000e+02
4.720000000000000000e+02 8.140000000000000000e+02 6.930000000000000000e+02 6.250000000000000000e+02 9.080000000000000000e+02
4.720000000000000000e+02 8.140000000000000000e+02 6.930000000000000000e+02 6.250000000000000000e+02 9.080000000000000000e+02
4.720000000000000000e+02 8.140000000000000000e+02 6.930000000000000000e+02 6.250000000000000000e+02 9.080000000000000000e+02
4.720000000000000000e+02 8.140000000000000000e+02 6.930000000000000000e+02 6.250000000000000000e+02 9.080000000000000000e+02
4.720000000000000000e+02 8.140000000000000000e+02 6.930000000000000000e+02 6.250000000000000000e+02 9.080000000000000000e+02
4.720000000000000000e+02 8.140000000000000000e+02 6.930000000000000000e+02 6.250000000000000000e+02 9.080000000000000000e+02
4.720000000000000000e+02 8.140000000000000000e+02 6.930000000000000000e+02 6.250000000000000000e+02 9.080000000000000000e+02
4.720000000000000000e+02 8.140000000000000000e+02 6.930000000000000000e+02 6.250000000000000000e+02 9.080000000000000000e+02
4.720000000000000000e+02 8.140000000000000000e+02 6.930000000000000000e+02 6.250000000000000000e+02 9.080000000000000000e+02
4.720000000000000000e+02 8.140000000000000000e+02 6.930000000000000000e+02 6.250000000000000000e+02 9.080000000000000000e+02
4.720000000000000000e+02 8.140000000000000000e+02 6.930000000000000000e+02 6.250000000000000000e+02 9.080000000000000000e+02
4.720000000000000000e+02 8.140000000000000000e+02 6.930000000000000000e+02 6.250000000000000000e+02 9.080000000000000000e+02
4.720000000000000000e+02 8.140000000000000000e+02 6.930000000000000000e+02 6.250000000000000000e+02 9.080000000000000000e+02
4.720000000000000000e+02 8.140000000000000000e+02 6.930000000000000000e+02 6.250000000000000000e+02 9.080000000000000000e+02
4.720000000000000000e+02 8.140000000000000000e+02 6.930000000000000000e+02 6.250000000000000000e+02 9.080000000000000000e+02
4.720000000000000000e+02 8.140000000000000000e+02 6.930000000000000000e+02 6.250000000000000000e+02 9.080000000000000000e+02
4.720000000000000000e+02 8.140000000000000000e+02 6.930000000000000000e+02 6.250000000000000000e+02 9.080000000000000000e+02
4.720000000000000000e+02 8.140000000000000000e+02 6.930000000000000000e+02 6.250000000000000000e+02 9.080000000000000000e+02
4.720000000000000000e+02 8.140000000000000000e+02 6.930000000000000000e+02 6.250000000000000000e+02 9.080000000000000000e+02
4.720000000000000000e+02 8.140000000000000000e+02 6.930000000000000000e+02 6.250000000000000000e+02 9.080000000000000000e+02
4.720000000000000000e+02 8.140000000000000000e+02 6.930000000000000000e+02 6.250000000000000000e+02 9.080000000000000000e+02
4.720000000000000000e+02 8.140000000000000000e+02 6.930000000000000000e+02 6.250000000000000000e+02 9.080000000000000000e+02
4.720000000000000000e+02 8.140000000000000000e+02 6.930000000000000000e+02 6.250000000000000000e+02 9.080000000000000000e+02
4.720000000000000000e+02 8.140000000000000000e+02 6.930000000000000000e+02 6.250000000000000000e+02 9.080000000000000000e+02
4.720000000000000000e+02 8.140000000000000000e+02 6.930000000000000000e+02 6.250000000000000000e+02 9.080000000000000000e+02
4.720000000000000000e+02 8.140000000000000000e+02 6.930000000000000000e+02 6.250000000000000000e+02 9.080000000000000000e+02
4.720000000000000000e+02 8.140000000000000000e+02 6.930000000000000000e+02 6.250000000000000000e+02 9.080000000000000000e+02
4.720000000000000000e+02 8.140000000000000000e+02 6.930000000000000000e+02 6.250000000000000000e+02 9.080000000000000000e+02
4.720000000000000000e+02 8.140000000000000000e+02 6.930000000000000000e+02 6.250000000000000000e+02 9.080000000000000000e+02
4.720000000000000000e+02 8.140000000000000000e+02 6.930000000000000000e+02 6.250000000000000000e+02 9.080000000000000000e+02
4.720000000000000000e+02 8.140000000000000000e+02 6.930000000000000000e+02 6.250000000000000000e+02 9.080000000000000000e+02
4.720000000000000000e+02 8.140000000000000000e+02 6.930000000000000000e+02 6.250000000000000000e+02 9.080000000000000000e+02
4.720000000000000000e+02 8.140000000000000000e+02 6.930000000000000000e+02 6.250000000000000000e+02 9.080000000000000000e+02
4.720000000000000000e+02 8.140000000000000000e+02 6.930000000000000000e+02 6.250000000000000000e+02 9.080000000000000000e+02
4.720000000000000000e+02 8.140000000000000000e+02 6.930000000000000000e+02 6.250000000000000000e+02 9.080000000000000000e+02
