1.580387761350721121e-04 5.170789518160745502e-05 1.982532121473923326e-04 4.480693605728447437e-04 1.337199500994756818e-04 5.506623710971325636e-05
4.998320713639259338e-02 5.839227014803327620e-06 1.079626817954704165e-04 2.283723442815244198e-04 3.045008088520262390e-05 2.062948806269560009e-05
9.819703102111816406e-01 1.204271349308783101e-08 6.357273463208912290e-08 9.856009910436114296e-07 8.991268174440847361e-09 3.988811059230101819e-08
9.907234311103820801e-01 3.461261277593052910e-09 7.499472332028744859e-08 2.430978440770559246e-07 2.674481747177992474e-09 2.374854091158340452e-08
9.945677518844604492e-01 2.153553863015744696e-10 2.635091611580264725e-08 3.437770956793428923e-08 3.088673761197924250e-10 4.264896880101787247e-09
9.957492351531982422e-01 2.805724819143762261e-10 3.677123316947472631e-08 4.231737449345018831e-08 4.307064149777772855e-10 5.848717954393123364e-09
9.958628416061401367e-01 1.737033850091052045e-10 1.363825763434078908e-08 2.067117144122221362e-08 2.021554035280814787e-10 2.784390051857599246e-09
9.960875511169433594e-01 9.407957052287585498e-11 6.051493084413550605e-09 6.676618813372670047e-09 9.337913081663984372e-11 1.204109256747187828e-09
9.965309500694274902e-01 3.224778777344283753e-11 1.616917377766924346e-09 1.806539029480802583e-09 2.870832044310489550e-11 3.976486084855679337e-10
9.968419075012207031e-01 1.772161757618295752e-11 7.391733891637386478e-10 7.029094528654411533e-10 1.411231548287261717e-11 1.824647793968736664e-10
9.976563453674316406e-01 6.912528709157594875e-12 2.946567712047709620e-10 2.273654736706376411e-10 6.021859226545966948e-12 7.826473497063446416e-11
9.985264539718627930e-01 3.599323313355218268e-12 1.415489531142455348e-10 1.064821841811891545e-10 3.072445943497204013e-12 4.076695231391980201e-11
9.989346861839294434e-01 1.935256859278422503e-12 8.386102923196858683e-11 5.750282541794327074e-11 1.728603154713126422e-12 2.217409242333268082e-11
9.991307854652404785e-01 1.990228294668217046e-12 7.821657904694134800e-11 5.874296188368433036e-11 1.676816346364573551e-12 2.046294210467092256e-11
9.992303848266601562e-01 2.218170308890266007e-12 8.602481921249349739e-11 6.186381268369345321e-11 1.613437682068674661e-12 2.149191588585175339e-11
9.992399215698242188e-01 3.336613320706338648e-12 1.158670659417992965e-10 7.724965112032577963e-11 2.325216625145842819e-12 3.001643725242253424e-11
9.992553591728210449e-01 4.303535392630175593e-12 1.530061355392575706e-10 9.231054809433203445e-11 2.907472439889202676e-12 3.578758123179426320e-11
9.994027614593505859e-01 4.159247599111459692e-12 1.237287355904115316e-10 8.261926559560706096e-11 2.800338953778958029e-12 3.648252533405837994e-11
9.994730353355407715e-01 3.798517490133379582e-12 8.834905723675845479e-11 6.402758878643055596e-11 2.532120346732114058e-12 2.944902308121832846e-11
9.993952512741088867e-01 5.948525092641654410e-12 1.242374120247191627e-10 9.080479423939635808e-11 4.313943299805167442e-12 4.755995944294433286e-11
9.994568228721618652e-01 4.459943699075541446e-12 8.957677655185847243e-11 6.139359853829517988e-11 3.272007447971403415e-12 3.535605488935722462e-11
9.994148015975952148e-01 4.424932208840770542e-12 8.363068570993448247e-11 6.390162010649902413e-11 3.102516073910654981e-12 3.629335373900310913e-11
9.994819760322570801e-01 3.760991084539311302e-12 6.644276101530621759e-11 5.066522548724528008e-11 2.479101559454965908e-12 3.076473104046684170e-11
9.994201660156250000e-01 5.176515032595530030e-12 8.336945717113408705e-11 6.311737937858552527e-11 3.086890552200793891e-12 3.993920125178185287e-11
9.993799924850463867e-01 7.741872247446490718e-12 1.146801265061725417e-10 8.171281706825794799e-11 4.536945905769806942e-12 5.846461509362299580e-11
9.993582367897033691e-01 8.418908799268098875e-12 1.112414188542132365e-10 8.710280413604110095e-11 4.208633441749043413e-12 5.797131871765337507e-11
9.994126558303833008e-01 7.595131121251874617e-12 8.995392625221754201e-11 8.148840630051168432e-11 3.473353549221513958e-12 5.099219657633824454e-11
9.993959665298461914e-01 1.215612593225001703e-11 1.273570277016133900e-10 1.212854955356945652e-10 4.854714720503583436e-12 7.680461822090478563e-11
9.994544386863708496e-01 1.307284228785343672e-11 1.284756051544988509e-10 1.266728111293247139e-10 4.921972551752418212e-12 7.565292142741597559e-11
9.993606209754943848e-01 2.037879413829823960e-11 1.763507395668995059e-10 1.706113444965851045e-10 7.238920834290452078e-12 1.160987556092507589e-10
9.993822574615478516e-01 1.843289063052644394e-11 1.525487930420510452e-10 1.438123647945488415e-10 6.180324047672103305e-12 1.084596440437124443e-10
9.993678927421569824e-01 2.141711634429110944e-11 1.726536552615343112e-10 1.414573597147139594e-10 6.549641905218006599e-12 1.208502742322536960e-10
9.993857145309448242e-01 2.607472744664551811e-11 1.984460235027185604e-10 1.669098331769092169e-10 7.207112077273203354e-12 1.369427071740147994e-10
9.993098974227905273e-01 2.872541093879021901e-11 2.245919977772459220e-10 1.630586915490894739e-10 7.733404194798509934e-12 1.439682539849940213e-10
9.992902278900146484e-01 4.272950049344359513e-11 3.028607642452385562e-10 2.237883767186588102e-10 1.064959145175015109e-11 1.917532660433707292e-10
9.992542862892150879e-01 4.574669462686919985e-11 3.302292050921806776e-10 2.551570066344766019e-10 1.136932648720945238e-11 2.044963781644426604e-10
9.992228746414184570e-01 5.464307478719732103e-11 3.788809266325188219e-10 2.699159507013604298e-10 1.262969936965951945e-11 2.195577608610221887e-10
9.992004036903381348e-01 5.396663324552797292e-11 3.680066251732228011e-10 2.463836912269812274e-10 1.232608373008536873e-11 2.130651211018630420e-10
9.990817308425903320e-01 9.890920721344897970e-11 5.863433072406110114e-10 3.993879393870969352e-10 2.003129259686708963e-11 3.559303962674675859e-10
9.990422129631042480e-01 1.253604026141275085e-10 6.345136638330473033e-10 4.679493459391892429e-10 2.262815108899918215e-11 4.006318055083113450e-10
9.989186525344848633e-01 1.890726603059889044e-10 9.127139599662825731e-10 6.650370254490667321e-10 3.083237137824212937e-11 5.241965750357735487e-10
9.989186525344848633e-01 2.169043833433192958e-10 9.224675467933707296e-10 6.903088101140042454e-10 3.417861479948491876e-11 5.844545403199674638e-10
9.988778233528137207e-01 2.304449964185550925e-10 8.722420008488995791e-10 7.835133097877644559e-10 3.273739265785557961e-11 5.432385652426319211e-10
9.987629652023315430e-01 3.381216973075140686e-10 1.073200750489888833e-09 1.000323601729746770e-09 4.089055136158314951e-11 6.944161357047562433e-10
9.987038373947143555e-01 4.333683967239210233e-10 1.226917789587389507e-09 1.113615422099201169e-09 4.796609637258697489e-11 8.536822360127871434e-10
9.985575079917907715e-01 6.418002795882671307e-10 1.614378408731909076e-09 1.670804494757760494e-09 6.484568437770121818e-11 1.130781690505955339e-09
9.985548853874206543e-01 6.543009467563365433e-10 1.513772662775636491e-09 1.620868994578472666e-09 5.944682940350887179e-11 1.044782482750861163e-09
9.983431100845336914e-01 8.758099800942886759e-10 1.884627787163140056e-09 1.884498335158468763e-09 7.696304704651879547e-11 1.326719623051531016e-09
9.981781244277954102e-01 1.102284152842969434e-09 2.138845989207993625e-09 1.959535866902228918e-09 9.074940104936146668e-11 1.567701857219105932e-09
9.980227947235107422e-01 1.440359720383810327e-09 2.507089646996973897e-09 2.345635019551650657e-09 1.053879622459064080e-10 1.763614698724325081e-09
9.979488253593444824e-01 1.922539016874225126e-09 3.011781046780015458e-09 2.808338228632578648e-09 1.313126690716259759e-10 2.192114267884903711e-09
9.979229569435119629e-01 2.304822777077220053e-09 3.264131853697449515e-09 3.146530147546400258e-09 1.406500887979333925e-10 2.257593889609665894e-09
9.978354573249816895e-01 3.092717859587423845e-09 3.828404704364629652e-09 3.800054493297011504e-09 1.658743142840535256e-10 2.666038501075718159e-09
9.976740479469299316e-01 3.779152102367788757e-09 4.462392233506307093e-09 4.317120883001734910e-09 1.966222046290155845e-10 3.081161104034890741e-09
9.975755810737609863e-01 4.377737283789429057e-09 4.550728682772842149e-09 4.684798327048156352e-09 2.052601422164457290e-10 3.139063675661191155e-09
9.974197149276733398e-01 6.109313943625238608e-09 5.797127222706421890e-09 6.637393301645033716e-09 2.516075681135987452e-10 3.892585809239790251e-09
9.970715045928955078e-01 8.844132537433324615e-09 7.761585152366023976e-09 8.327473821623243566e-09 3.415696891995168016e-10 5.253895540846542644e-09
9.969189167022705078e-01 1.148184125554507773e-08 8.194268374950297584e-09 9.422681301884949789e-09 3.878559695635885873e-10 6.169158073277003496e-09
9.968192577362060547e-01 1.227285206795158956e-08 8.993888300778962730e-09 1.006731764618962188e-08 4.067717274125470794e-10 6.393674478744060252e-09
9.964225888252258301e-01 1.707903685144174233e-08 1.089582113422693510e-08 1.426712969987420365e-08 5.308657402558480953e-10 7.958396608387374727e-09
9.959495067596435547e-01 2.282604860681658465e-08 1.414058559134900861e-08 1.806267846404807642e-08 7.246434563512593741e-10 1.047489206484897295e-08
9.956219792366027832e-01 2.635204410239566641e-08 1.591181053584023175e-08 2.015043243375203019e-08 8.049049760039395096e-10 1.178154196423975009e-08
9.954767823219299316e-01 3.057599329281401879e-08 1.792078130335994501e-08 2.367366924715952337e-08 9.038707005082358137e-10 1.336630095494228954e-08
9.949943423271179199e-01 3.917835300626393291e-08 2.110890839901458094e-08 2.822018529968772782e-08 1.105233793374793549e-09 1.586587927704385947e-08
9.950028061866760254e-01 4.144682108631059236e-08 2.197993431707345735e-08 2.931053266763683496e-08 1.139948913042587719e-09 1.616836264872745232e-08
9.945278763771057129e-01 4.891699134645932645e-08 2.553813516215086565e-08 3.545091686874002335e-08 1.353167022877244108e-09 1.838664331899053650e-08
9.943585991859436035e-01 5.888819742949635838e-08 2.887871630719018867e-08 4.111968365805296344e-08 1.527479920326868523e-09 2.004579080505664024e-08
9.945129156112670898e-01 6.073379665849643061e-08 2.813458621631070855e-08 4.169267242559726583e-08 1.516866521278359414e-09 1.949309158533196751e-08
9.936364889144897461e-01 8.307594612233515363e-08 3.662189484998634725e-08 5.269982850109045103e-08 2.017531919307202770e-09 2.481693250899752456e-08
9.937629103660583496e-01 9.047298732411945821e-08 3.653222435673342261e-08 5.850060702528026013e-08 2.062977566552604003e-09 2.476901528325470281e-08
9.933736324310302734e-01 1.084220215830100642e-07 4.092254712873000244e-08 6.556027187798463274e-08 2.319479275314506594e-09 2.719709080167831416e-08
9.932307004928588867e-01 1.218029268557074829e-07 4.702172518022962322e-08 7.294308801419902011e-08 2.657468689548636576e-09 2.961440337401199940e-08
9.922676682472229004e-01 1.505306386206939351e-07 5.509934553060702456e-08 8.717355370890800259e-08 3.178101781742270759e-09 3.534479020572689478e-08
9.924228787422180176e-01 1.765368011774626211e-07 5.945388892314440454e-08 9.217940544203884201e-08 3.358037847789319130e-09 3.661995862103140098e-08
9.914149641990661621e-01 2.201472995011499734e-07 7.125277079467196018e-08 1.019950204295128060e-07 4.093839045538061328e-09 4.168991196706883784e-08
9.900878071784973145e-01 3.194809323758818209e-07 9.483793661502204486e-08 1.400180167365761008e-07 5.611868303390110668e-09 5.380336176585842622e-08
9.905169606208801270e-01 3.446342020652082283e-07 9.577469484156608814e-08 1.422740467660332797e-07 5.571322070352380251e-09 5.315333595490301377e-08
9.900890588760375977e-01 3.823657834800542332e-07 1.058760048522344732e-07 1.607196224995277589e-07 6.107490513329594251e-09 5.670172242844273569e-08
9.891903400421142578e-01 4.850182904192479327e-07 1.294773568361051730e-07 1.961266633543345961e-07 7.214053798776376425e-09 6.783265149579165154e-08
9.889593124389648438e-01 5.360151362765464000e-07 1.405589671321649803e-07 2.245108561282904702e-07 8.028457010311740305e-09 7.156491221849137219e-08
9.883367419242858887e-01 6.487426844614674337e-07 1.614220082046813332e-07 2.526511195810599020e-07 9.048043203563338466e-09 7.906823640269067255e-08
9.874940514564514160e-01 8.136315159390505869e-07 1.883066005348155159e-07 3.052451518215093529e-07 1.086653522719416287e-08 9.209183104985640966e-08
9.865344762802124023e-01 9.765939239514409564e-07 2.184946055194814107e-07 3.434476525399077218e-07 1.248836145606446735e-08 1.053870875011853059e-07
9.867169857025146484e-01 9.690551223684451543e-07 2.138810373253363650e-07 3.354178090830828296e-07 1.251533010560024195e-08 1.071862314461213828e-07
9.861593842506408691e-01 1.098956204259593505e-06 2.377328058855709969e-07 3.456130173162819119e-07 1.360921597637343439e-08 1.120348471772558696e-07
9.859067201614379883e-01 1.299137352361867670e-06 2.777116492325149011e-07 4.026620388231094694e-07 1.602513854948028893e-08 1.296598099997936515e-07
9.839931130409240723e-01 1.635454964343807660e-06 3.211853538687137188e-07 4.730755165383015992e-07 1.908948554785183660e-08 1.502137365605449304e-07
9.836997985839843750e-01 1.796141646082105581e-06 3.555243210939806886e-07 5.074030013929586858e-07 2.077889327267712360e-08 1.607955653071257984e-07
9.842873811721801758e-01 1.859378471635864116e-06 3.383461546491162153e-07 5.007284471503226086e-07 2.055942971423974086e-08 1.573122716536090593e-07
9.818206429481506348e-01 2.659938218130264431e-06 4.625975122962699970e-07 6.673880079688387923e-07 2.724328496128691768e-08 2.021991463152517099e-07
9.807605743408203125e-01 2.886059064621804282e-06 5.010031713936768938e-07 7.222038789223006461e-07 2.974754487183872698e-08 2.122971665130535257e-07
9.816048741340637207e-01 3.064381871809018776e-06 5.225831500865751877e-07 7.324907187467033509e-07 3.097937906204606406e-08 2.196403556808945723e-07
9.818260669708251953e-01 3.155424337819567882e-06 5.249434593679325189e-07 7.090836788847809657e-07 3.114640634294119081e-08 2.197191975028545130e-07
9.811091423034667969e-01 3.330190338601823896e-06 5.443934583126974758e-07 7.330136782002227847e-07 3.259536640598525992e-08 2.250768886824516812e-07
9.809097647666931152e-01 3.832889888144563884e-06 5.817108785777236335e-07 7.831545758563152049e-07 3.498009348845698696e-08 2.412480455404875102e-07
9.792206287384033203e-01 4.452904249774292111e-06 6.267889034461404663e-07 8.724679787519562524e-07 3.926160019318558625e-08 2.663867917362949811e-07
9.789902567863464355e-01 4.817324679606826976e-06 6.792955673518008552e-07 9.140877637037192471e-07 4.349351456767180935e-08 2.853790306289738510e-07
9.788230061531066895e-01 4.980789981345878914e-06 7.125544243535841815e-07 8.898202281670819502e-07 4.352159521658904850e-08 2.927688171894260449e-07
9.769657254219055176e-01 6.078489604988135397e-06 8.077221878011187073e-07 1.055985876519116573e-06 4.971793998720386298e-08 3.250472104809887242e-07
9.760402441024780273e-01 6.681030299660051242e-06 8.563380902160133701e-07 1.144702196143043693e-06 5.294709737313496589e-08 3.408067641430534422e-07
9.753255248069763184e-01 7.296637249964987859e-06 8.904378319130046293e-07 1.177459125756286085e-06 5.528398006049428659e-08 3.586075081329909153e-07
