1.788971313389640016e-04
4.279633177562458036e-04
3.246668325026625486e-04
1.148544997581627154e-03
1.747087454700214232e-02
1.248404425807256857e-01
2.993202226530869425e-01
6.375966578358855941e-01
8.310072886624561006e-01
8.898200562897548016e-01
8.979180288769254004e-01
9.190752763863466734e-01
9.269914702103577708e-01
9.390790796814999508e-01
9.543128553102706579e-01
9.572003505345701990e-01
9.615496602562315642e-01
9.607211116671627860e-01
9.650987857819902649e-01
9.666114095401540096e-01
9.649841566365650047e-01
9.615183977620247457e-01
9.547430691605298669e-01
9.533068442787415719e-01
9.509210905048590678e-01
9.496692341786497904e-01
9.445304694011092961e-01
9.280207893736623914e-01
9.253968363589096802e-01
9.291955685445292268e-01
9.374700786482961234e-01
9.194957476841706390e-01
9.238851375266101673e-01
9.291024593408756527e-01
9.235634483110730653e-01
9.224151836816439909e-01
9.164476853298618719e-01
9.175597545271421129e-01
9.190597992935539695e-01
9.176740137022216803e-01
9.183053680970624244e-01
9.131802305605865033e-01
9.113141001371602989e-01
9.047704346337626102e-01
9.038622807586562669e-01
9.058242335016040148e-01
9.097899456365574622e-01
9.044515201958178707e-01
9.010817069642478305e-01
8.936320457460933397e-01
8.896101597803264260e-01
8.964076249408355901e-01
8.859085448104383476e-01
8.898777100019509279e-01
8.747745339051923308e-01
8.742917842658518568e-01
8.684408265729474108e-01
8.652949070622159011e-01
8.613080449558366825e-01
8.662838994578454521e-01
8.575664731886190051e-01
8.562959950216790794e-01
8.486577722506948307e-01
8.461274217333899506e-01
8.349142988359006257e-01
8.217959519817954472e-01
8.261256532751378723e-01
8.117187613688804371e-01
8.059007926984625980e-01
8.139060260523252044e-01
8.168731265626621996e-01
8.056103659771324255e-01
8.134214882229806598e-01
8.083834170411794418e-01
8.045881379121192500e-01
7.929023162363458832e-01
7.943485303174666612e-01
7.928620511303950957e-01
7.815809153510315799e-01
7.773250848033693705e-01
7.646201798105208836e-01
7.543398754778475324e-01
7.454951794097197659e-01
7.259505093135101284e-01
7.290360619961774313e-01
7.209351913079660168e-01
7.191679662902752401e-01
7.102811552644683335e-01
7.059058242951633533e-01
7.002820283944840574e-01
6.827612810741175986e-01
6.687626514442779335e-01
6.690357512210871604e-01
6.603101239425323010e-01
6.473396419032360072e-01
6.501915583126294251e-01
6.482897874125729265e-01
6.420353770577442720e-01
6.385777575308080323e-01
6.431487411512342156e-01
6.321385469883303854e-01
