          0  0.07476573 11.26297474
        100  0.01319213 18.79685211
        200  0.01101985 19.57824516
        300  0.01018234 19.92152405
        400  0.00961490 20.17055130
        500  0.00881138 20.54956245
        600  0.00837828 20.76844978
        700  0.00786494 21.04304504
        800  0.00750899 21.24418640
        900  0.00700832 21.54386139
       1000  0.00661812 21.79265213
       1100  0.00624440 22.04509354
       1200  0.00638507 21.94834137
       1300  0.00592079 22.27620506
       1400  0.00558836 22.52715492
       1500  0.00543669 22.64665222
       1600  0.00512067 22.90672874
       1700  0.00479913 23.18837166
       1800  0.00459732 23.37495613
       1900  0.00424875 23.71739197
       2000  0.00416637 23.80241966
       2100  0.00368102 24.34032440
       2200  0.00347593 24.58928299
       2300  0.00320854 24.93692017
       2400  0.00294156 25.31422424
       2500  0.00276280 25.58651161
       2600  0.00254130 25.94944191
       2700  0.00241820 26.16507530
       2800  0.00220940 26.55725670
       2900  0.00206666 26.84730911
       3000  0.00192164 27.16327477
       3100  0.00179920 27.44919586
       3200  0.00172801 27.62452698
       3300  0.00150910 28.21283340
       3400  0.00143744 28.42409134
       3500  0.00136725 28.64151955
       3600  0.00127739 28.93676758
       3700  0.00117252 29.30879974
       3800  0.00111171 29.54010010
       3900  0.00101817 29.92181396
       4000  0.00100067 29.99708939
       4100  0.00098416 30.06933212
       4200  0.00089070 30.50269127
       4300  0.00087924 30.55890274
       4400  0.00084399 30.73664856
       4500  0.00077326 31.11675072
       4600  0.00086375 30.63609886
       4700  0.00072268 31.41055870
       4800  0.00084418 30.73567390
       4900  0.00067105 31.73244095
       5000  0.00066102 31.79782677
