3.927117769462081659e-03
2.907387520265058891e-03
2.353548762479485898e-02
1.317540928100979780e-01
7.472887178030441779e-01
1.496829203602201064e+00
1.764695839708509295e+00
1.933284344869595772e+00
1.997998519428424880e+00
2.000328075773494252e+00
1.995007489175648852e+00
1.954110742359461250e+00
1.885494458569550114e+00
1.818540525443920641e+00
1.791958336014415787e+00
1.744981542667148222e+00
1.706079316412365765e+00
1.578290800279028128e+00
1.529791265883237994e+00
1.483544318308286369e+00
1.402053653353691143e+00
1.364211395706533381e+00
1.315313776023188108e+00
1.207099674373877107e+00
1.138177218371888566e+00
1.074947300099466707e+00
1.004906943640498929e+00
9.461845190131442651e-01
8.993745612037705728e-01
8.634846546446365290e-01
8.345890806583978749e-01
7.664954799851602107e-01
7.243787525628361257e-01
6.869757943811019008e-01
6.291598087252734395e-01
5.907649808589484630e-01
5.523884059604707852e-01
5.129923260429046783e-01
4.966770727916757777e-01
4.882615675539610511e-01
4.740888715510334639e-01
4.462289402545220884e-01
4.414994768733532804e-01
4.251164658760595572e-01
4.066361718142651460e-01
4.043786379273744958e-01
3.862166619777578358e-01
3.944804116996133425e-01
3.629605044669959590e-01
3.546096181472302988e-01
3.536370931967879327e-01
