5.046072795310903476e-04
1.734692710797428646e-03
5.809302252897388108e-01
8.191761103027188629e-01
9.060898300753892354e-01
9.218663626189237403e-01
9.324631207313369696e-01
9.387837899417551535e-01
9.506205732769613670e-01
9.493844249969044524e-01
9.477956538636895800e-01
9.463383409118617529e-01
9.407678899434968045e-01
9.360646812425398311e-01
9.295084728495910387e-01
9.249380345260240777e-01
9.206896210306368955e-01
9.206243094568534735e-01
9.202937553546544081e-01
9.179467735128226114e-01
9.131705589978830195e-01
9.059805599355067462e-01
9.028963625211055000e-01
8.975012686549537211e-01
8.952677321221048645e-01
8.867543237454750260e-01
8.812408340126930417e-01
8.784412638403873430e-01
8.752683739052408152e-01
8.724577097121829494e-01
8.648284232151808304e-01
8.607179692359225864e-01
8.551268213578747668e-01
8.461155538886689920e-01
8.399370790087528071e-01
8.312906616736416288e-01
8.268157154319260016e-01
8.245999531903898117e-01
8.210180756192312357e-01
8.103302391751583400e-01
8.080721884351633744e-01
8.062285530510108211e-01
8.037234515908229238e-01
7.992821452830013440e-01
7.944974611393154085e-01
7.901002923334113914e-01
7.879808572075467366e-01
7.881009827870899542e-01
7.843628942463067855e-01
7.825598176477002177e-01
7.765994058853661342e-01
