          0  0.09442154 10.24928856
        100  0.00861170 20.64910889
        200  0.00447616 23.49094963
        300  0.00290630 25.36658859
        400  0.00250774 26.00717735
        500  0.00186513 27.29291916
        600  0.00159642 27.96852112
        700  0.00128004 28.92776871
        800  0.00114474 29.41292000
        900  0.00101701 29.92676926
       1000  0.00089495 30.48203468
       1100  0.00083156 30.80106926
       1200  0.00076894 31.14109421
       1300  0.00076316 31.17385483
       1400  0.00059596 32.24783325
       1500  0.00056763 32.45931625
       1600  0.00056690 32.46495438
       1700  0.00048393 33.15214920
       1800  0.00043230 33.64212418
       1900  0.00040989 33.87335205
       2000  0.00038804 34.11117935
       2100  0.00036689 34.35461426
       2200  0.00034237 34.65500641
       2300  0.00032385 34.89649963
       2400  0.00029492 35.30297089
       2500  0.00031948 34.95550537
       2600  0.00027334 35.63302994
       2700  0.00025901 35.86683273
       2800  0.00025169 35.99129868
       2900  0.00023404 36.30701828
       3000  0.00022814 36.41807175
       3100  0.00022719 36.43608093
       3200  0.00021863 36.60287476
       3300  0.00021708 36.63384247
       3400  0.00018979 37.21723938
       3500  0.00019456 37.10950851
       3600  0.00018451 37.33981323
       3700  0.00017796 37.49680328
       3800  0.00016100 37.93182373
       3900  0.00016671 37.78025818
       4000  0.00015755 38.02573395
       4100  0.00015151 38.19557571
       4200  0.00014655 38.34003067
       4300  0.00016800 37.74700165
       4400  0.00013059 38.84104538
       4500  0.00014812 38.29372787
       4600  0.00014381 38.42218781
       4700  0.00012740 38.94814682
       4800  0.00012815 38.92285538
       4900  0.00012327 39.09149551
       5000  0.00012554 39.01226044
