1.280393189517781138e-04 1.280393189517781138e-04 5.804302782053127885e-05 1.276746770599856973e-04 6.589536205865442753e-04 2.089882764266803861e-04
1.486046821810305119e-03 1.486046821810305119e-03 2.520086709409952164e-03 1.516661141067743301e-03 1.430936506949365139e-03 4.650720395147800446e-03
5.661585181951522827e-02 5.661585181951522827e-02 2.544445097446441650e-01 1.405642367899417877e-03 2.328448463231325150e-03 9.873469360172748566e-03
3.249969333410263062e-02 3.249969333410263062e-02 1.337628513574600220e-01 1.467906986363232136e-04 6.312582409009337425e-04 2.544776769354939461e-03
8.454317599534988403e-02 8.454317599534988403e-02 1.629962921142578125e-01 2.389446162851527333e-04 5.616376874968409538e-04 2.985284198075532913e-03
4.375462532043457031e-01 4.375462532043457031e-01 8.392322808504104614e-02 3.841691650450229645e-04 4.782512842211872339e-04 3.686037613078951836e-03
6.330472826957702637e-01 6.330472826957702637e-01 6.617072224617004395e-02 4.879311309196054935e-04 3.294485504738986492e-04 3.365942742675542831e-03
6.452440619468688965e-01 6.452440619468688965e-01 1.221701875329017639e-01 6.386958993971347809e-04 3.093574196100234985e-04 2.746220678091049194e-03
6.844885349273681641e-01 6.844885349273681641e-01 1.262392252683639526e-01 6.126514053903520107e-04 2.212811668869107962e-04 1.981232780963182449e-03
7.813773155212402344e-01 7.813773155212402344e-01 7.696083933115005493e-02 5.533736548386514187e-04 1.738237915560603142e-04 1.502547995187342167e-03
7.881057858467102051e-01 7.881057858467102051e-01 6.994886696338653564e-02 5.660610622726380825e-04 1.882523210952058434e-04 1.225455082021653652e-03
8.322507143020629883e-01 8.322507143020629883e-01 5.360030382871627808e-02 4.611836629919707775e-04 1.412089477526023984e-04 9.066226775757968426e-04
8.695000410079956055e-01 8.695000410079956055e-01 3.886400163173675537e-02 3.746710717678070068e-04 1.094906401704065502e-04 7.238377584144473076e-04
8.723872303962707520e-01 8.723872303962707520e-01 3.898839652538299561e-02 3.487539070192724466e-04 1.125953058362938464e-04 7.320144213736057281e-04
8.945746421813964844e-01 8.945746421813964844e-01 2.985893376171588898e-02 2.977502008434385061e-04 9.788494935492053628e-05 6.664472166448831558e-04
8.987279534339904785e-01 8.987279534339904785e-01 2.783031389117240906e-02 2.739199844654649496e-04 9.022444282891228795e-05 6.669717258773744106e-04
8.887744545936584473e-01 8.887744545936584473e-01 3.160609677433967590e-02 3.021537268068641424e-04 9.771316399564966559e-05 7.455254672095179558e-04
8.943570852279663086e-01 8.943570852279663086e-01 3.087527304887771606e-02 2.857306099031120539e-04 8.943826105678454041e-05 7.078459020704030991e-04
8.819788098335266113e-01 8.819788098335266113e-01 3.630563244223594666e-02 3.014099493157118559e-04 9.237426274921745062e-05 7.586063584312796593e-04
8.746321797370910645e-01 8.746321797370910645e-01 3.907693549990653992e-02 3.151275450363755226e-04 9.313500777352601290e-05 7.676453096792101860e-04
8.824570775032043457e-01 8.824570775032043457e-01 3.649428486824035645e-02 2.908132446464151144e-04 8.304324728669598699e-05 7.129880250431597233e-04
8.801884651184082031e-01 8.801884651184082031e-01 3.810959681868553162e-02 2.815453044604510069e-04 7.968494173837825656e-05 6.830446072854101658e-04
8.654561042785644531e-01 8.654561042785644531e-01 4.418839514255523682e-02 3.019153955392539501e-04 8.550027996534481645e-05 7.162412512116134167e-04
8.703572750091552734e-01 8.703572750091552734e-01 4.236379638314247131e-02 2.938539837487041950e-04 8.485266880597919226e-05 6.826533353887498379e-04
8.575072288513183594e-01 8.575072288513183594e-01 4.813921451568603516e-02 3.037246060557663441e-04 8.721819904167205095e-05 6.951701943762600422e-04
8.296403288841247559e-01 8.296403288841247559e-01 6.067526713013648987e-02 3.510282258503139019e-04 1.013169166981242597e-04 7.666909368708729744e-04
8.225076794624328613e-01 8.225076794624328613e-01 6.556905806064605713e-02 3.571982379071414471e-04 1.012755747069604695e-04 7.576583302579820156e-04
8.085975646972656250e-01 8.085975646972656250e-01 7.394201308488845825e-02 3.721288812812417746e-04 1.063549570972099900e-04 7.733924430795013905e-04
7.800892591476440430e-01 7.800892591476440430e-01 8.945301920175552368e-02 4.206510493531823158e-04 1.188290916616097093e-04 8.470049360767006874e-04
7.678180336952209473e-01 7.678180336952209473e-01 9.761667996644973755e-02 4.257464315742254257e-04 1.219581463374197483e-04 8.505124715156853199e-04
7.339529395103454590e-01 7.339529395103454590e-01 1.169982329010963440e-01 4.671233764383941889e-04 1.338455913355574012e-04 9.115025168284773827e-04
7.129018306732177734e-01 7.129018306732177734e-01 1.313169300556182861e-01 4.894550656899809837e-04 1.434939476894214749e-04 9.838563855737447739e-04
6.669158935546875000e-01 6.669158935546875000e-01 1.595853269100189209e-01 5.443571717478334904e-04 1.649043260840699077e-04 1.054161926731467247e-03
6.448285579681396484e-01 6.448285579681396484e-01 1.737218946218490601e-01 5.667040823027491570e-04 1.716373808449134231e-04 1.089227385818958282e-03
6.154337525367736816e-01 6.154337525367736816e-01 1.900288611650466919e-01 6.006009643897414207e-04 1.850920816650614142e-04 1.131679047830402851e-03
5.726966261863708496e-01 5.726966261863708496e-01 2.192707061767578125e-01 6.392247159965336323e-04 1.992020261241123080e-04 1.189349684864282608e-03
5.465695261955261230e-01 5.465695261955261230e-01 2.365006804466247559e-01 6.768130697309970856e-04 2.149512874893844128e-04 1.237536198459565639e-03
5.176813602447509766e-01 5.176813602447509766e-01 2.575086653232574463e-01 6.981410551816225052e-04 2.237853186670690775e-04 1.261844183318316936e-03
5.035407543182373047e-01 5.035407543182373047e-01 2.666274309158325195e-01 7.203706190921366215e-04 2.304407826159149408e-04 1.282062963582575321e-03
4.540080130100250244e-01 4.540080130100250244e-01 3.025217950344085693e-01 7.532413583248853683e-04 2.441895194351673126e-04 1.285193371586501598e-03
4.458646476268768311e-01 4.458646476268768311e-01 3.095080554485321045e-01 7.632072083652019501e-04 2.558743290137499571e-04 1.310427091084420681e-03
4.234114885330200195e-01 4.234114885330200195e-01 3.252251148223876953e-01 7.880041957832872868e-04 2.604551264084875584e-04 1.323080039583146572e-03
4.017077386379241943e-01 4.017077386379241943e-01 3.412459790706634521e-01 8.150479989126324654e-04 2.670194953680038452e-04 1.335982233285903931e-03
3.830821812152862549e-01 3.830821812152862549e-01 3.585017025470733643e-01 8.200798765756189823e-04 2.789116988424211740e-04 1.344447955489158630e-03
3.608778119087219238e-01 3.608778119087219238e-01 3.774144947528839111e-01 8.325661183334887028e-04 2.770821156445890665e-04 1.312493812292814255e-03
3.382794559001922607e-01 3.382794559001922607e-01 3.987964987754821777e-01 8.447519503533840179e-04 2.868046285584568977e-04 1.322951866313815117e-03
3.295416235923767090e-01 3.295416235923767090e-01 4.051856398582458496e-01 8.631529635749757290e-04 2.828945580404251814e-04 1.331744715571403503e-03
3.185173273086547852e-01 3.185173273086547852e-01 4.169248044490814209e-01 8.737084572203457355e-04 2.845547860488295555e-04 1.321547199040651321e-03
2.926414012908935547e-01 2.926414012908935547e-01 4.405234158039093018e-01 8.949071052484214306e-04 2.920181141234934330e-04 1.327242469415068626e-03
2.879741191864013672e-01 2.879741191864013672e-01 4.432889521121978760e-01 9.008164633996784687e-04 2.960514684673398733e-04 1.297719427384436131e-03
2.746299207210540771e-01 2.746299207210540771e-01 4.549452364444732666e-01 9.083379991352558136e-04 2.963606384582817554e-04 1.295004505664110184e-03
