1.599867246113717556e-04 1.599867246113717556e-04 3.487870795652270317e-03 2.271461708005517721e-04 7.469864212907850742e-04 5.494072102010250092e-04
4.171271249651908875e-02 4.171271249651908875e-02 8.387872576713562012e-01 3.760533218155615032e-05 8.328452240675687790e-04 7.888093241490423679e-04
7.281134128570556641e-01 7.281134128570556641e-01 1.505615115165710449e-01 4.456229798961430788e-04 3.970287274569272995e-03 7.288567721843719482e-04
8.634939789772033691e-01 8.634939789772033691e-01 3.338290378451347351e-02 9.581653284840285778e-04 1.421490684151649475e-03 8.897324441932141781e-04
8.968244194984436035e-01 8.968244194984436035e-01 1.725240238010883331e-02 3.725568531081080437e-04 1.330042723566293716e-03 6.699385121464729309e-04
9.059727191925048828e-01 9.059727191925048828e-01 1.330256741493940353e-02 3.455853438936173916e-04 1.048918580636382103e-03 7.073087035678327084e-04
9.244699478149414062e-01 9.244699478149414062e-01 8.344660513103008270e-03 2.984216553159058094e-04 8.091041818261146545e-04 6.680723745375871658e-04
9.360525608062744141e-01 9.360525608062744141e-01 4.944410175085067749e-03 2.906683948822319508e-04 5.731211858801543713e-04 7.401024922728538513e-04
9.490340948104858398e-01 9.490340948104858398e-01 3.065512282773852348e-03 2.478075912222266197e-04 4.503111413214355707e-04 5.740243941545486450e-04
9.551100134849548340e-01 9.551100134849548340e-01 2.262008842080831528e-03 2.224707423010841012e-04 3.602148499339818954e-04 4.773277614731341600e-04
9.592933654785156250e-01 9.592933654785156250e-01 1.795169780962169170e-03 1.994516787817701697e-04 3.322017437312752008e-04 4.226370365358889103e-04
9.613075256347656250e-01 9.613075256347656250e-01 1.492946525104343891e-03 2.127325860783457756e-04 3.050841914955526590e-04 3.954196581616997719e-04
9.610177874565124512e-01 9.610177874565124512e-01 1.628185738809406757e-03 2.326551330043002963e-04 2.917711972258985043e-04 4.013611178379505873e-04
9.621382355690002441e-01 9.621382355690002441e-01 1.490483526140451431e-03 2.833245089277625084e-04 2.621328167151659727e-04 4.196759546175599098e-04
9.615414738655090332e-01 9.615414738655090332e-01 1.427562208846211433e-03 3.218455822207033634e-04 2.541636640671640635e-04 4.101975937373936176e-04
9.581571221351623535e-01 9.581571221351623535e-01 1.441543688997626305e-03 3.958325833082199097e-04 2.710231638047844172e-04 4.417419550009071827e-04
9.547748565673828125e-01 9.547748565673828125e-01 1.529248780570924282e-03 4.640258266590535641e-04 2.963718725368380547e-04 4.747894126921892166e-04
9.556646347045898438e-01 9.556646347045898438e-01 1.437461352907121181e-03 4.784191260114312172e-04 2.974897797685116529e-04 4.555977648124098778e-04
9.543355703353881836e-01 9.543355703353881836e-01 1.400463865138590336e-03 5.366079858504235744e-04 3.052813408430665731e-04 4.931807634420692921e-04
9.530352950096130371e-01 9.530352950096130371e-01 1.397549058310687542e-03 5.694454303011298180e-04 3.125865478068590164e-04 5.006154533475637436e-04
9.524033665657043457e-01 9.524033665657043457e-01 1.504731015302240849e-03 5.785218090750277042e-04 3.242755192331969738e-04 5.251748370938003063e-04
9.484698772430419922e-01 9.484698772430419922e-01 1.606056466698646545e-03 6.598947220481932163e-04 3.464464971330016851e-04 5.574641400016844273e-04
9.458258748054504395e-01 9.458258748054504395e-01 1.706512877717614174e-03 7.171109318733215332e-04 3.637411282397806644e-04 5.803634412586688995e-04
9.438741803169250488e-01 9.438741803169250488e-01 1.835008384659886360e-03 7.406146614812314510e-04 3.886941703967750072e-04 5.980497226119041443e-04
9.372857213020324707e-01 9.372857213020324707e-01 2.018335508182644844e-03 8.423182880505919456e-04 4.186848527751863003e-04 6.187067483551800251e-04
9.315428733825683594e-01 9.315428733825683594e-01 2.228165511041879654e-03 9.106794605031609535e-04 4.606954462360590696e-04 6.400083657354116440e-04
9.270526170730590820e-01 9.270526170730590820e-01 2.415858907625079155e-03 1.044724020175635815e-03 4.750686057377606630e-04 6.537755834870040417e-04
9.205428957939147949e-01 9.205428957939147949e-01 2.507749712094664574e-03 1.183117390610277653e-03 4.910799907520413399e-04 6.956023862585425377e-04
9.188893437385559082e-01 9.188893437385559082e-01 2.502199728041887283e-03 1.307725440710783005e-03 4.808440862689167261e-04 7.295319228433072567e-04
9.161364436149597168e-01 9.161364436149597168e-01 2.449582098051905632e-03 1.357001485303044319e-03 4.867104289587587118e-04 7.313397945836186409e-04
9.136701822280883789e-01 9.136701822280883789e-01 2.617034828290343285e-03 1.393036916851997375e-03 4.912076983600854874e-04 7.505842950195074081e-04
9.140526056289672852e-01 9.140526056289672852e-01 2.463279990479350090e-03 1.441222382709383965e-03 4.790211096405982971e-04 7.536023622378706932e-04
9.109885096549987793e-01 9.109885096549987793e-01 2.538439352065324783e-03 1.587049686349928379e-03 4.730522050522267818e-04 7.753088721074163914e-04
9.081076383590698242e-01 9.081076383590698242e-01 2.570417942479252815e-03 1.715368125587701797e-03 4.930020659230649471e-04 8.159615099430084229e-04
9.066408872604370117e-01 9.066408872604370117e-01 2.546814270317554474e-03 1.811548019759356976e-03 5.001784302294254303e-04 8.548093610443174839e-04
9.018868207931518555e-01 9.018868207931518555e-01 2.502199960872530937e-03 1.993660349398851395e-03 5.274548893794417381e-04 8.774565067142248154e-04
9.002112746238708496e-01 9.002112746238708496e-01 2.534078666940331459e-03 2.141619566828012466e-03 5.303830839693546295e-04 9.266047854907810688e-04
8.927786350250244141e-01 8.927786350250244141e-01 2.684188541024923325e-03 2.317362464964389801e-03 5.763433873653411865e-04 1.005384139716625214e-03
8.878797292709350586e-01 8.878797292709350586e-01 2.723208628594875336e-03 2.493549371138215065e-03 5.936088855378329754e-04 1.079294481314718723e-03
8.852571249008178711e-01 8.852571249008178711e-01 2.708562184125185013e-03 2.514213090762495995e-03 6.290005985647439957e-04 1.067644567228853703e-03
8.809263706207275391e-01 8.809263706207275391e-01 2.611030358821153641e-03 2.863024361431598663e-03 6.328898598439991474e-04 1.123794820159673691e-03
8.761349916458129883e-01 8.761349916458129883e-01 2.678556134924292564e-03 3.082673065364360809e-03 6.545687210746109486e-04 1.204204279929399490e-03
8.648620843887329102e-01 8.648620843887329102e-01 2.695729723200201988e-03 3.400389803573489189e-03 6.612135330215096474e-04 1.295350841246545315e-03
8.622387051582336426e-01 8.622387051582336426e-01 2.679796423763036728e-03 3.610457992181181908e-03 6.760963005945086479e-04 1.329363789409399033e-03
8.511545062065124512e-01 8.511545062065124512e-01 2.701623598113656044e-03 3.998212050646543503e-03 7.180671091191470623e-04 1.429635100066661835e-03
8.433885574340820312e-01 8.433885574340820312e-01 2.671179594472050667e-03 4.373969044536352158e-03 7.396698347292840481e-04 1.497566001489758492e-03
8.403766751289367676e-01 8.403766751289367676e-01 2.690498018637299538e-03 4.561616107821464539e-03 7.461825734935700893e-04 1.543980790302157402e-03
8.358011841773986816e-01 8.358011841773986816e-01 2.753631211817264557e-03 4.562091547995805740e-03 7.835213909856975079e-04 1.575430273078382015e-03
8.291988968849182129e-01 8.291988968849182129e-01 2.734098350629210472e-03 4.853460472077131271e-03 7.731699151918292046e-04 1.646249205805361271e-03
8.161752820014953613e-01 8.161752820014953613e-01 2.847885014489293098e-03 5.045992322266101837e-03 8.275193977169692516e-04 1.729802577756345272e-03
8.104029893875122070e-01 8.104029893875122070e-01 2.869511954486370087e-03 5.287679377943277359e-03 8.413443574681878090e-04 1.816127332858741283e-03
