2.100000000000000000e+01 5.490000000000000000e+02 1.280000000000000000e+02 3.180000000000000000e+02 6.230000000000000000e+02
3.740000000000000000e+02 1.540000000000000000e+02 1.520000000000000000e+02 2.190000000000000000e+02 3.680000000000000000e+02
3.710000000000000000e+02 3.740000000000000000e+02 3.700000000000000000e+02 3.730000000000000000e+02 3.680000000000000000e+02
3.710000000000000000e+02 3.700000000000000000e+02 3.740000000000000000e+02 3.680000000000000000e+02 3.730000000000000000e+02
3.700000000000000000e+02 3.710000000000000000e+02 3.740000000000000000e+02 3.800000000000000000e+02 3.750000000000000000e+02
3.700000000000000000e+02 3.710000000000000000e+02 3.800000000000000000e+02 3.740000000000000000e+02 3.750000000000000000e+02
3.700000000000000000e+02 3.710000000000000000e+02 3.800000000000000000e+02 3.740000000000000000e+02 3.750000000000000000e+02
3.700000000000000000e+02 3.710000000000000000e+02 3.800000000000000000e+02 3.740000000000000000e+02 3.750000000000000000e+02
3.700000000000000000e+02 3.710000000000000000e+02 3.800000000000000000e+02 3.740000000000000000e+02 3.750000000000000000e+02
3.700000000000000000e+02 3.710000000000000000e+02 3.800000000000000000e+02 3.750000000000000000e+02 3.740000000000000000e+02
3.700000000000000000e+02 3.710000000000000000e+02 3.800000000000000000e+02 3.750000000000000000e+02 3.740000000000000000e+02
3.700000000000000000e+02 3.710000000000000000e+02 3.800000000000000000e+02 3.750000000000000000e+02 3.820000000000000000e+02
3.700000000000000000e+02 3.710000000000000000e+02 3.800000000000000000e+02 3.750000000000000000e+02 1.340000000000000000e+02
3.700000000000000000e+02 3.710000000000000000e+02 3.800000000000000000e+02 3.750000000000000000e+02 1.340000000000000000e+02
3.700000000000000000e+02 3.710000000000000000e+02 3.800000000000000000e+02 3.750000000000000000e+02 1.340000000000000000e+02
3.700000000000000000e+02 3.710000000000000000e+02 3.800000000000000000e+02 3.750000000000000000e+02 1.340000000000000000e+02
3.700000000000000000e+02 3.710000000000000000e+02 3.800000000000000000e+02 3.750000000000000000e+02 1.340000000000000000e+02
3.700000000000000000e+02 3.710000000000000000e+02 3.800000000000000000e+02 3.750000000000000000e+02 1.340000000000000000e+02
3.700000000000000000e+02 3.710000000000000000e+02 3.800000000000000000e+02 3.750000000000000000e+02 1.340000000000000000e+02
3.700000000000000000e+02 3.710000000000000000e+02 3.800000000000000000e+02 3.750000000000000000e+02 1.340000000000000000e+02
3.700000000000000000e+02 3.710000000000000000e+02 3.800000000000000000e+02 3.750000000000000000e+02 3.720000000000000000e+02
3.700000000000000000e+02 3.710000000000000000e+02 3.800000000000000000e+02 3.750000000000000000e+02 3.720000000000000000e+02
3.700000000000000000e+02 3.710000000000000000e+02 3.800000000000000000e+02 3.750000000000000000e+02 3.720000000000000000e+02
3.700000000000000000e+02 3.710000000000000000e+02 3.800000000000000000e+02 3.750000000000000000e+02 3.720000000000000000e+02
3.700000000000000000e+02 3.710000000000000000e+02 3.800000000000000000e+02 3.750000000000000000e+02 3.720000000000000000e+02
3.700000000000000000e+02 3.710000000000000000e+02 3.800000000000000000e+02 3.720000000000000000e+02 3.750000000000000000e+02
3.700000000000000000e+02 3.710000000000000000e+02 3.800000000000000000e+02 3.720000000000000000e+02 3.750000000000000000e+02
3.700000000000000000e+02 3.710000000000000000e+02 3.800000000000000000e+02 3.720000000000000000e+02 3.750000000000000000e+02
3.700000000000000000e+02 3.710000000000000000e+02 3.800000000000000000e+02 3.720000000000000000e+02 3.750000000000000000e+02
3.700000000000000000e+02 3.710000000000000000e+02 3.800000000000000000e+02 3.720000000000000000e+02 3.750000000000000000e+02
3.700000000000000000e+02 3.710000000000000000e+02 3.800000000000000000e+02 3.720000000000000000e+02 3.750000000000000000e+02
3.700000000000000000e+02 3.710000000000000000e+02 3.800000000000000000e+02 3.720000000000000000e+02 3.750000000000000000e+02
3.700000000000000000e+02 3.710000000000000000e+02 3.800000000000000000e+02 3.720000000000000000e+02 3.750000000000000000e+02
3.700000000000000000e+02 3.710000000000000000e+02 3.800000000000000000e+02 3.720000000000000000e+02 3.750000000000000000e+02
3.700000000000000000e+02 3.710000000000000000e+02 3.800000000000000000e+02 3.720000000000000000e+02 3.750000000000000000e+02
3.700000000000000000e+02 3.710000000000000000e+02 3.800000000000000000e+02 3.720000000000000000e+02 3.750000000000000000e+02
3.700000000000000000e+02 3.710000000000000000e+02 3.800000000000000000e+02 3.720000000000000000e+02 3.750000000000000000e+02
3.700000000000000000e+02 3.710000000000000000e+02 3.800000000000000000e+02 3.720000000000000000e+02 3.750000000000000000e+02
3.700000000000000000e+02 3.710000000000000000e+02 3.800000000000000000e+02 3.720000000000000000e+02 2.800000000000000000e+02
3.700000000000000000e+02 3.710000000000000000e+02 3.800000000000000000e+02 3.720000000000000000e+02 3.750000000000000000e+02
3.710000000000000000e+02 3.700000000000000000e+02 3.800000000000000000e+02 3.720000000000000000e+02 6.530000000000000000e+02
3.710000000000000000e+02 3.700000000000000000e+02 3.800000000000000000e+02 3.720000000000000000e+02 6.530000000000000000e+02
3.710000000000000000e+02 3.700000000000000000e+02 3.800000000000000000e+02 3.720000000000000000e+02 6.530000000000000000e+02
3.710000000000000000e+02 3.700000000000000000e+02 3.800000000000000000e+02 3.720000000000000000e+02 6.530000000000000000e+02
3.710000000000000000e+02 3.700000000000000000e+02 3.800000000000000000e+02 3.720000000000000000e+02 6.530000000000000000e+02
3.710000000000000000e+02 3.700000000000000000e+02 3.800000000000000000e+02 3.720000000000000000e+02 6.530000000000000000e+02
3.710000000000000000e+02 3.700000000000000000e+02 3.800000000000000000e+02 3.720000000000000000e+02 6.530000000000000000e+02
3.710000000000000000e+02 3.700000000000000000e+02 3.800000000000000000e+02 3.720000000000000000e+02 6.530000000000000000e+02
3.710000000000000000e+02 3.700000000000000000e+02 3.800000000000000000e+02 3.720000000000000000e+02 6.530000000000000000e+02
3.710000000000000000e+02 3.700000000000000000e+02 3.800000000000000000e+02 3.720000000000000000e+02 6.530000000000000000e+02
3.710000000000000000e+02 3.700000000000000000e+02 3.800000000000000000e+02 3.720000000000000000e+02 6.530000000000000000e+02
