5.535306991077959538e-04 5.535306991077959538e-04 2.712903369683772326e-04 4.376950964797288179e-04 5.515099619515240192e-04 3.248270659241825342e-04
1.273020729422569275e-02 1.273020729422569275e-02 3.138339519500732422e-02 4.585769958794116974e-03 5.097748246043920517e-03 9.321689605712890625e-03
1.102608069777488708e-01 1.102608069777488708e-01 5.090794563293457031e-01 2.695523435249924660e-03 1.172978081740438938e-03 8.510585030307993293e-05
2.681209743022918701e-01 2.681209743022918701e-01 4.480018615722656250e-01 4.241697024554014206e-03 3.893238957971334457e-03 9.660247014835476875e-04
4.686693549156188965e-01 4.686693549156188965e-01 4.016391038894653320e-01 1.561837736517190933e-03 1.579848933033645153e-03 1.782583771273493767e-03
5.411176085472106934e-01 5.411176085472106934e-01 3.333608210086822510e-01 6.886174669489264488e-04 9.854361414909362793e-04 2.903523622080683708e-03
5.935140848159790039e-01 5.935140848159790039e-01 2.612087130546569824e-01 5.559232668019831181e-04 1.017861883156001568e-03 4.407346248626708984e-03
6.389245390892028809e-01 6.389245390892028809e-01 2.408388257026672363e-01 4.335009434726089239e-04 1.158905681222677231e-03 4.653432872146368027e-03
7.139064669609069824e-01 7.139064669609069824e-01 2.047642171382904053e-01 3.860917058773338795e-04 1.131091499701142311e-03 4.421158693730831146e-03
7.423536777496337891e-01 7.423536777496337891e-01 1.920809894800186157e-01 3.048900689464062452e-04 9.304995182901620865e-04 3.865660401061177254e-03
8.038442134857177734e-01 8.038442134857177734e-01 1.470533013343811035e-01 2.348922571400180459e-04 7.271794602274894714e-04 3.331409301608800888e-03
8.180915713310241699e-01 8.180915713310241699e-01 1.370514035224914551e-01 1.910464052343741059e-04 5.834949552081525326e-04 3.455109195783734322e-03
8.466610312461853027e-01 8.466610312461853027e-01 1.119380742311477661e-01 1.683001028141006827e-04 5.572558147832751274e-04 3.385946387425065041e-03
8.501138687133789062e-01 8.501138687133789062e-01 1.073258295655250549e-01 1.579472882440313697e-04 5.425429553724825382e-04 3.592877648770809174e-03
8.559333086013793945e-01 8.559333086013793945e-01 1.029035225510597229e-01 1.623129937797784805e-04 5.199596052989363670e-04 3.491849638521671295e-03
8.532798886299133301e-01 8.532798886299133301e-01 1.024902015924453735e-01 1.565397687954828143e-04 5.514344666153192520e-04 3.614242421463131905e-03
8.539102673530578613e-01 8.539102673530578613e-01 9.880463778972625732e-02 1.450231648050248623e-04 5.384147516451776028e-04 3.534630173817276955e-03
8.514627814292907715e-01 8.514627814292907715e-01 9.972785413265228271e-02 1.510001457063481212e-04 5.506071611307561398e-04 3.714986378327012062e-03
8.347876071929931641e-01 8.347876071929931641e-01 1.134804412722587585e-01 1.529694418422877789e-04 5.783410160802304745e-04 3.887607716023921967e-03
8.232570290565490723e-01 8.232570290565490723e-01 1.210541054606437683e-01 1.636890519876033068e-04 6.627176189795136452e-04 4.115590360015630722e-03
8.130252361297607422e-01 8.130252361297607422e-01 1.297063827514648438e-01 1.656990207266062498e-04 6.344708963297307491e-04 4.196303430944681168e-03
7.921321392059326172e-01 7.921321392059326172e-01 1.462388485670089722e-01 1.807300432119518518e-04 6.293506594374775887e-04 4.586281720548868179e-03
7.777096629142761230e-01 7.777096629142761230e-01 1.582188755273818970e-01 1.936587796080857515e-04 6.312982295639812946e-04 4.711148794740438461e-03
7.586711645126342773e-01 7.586711645126342773e-01 1.748401522636413574e-01 2.028079616138711572e-04 6.359033286571502686e-04 5.087364930659532547e-03
7.253257632255554199e-01 7.253257632255554199e-01 2.036692649126052856e-01 2.139751595677807927e-04 6.082110921852290630e-04 5.310598295181989670e-03
7.159653902053833008e-01 7.159653902053833008e-01 2.114045768976211548e-01 2.113865048158913851e-04 6.020385189913213253e-04 5.577685777097940445e-03
7.016670107841491699e-01 7.016670107841491699e-01 2.234230190515518188e-01 2.092659997288137674e-04 5.890927277505397797e-04 5.837188102304935455e-03
6.670573949813842773e-01 6.670573949813842773e-01 2.551502883434295654e-01 2.100952551700174809e-04 5.842924001626670361e-04 6.088166963309049606e-03
6.456006169319152832e-01 6.456006169319152832e-01 2.749559879302978516e-01 2.193586115026846528e-04 5.786419496871531010e-04 6.495660636574029922e-03
6.370418667793273926e-01 6.370418667793273926e-01 2.824511528015136719e-01 2.179420262109488249e-04 5.817355122417211533e-04 6.579962559044361115e-03
6.320639848709106445e-01 6.320639848709106445e-01 2.893019020557403564e-01 2.135723480023443699e-04 5.487383459694683552e-04 6.635474041104316711e-03
6.081244945526123047e-01 6.081244945526123047e-01 3.105391860008239746e-01 2.109143097186461091e-04 5.462990375235676765e-04 6.819910369813442230e-03
5.908464193344116211e-01 5.908464193344116211e-01 3.290739059448242188e-01 2.055655932053923607e-04 5.327822873368859291e-04 6.772059015929698944e-03
5.611784458160400391e-01 5.611784458160400391e-01 3.548534810543060303e-01 2.179980219807475805e-04 5.519025726243853569e-04 7.111256010830402374e-03
5.503625869750976562e-01 5.503625869750976562e-01 3.657188713550567627e-01 2.185739431297406554e-04 5.399134824983775616e-04 7.004375569522380829e-03
5.298190712928771973e-01 5.298190712928771973e-01 3.847864270210266113e-01 2.142070588888600469e-04 5.351561121642589569e-04 7.022383157163858414e-03
5.212519168853759766e-01 5.212519168853759766e-01 3.920150697231292725e-01 2.197398280259221792e-04 5.300677148625254631e-04 7.061882410198450089e-03
4.922876358032226562e-01 4.922876358032226562e-01 4.213539063930511475e-01 2.199709124397486448e-04 5.141040892340242863e-04 7.067269645631313324e-03
4.763718843460083008e-01 4.763718843460083008e-01 4.327478408813476562e-01 2.283668873133137822e-04 5.320247146300971508e-04 7.162409834563732147e-03
4.632535278797149658e-01 4.632535278797149658e-01 4.459460973739624023e-01 2.301779022673144937e-04 5.402041133493185043e-04 7.008197251707315445e-03
4.351661503314971924e-01 4.351661503314971924e-01 4.737249612808227539e-01 2.346621913602575660e-04 5.304435617290437222e-04 6.953762844204902649e-03
4.351032376289367676e-01 4.351032376289367676e-01 4.737522602081298828e-01 2.278235624544322491e-04 5.343896918930113316e-04 6.777401082217693329e-03
4.084476828575134277e-01 4.084476828575134277e-01 4.986512064933776855e-01 2.252314443467184901e-04 5.309095722623169422e-04 6.662788800895214081e-03
3.971785008907318115e-01 3.971785008907318115e-01 5.102276206016540527e-01 2.268648095196112990e-04 5.091854254715144634e-04 6.727261934429407120e-03
3.681319057941436768e-01 3.681319057941436768e-01 5.393337011337280273e-01 2.299918269272893667e-04 5.046040751039981842e-04 6.522540468722581863e-03
3.601858615875244141e-01 3.601858615875244141e-01 5.457629561424255371e-01 2.262169582536444068e-04 4.966981941834092140e-04 6.587462034076452255e-03
3.450533151626586914e-01 3.450533151626586914e-01 5.618197321891784668e-01 2.320911298738792539e-04 4.937513149343430996e-04 6.374382879585027695e-03
3.212175667285919189e-01 3.212175667285919189e-01 5.860581398010253906e-01 2.261614135932177305e-04 4.758029244840145111e-04 6.209239829331636429e-03
3.082946240901947021e-01 3.082946240901947021e-01 5.979076027870178223e-01 2.277619496453553438e-04 4.755750123877078295e-04 6.142152473330497742e-03
2.979003489017486572e-01 2.979003489017486572e-01 6.102511882781982422e-01 2.227005752502009273e-04 4.679890407714992762e-04 6.057810969650745392e-03
2.800216674804687500e-01 2.800216674804687500e-01 6.266415119171142578e-01 2.202110190410166979e-04 4.643902357202023268e-04 5.973102990537881851e-03
