          0  0.10213076  9.90843487
        100  0.00635329 21.97001266
        200  0.00395910 24.02404022
        300  0.00247912 26.05702019
        400  0.00180469 27.43596649
        500  0.00135051 28.69502831
        600  0.00103368 29.85614586
        700  0.00084638 30.72435379
        800  0.00064753 31.88739586
        900  0.00060906 32.15343094
       1000  0.00058741 32.31060028
       1100  0.00049764 33.03088379
       1200  0.00047753 33.20996475
       1300  0.00040813 33.89206696
       1400  0.00034915 34.56990433
       1500  0.00033136 34.79697800
       1600  0.00033381 34.76497650
       1700  0.00030673 35.13246155
       1800  0.00026960 35.69279099
       1900  0.00027682 35.57798386
       2000  0.00025331 35.96350479
       2100  0.00022769 36.42655563
       2200  0.00023080 36.36762238
       2300  0.00020639 36.85307312
       2400  0.00020701 36.84012604
       2500  0.00019044 37.20251083
       2600  0.00018260 37.38502121
       2700  0.00017410 37.59199905
       2800  0.00017706 37.51891708
       2900  0.00017214 37.64128113
       3000  0.00015799 38.01369476
       3100  0.00014569 38.36573410
       3200  0.00018011 37.44456482
       3300  0.00014919 38.26250458
       3400  0.00015806 38.01168060
       3500  0.00014596 38.35767365
       3600  0.00014611 38.35321045
       3700  0.00012471 39.04105377
       3800  0.00012862 38.90695953
       3900  0.00012558 39.01078033
       4000  0.00011892 39.24744797
       4100  0.00012299 39.10118866
       4200  0.00012327 39.09132004
       4300  0.00011829 39.27035141
       4400  0.00012511 39.02712250
       4500  0.00011656 39.33444977
       4600  0.00011104 39.54538727
       4700  0.00012710 38.95868683
       4800  0.00010670 39.71831894
       4900  0.00010788 39.67064285
       5000  0.00011686 39.32329941
