1.749754184857010841e-03 1.749754184857010841e-03 2.566732233390212059e-03 1.631609979085624218e-03 1.613856479525566101e-02 1.378088374622166157e-03
1.688640713691711426e-01 1.688640713691711426e-01 2.570275915786623955e-03 2.708566142246127129e-03 2.227773191407322884e-03 8.450422319583594799e-04
9.845104813575744629e-01 9.845104813575744629e-01 1.320099108852446079e-04 2.056271914625540376e-04 1.368965313304215670e-04 4.799369708052836359e-05
8.676876425743103027e-01 8.676876425743103027e-01 2.100256737321615219e-03 6.941771716810762882e-04 2.569684293121099472e-04 5.162258821655996144e-05
6.621140241622924805e-01 6.621140241622924805e-01 7.630997803062200546e-03 1.891832216642796993e-03 5.888685700483620167e-04 4.765808989759534597e-05
5.434210896492004395e-01 5.434210896492004395e-01 1.089832466095685959e-02 2.648123539984226227e-03 8.093483629636466503e-04 4.674928641179576516e-05
4.581358730792999268e-01 4.581358730792999268e-01 1.465773861855268478e-02 3.479772014543414116e-03 8.514510118402540684e-04 5.073955253465101123e-05
4.376554787158966064e-01 4.376554787158966064e-01 2.005587145686149597e-02 4.323724657297134399e-03 9.582319762557744980e-04 5.886113285669125617e-05
4.074161350727081299e-01 4.074161350727081299e-01 2.924058958888053894e-02 5.334609188139438629e-03 1.052410225383937359e-03 7.274490781128406525e-05
3.545103669166564941e-01 3.545103669166564941e-01 4.537796974182128906e-02 6.740007549524307251e-03 1.175495563074946404e-03 9.087844227906316519e-05
3.408994078636169434e-01 3.408994078636169434e-01 6.017145514488220215e-02 7.928336970508098602e-03 1.260507735423743725e-03 1.070881844498217106e-04
3.144171237945556641e-01 3.144171237945556641e-01 8.306797593832015991e-02 8.766486309468746185e-03 1.421102322638034821e-03 1.333854015683755279e-04
2.678186595439910889e-01 2.678186595439910889e-01 1.021084785461425781e-01 9.327890351414680481e-03 1.434648758731782436e-03 1.463088847231119871e-04
2.263648957014083862e-01 2.263648957014083862e-01 1.329986304044723511e-01 1.021694485098123550e-02 1.533114002086222172e-03 1.679990673437714577e-04
2.001694440841674805e-01 2.001694440841674805e-01 1.676018238067626953e-01 1.133615337312221527e-02 1.549044973216950893e-03 1.889645209303125739e-04
1.770104616880416870e-01 1.770104616880416870e-01 1.906501203775405884e-01 1.179014053195714951e-02 1.537811243906617165e-03 2.029827737715095282e-04
1.527947634458541870e-01 1.527947634458541870e-01 2.140203416347503662e-01 1.227948069572448730e-02 1.459325663745403290e-03 2.128808846464380622e-04
1.474790573120117188e-01 1.474790573120117188e-01 2.250132113695144653e-01 1.285384781658649445e-02 1.467636204324662685e-03 2.231652761111035943e-04
1.271859556436538696e-01 1.271859556436538696e-01 2.574221789836883545e-01 1.366301719099283218e-02 1.450063544325530529e-03 2.362894010730087757e-04
1.144155114889144897e-01 1.144155114889144897e-01 2.780257463455200195e-01 1.438533328473567963e-02 1.376044820062816143e-03 2.425002021482214332e-04
9.867990761995315552e-02 9.867990761995315552e-02 3.094252645969390869e-01 1.487394329160451889e-02 1.330014434643089771e-03 2.480870462022721767e-04
8.573590219020843506e-02 8.573590219020843506e-02 3.271057009696960449e-01 1.496563106775283813e-02 1.256536226719617844e-03 2.516026725061237812e-04
7.594535499811172485e-02 7.594535499811172485e-02 3.455029428005218506e-01 1.476612780243158340e-02 1.206410699523985386e-03 2.518998517189174891e-04
7.047085464000701904e-02 7.047085464000701904e-02 3.591442108154296875e-01 1.529742870479822159e-02 1.179398270323872566e-03 2.548281627241522074e-04
6.577856838703155518e-02 6.577856838703155518e-02 3.765938282012939453e-01 1.509281434118747711e-02 1.151945674791932106e-03 2.600460429675877094e-04
6.149785220623016357e-02 6.149785220623016357e-02 3.879588246345520020e-01 1.493275724351406097e-02 1.106911106035113335e-03 2.578753046691417694e-04
6.053067371249198914e-02 6.053067371249198914e-02 3.862294852733612061e-01 1.514803059399127960e-02 1.132785691879689693e-03 2.606203488539904356e-04
5.487309768795967102e-02 5.487309768795967102e-02 4.067417383193969727e-01 1.472191140055656433e-02 1.088032731786370277e-03 2.594730467535555363e-04
5.343527719378471375e-02 5.343527719378471375e-02 4.096841514110565186e-01 1.504547148942947388e-02 1.094979699701070786e-03 2.613803953863680363e-04
5.119246989488601685e-02 5.119246989488601685e-02 4.192787110805511475e-01 1.480678189545869827e-02 1.086543779820203781e-03 2.631542156450450420e-04
4.988485574722290039e-02 4.988485574722290039e-02 4.211805760860443115e-01 1.500318292528390884e-02 1.073430292308330536e-03 2.623746404424309731e-04
4.812904447317123413e-02 4.812904447317123413e-02 4.305860102176666260e-01 1.527003943920135498e-02 1.050019985996186733e-03 2.605490153655409813e-04
4.672663286328315735e-02 4.672663286328315735e-02 4.373867809772491455e-01 1.548780966550111771e-02 1.039198716171085835e-03 2.607103378977626562e-04
4.463269561529159546e-02 4.463269561529159546e-02 4.423701167106628418e-01 1.513114012777805328e-02 1.018421957269310951e-03 2.621299645397812128e-04
4.332155361771583557e-02 4.332155361771583557e-02 4.414516985416412354e-01 1.553437951952219009e-02 1.009909436106681824e-03 2.644575433805584908e-04
4.119709506630897522e-02 4.119709506630897522e-02 4.490058422088623047e-01 1.528440602123737335e-02 9.948876686394214630e-04 2.626502537168562412e-04
3.931294381618499756e-02 3.931294381618499756e-02 4.593502879142761230e-01 1.527166739106178284e-02 9.676569025032222271e-04 2.574771060608327389e-04
3.693340718746185303e-02 3.693340718746185303e-02 4.705453813076019287e-01 1.503492239862680435e-02 9.392114588990807533e-04 2.561059081926941872e-04
3.546820580959320068e-02 3.546820580959320068e-02 4.861834943294525146e-01 1.510534994304180145e-02 9.163553477264940739e-04 2.530082419980317354e-04
3.406541794538497925e-02 3.406541794538497925e-02 4.864009618759155273e-01 1.531204488128423691e-02 9.124040952883660793e-04 2.555558166932314634e-04
3.216781839728355408e-02 3.216781839728355408e-02 5.036804676055908203e-01 1.505417935550212860e-02 8.833456668071448803e-04 2.517260436434298754e-04
2.975686267018318176e-02 2.975686267018318176e-02 5.162695050239562988e-01 1.490631885826587677e-02 8.662260952405631542e-04 2.505963202565908432e-04
2.807121910154819489e-02 2.807121910154819489e-02 5.259347558021545410e-01 1.467193383723497391e-02 8.474842179566621780e-04 2.496479719411581755e-04
2.593569830060005188e-02 2.593569830060005188e-02 5.458431839942932129e-01 1.399882044643163681e-02 7.969288271851837635e-04 2.421234676148742437e-04
2.494301460683345795e-02 2.494301460683345795e-02 5.546435117721557617e-01 1.386135350912809372e-02 7.807827787473797798e-04 2.387138374615460634e-04
2.443197183310985565e-02 2.443197183310985565e-02 5.553006529808044434e-01 1.392417028546333313e-02 7.859031320549547672e-04 2.406662242719903588e-04
2.330958284437656403e-02 2.330958284437656403e-02 5.596194863319396973e-01 1.380534190684556961e-02 7.694305386394262314e-04 2.385426487307995558e-04
2.179155498743057251e-02 2.179155498743057251e-02 5.772453546524047852e-01 1.322825625538825989e-02 7.406694348901510239e-04 2.329735289094969630e-04
2.081349864602088928e-02 2.081349864602088928e-02 5.855815410614013672e-01 1.299930270761251450e-02 7.191769545897841454e-04 2.298316394444555044e-04
1.991920731961727142e-02 1.991920731961727142e-02 5.942621231079101562e-01 1.287401095032691956e-02 7.082562660798430443e-04 2.272368292324244976e-04
1.956600509583950043e-02 1.956600509583950043e-02 5.922285914421081543e-01 1.300219818949699402e-02 7.072681910358369350e-04 2.269207907374948263e-04
