2.100000000000000000e+01 9.200000000000000000e+01 1.300000000000000000e+01 1.280000000000000000e+02 1.200000000000000000e+01
3.400000000000000000e+02 7.800000000000000000e+01 1.260000000000000000e+02 3.510000000000000000e+02 2.980000000000000000e+02
3.400000000000000000e+02 3.510000000000000000e+02 9.000000000000000000e+00 3.520000000000000000e+02 3.530000000000000000e+02
3.400000000000000000e+02 3.510000000000000000e+02 9.000000000000000000e+00 3.520000000000000000e+02 5.760000000000000000e+02
3.400000000000000000e+02 3.510000000000000000e+02 9.000000000000000000e+00 3.520000000000000000e+02 5.760000000000000000e+02
3.400000000000000000e+02 3.510000000000000000e+02 9.000000000000000000e+00 5.760000000000000000e+02 3.520000000000000000e+02
3.400000000000000000e+02 3.510000000000000000e+02 9.000000000000000000e+00 5.760000000000000000e+02 3.520000000000000000e+02
3.400000000000000000e+02 3.510000000000000000e+02 9.000000000000000000e+00 5.760000000000000000e+02 3.520000000000000000e+02
3.400000000000000000e+02 3.510000000000000000e+02 9.000000000000000000e+00 5.760000000000000000e+02 3.520000000000000000e+02
3.400000000000000000e+02 3.510000000000000000e+02 9.000000000000000000e+00 3.520000000000000000e+02 5.760000000000000000e+02
3.400000000000000000e+02 3.510000000000000000e+02 9.000000000000000000e+00 3.520000000000000000e+02 5.760000000000000000e+02
3.400000000000000000e+02 3.510000000000000000e+02 9.000000000000000000e+00 3.520000000000000000e+02 5.760000000000000000e+02
3.400000000000000000e+02 3.510000000000000000e+02 9.000000000000000000e+00 3.520000000000000000e+02 5.760000000000000000e+02
3.400000000000000000e+02 3.510000000000000000e+02 9.000000000000000000e+00 3.520000000000000000e+02 5.760000000000000000e+02
3.400000000000000000e+02 3.510000000000000000e+02 9.000000000000000000e+00 3.520000000000000000e+02 5.760000000000000000e+02
3.400000000000000000e+02 3.510000000000000000e+02 9.000000000000000000e+00 3.520000000000000000e+02 5.760000000000000000e+02
3.400000000000000000e+02 3.510000000000000000e+02 9.000000000000000000e+00 3.520000000000000000e+02 5.760000000000000000e+02
3.400000000000000000e+02 3.510000000000000000e+02 9.000000000000000000e+00 3.520000000000000000e+02 5.760000000000000000e+02
3.400000000000000000e+02 3.510000000000000000e+02 9.000000000000000000e+00 3.520000000000000000e+02 5.760000000000000000e+02
3.400000000000000000e+02 3.510000000000000000e+02 9.000000000000000000e+00 3.520000000000000000e+02 5.760000000000000000e+02
3.400000000000000000e+02 3.510000000000000000e+02 9.000000000000000000e+00 3.520000000000000000e+02 5.760000000000000000e+02
3.400000000000000000e+02 3.510000000000000000e+02 9.000000000000000000e+00 3.520000000000000000e+02 5.760000000000000000e+02
3.400000000000000000e+02 3.510000000000000000e+02 9.000000000000000000e+00 3.520000000000000000e+02 5.760000000000000000e+02
3.400000000000000000e+02 3.510000000000000000e+02 9.000000000000000000e+00 3.520000000000000000e+02 5.760000000000000000e+02
3.400000000000000000e+02 3.510000000000000000e+02 9.000000000000000000e+00 3.520000000000000000e+02 5.760000000000000000e+02
3.400000000000000000e+02 3.510000000000000000e+02 9.000000000000000000e+00 3.520000000000000000e+02 5.760000000000000000e+02
3.400000000000000000e+02 3.510000000000000000e+02 9.000000000000000000e+00 3.520000000000000000e+02 5.760000000000000000e+02
3.400000000000000000e+02 3.510000000000000000e+02 9.000000000000000000e+00 3.520000000000000000e+02 5.760000000000000000e+02
3.400000000000000000e+02 3.510000000000000000e+02 9.000000000000000000e+00 3.520000000000000000e+02 5.760000000000000000e+02
3.400000000000000000e+02 3.510000000000000000e+02 9.000000000000000000e+00 3.520000000000000000e+02 5.760000000000000000e+02
3.400000000000000000e+02 3.510000000000000000e+02 9.000000000000000000e+00 3.520000000000000000e+02 5.760000000000000000e+02
3.400000000000000000e+02 3.510000000000000000e+02 9.000000000000000000e+00 3.520000000000000000e+02 5.760000000000000000e+02
3.400000000000000000e+02 3.510000000000000000e+02 9.000000000000000000e+00 3.520000000000000000e+02 5.760000000000000000e+02
3.400000000000000000e+02 3.510000000000000000e+02 9.000000000000000000e+00 3.520000000000000000e+02 5.760000000000000000e+02
3.400000000000000000e+02 3.510000000000000000e+02 9.000000000000000000e+00 3.520000000000000000e+02 5.760000000000000000e+02
3.400000000000000000e+02 3.510000000000000000e+02 9.000000000000000000e+00 3.520000000000000000e+02 5.760000000000000000e+02
3.400000000000000000e+02 3.510000000000000000e+02 9.000000000000000000e+00 3.520000000000000000e+02 5.760000000000000000e+02
3.400000000000000000e+02 3.510000000000000000e+02 9.000000000000000000e+00 3.520000000000000000e+02 5.760000000000000000e+02
3.400000000000000000e+02 3.510000000000000000e+02 9.000000000000000000e+00 3.520000000000000000e+02 5.760000000000000000e+02
3.400000000000000000e+02 3.510000000000000000e+02 9.000000000000000000e+00 3.520000000000000000e+02 5.760000000000000000e+02
3.400000000000000000e+02 3.510000000000000000e+02 9.000000000000000000e+00 3.520000000000000000e+02 5.760000000000000000e+02
3.400000000000000000e+02 3.510000000000000000e+02 9.000000000000000000e+00 3.520000000000000000e+02 5.760000000000000000e+02
3.400000000000000000e+02 3.510000000000000000e+02 9.000000000000000000e+00 3.520000000000000000e+02 5.760000000000000000e+02
3.400000000000000000e+02 3.510000000000000000e+02 9.000000000000000000e+00 3.520000000000000000e+02 5.760000000000000000e+02
3.400000000000000000e+02 3.510000000000000000e+02 9.000000000000000000e+00 3.520000000000000000e+02 5.760000000000000000e+02
3.400000000000000000e+02 3.510000000000000000e+02 9.000000000000000000e+00 3.520000000000000000e+02 5.760000000000000000e+02
3.400000000000000000e+02 3.510000000000000000e+02 9.000000000000000000e+00 5.760000000000000000e+02 3.520000000000000000e+02
3.400000000000000000e+02 3.510000000000000000e+02 9.000000000000000000e+00 5.760000000000000000e+02 3.520000000000000000e+02
3.400000000000000000e+02 3.510000000000000000e+02 9.000000000000000000e+00 3.520000000000000000e+02 5.760000000000000000e+02
3.400000000000000000e+02 3.510000000000000000e+02 9.000000000000000000e+00 5.760000000000000000e+02 3.520000000000000000e+02
3.400000000000000000e+02 3.510000000000000000e+02 9.000000000000000000e+00 5.760000000000000000e+02 3.520000000000000000e+02
