1.223644035765080373e-04
1.229016836634554272e-01
1.247907161685696958e-01
2.024479778281726150e-01
2.157981852514806453e-01
1.748964319770596465e-01
1.207955177218695830e-01
6.411278068684511666e-02
3.681271864490297252e-02
2.485536726932482607e-02
2.586434422796161578e-02
2.595645600286353508e-02
2.741906080177135274e-02
2.504850095591487982e-02
2.683951569339803472e-02
2.467653823532594756e-02
1.850819542189656441e-02
1.666614468184916126e-02
1.611115046583898661e-02
1.547136694558707247e-02
1.694301966690150985e-02
1.450079042182508132e-02
1.461495729046598246e-02
1.354382544723041135e-02
1.202028913302014175e-02
1.193450714601320892e-02
1.215276687554855441e-02
1.166959237034423218e-02
1.159458062599898719e-02
1.136707255860915956e-02
1.123181509557211535e-02
1.076037324471140408e-02
1.033139754835790854e-02
1.015493800949782144e-02
1.023302174687983242e-02
1.031739873809081262e-02
9.619384091930298364e-03
9.689171464835171985e-03
9.431688762024425035e-03
9.721131465786478007e-03
9.280716431447962045e-03
1.002299366433325248e-02
1.023774821119191950e-02
1.096532309208167986e-02
1.090002210248364189e-02
1.043467309000403916e-02
1.118940322024869483e-02
1.102569093893702133e-02
1.129921000906813043e-02
1.103046333178924442e-02
1.099889685492046014e-02
