1.581190450348193962e-03
1.285780402224700634e-03
1.434056979032793423e-02
2.200295131319813038e-02
3.184853120254972636e-02
3.416585881418649634e-02
4.260385299795337727e-02
5.542471564879370566e-02
5.839399570278518831e-02
7.052058856931107955e-02
5.095620305254214971e-02
5.437996520093014291e-02
5.147659112951820382e-02
4.514337601767318825e-02
3.416726822832123062e-02
2.877790982817235443e-02
2.584783465992639834e-02
2.256472505860115246e-02
2.435584758559994345e-02
1.966341749304892014e-02
1.561046462314653188e-02
1.403130337997317463e-02
1.343479582947500889e-02
1.314719439990752296e-02
1.228122686529231102e-02
1.188261343929960558e-02
1.139681473421344515e-02
1.080169755171305444e-02
1.017602560400125353e-02
9.909182082948516865e-03
1.062505891605031692e-02
1.029234512392483356e-02
1.442565999435624878e-02
1.189589256470302905e-02
1.085793285825326429e-02
9.784848900900765950e-03
9.089011778232673755e-03
8.293383214573474965e-03
8.148948422146909051e-03
7.835702956346456832e-03
7.814063370408458678e-03
7.532785258310311684e-03
7.226364658252370891e-03
7.626251001064958575e-03
7.163724294571719234e-03
7.167254972209908571e-03
6.904610330766895905e-03
6.804619698926793643e-03
6.910597960072389738e-03
6.650947926871163957e-03
6.778654259132699082e-03
