8.454142496281948039e-04
9.682711934907729523e-01
9.661110930159799715e-01
9.599960077824336580e-01
9.270376819320181871e-01
9.059657655390942477e-01
8.594986838531234463e-01
7.930617888302174956e-01
7.240288168782352818e-01
6.133643068855891833e-01
5.005155817506651283e-01
4.045613177425683160e-01
3.562753566326242738e-01
3.195309383414547399e-01
2.945656834834847193e-01
2.287693511242006872e-01
2.074658203723221128e-01
1.854932794184749323e-01
1.642721030948351979e-01
1.571873213624578047e-01
1.548046308528494286e-01
1.633833416355123247e-01
1.750971384824373811e-01
1.804112701258116236e-01
1.809721826702496983e-01
1.908299569312636446e-01
2.062726373826352377e-01
2.119012308640252362e-01
2.164427966918381629e-01
2.352576907710747234e-01
2.391109128283158136e-01
2.498636789181329365e-01
2.599893142439991811e-01
2.696778226636637465e-01
2.689572214165738551e-01
2.605719807883494221e-01
2.582091916028365075e-01
2.490880502111004480e-01
2.357616634160174529e-01
2.314112518978721500e-01
2.241949301825094942e-01
2.156110498366806405e-01
2.179866732845043564e-01
2.165135121324866518e-01
2.224605118584699059e-01
2.192037617686001805e-01
2.264514146225725943e-01
2.273682949196939862e-01
2.327996381903421341e-01
2.463323443431083837e-01
2.517120666867672107e-01
