8.431637543253600597e-04 8.431637543253600597e-04 6.974357529543340206e-04 7.389331585727632046e-04 7.100904622348025441e-05 1.410744735039770603e-03
9.656936526298522949e-01 9.656936526298522949e-01 1.849069667514413595e-04 1.358836452709510922e-04 2.488204918336123228e-04 6.793566863052546978e-04
9.635393023490905762e-01 9.635393023490905762e-01 2.091800852213054895e-04 4.862272544414736331e-05 9.615416638553142548e-05 8.176810661097988486e-05
9.574404954910278320e-01 9.574404954910278320e-01 1.107019852497614920e-04 7.710819045314565301e-05 2.819978690240532160e-04 3.200721403118222952e-04
9.245699048042297363e-01 9.245699048042297363e-01 3.402118163648992777e-04 1.739852159516885877e-04 1.548971515148878098e-03 1.191064249724149704e-03
9.035540819168090820e-01 9.035540819168090820e-01 4.384547646623104811e-04 3.147734969388693571e-04 1.597896451130509377e-03 1.805613515898585320e-03
8.572106957435607910e-01 8.572106957435607910e-01 8.134554373100399971e-04 5.695389700122177601e-04 2.242161659523844719e-03 3.497375873848795891e-03
7.909506559371948242e-01 7.909506559371948242e-01 1.298224320635199547e-03 9.350664913654327393e-04 3.262122161686420441e-03 5.748259834945201874e-03
7.221014499664306641e-01 7.221014499664306641e-01 1.849807682447135448e-03 1.347893383353948593e-03 5.106350872665643692e-03 8.587372489273548126e-03
6.117315292358398438e-01 6.117315292358398438e-01 2.651520539075136185e-03 1.978904008865356445e-03 7.749754935503005981e-03 9.933497756719589233e-03
4.991832077503204346e-01 4.991832077503204346e-01 3.281877376139163971e-03 2.751150634139776230e-03 1.031792908906936646e-02 1.001115050166845322e-02
4.034843742847442627e-01 4.034843742847442627e-01 3.651767503470182419e-03 3.202437423169612885e-03 1.218367554247379303e-02 1.041002292186021805e-02
3.553269505500793457e-01 3.553269505500793457e-01 3.786850022152066231e-03 3.189540700986981392e-03 1.315113250166177750e-02 1.195866800844669342e-02
3.186803460121154785e-01 3.186803460121154785e-01 4.215308465063571930e-03 3.293756628409028053e-03 1.595127210021018982e-02 1.412131357938051224e-02
2.937815487384796143e-01 2.937815487384796143e-01 4.197003785520792007e-03 3.368745557963848114e-03 1.631485857069492340e-02 1.529551204293966293e-02
2.281603664159774780e-01 2.281603664159774780e-01 4.704640712589025497e-03 3.787345718592405319e-03 1.540955156087875366e-02 1.578393951058387756e-02
2.069135457277297974e-01 2.069135457277297974e-01 4.878939595073461533e-03 3.873427165672183037e-03 1.391741354018449783e-02 1.402891334146261215e-02
1.849994957447052002e-01 1.849994957447052002e-01 4.994509276002645493e-03 4.402940627187490463e-03 1.286196243017911911e-02 1.452414784580469131e-02
1.638348102569580078e-01 1.638348102569580078e-01 4.942255560308694839e-03 4.720957949757575989e-03 1.106168888509273529e-02 1.291610114276409149e-02
1.567688882350921631e-01 1.567688882350921631e-01 4.723865538835525513e-03 4.769056104123592377e-03 9.617392905056476593e-03 1.260898727923631668e-02
1.543925404548645020e-01 1.543925404548645020e-01 4.765588790178298950e-03 4.898692481219768524e-03 8.989010006189346313e-03 1.184676028788089752e-02
1.629484146833419800e-01 1.629484146833419800e-01 4.571374040096998215e-03 4.860604181885719299e-03 8.054917678236961365e-03 1.041590701788663864e-02
1.746310293674468994e-01 1.746310293674468994e-01 4.691075533628463745e-03 4.798731766641139984e-03 7.265819702297449112e-03 8.950206451117992401e-03
1.799310147762298584e-01 1.799310147762298584e-01 4.764569923281669617e-03 4.725553561002016068e-03 7.082969881594181061e-03 9.492098353803157806e-03
1.804904341697692871e-01 1.804904341697692871e-01 4.612360149621963501e-03 4.581423941999673843e-03 6.438742857426404953e-03 9.047245606780052185e-03
1.903219670057296753e-01 1.903219670057296753e-01 4.594841040670871735e-03 4.376536700874567032e-03 6.241116207093000412e-03 8.963560685515403748e-03
2.057235389947891235e-01 2.057235389947891235e-01 4.380551632493734360e-03 4.322684835642576218e-03 6.071168463677167892e-03 9.248479269444942474e-03
2.113371491432189941e-01 2.113371491432189941e-01 4.173463676124811172e-03 4.169085994362831116e-03 5.784507840871810913e-03 8.427530527114868164e-03
2.158666253089904785e-01 2.158666253089904785e-01 4.104907624423503876e-03 4.087735898792743683e-03 5.582105834037065506e-03 8.417177014052867889e-03
2.346314340829849243e-01 2.346314340829849243e-01 4.130840767174959183e-03 3.937873523682355881e-03 5.737955681979656219e-03 8.140404708683490753e-03
2.384743988513946533e-01 2.384743988513946533e-01 4.095578566193580627e-03 4.017182625830173492e-03 5.625349935144186020e-03 7.637885864824056625e-03
2.491985410451889038e-01 2.491985410451889038e-01 4.018170293420553207e-03 4.058546852320432663e-03 5.728728603571653366e-03 7.480227388441562653e-03
2.592972218990325928e-01 2.592972218990325928e-01 3.923484589904546738e-03 4.244647454470396042e-03 5.640156567096710205e-03 7.664456032216548920e-03
2.689599394798278809e-01 2.689599394798278809e-01 3.877727314829826355e-03 4.253480583429336548e-03 5.433435086160898209e-03 7.200943306088447571e-03
2.682412564754486084e-01 2.682412564754486084e-01 3.887823084369301796e-03 4.379191435873508453e-03 5.527344532310962677e-03 6.711316294968128204e-03
2.598783373832702637e-01 2.598783373832702637e-01 3.976613748818635941e-03 4.561805166304111481e-03 5.559881683439016342e-03 6.702333688735961914e-03
2.575218379497528076e-01 2.575218379497528076e-01 3.920542076230049133e-03 4.414725583046674728e-03 5.478282459080219269e-03 6.425265688449144363e-03
2.484249770641326904e-01 2.484249770641326904e-01 4.079629667103290558e-03 4.732297267764806747e-03 5.473551340401172638e-03 6.123796571046113968e-03
2.351340651512145996e-01 2.351340651512145996e-01 4.159739706665277481e-03 4.769274033606052399e-03 5.534810014069080353e-03 5.987889133393764496e-03
2.307952344417572021e-01 2.307952344417572021e-01 4.178119357675313950e-03 4.790849518030881882e-03 5.552933085709810257e-03 6.139832548797130585e-03
2.235981225967407227e-01 2.235981225967407227e-01 4.288592375814914703e-03 4.950813483446836472e-03 5.567194428294897079e-03 6.116762757301330566e-03
2.150370925664901733e-01 2.150370925664901733e-01 4.342387430369853973e-03 5.030622705817222595e-03 5.670182872563600540e-03 6.158897187560796738e-03
2.174063920974731445e-01 2.174063920974731445e-01 4.364869557321071625e-03 4.987675230950117111e-03 5.607277620583772659e-03 6.213095970451831818e-03
2.159371525049209595e-01 2.159371525049209595e-01 4.392891190946102142e-03 5.020600277930498123e-03 5.569499451667070389e-03 5.875374656170606613e-03
2.218683212995529175e-01 2.218683212995529175e-01 4.398664925247430801e-03 5.103915464133024216e-03 5.755448713898658752e-03 6.201647222042083740e-03
2.186202406883239746e-01 2.186202406883239746e-01 4.330934956669807434e-03 5.172781646251678467e-03 5.670226644724607468e-03 6.051600910723209381e-03
2.258486002683639526e-01 2.258486002683639526e-01 4.331633448600769043e-03 5.226747598499059677e-03 5.583169404417276382e-03 6.247167941182851791e-03
2.267630398273468018e-01 2.267630398273468018e-01 4.370873793959617615e-03 5.204821936786174774e-03 5.653548054397106171e-03 6.077168975025415421e-03
2.321799248456954956e-01 2.321799248456954956e-01 4.335020203143358231e-03 5.128473509103059769e-03 5.550687666982412338e-03 6.229654420167207718e-03
2.456766068935394287e-01 2.456766068935394287e-01 4.274910781532526016e-03 5.039427895098924637e-03 5.455682519823312759e-03 6.120332982391119003e-03
2.510420083999633789e-01 2.510420083999633789e-01 4.286188632249832153e-03 4.948729649186134338e-03 5.358962342143058777e-03 6.044304929673671722e-03
