1.070095324621591617e-03
3.079995067796235941e-03
1.058611359680536657e+00
1.176223953173156866e+00
1.197617133285110658e+00
8.550608664559317118e-01
6.860634121394965090e-01
4.368641129657336308e-01
2.312362714197143954e-01
1.192096714325184964e-01
8.023528755838914284e-02
6.566183374972059394e-02
5.675915098438143874e-02
4.841213399931615369e-02
4.992816082840725866e-02
5.130755199724229554e-02
5.885259429943127951e-02
5.718427024484856735e-02
6.052145221094575728e-02
6.694082810111254278e-02
8.795309864940327460e-02
1.066917940967305606e-01
1.037059692774110059e-01
1.167997249569087542e-01
1.284001295126344921e-01
1.310592656039932524e-01
1.309815867775668274e-01
1.270252840562876850e-01
1.297516966924719406e-01
1.318190444464121258e-01
1.328733326009450544e-01
1.349967089041585466e-01
1.463332084213827267e-01
1.553508871412491998e-01
1.692093162326589462e-01
1.692331230803879039e-01
1.736752567524127711e-01
1.753787360788083560e-01
1.748413271484580700e-01
1.843513276736464257e-01
1.856489700176644220e-01
1.947237132863945119e-01
1.959265299536235849e-01
1.989036967763667674e-01
2.077497378498179559e-01
2.040917501534336431e-01
1.958367574176936299e-01
1.911172084267953042e-01
2.010132033707790200e-01
1.953313799032486420e-01
1.892733828701823051e-01
