          0  0.06607437 11.79966927
        100  0.01098517 19.59193230
        200  0.00942275 20.25822449
        300  0.00888725 20.51232910
        400  0.00846316 20.72467422
        500  0.00816373 20.88111305
        600  0.00781622 21.07003212
        700  0.00742915 21.29060936
        800  0.00711221 21.47995186
        900  0.00689959 21.61176682
       1000  0.00656681 21.82645416
       1100  0.00636348 21.96305275
       1200  0.00611792 22.13396263
       1300  0.00595407 22.25185966
       1400  0.00572471 22.42246628
       1500  0.00555702 22.55157661
       1600  0.00538191 22.69063187
       1700  0.00527600 22.77695084
       1800  0.00507187 22.94832039
       1900  0.00490642 23.09235382
       2000  0.00473992 23.24228668
       2100  0.00457087 23.40000916
       2200  0.00443977 23.52639008
       2300  0.00428721 23.67824936
       2400  0.00412825 23.84234428
       2500  0.00400093 23.97838783
       2600  0.00381813 24.18149567
       2700  0.00375448 24.25449753
       2800  0.00378083 24.22413063
       2900  0.00347374 24.59202385
       3000  0.00334478 24.75632095
       3100  0.00318747 24.96554184
       3200  0.00316530 24.99584389
       3300  0.00300059 25.22793579
       3400  0.00289646 25.38132286
       3500  0.00313666 25.03532791
       3600  0.00262976 25.80083084
       3700  0.00270887 25.67211914
       3800  0.00247967 26.05606651
       3900  0.00236416 26.26323509
       4000  0.00240040 26.19716835
       4100  0.00221000 26.55606842
       4200  0.00218141 26.61263657
       4300  0.00208093 26.81741905
       4400  0.00208658 26.80565643
       4500  0.00191083 27.18778038
       4600  0.00178411 27.48578262
       4700  0.00173128 27.61631775
       4800  0.00170825 27.67448807
       4900  0.00174110 27.59177399
       5000  0.00153709 28.13300896
