2.100000000000000000e+01 8.000000000000000000e+01 1.280000000000000000e+02 1.800000000000000000e+01 5.490000000000000000e+02
3.880000000000000000e+02 1.150000000000000000e+02 7.140000000000000000e+02 2.490000000000000000e+02 2.220000000000000000e+02
3.880000000000000000e+02 1.150000000000000000e+02 3.870000000000000000e+02 8.050000000000000000e+02 3.840000000000000000e+02
3.880000000000000000e+02 8.050000000000000000e+02 1.150000000000000000e+02 3.870000000000000000e+02 8.120000000000000000e+02
3.880000000000000000e+02 8.050000000000000000e+02 1.150000000000000000e+02 3.870000000000000000e+02 3.840000000000000000e+02
3.880000000000000000e+02 8.050000000000000000e+02 1.150000000000000000e+02 3.870000000000000000e+02 3.840000000000000000e+02
3.880000000000000000e+02 8.050000000000000000e+02 1.150000000000000000e+02 3.840000000000000000e+02 3.870000000000000000e+02
3.880000000000000000e+02 8.050000000000000000e+02 3.840000000000000000e+02 1.150000000000000000e+02 3.870000000000000000e+02
3.880000000000000000e+02 8.050000000000000000e+02 3.870000000000000000e+02 8.500000000000000000e+02 1.150000000000000000e+02
3.880000000000000000e+02 8.050000000000000000e+02 3.870000000000000000e+02 8.500000000000000000e+02 8.120000000000000000e+02
3.880000000000000000e+02 8.050000000000000000e+02 8.500000000000000000e+02 3.870000000000000000e+02 3.840000000000000000e+02
3.880000000000000000e+02 8.500000000000000000e+02 8.050000000000000000e+02 3.870000000000000000e+02 8.650000000000000000e+02
3.880000000000000000e+02 8.500000000000000000e+02 8.050000000000000000e+02 8.650000000000000000e+02 3.840000000000000000e+02
3.880000000000000000e+02 8.500000000000000000e+02 3.840000000000000000e+02 8.650000000000000000e+02 8.050000000000000000e+02
3.880000000000000000e+02 8.500000000000000000e+02 3.840000000000000000e+02 8.650000000000000000e+02 3.750000000000000000e+02
3.880000000000000000e+02 8.500000000000000000e+02 3.840000000000000000e+02 8.650000000000000000e+02 3.750000000000000000e+02
3.880000000000000000e+02 8.500000000000000000e+02 3.840000000000000000e+02 8.650000000000000000e+02 3.750000000000000000e+02
3.880000000000000000e+02 8.500000000000000000e+02 3.840000000000000000e+02 8.650000000000000000e+02 3.750000000000000000e+02
3.880000000000000000e+02 8.500000000000000000e+02 8.650000000000000000e+02 3.840000000000000000e+02 3.750000000000000000e+02
3.880000000000000000e+02 8.500000000000000000e+02 8.650000000000000000e+02 3.840000000000000000e+02 3.750000000000000000e+02
3.880000000000000000e+02 8.500000000000000000e+02 8.650000000000000000e+02 3.840000000000000000e+02 3.750000000000000000e+02
3.880000000000000000e+02 8.500000000000000000e+02 8.650000000000000000e+02 3.840000000000000000e+02 3.750000000000000000e+02
3.880000000000000000e+02 8.500000000000000000e+02 8.650000000000000000e+02 3.840000000000000000e+02 3.750000000000000000e+02
3.880000000000000000e+02 8.500000000000000000e+02 8.650000000000000000e+02 3.840000000000000000e+02 3.750000000000000000e+02
3.880000000000000000e+02 8.500000000000000000e+02 8.650000000000000000e+02 3.840000000000000000e+02 3.750000000000000000e+02
3.880000000000000000e+02 8.500000000000000000e+02 8.650000000000000000e+02 3.840000000000000000e+02 3.750000000000000000e+02
3.880000000000000000e+02 8.500000000000000000e+02 8.650000000000000000e+02 3.840000000000000000e+02 3.750000000000000000e+02
3.880000000000000000e+02 8.500000000000000000e+02 8.650000000000000000e+02 3.840000000000000000e+02 3.750000000000000000e+02
3.880000000000000000e+02 8.500000000000000000e+02 8.650000000000000000e+02 3.750000000000000000e+02 3.840000000000000000e+02
3.880000000000000000e+02 8.500000000000000000e+02 8.650000000000000000e+02 3.750000000000000000e+02 3.840000000000000000e+02
3.880000000000000000e+02 8.500000000000000000e+02 8.650000000000000000e+02 3.750000000000000000e+02 3.840000000000000000e+02
3.880000000000000000e+02 8.500000000000000000e+02 8.650000000000000000e+02 3.840000000000000000e+02 3.750000000000000000e+02
3.880000000000000000e+02 8.500000000000000000e+02 8.650000000000000000e+02 3.750000000000000000e+02 3.840000000000000000e+02
3.880000000000000000e+02 8.500000000000000000e+02 8.650000000000000000e+02 3.840000000000000000e+02 3.750000000000000000e+02
3.880000000000000000e+02 8.500000000000000000e+02 8.650000000000000000e+02 3.840000000000000000e+02 8.050000000000000000e+02
3.880000000000000000e+02 8.500000000000000000e+02 8.650000000000000000e+02 3.840000000000000000e+02 3.750000000000000000e+02
3.880000000000000000e+02 8.500000000000000000e+02 8.650000000000000000e+02 3.840000000000000000e+02 3.660000000000000000e+02
3.880000000000000000e+02 8.500000000000000000e+02 8.650000000000000000e+02 3.840000000000000000e+02 3.660000000000000000e+02
3.880000000000000000e+02 8.500000000000000000e+02 8.650000000000000000e+02 3.840000000000000000e+02 3.660000000000000000e+02
3.880000000000000000e+02 8.500000000000000000e+02 8.050000000000000000e+02 3.660000000000000000e+02 9.210000000000000000e+02
3.880000000000000000e+02 8.500000000000000000e+02 8.050000000000000000e+02 1.150000000000000000e+02 9.210000000000000000e+02
3.880000000000000000e+02 8.500000000000000000e+02 8.050000000000000000e+02 1.150000000000000000e+02 3.840000000000000000e+02
3.880000000000000000e+02 8.500000000000000000e+02 8.050000000000000000e+02 3.840000000000000000e+02 1.270000000000000000e+02
3.880000000000000000e+02 8.050000000000000000e+02 8.500000000000000000e+02 3.840000000000000000e+02 3.870000000000000000e+02
3.880000000000000000e+02 8.500000000000000000e+02 8.050000000000000000e+02 3.840000000000000000e+02 3.870000000000000000e+02
3.880000000000000000e+02 8.500000000000000000e+02 8.050000000000000000e+02 3.840000000000000000e+02 3.870000000000000000e+02
3.880000000000000000e+02 8.500000000000000000e+02 8.050000000000000000e+02 3.870000000000000000e+02 3.840000000000000000e+02
3.880000000000000000e+02 8.500000000000000000e+02 8.050000000000000000e+02 3.870000000000000000e+02 3.840000000000000000e+02
3.880000000000000000e+02 8.050000000000000000e+02 8.500000000000000000e+02 3.870000000000000000e+02 3.840000000000000000e+02
3.880000000000000000e+02 8.050000000000000000e+02 8.500000000000000000e+02 3.870000000000000000e+02 3.840000000000000000e+02
3.880000000000000000e+02 8.500000000000000000e+02 8.050000000000000000e+02 3.870000000000000000e+02 8.650000000000000000e+02
