1.417612074874341488e-03 1.417612074874341488e-03 4.366081848274916410e-04 2.122701989719644189e-04 2.851474855560809374e-04 3.882733173668384552e-03
7.402388844639062881e-03 7.402388844639062881e-03 8.764708181843161583e-04 1.085755066014826298e-04 1.101981382817029953e-03 3.781644627451896667e-04
9.208011627197265625e-01 9.208011627197265625e-01 9.048505686223506927e-03 5.826694541610777378e-04 3.925887576770037413e-04 1.769440677890088409e-05
9.177204370498657227e-01 9.177204370498657227e-01 1.258619828149676323e-03 7.901019125711172819e-05 1.674037339398637414e-04 1.290877262363210320e-04
9.393637180328369141e-01 9.393637180328369141e-01 7.740141008980572224e-04 4.099703437532298267e-05 9.328056330559775233e-05 1.540073426440358162e-04
9.085383415222167969e-01 9.085383415222167969e-01 1.700088963843882084e-03 6.244928954401984811e-05 1.230125781148672104e-04 2.343665983062237501e-04
8.513218760490417480e-01 8.513218760490417480e-01 2.756277564913034439e-03 1.067789562512189150e-04 2.068860922008752823e-04 3.763172426261007786e-04
7.758007645606994629e-01 7.758007645606994629e-01 4.230697639286518097e-03 1.638616813579574227e-04 3.322350385133177042e-04 6.459415890276432037e-04
7.372474670410156250e-01 7.372474670410156250e-01 4.909295588731765747e-03 1.771173847373574972e-04 4.254051891621202230e-04 8.994471281766891479e-04
6.974775195121765137e-01 6.974775195121765137e-01 5.548919085413217545e-03 1.942167727975174785e-04 5.219071754254400730e-04 1.173987751826643944e-03
6.868757009506225586e-01 6.868757009506225586e-01 4.805547650903463364e-03 1.987544237636029720e-04 5.943296127952635288e-04 1.197227160446345806e-03
6.667096018791198730e-01 6.667096018791198730e-01 4.171604756265878677e-03 2.122347650583833456e-04 6.590530392713844776e-04 1.221276703290641308e-03
6.675260066986083984e-01 6.675260066986083984e-01 3.851509420201182365e-03 2.065987791866064072e-04 7.051857537589967251e-04 1.109568984247744083e-03
6.656006574630737305e-01 6.656006574630737305e-01 4.150285851210355759e-03 2.070264163194224238e-04 7.236993988044559956e-04 1.097601372748613358e-03
6.821808218955993652e-01 6.821808218955993652e-01 3.986064344644546509e-03 1.942861126735806465e-04 7.148787844926118851e-04 1.027213875204324722e-03
6.680355072021484375e-01 6.680355072021484375e-01 4.504803568124771118e-03 2.030618197750300169e-04 7.717960979789495468e-04 1.138627878390252590e-03
6.519873142242431641e-01 6.519873142242431641e-01 5.298243369907140732e-03 2.188714424846693873e-04 8.220120216719806194e-04 1.279863063246011734e-03
6.502543687820434570e-01 6.502543687820434570e-01 5.212336312979459763e-03 2.199453592766076326e-04 8.083551656454801559e-04 1.259707263670861721e-03
6.788672208786010742e-01 6.788672208786010742e-01 4.040260333567857742e-03 1.962644309969618917e-04 6.370710325427353382e-04 1.044509466737508774e-03
6.856137514114379883e-01 6.856137514114379883e-01 3.766145557165145874e-03 1.889789564302191138e-04 6.378882098942995071e-04 9.931616950780153275e-04
6.770999431610107422e-01 6.770999431610107422e-01 4.107176791876554489e-03 1.980774250114336610e-04 7.290730136446654797e-04 1.073020859621465206e-03
6.301381587982177734e-01 6.301381587982177734e-01 4.748994018882513046e-03 2.274360740557312965e-04 8.286713855341076851e-04 1.289686653763055801e-03
6.255711317062377930e-01 6.255711317062377930e-01 5.088415928184986115e-03 2.297370665473863482e-04 8.155935211107134819e-04 1.340496237389743328e-03
6.303890943527221680e-01 6.303890943527221680e-01 5.075656808912754059e-03 2.258651220472529531e-04 7.714389939792454243e-04 1.317227259278297424e-03
6.224687695503234863e-01 6.224687695503234863e-01 5.263844504952430725e-03 2.297268656548112631e-04 7.786334026604890823e-04 1.330697559751570225e-03
6.169424057006835938e-01 6.169424057006835938e-01 5.484023597091436386e-03 2.327417896594852209e-04 7.950627477839589119e-04 1.352846506051719189e-03
6.218106150627136230e-01 6.218106150627136230e-01 5.425504408776760101e-03 2.293626457685604692e-04 7.759016589261591434e-04 1.315487548708915710e-03
6.241890192031860352e-01 6.241890192031860352e-01 5.746915936470031738e-03 2.293449506396427751e-04 7.805302157066762447e-04 1.343591953627765179e-03
6.341515183448791504e-01 6.341515183448791504e-01 5.666165146976709366e-03 2.234357671113684773e-04 7.466559763997793198e-04 1.281462842598557472e-03
6.400194764137268066e-01 6.400194764137268066e-01 5.995034705847501755e-03 2.213169791502878070e-04 7.299265707843005657e-04 1.301910029724240303e-03
6.363209486007690430e-01 6.363209486007690430e-01 5.979953799396753311e-03 2.240054745925590396e-04 7.628820021636784077e-04 1.332810614258050919e-03
6.449111700057983398e-01 6.449111700057983398e-01 6.095813121646642685e-03 2.161418960895389318e-04 7.371001411229372025e-04 1.306695048697292805e-03
6.491889357566833496e-01 6.491889357566833496e-01 6.285056471824645996e-03 2.148369967471808195e-04 7.363717886619269848e-04 1.311795320361852646e-03
6.430717110633850098e-01 6.430717110633850098e-01 6.450488697737455368e-03 2.187669742852449417e-04 7.546597626060247421e-04 1.338992500677704811e-03
6.405745744705200195e-01 6.405745744705200195e-01 6.455278489738702774e-03 2.200597809860482812e-04 7.601865218020975590e-04 1.341242110356688499e-03
6.390476226806640625e-01 6.390476226806640625e-01 6.209957413375377655e-03 2.177344576921314001e-04 7.669897167943418026e-04 1.325978548265993595e-03
6.434932947158813477e-01 6.434932947158813477e-01 6.379754748195409775e-03 2.153265668312087655e-04 7.428288809023797512e-04 1.309247338213026524e-03
6.439849138259887695e-01 6.439849138259887695e-01 6.446878891438245773e-03 2.146886254195123911e-04 7.429714896716177464e-04 1.322651514783501625e-03
6.463791131973266602e-01 6.463791131973266602e-01 6.100855302065610886e-03 2.113120426656678319e-04 7.334031397476792336e-04 1.282829209230840206e-03
6.468713283538818359e-01 6.468713283538818359e-01 6.128456443548202515e-03 2.109856723109260201e-04 7.248335750773549080e-04 1.294324989430606365e-03
6.461376547813415527e-01 6.461376547813415527e-01 6.264548748731613159e-03 2.111287758452817798e-04 7.335396367125213146e-04 1.290822983719408512e-03
6.481193900108337402e-01 6.481193900108337402e-01 6.264612544327974319e-03 2.089879562845453620e-04 7.251866627484560013e-04 1.292276661843061447e-03
6.452176570892333984e-01 6.452176570892333984e-01 6.481056101620197296e-03 2.109287161147221923e-04 7.217103266157209873e-04 1.333991996943950653e-03
6.448146104812622070e-01 6.448146104812622070e-01 6.471886299550533295e-03 2.103635924868285656e-04 7.246637833304703236e-04 1.324769225902855396e-03
6.462223529815673828e-01 6.462223529815673828e-01 6.486092694103717804e-03 2.077107783406972885e-04 7.163507980294525623e-04 1.325445016846060753e-03
6.456310749053955078e-01 6.456310749053955078e-01 6.547077558934688568e-03 2.093328948831185699e-04 7.095620967447757721e-04 1.330712693743407726e-03
6.456546187400817871e-01 6.456546187400817871e-01 6.696607451885938644e-03 2.098602562909945846e-04 7.106184493750333786e-04 1.338507514446973801e-03
6.423322558403015137e-01 6.423322558403015137e-01 6.817109882831573486e-03 2.119153359672054648e-04 7.182238623499870300e-04 1.381768728606402874e-03
6.422731280326843262e-01 6.422731280326843262e-01 6.832216400653123856e-03 2.110878704115748405e-04 7.116827764548361301e-04 1.375247491523623466e-03
6.471087336540222168e-01 6.471087336540222168e-01 6.695719435811042786e-03 2.091573405778035522e-04 7.037184550426900387e-04 1.339821610599756241e-03
6.509552001953125000e-01 6.509552001953125000e-01 6.666590459644794464e-03 2.054465148830786347e-04 6.992099806666374207e-04 1.343777519650757313e-03
