7.000000000000000000e+02 2.100000000000000000e+01 7.800000000000000000e+01 3.180000000000000000e+02 8.000000000000000000e+01
1.150000000000000000e+02 1.700000000000000000e+01 8.500000000000000000e+01 8.000000000000000000e+01 1.140000000000000000e+02
8.400000000000000000e+01 3.280000000000000000e+02 3.920000000000000000e+02 5.620000000000000000e+02 7.930000000000000000e+02
8.400000000000000000e+01 3.280000000000000000e+02 1.400000000000000000e+01 3.040000000000000000e+02 6.820000000000000000e+02
8.400000000000000000e+01 1.400000000000000000e+01 3.280000000000000000e+02 3.040000000000000000e+02 1.090000000000000000e+02
8.400000000000000000e+01 3.280000000000000000e+02 1.090000000000000000e+02 1.400000000000000000e+01 3.040000000000000000e+02
8.400000000000000000e+01 3.280000000000000000e+02 1.090000000000000000e+02 1.400000000000000000e+01 9.730000000000000000e+02
8.400000000000000000e+01 3.280000000000000000e+02 1.090000000000000000e+02 1.400000000000000000e+01 9.730000000000000000e+02
8.400000000000000000e+01 3.280000000000000000e+02 1.090000000000000000e+02 1.400000000000000000e+01 3.040000000000000000e+02
8.400000000000000000e+01 3.280000000000000000e+02 1.090000000000000000e+02 3.040000000000000000e+02 1.400000000000000000e+01
8.400000000000000000e+01 3.280000000000000000e+02 1.090000000000000000e+02 3.040000000000000000e+02 1.400000000000000000e+01
8.400000000000000000e+01 3.280000000000000000e+02 1.090000000000000000e+02 1.400000000000000000e+01 3.040000000000000000e+02
8.400000000000000000e+01 3.280000000000000000e+02 1.090000000000000000e+02 1.400000000000000000e+01 8.080000000000000000e+02
8.400000000000000000e+01 3.280000000000000000e+02 1.090000000000000000e+02 1.400000000000000000e+01 8.080000000000000000e+02
8.400000000000000000e+01 3.280000000000000000e+02 1.090000000000000000e+02 1.400000000000000000e+01 4.600000000000000000e+01
8.400000000000000000e+01 3.280000000000000000e+02 1.090000000000000000e+02 4.600000000000000000e+01 1.400000000000000000e+01
8.400000000000000000e+01 3.280000000000000000e+02 1.090000000000000000e+02 4.600000000000000000e+01 9.730000000000000000e+02
8.400000000000000000e+01 3.280000000000000000e+02 4.600000000000000000e+01 9.730000000000000000e+02 1.090000000000000000e+02
8.400000000000000000e+01 3.280000000000000000e+02 1.090000000000000000e+02 1.400000000000000000e+01 4.600000000000000000e+01
8.400000000000000000e+01 3.280000000000000000e+02 1.090000000000000000e+02 4.600000000000000000e+01 1.400000000000000000e+01
8.400000000000000000e+01 3.280000000000000000e+02 4.600000000000000000e+01 1.090000000000000000e+02 9.730000000000000000e+02
8.400000000000000000e+01 3.280000000000000000e+02 4.600000000000000000e+01 1.090000000000000000e+02 9.730000000000000000e+02
8.400000000000000000e+01 3.280000000000000000e+02 4.600000000000000000e+01 9.730000000000000000e+02 1.090000000000000000e+02
8.400000000000000000e+01 3.280000000000000000e+02 4.600000000000000000e+01 9.730000000000000000e+02 1.090000000000000000e+02
8.400000000000000000e+01 3.280000000000000000e+02 4.600000000000000000e+01 9.730000000000000000e+02 1.090000000000000000e+02
8.400000000000000000e+01 3.280000000000000000e+02 4.600000000000000000e+01 9.730000000000000000e+02 1.090000000000000000e+02
8.400000000000000000e+01 3.280000000000000000e+02 4.600000000000000000e+01 1.090000000000000000e+02 9.730000000000000000e+02
8.400000000000000000e+01 3.280000000000000000e+02 4.600000000000000000e+01 1.090000000000000000e+02 9.730000000000000000e+02
8.400000000000000000e+01 3.280000000000000000e+02 4.600000000000000000e+01 1.090000000000000000e+02 9.730000000000000000e+02
8.400000000000000000e+01 3.280000000000000000e+02 4.600000000000000000e+01 1.090000000000000000e+02 9.730000000000000000e+02
8.400000000000000000e+01 3.280000000000000000e+02 4.600000000000000000e+01 1.090000000000000000e+02 9.730000000000000000e+02
8.400000000000000000e+01 3.280000000000000000e+02 4.600000000000000000e+01 1.090000000000000000e+02 9.730000000000000000e+02
8.400000000000000000e+01 3.280000000000000000e+02 4.600000000000000000e+01 1.090000000000000000e+02 9.730000000000000000e+02
8.400000000000000000e+01 3.280000000000000000e+02 4.600000000000000000e+01 1.090000000000000000e+02 9.730000000000000000e+02
8.400000000000000000e+01 3.280000000000000000e+02 4.600000000000000000e+01 1.090000000000000000e+02 9.730000000000000000e+02
8.400000000000000000e+01 3.280000000000000000e+02 4.600000000000000000e+01 1.090000000000000000e+02 9.730000000000000000e+02
8.400000000000000000e+01 3.280000000000000000e+02 4.600000000000000000e+01 1.090000000000000000e+02 9.730000000000000000e+02
8.400000000000000000e+01 3.280000000000000000e+02 4.600000000000000000e+01 1.090000000000000000e+02 9.730000000000000000e+02
8.400000000000000000e+01 3.280000000000000000e+02 4.600000000000000000e+01 1.090000000000000000e+02 9.730000000000000000e+02
8.400000000000000000e+01 3.280000000000000000e+02 4.600000000000000000e+01 1.090000000000000000e+02 9.730000000000000000e+02
8.400000000000000000e+01 3.280000000000000000e+02 4.600000000000000000e+01 1.090000000000000000e+02 9.730000000000000000e+02
8.400000000000000000e+01 3.280000000000000000e+02 4.600000000000000000e+01 1.090000000000000000e+02 9.730000000000000000e+02
8.400000000000000000e+01 3.280000000000000000e+02 4.600000000000000000e+01 1.090000000000000000e+02 9.730000000000000000e+02
8.400000000000000000e+01 3.280000000000000000e+02 4.600000000000000000e+01 1.090000000000000000e+02 9.730000000000000000e+02
8.400000000000000000e+01 3.280000000000000000e+02 4.600000000000000000e+01 1.090000000000000000e+02 9.730000000000000000e+02
8.400000000000000000e+01 3.280000000000000000e+02 4.600000000000000000e+01 1.090000000000000000e+02 9.730000000000000000e+02
8.400000000000000000e+01 3.280000000000000000e+02 4.600000000000000000e+01 1.090000000000000000e+02 9.730000000000000000e+02
8.400000000000000000e+01 3.280000000000000000e+02 4.600000000000000000e+01 1.090000000000000000e+02 9.730000000000000000e+02
8.400000000000000000e+01 3.280000000000000000e+02 4.600000000000000000e+01 1.090000000000000000e+02 9.730000000000000000e+02
8.400000000000000000e+01 3.280000000000000000e+02 4.600000000000000000e+01 1.090000000000000000e+02 9.730000000000000000e+02
8.400000000000000000e+01 3.280000000000000000e+02 4.600000000000000000e+01 1.090000000000000000e+02 9.730000000000000000e+02
