          0  0.08003931 10.96696663
        100  0.01112039 19.53879738
        200  0.00966825 20.14652252
        300  0.00901834 20.44873428
        400  0.00855393 20.67834473
        500  0.00808920 20.92094231
        600  0.00778131 21.08947182
        700  0.00746937 21.26716232
        800  0.00718144 21.43788528
        900  0.00687493 21.62731743
       1000  0.00655117 21.83681107
       1100  0.00634257 21.97734833
       1200  0.00609028 22.15362740
       1300  0.00586480 22.31746674
       1400  0.00564110 22.48636055
       1500  0.00552686 22.57521820
       1600  0.00522881 22.81596947
       1700  0.00508150 22.94008255
       1800  0.00488561 23.11081314
       1900  0.00473851 23.24357796
       2000  0.00452399 23.44478798
       2100  0.00431212 23.65309143
       2200  0.00413407 23.83622169
       2300  0.00402976 23.94721413
       2400  0.00388109 24.11046219
       2500  0.00376322 24.24440193
       2600  0.00355024 24.49742699
       2700  0.00342347 24.65533829
       2800  0.00319343 24.95743370
       2900  0.00312407 25.05279160
       3000  0.00302516 25.19251251
       3100  0.00280593 25.51922798
       3200  0.00278623 25.54982758
       3300  0.00260706 25.83848572
       3400  0.00280487 25.52087593
       3500  0.00239887 26.19992828
       3600  0.00249871 26.02284050
       3700  0.00212673 26.72286797
       3800  0.00207643 26.82683182
       3900  0.00199736 26.99542618
       4000  0.00194297 27.11534500
       4100  0.00184517 27.33963013
       4200  0.00173686 27.60235977
       4300  0.00163999 27.85158539
       4400  0.00163079 27.87602234
       4500  0.00172224 27.63905907
       4600  0.00142053 28.47548294
       4700  0.00164732 27.83222580
       4800  0.00135664 28.67535400
       4900  0.00127552 28.94313812
       5000  0.00127664 28.93931770
