          0  0.06510115 11.86411285
        100  0.02116125 16.74458694
        200  0.01481329 18.29348564
        300  0.01249047 19.03421211
        400  0.01116426 19.52169991
        500  0.01025978 19.88862038
        600  0.00959744 20.17844582
        700  0.00909125 20.41376305
        800  0.00840833 20.75290108
        900  0.00793542 21.00430107
       1000  0.00751620 21.24001884
       1100  0.00702525 21.53338051
       1200  0.00668896 21.74641609
       1300  0.00638545 21.94808769
       1400  0.00612350 22.13000107
       1500  0.00575885 22.39664650
       1600  0.00540003 22.67603493
       1700  0.00518977 22.84852219
       1800  0.00491683 23.08315086
       1900  0.00467489 23.30228233
       2000  0.00448853 23.47896004
       2100  0.00424408 23.72216606
       2200  0.00422136 23.74547958
       2300  0.00390976 24.07850075
       2400  0.00382592 24.17263794
       2500  0.00356573 24.47850990
       2600  0.00345754 24.61233330
       2700  0.00334604 24.75468636
       2800  0.00353934 24.51078224
       2900  0.00305199 25.15416336
       3000  0.00299444 25.23684692
       3100  0.00298274 25.25385094
       3200  0.00284417 25.46044922
       3300  0.00275719 25.59532547
       3400  0.00265141 25.76523018
       3500  0.00269626 25.69238281
       3600  0.00240205 26.19417191
       3700  0.00235851 26.27363014
       3800  0.00233709 26.31324196
       3900  0.00221605 26.54421234
       4000  0.00219615 26.58338165
       4100  0.00202159 26.94307137
       4200  0.00206964 26.84105873
       4300  0.00207862 26.82224274
       4400  0.00199189 27.00735283
       4500  0.00192977 27.14494896
       4600  0.00205568 26.87043762
       4700  0.00182107 27.39673424
       4800  0.00178155 27.49201393
       4900  0.00181029 27.42252731
       5000  0.00172700 27.62706375
