4.050131458675366026e-04
8.290495443968002309e-01
9.233854063353041930e-01
9.149812499108325170e-01
8.975183956578326461e-01
8.777726752930826715e-01
8.593173536088153375e-01
8.630588949371207352e-01
8.667711266594624320e-01
8.634369351297236372e-01
8.569298444435941020e-01
8.568104570465934211e-01
8.586740943137752824e-01
8.632736728643251034e-01
8.643414140494014575e-01
8.646759375357975230e-01
8.648979384005204274e-01
8.694086927277017152e-01
8.703069038090369691e-01
8.692236422623506042e-01
8.672074279018017195e-01
8.686161991864107534e-01
8.667043294108405238e-01
8.686875331561186853e-01
8.689589604031998649e-01
8.704055177989595826e-01
8.699234314898705023e-01
8.673156525771829051e-01
8.684547277319671910e-01
8.663281994165895616e-01
8.676522653430265297e-01
8.668262239431783200e-01
8.661011245874941089e-01
8.652155685702409560e-01
8.627031204940585063e-01
8.623016803716434531e-01
8.630788326324199122e-01
8.627682463191224116e-01
8.622149454277223679e-01
8.628890663648871584e-01
8.620628458839434405e-01
8.607028443510091886e-01
8.609040718086540256e-01
8.588479820575068979e-01
8.574880999119697256e-01
8.571643212913035992e-01
8.574509107378039952e-01
8.572158369531094335e-01
8.571767972742901920e-01
8.582811903902457518e-01
8.591065751594105793e-01
