1.543576581752859056e-05 6.339140782074537128e-06 7.400389586109668016e-05 3.597097238525748253e-04 9.897344716591760516e-05 6.626995309488847852e-05
3.044286277145147324e-04 1.814364054553152528e-06 1.323123160545947030e-05 3.887536513502709568e-05 1.947038254002109170e-05 3.132586789433844388e-05
5.220792293548583984e-01 5.322952034703121171e-08 5.786615133729355875e-07 1.971711208170745522e-05 8.779002769188082311e-08 1.718511839499115013e-06
9.980537891387939453e-01 4.585921642430434986e-10 9.517972188177736825e-09 7.311172822710432229e-08 5.538877689836851914e-10 1.964036933088664227e-08
9.991115927696228027e-01 3.689923089300606307e-10 3.431924300301147923e-09 3.180624474907745025e-08 3.468028364483899395e-10 1.164724672264583205e-08
9.994260072708129883e-01 6.824237702707236508e-11 3.445768392840165006e-10 7.319322037346864818e-09 4.849929832739796609e-11 1.645474534406332623e-09
9.996123909950256348e-01 5.488973164879951128e-11 2.757294392807807526e-10 5.927862645194181823e-09 3.873143472610252047e-11 1.162215768069074784e-09
9.995568394660949707e-01 5.963043253620625705e-11 2.242934310503486017e-10 7.104755450626498714e-09 3.824216984749106985e-11 1.116888359575796130e-09
9.995163679122924805e-01 8.389786088081052640e-11 3.067750220520082394e-10 9.951997448354177322e-09 5.783094489397733184e-11 1.482952871612042145e-09
9.993551373481750488e-01 1.520598230664305106e-10 4.456152946641367407e-10 1.561018514451006922e-08 9.656684479830701662e-11 2.323488734745637885e-09
9.991871714591979980e-01 1.894328721663285364e-10 4.358915450808353853e-10 2.089188022580401594e-08 1.051799827789245967e-10 2.259221032474556523e-09
9.991477727890014648e-01 2.317111225114132367e-10 4.913920936822080421e-10 2.403990784216603060e-08 1.162692442324697595e-10 2.192509507281670267e-09
9.991388320922851562e-01 3.046013441476702610e-10 6.034380772845793217e-10 2.751830940894706146e-08 1.382991082765627766e-10 2.581163061066149567e-09
9.991693496704101562e-01 3.451789409858463387e-10 6.330988511216162351e-10 3.046957885999290738e-08 1.518431907987505269e-10 2.538060206447312339e-09
9.990729093551635742e-01 3.292655592623816574e-10 5.676018544065186688e-10 2.887986028099476243e-08 1.432291785175010546e-10 2.244630703529537641e-09
9.992060065269470215e-01 3.308808782520600289e-10 5.784456247326374978e-10 2.879574978464916057e-08 1.368279933799954051e-10 2.148321742723169336e-09
9.991490840911865234e-01 3.476337551155950223e-10 6.465583068937519329e-10 3.213514432331976423e-08 1.488368178703680655e-10 2.244690433528262474e-09
9.990616440773010254e-01 3.731096542836098706e-10 7.115766309517823629e-10 3.168416284893282864e-08 1.562393270315709515e-10 2.359704653898120341e-09
9.989066123962402344e-01 4.046427082293746480e-10 6.699394372589040358e-10 3.554857386234289152e-08 1.681742245462913843e-10 2.409831445504551084e-09
9.987655878067016602e-01 4.576430068237158366e-10 7.111975453000241032e-10 4.217866944600245915e-08 1.967990354012627563e-10 2.773444363057819828e-09
9.987235665321350098e-01 4.370801498509990779e-10 6.784559580808036117e-10 4.523126051481085597e-08 1.939176319520896641e-10 2.732598147758835694e-09
9.986402392387390137e-01 4.215371385285493488e-10 6.832794330335900668e-10 4.731155911485984689e-08 2.066165710745693218e-10 2.737962301324614600e-09
9.984872341156005859e-01 3.914293056350715005e-10 6.217968917532346040e-10 4.376602902311788057e-08 1.950746508772027710e-10 2.483175221001943100e-09
9.983872175216674805e-01 3.905362422340630246e-10 6.602569602165431206e-10 4.567517208897697856e-08 2.091187362163182684e-10 2.593754766522238242e-09
9.982928633689880371e-01 4.273395803888746514e-10 6.650743844538453686e-10 5.142704040395074117e-08 2.238287055700283190e-10 2.753004935129865771e-09
9.983261227607727051e-01 4.008244292030838096e-10 6.673762653619519369e-10 4.882615556311975524e-08 2.244753272151456258e-10 2.717821745434889635e-09
9.982655644416809082e-01 3.718252095108454114e-10 6.058559209876079876e-10 4.568424216699895624e-08 2.236523050092031895e-10 2.544145338845282822e-09
9.980449676513671875e-01 4.075345338971914089e-10 6.515974426690718246e-10 5.585513918049400672e-08 2.588708414297258287e-10 2.740989657468162477e-09
9.981138706207275391e-01 4.147285292965818826e-10 6.514634387499995682e-10 5.519273926779533213e-08 2.700255297138909327e-10 2.865370607452177865e-09
9.980822801589965820e-01 4.242093065709440225e-10 6.490962212168938095e-10 5.743828523918637075e-08 2.844575408555982676e-10 2.723592018583076424e-09
9.978561997413635254e-01 4.984281321007699717e-10 7.754515363167513442e-10 6.707435318276111502e-08 3.568286499611161844e-10 3.026420891671932623e-09
9.978610873222351074e-01 5.107422262895511267e-10 7.932483558903413723e-10 6.692886955761423451e-08 3.701111916942778635e-10 3.078067134509865355e-09
9.977364540100097656e-01 6.480957437382528497e-10 9.981202531150756840e-10 8.680150642703665653e-08 4.903368822084530620e-10 3.795114000837429558e-09
9.975710511207580566e-01 7.260115286733537232e-10 1.089406898024947168e-09 1.002991609766468173e-07 5.610140130229979150e-10 4.219181448661402101e-09
9.977572560310363770e-01 6.803874130767439965e-10 9.869639550075248735e-10 9.309758297604275867e-08 5.123848012544840458e-10 3.689459182609766685e-09
9.975475668907165527e-01 8.576622190226146358e-10 1.281300621158720787e-09 1.251501231536167325e-07 6.677544073241392653e-10 4.499969730176189842e-09
9.976602792739868164e-01 8.044434007814516008e-10 1.254341963630167811e-09 1.134508735844974581e-07 6.426623122557373335e-10 4.324552271839365858e-09
9.974857568740844727e-01 8.731921297133737880e-10 1.357188916806251200e-09 1.252643926363816718e-07 7.210712582583767016e-10 4.648224027903324895e-09
9.974114298820495605e-01 9.771531361835172902e-10 1.523752790610899410e-09 1.340130495464109117e-07 8.214935953709812111e-10 5.122465562834577213e-09
9.974082112312316895e-01 9.897210828668789873e-10 1.589056441986258505e-09 1.326645815424853936e-07 8.466340406521055684e-10 5.263735669558400332e-09
9.971656203269958496e-01 1.067681720812174717e-09 1.667273097361032796e-09 1.453966405051687616e-07 9.402940648328694806e-10 5.656871415737896314e-09
9.970892071723937988e-01 1.200586630112354669e-09 1.849614794657838956e-09 1.622229603981395485e-07 1.060326715318637980e-09 6.076196878979089888e-09
9.970928430557250977e-01 1.242739133822112763e-09 1.963575302355025087e-09 1.605602051313326228e-07 1.096566948355359727e-09 6.169916577647427403e-09
9.968254566192626953e-01 1.476958888524393387e-09 2.202791504757328767e-09 1.961695659247197909e-07 1.287870143862335226e-09 7.092358256244324366e-09
9.969209432601928711e-01 1.454743769890853855e-09 2.259943121529772725e-09 1.851215500892067212e-07 1.292657314522216438e-09 7.083708286614864846e-09
9.968767166137695312e-01 1.564022245048590776e-09 2.432851031741734005e-09 1.971897347630147124e-07 1.391953996510153502e-09 7.230876342134706647e-09
9.969966411590576172e-01 1.460414678078336692e-09 2.215326588839161559e-09 1.867232839458665694e-07 1.299090723883011833e-09 6.775260352753775805e-09
9.968830347061157227e-01 1.672417870857145772e-09 2.644455543432400191e-09 2.133094625378362252e-07 1.556710760297619345e-09 7.548727865014370764e-09
9.968141913414001465e-01 1.732559651301812664e-09 2.809273480508522880e-09 2.260636620121658780e-07 1.655132142452941935e-09 7.791304490467609867e-09
9.966245889663696289e-01 1.866105270309503794e-09 3.072013754490399151e-09 2.491941017979115713e-07 1.782474834399749852e-09 8.172856169608166965e-09
9.965903759002685547e-01 1.899878920852415831e-09 3.136627624300558637e-09 2.535948055992776062e-07 1.826235274116072560e-09 8.343546298306137032e-09
9.965453743934631348e-01 1.928047721477810228e-09 3.171031437432247913e-09 2.564306669228244573e-07 1.872131338842564219e-09 8.381466187756814179e-09
9.965289235115051270e-01 2.006782073848967229e-09 3.405268511613712690e-09 2.590646204225777183e-07 1.975198671289035701e-09 8.778446414225982153e-09
9.965193271636962891e-01 2.033258228451018113e-09 3.505651990920455319e-09 2.621866030949604465e-07 2.031281365333370559e-09 8.877790946826280560e-09
9.963827133178710938e-01 2.101774310148130098e-09 3.580582275120036684e-09 2.657568529684795067e-07 2.066428583802348840e-09 8.903059622866749123e-09
9.963511228561401367e-01 2.069696192208425600e-09 3.522908631481413977e-09 2.711659021770174149e-07 2.039813207233009962e-09 8.942259377420214150e-09
9.961011409759521484e-01 2.374120011694458299e-09 3.917025370725468747e-09 3.068091416480456246e-07 2.366465912118087545e-09 1.007227545812838798e-08
9.959724545478820801e-01 2.271035359768802664e-09 4.013452237217052243e-09 2.854572471733263228e-07 2.351363326269506615e-09 9.897362041044743819e-09
9.957001209259033203e-01 2.586961311834556909e-09 4.454276947285507049e-09 3.339158354265236994e-07 2.663674170122476426e-09 1.077641531566086996e-08
9.958041310310363770e-01 2.564518597480969220e-09 4.482510362890934630e-09 3.304568849671341013e-07 2.674924948209422837e-09 1.112114311752065987e-08
9.958639144897460938e-01 2.425526446359071997e-09 4.409082432488276027e-09 3.091830933499295497e-07 2.623434802728752402e-09 1.095686119612082621e-08
9.957807064056396484e-01 2.744532157095136427e-09 4.737389591724650018e-09 3.369686112364433939e-07 2.858770553615386234e-09 1.191643139719644751e-08
9.958871006965637207e-01 2.709548141410778044e-09 4.715959622814125396e-09 3.347109611695486819e-07 2.766142648269465099e-09 1.202747590411945566e-08
9.957385063171386719e-01 2.684704902833345841e-09 4.699991951184756545e-09 3.413915123928745743e-07 2.770375706617755895e-09 1.177844932698235425e-08
9.958394765853881836e-01 2.575801127946419911e-09 4.538902587114534981e-09 3.272159290190757019e-07 2.657150499629779006e-09 1.130665605586500533e-08
9.957530498504638672e-01 2.455557979175182481e-09 4.389754337807971751e-09 3.230692868783080485e-07 2.613085303693196693e-09 1.119548542760639975e-08
9.956535100936889648e-01 2.358756967524300308e-09 4.289223642928163827e-09 3.132406618533423170e-07 2.523818931621235606e-09 1.082126566132046719e-08
9.956501126289367676e-01 2.490147865685798934e-09 4.551987675682767076e-09 3.376178767666715430e-07 2.664607645641581257e-09 1.139966787633284184e-08
9.956751465797424316e-01 2.528943277013695479e-09 4.637672024188077557e-09 3.256186573707964271e-07 2.715686564513930534e-09 1.158378637455825810e-08
9.957790374755859375e-01 2.654218844710953817e-09 4.828303534765154836e-09 3.341356773489678744e-07 2.795649711728742659e-09 1.190094334191371672e-08
9.959779381752014160e-01 2.433812040791849540e-09 4.587239921249874897e-09 3.165652628922543954e-07 2.611114435779882115e-09 1.096077006934592646e-08
9.957644939422607422e-01 2.853271396929812909e-09 5.133611757912603935e-09 3.639929104792827275e-07 2.991064063095905112e-09 1.203205179933775071e-08
9.959422945976257324e-01 2.457992920312790375e-09 4.490483984653792504e-09 3.258918468418414705e-07 2.669312326730732821e-09 1.089617907013007425e-08
9.960507750511169434e-01 2.448985014780191705e-09 4.600201553017768674e-09 3.192193673839938128e-07 2.624978012732981369e-09 1.069717647794732329e-08
9.961227774620056152e-01 2.207798388553783298e-09 4.064218295241062151e-09 3.025598402928153519e-07 2.404183518933677988e-09 9.811936152459566074e-09
9.962185025215148926e-01 2.207509508522775832e-09 4.109799611740072578e-09 2.896808837249409407e-07 2.434455748101527206e-09 9.880547047202981048e-09
9.959909319877624512e-01 2.323564229911312395e-09 4.275718890056623422e-09 3.048880898859351873e-07 2.543766974838490569e-09 1.018012518727573479e-08
9.961993098258972168e-01 2.248816466376979406e-09 4.165452427429272575e-09 2.950434350168507081e-07 2.533819376537849166e-09 1.022994844390723301e-08
9.962570667266845703e-01 2.015308586678088432e-09 3.858239949749986408e-09 2.740725619787554024e-07 2.342454452630704509e-09 9.569055769986789528e-09
9.961200952529907227e-01 2.210273741809487547e-09 4.176361478869239363e-09 2.955460161047085421e-07 2.561811651702328163e-09 1.022429696462268112e-08
9.962565898895263672e-01 2.125331466373836520e-09 3.971732720486897961e-09 2.788156621136295144e-07 2.412646971095000481e-09 9.806425005365326797e-09
9.962194561958312988e-01 2.094547202347030179e-09 4.058043234778097030e-09 2.865928081519086845e-07 2.443035551635830416e-09 9.798934996751995641e-09
9.961800575256347656e-01 2.109225460955599374e-09 4.191887725824017252e-09 2.964665952731593279e-07 2.490561090695564417e-09 9.978760928675001196e-09
9.960474371910095215e-01 1.987809028491938079e-09 3.880459509275624441e-09 2.870164905743877171e-07 2.387988473628865904e-09 9.450083382489538053e-09
9.962388277053833008e-01 1.915744451963519168e-09 3.821112759538891623e-09 2.792617692648491357e-07 2.309943125666791275e-09 9.151245095040394517e-09
9.960237741470336914e-01 2.042642721633569636e-09 4.107680862119877929e-09 3.020555254806822632e-07 2.503447671386993534e-09 9.801590650226899015e-09
9.962173104286193848e-01 1.952782824332643941e-09 3.974826690011923347e-09 2.908015517277817708e-07 2.404723531412855664e-09 9.432857162039454124e-09
9.962187409400939941e-01 1.927849435645612175e-09 3.944788495857665112e-09 2.846138045242696535e-07 2.400854404172036993e-09 9.345727747245291539e-09
9.961557984352111816e-01 1.991858900041165725e-09 4.021325938907693853e-09 2.873174764772556955e-07 2.502905660506371532e-09 9.530434219584549282e-09
9.962324500083923340e-01 2.017151112809756341e-09 4.173232870385845672e-09 2.862439032469410449e-07 2.547370314687213977e-09 9.709018478076814063e-09
9.960966706275939941e-01 2.000730026097130576e-09 4.109242723870920599e-09 2.905949827436415944e-07 2.595228032475915825e-09 9.549629531591108389e-09
9.963058233261108398e-01 1.933697202360917800e-09 3.963596117984025113e-09 2.819015776367450599e-07 2.475109672772646263e-09 9.249924382004337531e-09
9.962620139122009277e-01 1.783560632517833255e-09 3.636770440351710931e-09 2.598743265025404980e-07 2.290032163898558792e-09 8.460245837227375887e-09
9.963684082031250000e-01 1.755058431918143924e-09 3.682286031647663549e-09 2.641789933477411978e-07 2.287884104390514040e-09 8.566701126255793497e-09
9.964509010314941406e-01 1.872196842001017103e-09 3.834850659245603310e-09 2.700232073493680218e-07 2.436854273923927394e-09 8.848190624632934487e-09
9.965088963508605957e-01 1.819379535916709756e-09 3.734413667189073749e-09 2.597427055661682971e-07 2.371909335607824687e-09 8.648822102941267076e-09
9.964905381202697754e-01 1.672550542508588478e-09 3.484179611490390016e-09 2.493364945621578954e-07 2.260907017159752286e-09 8.313547184002345602e-09
9.966919422149658203e-01 1.640913738221172480e-09 3.453658026231209988e-09 2.365621725175515166e-07 2.226177464592637989e-09 8.061039835638439399e-09
9.964365959167480469e-01 1.773491797862902786e-09 3.631792200309291729e-09 2.484293872839771211e-07 2.346753902315867890e-09 8.306693111137519736e-09
9.965554475784301758e-01 1.694669737872800397e-09 3.456090746922768631e-09 2.319601861699993606e-07 2.294033851768517707e-09 8.253904226762642793e-09
9.965920448303222656e-01 1.632782242744212908e-09 3.466801290485932441e-09 2.326834476207295666e-07 2.319921366122912332e-09 8.148525409978901735e-09
