4.385974679049857959e-04
5.296591263933029745e-04
1.989511316869014279e-01
4.620150515032589444e-01
3.109460269678235855e-01
4.205696258301676038e-01
5.895969706750008310e-01
8.035981677341316187e-01
1.103111446765488557e+00
1.195852780751253785e+00
1.283786116488438767e+00
1.240912611217772854e+00
1.235894460294380437e+00
1.211224232240384557e+00
1.214475625939742010e+00
1.178422054262305396e+00
1.236078067368163724e+00
1.221954406602952847e+00
1.199205195210082175e+00
1.221935087304426126e+00
1.268228919529886145e+00
1.266028289204589763e+00
1.315158887588891767e+00
1.350971115510307019e+00
1.376279839006828709e+00
1.351196900594614059e+00
1.373364394636048313e+00
1.363788069064870045e+00
1.370114770643426239e+00
1.365696402827725864e+00
1.344939807480977967e+00
1.346719100127721225e+00
1.346393474088433351e+00
1.342182899338564717e+00
1.315646589270017319e+00
1.313527070503420324e+00
1.275372930669010252e+00
1.263643609378826360e+00
1.246209785903091394e+00
1.221135990975675378e+00
1.183446177945929323e+00
1.192102403490333584e+00
1.170013882611960376e+00
1.179937808081056083e+00
1.133968864517077568e+00
1.112401448534457993e+00
1.110848235923144189e+00
1.089761737745831516e+00
1.068469584898325664e+00
1.045402858622036968e+00
1.005984042111941479e+00
9.870137445010971344e-01
9.570714863449797383e-01
9.460044778004669253e-01
9.021041739344466404e-01
8.994453370402790693e-01
8.953810580471920355e-01
8.482312039263303349e-01
8.555022652614899803e-01
8.345597769697591373e-01
7.961822116600225652e-01
8.039414171029914957e-01
7.729537046930189392e-01
7.751004327006705275e-01
7.530562282284594122e-01
7.377312315411291843e-01
7.052200228454391651e-01
7.198310903406530681e-01
6.863534005541689353e-01
6.799854795562372267e-01
6.792778918132554855e-01
6.517419186526278718e-01
6.547532958760154953e-01
6.690700021509310425e-01
6.665591569824995677e-01
6.415515048443141133e-01
6.297052354340415548e-01
6.148577646141091257e-01
6.003425562337219024e-01
5.827845952042864930e-01
5.713191814309981353e-01
5.753965488801480177e-01
5.368440406858527858e-01
5.331287994774055461e-01
5.173851934094056970e-01
4.829374093808762036e-01
4.752384477046866507e-01
4.500433909970151802e-01
3.708535494676168942e-01
2.839273612072467645e-01
5.090790379785701258e-01
4.880167995310867313e-01
4.385229688393724734e-01
3.882675374803608581e-01
3.400335905085908328e-01
3.354308782413008561e-01
3.775963533423013496e-01
4.511488678043079070e-01
5.069758889992743711e-01
4.977962358190265446e-01
6.075823896187823037e-01
