1.396613661199808121e-03 1.396613661199808121e-03 1.830126566346734762e-04 2.539742505177855492e-03 1.501832011854276061e-04 2.619924023747444153e-03
2.704069577157497406e-02 2.704069577157497406e-02 8.042591070989146829e-05 9.406813769601285458e-04 2.155304682673886418e-04 5.957838729955255985e-04
9.133548140525817871e-01 9.133548140525817871e-01 1.001972304948139936e-05 6.992152520979288965e-06 6.372504867613315582e-05 2.761446739896200597e-05
9.999374151229858398e-01 9.999374151229858398e-01 8.862868772219201219e-10 3.006074722478047079e-09 7.651911992923032813e-09 4.861467672867547662e-09
9.999948740005493164e-01 9.999948740005493164e-01 9.440118825532195501e-12 3.576239304692307996e-11 3.617028898617036248e-11 1.226733020720516265e-10
9.999970197677612305e-01 9.999970197677612305e-01 1.269176170409780369e-11 1.590435561027447875e-10 6.164333626879070493e-11 3.639224199769586221e-10
9.999935626983642578e-01 9.999935626983642578e-01 1.679197891846229140e-10 2.234668228240366261e-09 6.168019428542947935e-10 2.132481746741632378e-09
9.999943971633911133e-01 9.999943971633911133e-01 4.312986634502635752e-10 4.031073697063902728e-09 1.409404926100421562e-09 3.118568958626610765e-09
9.999939203262329102e-01 9.999939203262329102e-01 1.028157115001704369e-09 8.126294304133807600e-09 2.710709434694535958e-09 6.055038692664993505e-09
9.999930858612060547e-01 9.999930858612060547e-01 2.498940387951620323e-09 1.388106340982631082e-08 5.683254311605878684e-09 8.238812299055098265e-09
9.999960660934448242e-01 9.999960660934448242e-01 3.040574014789854118e-09 1.156674844793315060e-08 4.857526381130128357e-09 5.586874518570539294e-09
9.999967813491821289e-01 9.999967813491821289e-01 4.152449051275652891e-09 1.353622458566405840e-08 5.314143347590061239e-09 6.370322491733304560e-09
9.999967813491821289e-01 9.999967813491821289e-01 5.761289667560731687e-09 1.536414195868474053e-08 5.621939802580300238e-09 7.147279657004901310e-09
9.999972581863403320e-01 9.999972581863403320e-01 9.086756236342807824e-09 1.818582973101001699e-08 7.334045815099443644e-09 8.334929191278206417e-09
9.999978542327880859e-01 9.999978542327880859e-01 1.278526173820182521e-08 1.808135330350069125e-08 8.344590796127704380e-09 7.767516407852781413e-09
9.999978542327880859e-01 9.999978542327880859e-01 1.711692654282614967e-08 1.907063307271528174e-08 1.074833733127888991e-08 9.239756515455610497e-09
9.999973773956298828e-01 9.999973773956298828e-01 2.843341739833249449e-08 2.584481428868912190e-08 1.587940090530537418e-08 1.431525742390249434e-08
9.999972581863403320e-01 9.999972581863403320e-01 3.553041594273054216e-08 3.079349752965754305e-08 1.898765233931953844e-08 1.820446726696900441e-08
9.999971389770507812e-01 9.999971389770507812e-01 4.575859691158257192e-08 4.107003448439172644e-08 2.414848054854701331e-08 2.218924421981682826e-08
9.999974966049194336e-01 9.999974966049194336e-01 3.731370057380445360e-08 4.166488665191536711e-08 2.222610362423438346e-08 2.055292291913701774e-08
9.999973773956298828e-01 9.999973773956298828e-01 3.966586348269629525e-08 4.977263756700267550e-08 2.593572645537278731e-08 2.560048528721381444e-08
9.999967813491821289e-01 9.999967813491821289e-01 5.228007537994017184e-08 7.212537411760422401e-08 3.476995047435593733e-08 3.515499003015065682e-08
9.999963045120239258e-01 9.999963045120239258e-01 6.917412775919729029e-08 1.078611333582557563e-07 4.902084427271802269e-08 4.883038329239752784e-08
9.999959468841552734e-01 9.999959468841552734e-01 8.642106053002862609e-08 1.373191764741932275e-07 6.334565227916755248e-08 6.511308470180665608e-08
9.999955892562866211e-01 9.999955892562866211e-01 1.100717454960431496e-07 1.654940007256300305e-07 7.917018507441753172e-08 7.833592263750688289e-08
9.999946355819702148e-01 9.999946355819702148e-01 1.485365714870567899e-07 2.157335359243006678e-07 1.076751416917431925e-07 1.226271422183344839e-07
9.999930858612060547e-01 9.999930858612060547e-01 1.981409241125220433e-07 2.829945344728912460e-07 1.460785057361135841e-07 1.693771309874136932e-07
9.999921321868896484e-01 9.999921321868896484e-01 2.331504447283805348e-07 3.400332388991955668e-07 1.782243970183117199e-07 2.046836158342557610e-07
9.999916553497314453e-01 9.999916553497314453e-01 2.615007588246953674e-07 3.927362683953106171e-07 2.017721101310598897e-07 2.415034145997196902e-07
9.999902248382568359e-01 9.999902248382568359e-01 3.315762455713411327e-07 4.506014477101416560e-07 2.528011577851430047e-07 2.793065334572020220e-07
9.999885559082031250e-01 9.999885559082031250e-01 4.367454948805971071e-07 6.081796186663268600e-07 3.319794075196114136e-07 3.823695351456990466e-07
9.999874830245971680e-01 9.999874830245971680e-01 5.177688535695779137e-07 7.055645028231083415e-07 4.000519311375683174e-07 4.463421134914824506e-07
9.999870061874389648e-01 9.999870061874389648e-01 5.660518240802048240e-07 7.536651196460297797e-07 4.198015517431485932e-07 4.772779220729717053e-07
9.999860525131225586e-01 9.999860525131225586e-01 6.415522761926695239e-07 8.257073886852595024e-07 4.719582022971735569e-07 5.355852863431209698e-07
9.999839067459106445e-01 9.999839067459106445e-01 7.437834597112669144e-07 9.480078801971103530e-07 5.463392085403029341e-07 6.447654641306144185e-07
9.999837875366210938e-01 9.999837875366210938e-01 7.594331918880925514e-07 1.005255057862086687e-06 5.666764764100662433e-07 6.538574552905629389e-07
9.999829530715942383e-01 9.999829530715942383e-01 7.790227982695796527e-07 1.122912522077967878e-06 5.660678539243235718e-07 7.016801646386738867e-07
9.999845027923583984e-01 9.999845027923583984e-01 7.314374670386314392e-07 9.468320172345556784e-07 5.260083071334520355e-07 6.643966798947076313e-07
9.999821186065673828e-01 9.999821186065673828e-01 8.787714591562689748e-07 1.054254198606940918e-06 5.910672484787937719e-07 8.056580895754450466e-07
9.999830722808837891e-01 9.999830722808837891e-01 8.428316391473344993e-07 1.035149580275174230e-06 5.423787570180138573e-07 7.911443162811337970e-07
9.999823570251464844e-01 9.999823570251464844e-01 8.807012932265934069e-07 1.053051732924359385e-06 5.708990897801413666e-07 8.368920134671498090e-07
9.999817609786987305e-01 9.999817609786987305e-01 9.070554938261921052e-07 1.058780867424502503e-06 5.896538937122386415e-07 8.591711662120360415e-07
9.999814033508300781e-01 9.999814033508300781e-01 9.384364147990709171e-07 1.080228457794873975e-06 5.996195113766589202e-07 9.110951850743731484e-07
9.999812841415405273e-01 9.999812841415405273e-01 8.965559459284122568e-07 1.105979208659846336e-06 5.900642463529948145e-07 9.340041629002371337e-07
9.999800920486450195e-01 9.999800920486450195e-01 1.011247377391555347e-06 1.169910206044733059e-06 6.271676511460100301e-07 9.921071750795817934e-07
9.999787807464599609e-01 9.999787807464599609e-01 1.120667548093479127e-06 1.254090307156729978e-06 6.870694733152049594e-07 1.114389192480302881e-06
9.999778270721435547e-01 9.999778270721435547e-01 1.126478423429944087e-06 1.264472416551143397e-06 7.114983873179880902e-07 1.179660330308252014e-06
9.999778270721435547e-01 9.999778270721435547e-01 1.163499860012962017e-06 1.334260673502285499e-06 7.167034254962345585e-07 1.156124540102609899e-06
9.999769926071166992e-01 9.999769926071166992e-01 1.166063725577259902e-06 1.373775376123376191e-06 7.558875267932307906e-07 1.223071194544900209e-06
9.999774694442749023e-01 9.999774694442749023e-01 1.257684175470785704e-06 1.408015691595210228e-06 7.454275987583969254e-07 1.220024387293960899e-06
9.999759197235107422e-01 9.999759197235107422e-01 1.328216285401140340e-06 1.481776052969507873e-06 8.133583264680055436e-07 1.341381221209303476e-06
9.999772310256958008e-01 9.999772310256958008e-01 1.285984808419016190e-06 1.472087546972034033e-06 7.718437018411350437e-07 1.221098386849917006e-06
9.999781847000122070e-01 9.999781847000122070e-01 1.225236019308795221e-06 1.374891098748776130e-06 7.084802291501546279e-07 1.157971041720884386e-06
9.999785423278808594e-01 9.999785423278808594e-01 1.229260305990464985e-06 1.405618263561336789e-06 7.207624435068282764e-07 1.120346723837428726e-06
9.999765157699584961e-01 9.999765157699584961e-01 1.335129582002991810e-06 1.532863393549632747e-06 7.756270861136727035e-07 1.228047381118813064e-06
9.999752044677734375e-01 9.999752044677734375e-01 1.423145931767066941e-06 1.643971472731209360e-06 8.192556038011389319e-07 1.306223566643893719e-06
9.999749660491943359e-01 9.999749660491943359e-01 1.434623300156090409e-06 1.681076810200465843e-06 8.227772809732414316e-07 1.340428411822358612e-06
9.999744892120361328e-01 9.999744892120361328e-01 1.461084593756822869e-06 1.715529037937812973e-06 8.327168643518234603e-07 1.354523419649922289e-06
9.999735355377197266e-01 9.999735355377197266e-01 1.551238369756902102e-06 1.762453280207409989e-06 8.766261316850432195e-07 1.443559881408873480e-06
9.999724626541137695e-01 9.999724626541137695e-01 1.670658434704819229e-06 1.843351697061734740e-06 9.236905498255509883e-07 1.515121766715310514e-06
9.999728202819824219e-01 9.999728202819824219e-01 1.601007056706293952e-06 1.820601937652099878e-06 8.919881793190143071e-07 1.505157683823199477e-06
9.999732971191406250e-01 9.999732971191406250e-01 1.588891109349788167e-06 1.775805003489949740e-06 8.805773745734768454e-07 1.460586986468115356e-06
9.999718666076660156e-01 9.999718666076660156e-01 1.722670958770322613e-06 1.822067929424520116e-06 9.353797167932498269e-07 1.589144972058420535e-06
9.999713897705078125e-01 9.999713897705078125e-01 1.655926894272852223e-06 1.857052779996593017e-06 9.339112239103997126e-07 1.628897507544024847e-06
9.999711513519287109e-01 9.999711513519287109e-01 1.716032329568406567e-06 1.886940708573092707e-06 9.588641205482417718e-07 1.645078441470104735e-06
9.999692440032958984e-01 9.999692440032958984e-01 1.815376776903576683e-06 1.986990582736325450e-06 9.949445711754378863e-07 1.785606627890956588e-06
9.999713897705078125e-01 9.999713897705078125e-01 1.684946937530185096e-06 1.787141968634387013e-06 9.496410484644002281e-07 1.641868834667548072e-06
9.999711513519287109e-01 9.999711513519287109e-01 1.737787670208490454e-06 1.886084305624535773e-06 9.569246230967110023e-07 1.662352133280364797e-06
9.999688863754272461e-01 9.999688863754272461e-01 1.861594682850409299e-06 1.960397867151186801e-06 1.007617356663104147e-06 1.862613885350583587e-06
9.999675750732421875e-01 9.999675750732421875e-01 2.041285824816441163e-06 2.029584720730781555e-06 1.079538947124092374e-06 1.943375991686480120e-06
9.999688863754272461e-01 9.999688863754272461e-01 1.867775949904171284e-06 1.872934376478951890e-06 1.041744326357729733e-06 1.853419348663010169e-06
9.999663829803466797e-01 9.999663829803466797e-01 2.023276465479284525e-06 2.111420144501607865e-06 1.090026671590749174e-06 2.053569005511235446e-06
9.999674558639526367e-01 9.999674558639526367e-01 1.983624542845063843e-06 2.003973349928855896e-06 1.069563836608722340e-06 1.929004383782739751e-06
9.999655485153198242e-01 9.999655485153198242e-01 2.106790134348557331e-06 2.162427335861138999e-06 1.135492311732377857e-06 2.132803729182342067e-06
9.999641180038452148e-01 9.999641180038452148e-01 2.181942363677080721e-06 2.159353471142821945e-06 1.179107584903249517e-06 2.233314944533049129e-06
9.999650716781616211e-01 9.999650716781616211e-01 2.178285058107576333e-06 2.067242348857689649e-06 1.155641257355455309e-06 2.175505414925282821e-06
9.999659061431884766e-01 9.999659061431884766e-01 2.128362893927260302e-06 2.054322067124303430e-06 1.147946591117943171e-06 2.040881554421503097e-06
9.999644756317138672e-01 9.999644756317138672e-01 2.333690190425841138e-06 2.172711219827760942e-06 1.191416345136531163e-06 2.171932237615692429e-06
9.999648332595825195e-01 9.999648332595825195e-01 2.344879021620727144e-06 2.168600758523098193e-06 1.176374553324421868e-06 2.152022034351830371e-06
9.999655485153198242e-01 9.999655485153198242e-01 2.252532794955186546e-06 2.118338215950643644e-06 1.161797968052269425e-06 2.125181708834134042e-06
9.999637603759765625e-01 9.999637603759765625e-01 2.374366658841609024e-06 2.214109144915710203e-06 1.219631826643308159e-06 2.285006985403015278e-06
9.999653100967407227e-01 9.999653100967407227e-01 2.309631781827192754e-06 2.135106797140906565e-06 1.182408368549658917e-06 2.193371528846910223e-06
9.999647140502929688e-01 9.999647140502929688e-01 2.263688202219782397e-06 2.166977537854108959e-06 1.176511432277038693e-06 2.280700755363795906e-06
9.999645948410034180e-01 9.999645948410034180e-01 2.288428504471085034e-06 2.205369810326374136e-06 1.196559878735570237e-06 2.259165285067865625e-06
9.999642372131347656e-01 9.999642372131347656e-01 2.361970928177470341e-06 2.216544089606031775e-06 1.206790898322651628e-06 2.269770220664213412e-06
9.999634027481079102e-01 9.999634027481079102e-01 2.384752178841154091e-06 2.207193347203428857e-06 1.218291117766057141e-06 2.366487251492799260e-06
9.999642372131347656e-01 9.999642372131347656e-01 2.338316789973760024e-06 2.187981181123177521e-06 1.193559796774934512e-06 2.265103830723091960e-06
9.999649524688720703e-01 9.999649524688720703e-01 2.346351266169222072e-06 2.141887307516299188e-06 1.154961296379042324e-06 2.279894488310674205e-06
9.999636411666870117e-01 9.999636411666870117e-01 2.297444325449760072e-06 2.264333488710690290e-06 1.170262635241670068e-06 2.374943505856208503e-06
9.999620914459228516e-01 9.999620914459228516e-01 2.442014420012128539e-06 2.313795221198233776e-06 1.229968347615795210e-06 2.515945197956170887e-06
9.999635219573974609e-01 9.999635219573974609e-01 2.294689238624414429e-06 2.296915909028030001e-06 1.174375597656762693e-06 2.392233000136911869e-06
9.999628067016601562e-01 9.999628067016601562e-01 2.442128106849850155e-06 2.298731033079093322e-06 1.192468062072293833e-06 2.456137281114934012e-06
9.999651908874511719e-01 9.999651908874511719e-01 2.260908331663813442e-06 2.075254315059282817e-06 1.140986796599463560e-06 2.271675839438103139e-06
9.999649524688720703e-01 9.999649524688720703e-01 2.273279278597328812e-06 2.137640649380045943e-06 1.122618186855106615e-06 2.309635192432324402e-06
9.999635219573974609e-01 9.999635219573974609e-01 2.382558932367828675e-06 2.148740122720482759e-06 1.174552494376257528e-06 2.412382400507340208e-06
9.999620914459228516e-01 9.999620914459228516e-01 2.439195668557658792e-06 2.299334482813719660e-06 1.204410637001274154e-06 2.623021600811625831e-06
9.999631643295288086e-01 9.999631643295288086e-01 2.471293100825278088e-06 2.266886440338566899e-06 1.164727336799842305e-06 2.482001946191303432e-06
9.999626874923706055e-01 9.999626874923706055e-01 2.472001142450608313e-06 2.285135224155965261e-06 1.180080175799957942e-06 2.456657057336997241e-06
9.999630451202392578e-01 9.999630451202392578e-01 2.528484174035838805e-06 2.252505737487808801e-06 1.162844796454010066e-06 2.456672063999576494e-06
9.999593496322631836e-01 9.999593496322631836e-01 2.781245484584360383e-06 2.463250439177500084e-06 1.302271130043664016e-06 2.780078602881985717e-06
9.999608993530273438e-01 9.999608993530273438e-01 2.671749598448514007e-06 2.390639338045730256e-06 1.259165856026811525e-06 2.637876605149358511e-06
