7.350000000000000000e+02 1.800000000000000000e+01 7.410000000000000000e+02 6.110000000000000000e+02 5.910000000000000000e+02
7.730000000000000000e+02 4.410000000000000000e+02 8.550000000000000000e+02 4.950000000000000000e+02 6.480000000000000000e+02
7.730000000000000000e+02 6.260000000000000000e+02 6.310000000000000000e+02 9.010000000000000000e+02 7.200000000000000000e+02
6.260000000000000000e+02 7.470000000000000000e+02 6.310000000000000000e+02 7.200000000000000000e+02 7.730000000000000000e+02
6.260000000000000000e+02 7.600000000000000000e+02 8.040000000000000000e+02 5.030000000000000000e+02 4.460000000000000000e+02
7.600000000000000000e+02 6.260000000000000000e+02 8.040000000000000000e+02 5.030000000000000000e+02 4.730000000000000000e+02
7.600000000000000000e+02 6.260000000000000000e+02 8.040000000000000000e+02 4.800000000000000000e+02 5.030000000000000000e+02
7.600000000000000000e+02 4.800000000000000000e+02 6.260000000000000000e+02 6.510000000000000000e+02 7.130000000000000000e+02
7.600000000000000000e+02 4.800000000000000000e+02 6.510000000000000000e+02 7.130000000000000000e+02 6.260000000000000000e+02
7.600000000000000000e+02 4.800000000000000000e+02 6.510000000000000000e+02 7.130000000000000000e+02 6.260000000000000000e+02
7.600000000000000000e+02 4.800000000000000000e+02 7.130000000000000000e+02 6.510000000000000000e+02 6.260000000000000000e+02
7.600000000000000000e+02 4.800000000000000000e+02 7.130000000000000000e+02 6.510000000000000000e+02 6.260000000000000000e+02
7.600000000000000000e+02 4.800000000000000000e+02 7.130000000000000000e+02 6.510000000000000000e+02 5.500000000000000000e+02
7.600000000000000000e+02 4.800000000000000000e+02 7.130000000000000000e+02 6.510000000000000000e+02 5.500000000000000000e+02
7.600000000000000000e+02 4.800000000000000000e+02 7.130000000000000000e+02 6.510000000000000000e+02 5.500000000000000000e+02
7.600000000000000000e+02 4.800000000000000000e+02 7.130000000000000000e+02 6.510000000000000000e+02 5.500000000000000000e+02
7.600000000000000000e+02 4.800000000000000000e+02 7.130000000000000000e+02 6.510000000000000000e+02 5.500000000000000000e+02
7.600000000000000000e+02 4.800000000000000000e+02 7.130000000000000000e+02 6.510000000000000000e+02 5.500000000000000000e+02
7.600000000000000000e+02 4.800000000000000000e+02 7.130000000000000000e+02 6.510000000000000000e+02 5.500000000000000000e+02
7.600000000000000000e+02 4.800000000000000000e+02 7.130000000000000000e+02 6.510000000000000000e+02 5.500000000000000000e+02
7.600000000000000000e+02 4.800000000000000000e+02 7.130000000000000000e+02 6.510000000000000000e+02 5.500000000000000000e+02
7.600000000000000000e+02 4.800000000000000000e+02 7.130000000000000000e+02 5.500000000000000000e+02 6.510000000000000000e+02
7.600000000000000000e+02 4.800000000000000000e+02 7.130000000000000000e+02 5.500000000000000000e+02 6.510000000000000000e+02
7.600000000000000000e+02 4.800000000000000000e+02 7.130000000000000000e+02 5.500000000000000000e+02 6.510000000000000000e+02
7.600000000000000000e+02 4.800000000000000000e+02 7.130000000000000000e+02 5.500000000000000000e+02 6.510000000000000000e+02
7.600000000000000000e+02 4.800000000000000000e+02 7.130000000000000000e+02 5.500000000000000000e+02 6.510000000000000000e+02
7.600000000000000000e+02 4.800000000000000000e+02 7.130000000000000000e+02 5.500000000000000000e+02 6.510000000000000000e+02
7.600000000000000000e+02 4.800000000000000000e+02 7.130000000000000000e+02 5.500000000000000000e+02 6.510000000000000000e+02
7.600000000000000000e+02 4.800000000000000000e+02 7.130000000000000000e+02 5.500000000000000000e+02 6.510000000000000000e+02
7.600000000000000000e+02 4.800000000000000000e+02 7.130000000000000000e+02 5.500000000000000000e+02 6.510000000000000000e+02
7.600000000000000000e+02 4.800000000000000000e+02 7.130000000000000000e+02 5.500000000000000000e+02 6.510000000000000000e+02
7.600000000000000000e+02 4.800000000000000000e+02 7.130000000000000000e+02 5.500000000000000000e+02 6.510000000000000000e+02
7.600000000000000000e+02 4.800000000000000000e+02 7.130000000000000000e+02 5.500000000000000000e+02 6.510000000000000000e+02
7.600000000000000000e+02 4.800000000000000000e+02 7.130000000000000000e+02 5.500000000000000000e+02 6.510000000000000000e+02
7.600000000000000000e+02 4.800000000000000000e+02 7.130000000000000000e+02 5.500000000000000000e+02 6.510000000000000000e+02
7.600000000000000000e+02 4.800000000000000000e+02 7.130000000000000000e+02 5.500000000000000000e+02 6.510000000000000000e+02
7.600000000000000000e+02 4.800000000000000000e+02 7.130000000000000000e+02 5.500000000000000000e+02 6.510000000000000000e+02
7.600000000000000000e+02 4.800000000000000000e+02 7.130000000000000000e+02 5.500000000000000000e+02 6.510000000000000000e+02
7.600000000000000000e+02 4.800000000000000000e+02 7.130000000000000000e+02 5.500000000000000000e+02 6.510000000000000000e+02
7.600000000000000000e+02 4.800000000000000000e+02 7.130000000000000000e+02 5.500000000000000000e+02 6.510000000000000000e+02
7.600000000000000000e+02 4.800000000000000000e+02 7.130000000000000000e+02 5.500000000000000000e+02 6.510000000000000000e+02
7.600000000000000000e+02 4.800000000000000000e+02 7.130000000000000000e+02 5.500000000000000000e+02 6.510000000000000000e+02
7.600000000000000000e+02 4.800000000000000000e+02 7.130000000000000000e+02 5.500000000000000000e+02 6.510000000000000000e+02
7.600000000000000000e+02 4.800000000000000000e+02 7.130000000000000000e+02 5.500000000000000000e+02 6.510000000000000000e+02
7.600000000000000000e+02 4.800000000000000000e+02 7.130000000000000000e+02 5.500000000000000000e+02 6.510000000000000000e+02
7.600000000000000000e+02 4.800000000000000000e+02 7.130000000000000000e+02 5.500000000000000000e+02 6.510000000000000000e+02
7.600000000000000000e+02 4.800000000000000000e+02 7.130000000000000000e+02 5.500000000000000000e+02 6.510000000000000000e+02
7.600000000000000000e+02 4.800000000000000000e+02 7.130000000000000000e+02 5.500000000000000000e+02 6.510000000000000000e+02
7.600000000000000000e+02 4.800000000000000000e+02 7.130000000000000000e+02 5.500000000000000000e+02 6.510000000000000000e+02
7.600000000000000000e+02 4.800000000000000000e+02 7.130000000000000000e+02 5.500000000000000000e+02 6.510000000000000000e+02
7.600000000000000000e+02 4.800000000000000000e+02 7.130000000000000000e+02 5.500000000000000000e+02 6.510000000000000000e+02
