5.840387311764061451e-04 3.984836221206933260e-04 5.840387311764061451e-04 9.584694053046405315e-04 1.116048078984022141e-03 1.708513940684497356e-03
6.286622374318540096e-04 1.690537465037778020e-04 6.286622374318540096e-04 2.416745410300791264e-04 1.184360517072491348e-04 5.315899034030735493e-04
2.730663418769836426e-01 4.198688257019966841e-04 2.730663418769836426e-01 4.985738079994916916e-03 5.192256066948175430e-04 5.522465333342552185e-03
1.152681708335876465e-01 2.239053865196183324e-04 1.152681708335876465e-01 3.649244550615549088e-03 1.872497086878865957e-04 3.370726481080055237e-03
2.064529210329055786e-01 3.382455615792423487e-04 2.064529210329055786e-01 4.522666335105895996e-03 2.703382924664765596e-04 3.494812408462166786e-03
4.623171985149383545e-01 1.301567303016781807e-03 4.623171985149383545e-01 9.375981986522674561e-03 1.001072698272764683e-03 7.066915277391672134e-03
7.234477400779724121e-01 2.396075520664453506e-03 7.234477400779724121e-01 1.343281008303165436e-02 2.030283212661743164e-03 9.069084189832210541e-03
8.449267745018005371e-01 3.143167588859796524e-03 8.449267745018005371e-01 1.470696087926626205e-02 2.660333411768078804e-03 9.929281659424304962e-03
8.920309543609619141e-01 3.986301831901073456e-03 8.920309543609619141e-01 1.577799580991268158e-02 3.087212797254323959e-03 1.042047701776027679e-02
9.178952574729919434e-01 4.181043710559606552e-03 9.178952574729919434e-01 1.519285142421722412e-02 3.160296939313411713e-03 9.938045404851436615e-03
9.330267310142517090e-01 4.257793072611093521e-03 9.330267310142517090e-01 1.436647586524486542e-02 3.348424332216382027e-03 8.881622925400733948e-03
9.312772154808044434e-01 4.541942849755287170e-03 9.312772154808044434e-01 1.674838364124298096e-02 3.546101041138172150e-03 1.063536666333675385e-02
9.283237457275390625e-01 4.558250773698091507e-03 9.283237457275390625e-01 1.885217241942882538e-02 3.658290719613432884e-03 1.184855587780475616e-02
9.255669116973876953e-01 4.460319411009550095e-03 9.255669116973876953e-01 2.010439708828926086e-02 3.871738910675048828e-03 1.307653076946735382e-02
9.243407845497131348e-01 4.669634159654378891e-03 9.243407845497131348e-01 2.014998532831668854e-02 4.080617334693670273e-03 1.369590777903795242e-02
9.207443594932556152e-01 5.168543662875890732e-03 9.207443594932556152e-01 2.143380790948867798e-02 4.444842692464590073e-03 1.535038556903600693e-02
9.232164621353149414e-01 5.315791815519332886e-03 9.232164621353149414e-01 2.069863118231296539e-02 4.541398957371711731e-03 1.495250500738620758e-02
9.166517257690429688e-01 6.050544325262308121e-03 9.166517257690429688e-01 2.198343724012374878e-02 4.947969689965248108e-03 1.627369597554206848e-02
9.064673185348510742e-01 7.296586874872446060e-03 9.064673185348510742e-01 2.438926883041858673e-02 5.729827564209699631e-03 1.877011731266975403e-02
9.015974402427673340e-01 7.720321882516145706e-03 9.015974402427673340e-01 2.648933976888656616e-02 6.290636025369167328e-03 2.048052474856376648e-02
9.015656709671020508e-01 7.630916777998209000e-03 9.015656709671020508e-01 2.629500813782215118e-02 6.459817290306091309e-03 2.114276215434074402e-02
8.981593251228332520e-01 8.180976845324039459e-03 8.981593251228332520e-01 2.791983261704444885e-02 6.902363616973161697e-03 2.270139195024967194e-02
9.018184542655944824e-01 8.239381015300750732e-03 9.018184542655944824e-01 2.597314864397048950e-02 7.073959801346063614e-03 2.150499634444713593e-02
9.002587199211120605e-01 8.597697131335735321e-03 9.002587199211120605e-01 2.670799382030963898e-02 7.574737537652254105e-03 2.200071886181831360e-02
9.005318284034729004e-01 8.506433106958866119e-03 9.005318284034729004e-01 2.715006656944751740e-02 7.680093403905630112e-03 2.233851142227649689e-02
9.000092148780822754e-01 8.911862969398498535e-03 9.000092148780822754e-01 2.707400731742382050e-02 8.124254643917083740e-03 2.211843244731426239e-02
8.935961723327636719e-01 9.234297089278697968e-03 8.935961723327636719e-01 2.865739911794662476e-02 8.634376339614391327e-03 2.345681563019752502e-02
8.976016640663146973e-01 9.137867949903011322e-03 8.976016640663146973e-01 2.771724388003349304e-02 8.940800093114376068e-03 2.222818695008754730e-02
8.907417654991149902e-01 9.596511721611022949e-03 8.907417654991149902e-01 2.955663204193115234e-02 9.986428543925285339e-03 2.345688827335834503e-02
8.945720791816711426e-01 9.378351271152496338e-03 8.945720791816711426e-01 2.843697555363178253e-02 9.563834406435489655e-03 2.226611785590648651e-02
8.998248577117919922e-01 8.846577256917953491e-03 8.998248577117919922e-01 2.812197990715503693e-02 9.224778041243553162e-03 2.138491533696651459e-02
8.939661383628845215e-01 9.194463491439819336e-03 8.939661383628845215e-01 3.010708652436733246e-02 9.697156026959419250e-03 2.283693104982376099e-02
8.884861469268798828e-01 9.664330631494522095e-03 8.884861469268798828e-01 3.151161596179008484e-02 1.028268318623304367e-02 2.371099777519702911e-02
8.854013085365295410e-01 9.966641664505004883e-03 8.854013085365295410e-01 3.259436041116714478e-02 1.115611661225557327e-02 2.381213381886482239e-02
8.848042488098144531e-01 1.004160940647125244e-02 8.848042488098144531e-01 3.290454298257827759e-02 1.156729273498058319e-02 2.391355670988559723e-02
8.780316114425659180e-01 1.082041673362255096e-02 8.780316114425659180e-01 3.453540056943893433e-02 1.227506063878536224e-02 2.509991452097892761e-02
8.782659769058227539e-01 1.063078921288251877e-02 8.782659769058227539e-01 3.481884300708770752e-02 1.236524619162082672e-02 2.540811151266098022e-02
8.760205507278442383e-01 1.091044675558805466e-02 8.760205507278442383e-01 3.541554883122444153e-02 1.308895274996757507e-02 2.542259730398654938e-02
8.736447691917419434e-01 1.094366237521171570e-02 8.736447691917419434e-01 3.633004054427146912e-02 1.344117987900972366e-02 2.585257217288017273e-02
8.758571743965148926e-01 1.085590012371540070e-02 8.758571743965148926e-01 3.581202030181884766e-02 1.312583498656749725e-02 2.531164139509201050e-02
8.734849691390991211e-01 1.090504322201013565e-02 8.734849691390991211e-01 3.687901049852371216e-02 1.355485990643501282e-02 2.601581439375877380e-02
8.716952800750732422e-01 1.116416417062282562e-02 8.716952800750732422e-01 3.798127919435501099e-02 1.404236909002065659e-02 2.619749866425991058e-02
8.769761919975280762e-01 1.088902633637189865e-02 8.769761919975280762e-01 3.667126968502998352e-02 1.390495337545871735e-02 2.504276670515537262e-02
8.704124689102172852e-01 1.111553702503442764e-02 8.704124689102172852e-01 3.870195150375366211e-02 1.451598666608333588e-02 2.629774250090122223e-02
8.708419203758239746e-01 1.099406741559505463e-02 8.708419203758239746e-01 3.874191641807556152e-02 1.443130895495414734e-02 2.621021866798400879e-02
8.646408319473266602e-01 1.146263908594846725e-02 8.646408319473266602e-01 4.080475866794586182e-02 1.482815667986869812e-02 2.782841958105564117e-02
8.636644482612609863e-01 1.150867994874715805e-02 8.636644482612609863e-01 4.119758680462837219e-02 1.484819687902927399e-02 2.823319844901561737e-02
8.605547547340393066e-01 1.195702329277992249e-02 8.605547547340393066e-01 4.164143651723861694e-02 1.556510757654905319e-02 2.821523696184158325e-02
8.621300458908081055e-01 1.186677534133195877e-02 8.621300458908081055e-01 4.144139960408210754e-02 1.560274790972471237e-02 2.789574302732944489e-02
8.623956441879272461e-01 1.204380299896001816e-02 8.623956441879272461e-01 4.120986163616180420e-02 1.534895878285169601e-02 2.807070314884185791e-02
8.605332374572753906e-01 1.220475323498249054e-02 8.605332374572753906e-01 4.148751124739646912e-02 1.573650911450386047e-02 2.832155674695968628e-02
