2.928197550626948989e-03
5.231687943422691153e-03
5.639410396710536205e-02
1.778436040054070522e-01
3.178945755718617372e-01
4.174231860484432510e-01
5.271404354925797175e-01
4.839891628250029831e-01
5.112823158831257819e-01
5.232501487308641730e-01
5.858028135447664875e-01
6.524296425479551020e-01
6.388594003433748503e-01
6.559278629138257655e-01
6.915487214526502280e-01
7.025182158009752875e-01
7.349169391564804865e-01
7.955850926915399857e-01
8.299184179047208731e-01
8.660311815809897951e-01
9.331221311036764776e-01
9.595285732999800921e-01
9.732736433646663743e-01
1.002416185596551879e+00
1.015232036290624418e+00
1.003154532468527371e+00
1.030093676230738664e+00
1.062859078276606306e+00
1.086127130476076674e+00
1.091345159992928693e+00
1.120059682142014124e+00
1.136607574458618153e+00
1.129721978699177010e+00
1.143220802695655847e+00
1.149731306112821372e+00
1.142410157117122793e+00
1.162787435052232698e+00
1.151651477579133998e+00
1.145692948860747462e+00
1.146150612391567902e+00
1.150518569565688320e+00
1.148846894330304069e+00
1.140470027685806409e+00
1.147817493802024691e+00
1.131349629011758839e+00
1.127074417675008711e+00
1.126314743173764565e+00
1.132542313087053998e+00
1.135252389501601566e+00
1.119999123414870512e+00
1.112598827391289458e+00
1.119432865074471151e+00
1.109525398613880220e+00
1.098613381248102705e+00
1.117403511799608617e+00
1.114035409538909338e+00
1.117306167803634676e+00
1.110038533547431427e+00
1.116564885936805807e+00
1.102255612028117726e+00
1.099330009158162369e+00
1.110885181729500459e+00
1.107037012143932575e+00
1.107991765969771780e+00
1.105612659141535614e+00
1.097866327224728655e+00
1.095589456050555466e+00
1.108842033978826747e+00
1.111693577145312473e+00
1.112929699144439288e+00
1.116433006834722574e+00
1.105838066746283266e+00
1.117624223412590823e+00
1.108418318555145055e+00
1.103791299168623619e+00
1.099750104754857905e+00
1.094712577421495414e+00
1.100004079642846300e+00
1.092962537823523261e+00
1.087983808220392312e+00
1.089415987875731906e+00
1.088206280830286588e+00
1.102874895942203226e+00
1.084933468069163798e+00
1.087652838634080688e+00
1.071982314112345458e+00
1.086707770291258202e+00
1.091832956137578137e+00
1.083279207136576883e+00
1.076668229062260229e+00
1.079849567817116274e+00
1.081864050451387449e+00
1.068423339353007817e+00
1.059261655084687836e+00
1.062952606779270726e+00
1.067060034243563216e+00
1.056196248626544598e+00
1.051918689293911635e+00
1.045843641279841751e+00
1.055373373902788847e+00
1.050001844155099562e+00
