3.149552988223358629e-04
9.898229090934511365e-02
9.538903724623902791e-01
1.095560650970303751e+00
1.126659652703987380e+00
1.127024495274313587e+00
1.131372546278172297e+00
1.141440006151781317e+00
1.147155010905430261e+00
1.147571164923661957e+00
1.150756878809910067e+00
1.152094471785694241e+00
1.154050318774117789e+00
1.154282408701974072e+00
1.151928653319165496e+00
1.150648383759297566e+00
1.147188496169118110e+00
1.141055449918908282e+00
1.135928849057658896e+00
1.129065069067725524e+00
1.124804331413231884e+00
1.117278256249650381e+00
1.111900061517812288e+00
1.103541398691348263e+00
1.096531653710642651e+00
1.092468192494826962e+00
1.086581357306638296e+00
1.085113248699737243e+00
1.078304694927576746e+00
1.071533191655947626e+00
1.070458936860354537e+00
1.063978874224036586e+00
1.059524215647894341e+00
1.057038826128292586e+00
1.052144944354342693e+00
1.047104188803758218e+00
1.040261940048095690e+00
1.037204924221240443e+00
1.028058204239136408e+00
1.017289371399809905e+00
1.012109851238744973e+00
1.008300919970918752e+00
9.973034925339746559e-01
9.986440215871595916e-01
9.931810301437279387e-01
1.000440831049717483e+00
9.894067725518707057e-01
9.862170040825457562e-01
9.743654577484480717e-01
9.659263324198870126e-01
9.600161484257032640e-01
9.551293272188355887e-01
9.497730132542923087e-01
9.430360438454225003e-01
9.375910183994183855e-01
9.356941725854258651e-01
9.209430400984285336e-01
9.159289888708684879e-01
9.043816760807561472e-01
9.017522090487108954e-01
8.887362283988591294e-01
8.902074128963703981e-01
8.728409345114926943e-01
8.694385800570437750e-01
8.701334517085174136e-01
8.604546026508584911e-01
8.594185867680778079e-01
8.539764973994743436e-01
8.529464235780996884e-01
8.511465382249314704e-01
8.391705581343325004e-01
8.323116017001286338e-01
8.268916727252391130e-01
8.209603769364129944e-01
8.198645209999441130e-01
8.200803226888876418e-01
8.134538756221687539e-01
8.051496700408254936e-01
7.950456490129187426e-01
8.009669481572618821e-01
7.893525250265644999e-01
7.947616883843185986e-01
7.739731418824450371e-01
7.804087439181254249e-01
7.675243274984620001e-01
7.675397069515127457e-01
7.581562132990324887e-01
7.678082182204574169e-01
7.594711565348694071e-01
7.505415664671998277e-01
7.420859431799116113e-01
7.396559196912924072e-01
7.394146719982104266e-01
7.360794278843465488e-01
7.307263296236228278e-01
7.370124014316872252e-01
7.202727755718359992e-01
7.196086628264638518e-01
7.130075918572786886e-01
7.296027207650578328e-01
7.484958195850344165e-01
