1.002583026885986328e+01
1.488573837280273438e+01
1.782690620422363281e+01
1.952722930908203125e+01
2.086453437805175781e+01
2.196555137634277344e+01
2.276814842224121094e+01
2.362813186645507812e+01
2.434684562683105469e+01
2.490620040893554688e+01
2.541945075988769531e+01
2.590015029907226562e+01
2.639719581604003906e+01
2.682072067260742188e+01
2.730668640136718750e+01
2.774576568603515625e+01
2.818708992004394531e+01
2.856014442443847656e+01
2.888212013244628906e+01
2.914975547790527344e+01
2.942192077636718750e+01
2.966690063476562500e+01
2.984553527832031250e+01
3.000981903076171875e+01
3.018519020080566406e+01
3.014662933349609375e+01
3.037135696411132812e+01
3.052039909362792969e+01
3.063428497314453125e+01
3.071677589416503906e+01
3.081035232543945312e+01
3.086252403259277344e+01
3.094711303710937500e+01
3.101780700683593750e+01
3.107237243652343750e+01
3.112485885620117188e+01
3.116164588928222656e+01
3.119277381896972656e+01
3.123772048950195312e+01
3.125790023803710938e+01
3.128853607177734375e+01
3.131200218200683594e+01
3.132812309265136719e+01
3.134546470642089844e+01
3.135368728637695312e+01
3.136933898925781250e+01
3.137155151367187500e+01
3.136161231994628906e+01
3.135127067565917969e+01
3.142276763916015625e+01
3.137091827392578125e+01
