3.900000000000000000e+02 5.800000000000000000e+01 1.400000000000000000e+01 3.950000000000000000e+02 1.280000000000000000e+02
1.400000000000000000e+01 1.300000000000000000e+01 1.100000000000000000e+01 1.200000000000000000e+01 1.900000000000000000e+01
4.940000000000000000e+02 4.380000000000000000e+02 7.390000000000000000e+02 8.550000000000000000e+02 5.050000000000000000e+02
5.620000000000000000e+02 4.940000000000000000e+02 8.070000000000000000e+02 9.740000000000000000e+02 5.150000000000000000e+02
5.620000000000000000e+02 9.740000000000000000e+02 4.940000000000000000e+02 8.070000000000000000e+02 5.150000000000000000e+02
5.620000000000000000e+02 9.740000000000000000e+02 4.940000000000000000e+02 5.150000000000000000e+02 9.470000000000000000e+02
5.620000000000000000e+02 9.740000000000000000e+02 5.150000000000000000e+02 4.940000000000000000e+02 8.080000000000000000e+02
5.620000000000000000e+02 9.740000000000000000e+02 5.150000000000000000e+02 8.080000000000000000e+02 4.940000000000000000e+02
5.620000000000000000e+02 9.740000000000000000e+02 5.150000000000000000e+02 5.540000000000000000e+02 8.080000000000000000e+02
5.620000000000000000e+02 9.740000000000000000e+02 5.540000000000000000e+02 7.080000000000000000e+02 8.350000000000000000e+02
5.620000000000000000e+02 9.740000000000000000e+02 5.540000000000000000e+02 8.350000000000000000e+02 7.080000000000000000e+02
5.620000000000000000e+02 9.740000000000000000e+02 5.540000000000000000e+02 8.350000000000000000e+02 7.080000000000000000e+02
5.620000000000000000e+02 9.740000000000000000e+02 5.540000000000000000e+02 8.350000000000000000e+02 7.080000000000000000e+02
5.620000000000000000e+02 9.740000000000000000e+02 5.540000000000000000e+02 8.350000000000000000e+02 7.080000000000000000e+02
5.620000000000000000e+02 9.740000000000000000e+02 5.540000000000000000e+02 8.350000000000000000e+02 7.080000000000000000e+02
5.620000000000000000e+02 9.740000000000000000e+02 5.540000000000000000e+02 8.350000000000000000e+02 7.080000000000000000e+02
5.620000000000000000e+02 9.740000000000000000e+02 5.540000000000000000e+02 8.350000000000000000e+02 7.080000000000000000e+02
5.620000000000000000e+02 9.740000000000000000e+02 5.540000000000000000e+02 8.350000000000000000e+02 7.080000000000000000e+02
5.620000000000000000e+02 9.740000000000000000e+02 5.540000000000000000e+02 8.350000000000000000e+02 7.080000000000000000e+02
5.620000000000000000e+02 9.740000000000000000e+02 5.540000000000000000e+02 8.350000000000000000e+02 7.080000000000000000e+02
5.620000000000000000e+02 9.740000000000000000e+02 5.540000000000000000e+02 8.350000000000000000e+02 7.080000000000000000e+02
5.620000000000000000e+02 9.740000000000000000e+02 5.540000000000000000e+02 8.350000000000000000e+02 7.080000000000000000e+02
5.620000000000000000e+02 9.740000000000000000e+02 5.540000000000000000e+02 8.350000000000000000e+02 7.080000000000000000e+02
5.620000000000000000e+02 9.740000000000000000e+02 5.540000000000000000e+02 8.350000000000000000e+02 7.080000000000000000e+02
5.620000000000000000e+02 9.740000000000000000e+02 5.540000000000000000e+02 8.350000000000000000e+02 7.080000000000000000e+02
5.620000000000000000e+02 9.740000000000000000e+02 5.540000000000000000e+02 8.350000000000000000e+02 7.080000000000000000e+02
5.620000000000000000e+02 5.540000000000000000e+02 9.740000000000000000e+02 8.350000000000000000e+02 7.080000000000000000e+02
5.620000000000000000e+02 5.540000000000000000e+02 9.740000000000000000e+02 8.350000000000000000e+02 7.080000000000000000e+02
5.620000000000000000e+02 5.540000000000000000e+02 9.740000000000000000e+02 8.350000000000000000e+02 9.140000000000000000e+02
5.620000000000000000e+02 5.540000000000000000e+02 9.740000000000000000e+02 8.350000000000000000e+02 9.140000000000000000e+02
5.620000000000000000e+02 5.540000000000000000e+02 9.740000000000000000e+02 8.350000000000000000e+02 9.140000000000000000e+02
5.620000000000000000e+02 5.540000000000000000e+02 9.740000000000000000e+02 8.350000000000000000e+02 9.140000000000000000e+02
5.620000000000000000e+02 5.540000000000000000e+02 9.740000000000000000e+02 8.350000000000000000e+02 9.140000000000000000e+02
5.620000000000000000e+02 5.540000000000000000e+02 9.740000000000000000e+02 8.350000000000000000e+02 9.140000000000000000e+02
5.620000000000000000e+02 5.540000000000000000e+02 9.740000000000000000e+02 8.350000000000000000e+02 9.140000000000000000e+02
5.620000000000000000e+02 5.540000000000000000e+02 9.740000000000000000e+02 8.350000000000000000e+02 9.140000000000000000e+02
5.620000000000000000e+02 5.540000000000000000e+02 9.740000000000000000e+02 8.350000000000000000e+02 9.140000000000000000e+02
5.620000000000000000e+02 5.540000000000000000e+02 9.740000000000000000e+02 8.350000000000000000e+02 9.140000000000000000e+02
5.620000000000000000e+02 5.540000000000000000e+02 9.740000000000000000e+02 8.350000000000000000e+02 9.140000000000000000e+02
5.620000000000000000e+02 5.540000000000000000e+02 9.740000000000000000e+02 8.350000000000000000e+02 9.140000000000000000e+02
5.620000000000000000e+02 5.540000000000000000e+02 9.740000000000000000e+02 8.350000000000000000e+02 9.140000000000000000e+02
5.620000000000000000e+02 5.540000000000000000e+02 9.740000000000000000e+02 8.350000000000000000e+02 9.140000000000000000e+02
5.620000000000000000e+02 5.540000000000000000e+02 9.740000000000000000e+02 8.350000000000000000e+02 9.140000000000000000e+02
5.620000000000000000e+02 5.540000000000000000e+02 9.740000000000000000e+02 8.350000000000000000e+02 9.140000000000000000e+02
5.620000000000000000e+02 5.540000000000000000e+02 9.740000000000000000e+02 8.350000000000000000e+02 9.140000000000000000e+02
5.620000000000000000e+02 5.540000000000000000e+02 9.740000000000000000e+02 8.350000000000000000e+02 9.140000000000000000e+02
5.620000000000000000e+02 5.540000000000000000e+02 9.740000000000000000e+02 8.350000000000000000e+02 9.140000000000000000e+02
5.620000000000000000e+02 5.540000000000000000e+02 9.740000000000000000e+02 8.350000000000000000e+02 9.140000000000000000e+02
5.620000000000000000e+02 5.540000000000000000e+02 8.350000000000000000e+02 9.740000000000000000e+02 9.140000000000000000e+02
5.620000000000000000e+02 5.540000000000000000e+02 8.350000000000000000e+02 9.740000000000000000e+02 9.140000000000000000e+02
5.620000000000000000e+02 5.540000000000000000e+02 9.740000000000000000e+02 8.350000000000000000e+02 9.140000000000000000e+02
