1.097393894195556641e+01
1.580268764495849609e+01
1.926086807250976562e+01
2.125152206420898438e+01
2.265160369873046875e+01
2.381228828430175781e+01
2.480521774291992188e+01
2.558841705322265625e+01
2.628279495239257812e+01
2.693021583557128906e+01
2.746430778503417969e+01
2.792919921875000000e+01
2.831124496459960938e+01
2.864896965026855469e+01
2.895713996887207031e+01
2.924535560607910156e+01
2.952935981750488281e+01
2.975741386413574219e+01
3.002066421508789062e+01
3.019690895080566406e+01
3.036440277099609375e+01
3.051332092285156250e+01
3.063489532470703125e+01
3.076382255554199219e+01
3.086724472045898438e+01
3.094366836547851562e+01
3.099659538269042969e+01
3.106239700317382812e+01
3.111037063598632812e+01
3.115085029602050781e+01
3.116385078430175781e+01
3.118858909606933594e+01
3.109180259704589844e+01
3.123608779907226562e+01
3.129137420654296875e+01
3.130770683288574219e+01
3.133607482910156250e+01
3.134350585937500000e+01
3.131161689758300781e+01
3.129338645935058594e+01
3.127375793457031250e+01
3.124185943603515625e+01
3.120403861999511719e+01
3.119025421142578125e+01
3.115090751647949219e+01
3.112104988098144531e+01
3.108087158203125000e+01
3.103154945373535156e+01
3.098796272277832031e+01
3.120820999145507812e+01
3.102786827087402344e+01
