4.868101858543411498e-04
1.080254761761157084e-03
5.835584656706780288e-05
1.130725093509871897e-03
1.421682859927394897e-02
8.940212646261502111e-03
4.476533295036757426e-02
1.344874187418957923e-01
2.716897705876745173e-01
3.170477659285320660e-01
4.728196326922359249e-01
5.297045168260694492e-01
5.663300907733738176e-01
5.964555100021009526e-01
5.785683148077247484e-01
5.929015178463173941e-01
5.031647121941377199e-01
4.822191179097474190e-01
5.573923857481206667e-01
5.770777100663331272e-01
5.746379384759957576e-01
5.693183960234086127e-01
5.242291143032465905e-01
4.894553196504316528e-01
4.470515698768020574e-01
4.212035099983988395e-01
4.406774730060045719e-01
4.635935001537930256e-01
5.026820149140687199e-01
5.457779722086563146e-01
6.223245795218008691e-01
6.913697885060293702e-01
7.610695357424593910e-01
8.351289223781679372e-01
8.844090259393484477e-01
9.231289001653313342e-01
9.459738770871196634e-01
9.597796486607973465e-01
9.637985678273593981e-01
9.683209162548294113e-01
9.738317359115855609e-01
9.759357234551203630e-01
9.808301985981848770e-01
9.877175353993945528e-01
9.925779508596521694e-01
9.938973316521506618e-01
9.923047946716341272e-01
9.916641394423159062e-01
9.919107019287221050e-01
9.898187463383527618e-01
9.871367314242840418e-01
