1.729299256112426519e-04 1.729299256112426519e-04 2.883713750634342432e-04 2.405785489827394485e-04 5.212063551880419254e-04 8.844690455589443445e-05
7.898577314335852861e-05 7.898577314335852861e-05 2.291189302923157811e-04 2.871332108043134212e-04 5.059181712567806244e-04 2.030205359915271401e-04
1.570514141349121928e-04 1.570514141349121928e-04 1.409056276315823197e-04 1.005352896754629910e-04 7.166350405896082520e-05 2.080031663354020566e-05
1.562190125696361065e-03 1.562190125696361065e-03 2.378762437729164958e-04 2.824490948114544153e-04 3.274539485573768616e-04 8.005506242625415325e-05
4.411803185939788818e-02 4.411803185939788818e-02 1.527609536424279213e-03 1.127546187490224838e-03 3.531384980306029320e-03 2.330776187591254711e-04
9.466890990734100342e-02 9.466890990734100342e-02 2.271928125992417336e-03 1.232862705364823341e-03 4.979406017810106277e-03 3.390642523299902678e-04
1.610942184925079346e-01 1.610942184925079346e-01 1.952206366695463657e-03 8.269359241239726543e-04 4.670940805226564407e-03 2.328259579371660948e-04
2.223832160234451294e-01 2.223832160234451294e-01 1.972875790670514107e-03 4.464058438315987587e-04 4.661261104047298431e-03 2.162926684832200408e-04
2.535811364650726318e-01 2.535811364650726318e-01 2.144478028640151024e-03 3.626966208685189486e-04 4.629946313798427582e-03 1.934451865963637829e-04
2.714562118053436279e-01 2.714562118053436279e-01 2.912214957177639008e-03 4.990808083675801754e-04 5.131059326231479645e-03 2.282823988934978843e-04
3.403872251510620117e-01 3.403872251510620117e-01 3.946943674236536026e-03 5.823543760925531387e-04 5.183011293411254883e-03 2.805006515700370073e-04
3.988817334175109863e-01 3.988817334175109863e-01 4.197900649160146713e-03 6.150203989818692207e-04 5.422794260084629059e-03 3.123514470644295216e-04
4.868491888046264648e-01 4.868491888046264648e-01 4.103905986994504929e-03 5.316648166626691818e-04 4.829676356166601181e-03 3.237260389141738415e-04
5.513851046562194824e-01 5.513851046562194824e-01 3.128604730591177940e-03 5.201899330131709576e-04 4.165511578321456909e-03 2.682820195332169533e-04
5.906910896301269531e-01 5.906910896301269531e-01 2.396957483142614365e-03 4.674972442444413900e-04 3.653095802292227745e-03 2.083099680021405220e-04
6.601395010948181152e-01 6.601395010948181152e-01 2.067864174023270607e-03 4.649604670703411102e-04 2.736689988523721695e-03 1.856831659097224474e-04
7.175099849700927734e-01 7.175099849700927734e-01 1.740787876769900322e-03 4.641784180421382189e-04 2.486944664269685745e-03 1.505920663475990295e-04
7.867934703826904297e-01 7.867934703826904297e-01 1.458227285183966160e-03 3.697419597301632166e-04 2.446108032017946243e-03 1.425613445462659001e-04
8.092426657676696777e-01 8.092426657676696777e-01 1.606278237886726856e-03 3.794444492086768150e-04 2.395213115960359573e-03 1.331259118160232902e-04
8.343243002891540527e-01 8.343243002891540527e-01 2.072513569146394730e-03 3.807606699410825968e-04 2.462042961269617081e-03 1.190560433315113187e-04
8.885918855667114258e-01 8.885918855667114258e-01 2.095613395795226097e-03 2.954071096610277891e-04 2.312614815309643745e-03 8.476584480376914144e-05
9.282788634300231934e-01 9.282788634300231934e-01 1.579802483320236206e-03 1.983527909033000469e-04 2.205519005656242371e-03 5.862939360667951405e-05
9.557925462722778320e-01 9.557925462722778320e-01 1.427361974492669106e-03 1.381951879011467099e-04 1.701721223071217537e-03 4.305469337850809097e-05
9.669604301452636719e-01 9.669604301452636719e-01 1.193560194224119186e-03 1.029925842885859311e-04 1.659240107983350754e-03 3.521234248182736337e-05
9.722242951393127441e-01 9.722242951393127441e-01 9.590558474883437157e-04 8.716000593267381191e-05 1.510594971477985382e-03 2.937281169579364359e-05
9.779154658317565918e-01 9.779154658317565918e-01 8.717298624105751514e-04 7.584273407701402903e-05 1.155004254542291164e-03 2.431022221571765840e-05
9.803408384323120117e-01 9.803408384323120117e-01 7.716027321293950081e-04 6.431298243114724755e-05 1.068294863216578960e-03 2.146708902728278190e-05
9.830300211906433105e-01 9.830300211906433105e-01 7.099424838088452816e-04 5.769595009041950107e-05 9.307641885243356228e-04 2.003770168812479824e-05
9.831334948539733887e-01 9.831334948539733887e-01 6.532932748086750507e-04 6.009045682731084526e-05 9.045525221154093742e-04 1.849251748353708535e-05
9.857940077781677246e-01 9.857940077781677246e-01 5.535429809242486954e-04 6.155840674182400107e-05 7.761537563055753708e-04 1.563459227327257395e-05
9.859543442726135254e-01 9.859543442726135254e-01 5.389964790083467960e-04 6.470875814557075500e-05 8.226399659179151058e-04 1.507153774582548067e-05
9.877204298973083496e-01 9.877204298973083496e-01 4.731474909931421280e-04 6.530250539071857929e-05 7.766499766148626804e-04 1.467448873881949112e-05
9.886532425880432129e-01 9.886532425880432129e-01 4.292369703762233257e-04 7.202097185654565692e-05 7.307265186682343483e-04 1.508776585978921503e-05
9.891613125801086426e-01 9.891613125801086426e-01 4.675680538639426231e-04 6.476254202425479889e-05 7.720658322796225548e-04 1.527624226582702249e-05
9.907061457633972168e-01 9.907061457633972168e-01 3.520293394103646278e-04 6.552846025442704558e-05 5.647118086926639080e-04 1.312738186243223026e-05
9.915965199470520020e-01 9.915965199470520020e-01 3.132637066300958395e-04 6.459761789301410317e-05 5.439833039417862892e-04 1.241585414391011000e-05
9.925215840339660645e-01 9.925215840339660645e-01 2.788973506540060043e-04 6.556513835676014423e-05 4.963558749295771122e-04 1.233650073118042201e-05
9.929641485214233398e-01 9.929641485214233398e-01 2.539397682994604111e-04 7.388743688352406025e-05 4.772829415742307901e-04 1.192904710478615016e-05
9.931372404098510742e-01 9.931372404098510742e-01 2.221228351118043065e-04 6.656171171925961971e-05 4.979267250746488571e-04 1.132305169448954985e-05
9.936692118644714355e-01 9.936692118644714355e-01 2.126985782524570823e-04 6.542920164065435529e-05 4.560803936328738928e-04 1.147610419138800353e-05
9.936648607254028320e-01 9.936648607254028320e-01 1.898723567137494683e-04 6.247374403756111860e-05 4.953189054504036903e-04 1.110086759581463411e-05
9.944836497306823730e-01 9.944836497306823730e-01 1.503756211604923010e-04 5.041412441642023623e-05 4.625775036402046680e-04 8.835773769533261657e-06
9.951376318931579590e-01 9.951376318931579590e-01 1.446376409148797393e-04 4.757413626066409051e-05 4.029338597320020199e-04 8.630618140159640461e-06
9.950990080833435059e-01 9.950990080833435059e-01 1.382899790769442916e-04 5.089889236842282116e-05 4.018797480966895819e-04 8.939693543652538210e-06
9.947174191474914551e-01 9.947174191474914551e-01 1.766668574418872595e-04 5.625622725347056985e-05 4.356640274636447430e-04 1.046499346557538956e-05
9.946646690368652344e-01 9.946646690368652344e-01 1.263748854398727417e-04 5.143021917319856584e-05 4.557946813292801380e-04 8.692500159668270499e-06
9.950191974639892578e-01 9.950191974639892578e-01 1.284334139199927449e-04 5.241961844149045646e-05 3.938971785828471184e-04 8.983467523648869246e-06
9.957362413406372070e-01 9.957362413406372070e-01 1.066754048224538565e-04 4.429606269695796072e-05 3.466954512987285852e-04 7.472024663002230227e-06
9.964101910591125488e-01 9.964101910591125488e-01 9.804309229366481304e-05 4.050577263114973903e-05 2.873586781788617373e-04 6.582794412679504603e-06
9.966552257537841797e-01 9.966552257537841797e-01 9.587810200173407793e-05 4.197953603579662740e-05 2.691256231628358364e-04 6.385807409969856963e-06
9.969028830528259277e-01 9.969028830528259277e-01 8.839163638185709715e-05 4.461870048544369638e-05 2.601579762995243073e-04 6.209702405612915754e-06
