1.023254013061523438e+01
1.572792911529541016e+01
1.945246696472167969e+01
2.145152664184570312e+01
2.271672439575195312e+01
2.352692413330078125e+01
2.415423202514648438e+01
2.478286552429199219e+01
2.553462409973144531e+01
2.600538444519042969e+01
2.682470130920410156e+01
2.792473220825195312e+01
2.915784645080566406e+01
3.039719581604003906e+01
3.107984924316406250e+01
3.186026382446289062e+01
3.242993927001953125e+01
3.289764022827148438e+01
3.326014328002929688e+01
3.353176498413085938e+01
3.375125503540039062e+01
3.390040969848632812e+01
3.401452636718750000e+01
3.310681533813476562e+01
3.289559555053710938e+01
3.355552673339843750e+01
3.395883560180664062e+01
3.414980697631835938e+01
3.421834564208984375e+01
3.422624206542968750e+01
3.420579910278320312e+01
3.416921234130859375e+01
3.409873962402343750e+01
3.403407287597656250e+01
3.396014404296875000e+01
3.389440155029296875e+01
3.383711624145507812e+01
3.331221008300781250e+01
3.378933715820312500e+01
3.411204910278320312e+01
3.419160461425781250e+01
3.413148498535156250e+01
3.403026199340820312e+01
3.392615890502929688e+01
3.381423568725585938e+01
3.370191955566406250e+01
3.361276245117187500e+01
3.347536849975585938e+01
3.421067428588867188e+01
3.421354675292968750e+01
3.378461837768554688e+01
