1.097468185424804688e+01
1.629716682434082031e+01
1.919951629638671875e+01
2.038010787963867188e+01
2.110472679138183594e+01
2.183360290527343750e+01
2.259963226318359375e+01
2.333666229248046875e+01
2.406635284423828125e+01
2.474691963195800781e+01
2.537068939208984375e+01
2.587280082702636719e+01
2.636660194396972656e+01
2.675265312194824219e+01
2.708486747741699219e+01
2.732515907287597656e+01
2.752070808410644531e+01
2.764027786254882812e+01
2.773123168945312500e+01
2.777367973327636719e+01
2.777478027343750000e+01
2.774670791625976562e+01
2.770211029052734375e+01
2.763862228393554688e+01
2.756578254699707031e+01
2.747089004516601562e+01
2.736180305480957031e+01
2.725408363342285156e+01
2.713941764831542969e+01
2.702978515625000000e+01
2.690641593933105469e+01
2.678043174743652344e+01
2.667970085144042969e+01
2.654893302917480469e+01
2.642320632934570312e+01
2.630423736572265625e+01
2.618503379821777344e+01
2.608265686035156250e+01
2.598864173889160156e+01
2.586520195007324219e+01
2.575458908081054688e+01
2.565438079833984375e+01
2.556348419189453125e+01
2.546134948730468750e+01
2.536821556091308594e+01
2.528281211853027344e+01
2.519197082519531250e+01
2.510889053344726562e+01
2.501254653930664062e+01
2.494056510925292969e+01
2.485777091979980469e+01
