          0  0.05000468 13.00989342
        100  0.00804775 20.94325256
        200  0.00713391 21.46672630
        300  0.00682842 21.65679932
        400  0.00660909 21.79858589
        500  0.00639947 21.93855667
        600  0.00622474 22.05878639
        700  0.00606822 22.16938591
        800  0.00592629 22.27217293
        900  0.00573836 22.41211891
       1000  0.00561474 22.50670433
       1100  0.00538735 22.68624496
       1200  0.00529161 22.76412392
       1300  0.00507326 22.94713211
       1400  0.00491451 23.08519363
       1500  0.00483958 23.15192032
       1600  0.00468084 23.29676437
       1700  0.00453882 23.43056870
       1800  0.00446264 23.50407982
       1900  0.00435439 23.61072350
       2000  0.00416567 23.80315399
       2100  0.00403533 23.94120789
       2200  0.00391747 24.06993866
       2300  0.00388573 24.10527229
       2400  0.00362691 24.40463829
       2500  0.00362908 24.40203667
       2600  0.00343434 24.64156151
       2700  0.00334791 24.75226402
       2800  0.00319375 24.95699692
       2900  0.00313179 25.04207611
       3000  0.00305516 25.14966583
       3100  0.00291980 25.34646225
       3200  0.00278176 25.55680275
       3300  0.00270643 25.67604065
       3400  0.00268193 25.71552849
       3500  0.00253666 25.95738029
       3600  0.00241903 26.16358185
       3700  0.00234397 26.30047417
       3800  0.00229541 26.39139748
       3900  0.00220922 26.55760765
       4000  0.00207201 26.83608246
       4100  0.00213874 26.69842720
       4200  0.00194155 27.11851120
       4300  0.00186863 27.28475571
       4400  0.00187821 27.26255226
       4500  0.00179460 27.46033096
       4600  0.00166120 27.79579163
       4700  0.00170917 27.67215157
       4800  0.00166749 27.77936554
       4900  0.00152109 28.17846107
       5000  0.00140588 28.52051163
