1.817802549339830875e-04 1.817802549339830875e-04 2.280459302710369229e-04 1.749918301356956363e-04 6.136021693237125874e-04 2.156633127015084028e-04
2.998605486936867237e-04 2.998605486936867237e-04 2.403354155831038952e-04 9.086696081794798374e-05 3.247219719924032688e-04 2.526930475141853094e-04
6.033650636672973633e-01 6.033650636672973633e-01 8.819647133350372314e-02 2.816962543874979019e-03 1.293700537644326687e-03 7.482677756343036890e-05
7.907914519309997559e-01 7.907914519309997559e-01 1.492180675268173218e-01 1.984665868803858757e-03 1.087013166397809982e-03 1.381846377626061440e-04
8.526192903518676758e-01 8.526192903518676758e-01 1.063194051384925842e-01 2.483036369085311890e-03 5.540662095881998539e-04 1.764915068633854389e-04
8.448027372360229492e-01 8.448027372360229492e-01 1.080248728394508362e-01 3.910925704985857010e-03 5.227802321314811707e-04 2.251284167869016528e-04
8.372177481651306152e-01 8.372177481651306152e-01 1.033679544925689697e-01 5.677321460098028183e-03 5.594173562712967396e-04 2.872134209610521793e-04
8.142550587654113770e-01 8.142550587654113770e-01 1.061105504631996155e-01 8.063600398600101471e-03 7.569606532342731953e-04 4.277327680028975010e-04
8.362738490104675293e-01 8.362738490104675293e-01 8.838824182748794556e-02 7.992118597030639648e-03 8.147848420776426792e-04 4.365995991975069046e-04
8.501094579696655273e-01 8.501094579696655273e-01 7.695491611957550049e-02 8.356424979865550995e-03 8.558250847272574902e-04 4.294202371966093779e-04
8.452885150909423828e-01 8.452885150909423828e-01 7.519116252660751343e-02 9.527155198156833649e-03 9.320208337157964706e-04 5.036864313296973705e-04
8.444253206253051758e-01 8.444253206253051758e-01 7.428784668445587158e-02 1.049486082047224045e-02 1.064956770278513432e-03 5.404797848314046860e-04
8.462188243865966797e-01 8.462188243865966797e-01 7.226405292749404907e-02 1.079497486352920532e-02 1.108229393139481544e-03 5.835805204696953297e-04
8.467401266098022461e-01 8.467401266098022461e-01 7.059576362371444702e-02 1.070135831832885742e-02 1.217170851305127144e-03 5.931043997406959534e-04
8.410444855690002441e-01 8.410444855690002441e-01 6.804230064153671265e-02 1.245255209505558014e-02 1.455055433325469494e-03 6.609231350012123585e-04
8.361874222755432129e-01 8.361874222755432129e-01 6.742206215858459473e-02 1.207772735506296158e-02 1.778267789632081985e-03 6.931410171091556549e-04
8.349052071571350098e-01 8.349052071571350098e-01 6.974593549966812134e-02 1.161518041044473648e-02 2.245081588625907898e-03 7.178131490945816040e-04
8.357317447662353516e-01 8.357317447662353516e-01 6.867192685604095459e-02 1.191407255828380585e-02 2.668257569894194603e-03 8.098624530248343945e-04
8.371559381484985352e-01 8.371559381484985352e-01 6.977220624685287476e-02 1.168274600058794022e-02 3.197345416992902756e-03 8.459700620733201504e-04
8.317444920539855957e-01 8.317444920539855957e-01 6.969831883907318115e-02 1.205797586590051651e-02 3.684451570734381676e-03 8.766935206949710846e-04
8.335410356521606445e-01 8.335410356521606445e-01 6.753855943679809570e-02 1.164162158966064453e-02 4.325921181589365005e-03 9.031690424308180809e-04
8.270160555839538574e-01 8.270160555839538574e-01 6.312608718872070312e-02 1.268319133669137955e-02 4.811036400496959686e-03 9.951847605407238007e-04
8.319051861763000488e-01 8.319051861763000488e-01 6.147773191332817078e-02 1.184968464076519012e-02 5.098476540297269821e-03 1.031294697895646095e-03
8.227452039718627930e-01 8.227452039718627930e-01 6.092531234025955200e-02 1.269279792904853821e-02 5.915942601859569550e-03 1.188964117318391800e-03
8.167288303375244141e-01 8.167288303375244141e-01 6.925200670957565308e-02 1.174521353095769882e-02 6.725846324115991592e-03 1.261493773199617863e-03
8.120407462120056152e-01 8.120407462120056152e-01 7.072003930807113647e-02 1.157730817794799805e-02 7.099022157490253448e-03 1.440580817870795727e-03
8.026403188705444336e-01 8.026403188705444336e-01 7.631291449069976807e-02 1.214952580630779266e-02 7.603663485497236252e-03 1.704209018498659134e-03
7.955940961837768555e-01 7.955940961837768555e-01 7.770237326622009277e-02 1.223846524953842163e-02 8.636285550892353058e-03 1.843786216340959072e-03
7.996529340744018555e-01 7.996529340744018555e-01 7.585622370243072510e-02 1.206516660749912262e-02 8.857870474457740784e-03 1.841888995841145515e-03
7.886512279510498047e-01 7.886512279510498047e-01 7.442411035299301147e-02 1.428532786667346954e-02 9.391720406711101532e-03 2.276142127811908722e-03
7.842493057250976562e-01 7.842493057250976562e-01 7.251906394958496094e-02 1.484221033751964569e-02 1.047436241060495377e-02 2.531813224777579308e-03
7.681540846824645996e-01 7.681540846824645996e-01 7.182794809341430664e-02 1.709982380270957947e-02 1.208050176501274109e-02 3.079705405980348587e-03
7.624790668487548828e-01 7.624790668487548828e-01 7.455044239759445190e-02 1.699842326343059540e-02 1.263823453336954117e-02 3.338308306410908699e-03
8.099583387374877930e-01 8.099583387374877930e-01 1.309396177530288696e-01 2.511599566787481308e-03 4.151924513280391693e-03 2.601241285447031260e-04
8.298603892326354980e-01 8.298603892326354980e-01 1.382813155651092529e-01 2.745678182691335678e-03 6.452550878748297691e-04 1.750767987687140703e-04
8.746267557144165039e-01 8.746267557144165039e-01 9.784389287233352661e-02 2.815229818224906921e-03 4.552476457320153713e-04 1.366609358228743076e-04
8.662796616554260254e-01 8.662796616554260254e-01 9.148283302783966064e-02 4.956029355525970459e-03 8.250149548985064030e-04 2.802744274958968163e-04
8.510717153549194336e-01 8.510717153549194336e-01 9.527193009853363037e-02 6.818957626819610596e-03 1.265728496946394444e-03 4.469631821848452091e-04
8.562893867492675781e-01 8.562893867492675781e-01 8.223361521959304810e-02 8.773717097938060760e-03 1.487608300521969795e-03 6.002730224281549454e-04
8.532775044441223145e-01 8.532775044441223145e-01 8.576074242591857910e-02 8.924091234803199768e-03 1.655655447393655777e-03 7.033707224763929844e-04
8.481693863868713379e-01 8.481693863868713379e-01 8.402483910322189331e-02 1.032071933150291443e-02 2.080432139337062836e-03 8.623838075436651707e-04
8.519408106803894043e-01 8.519408106803894043e-01 7.339697331190109253e-02 1.166770420968532562e-02 2.395303221419453621e-03 8.873266051523387432e-04
8.560015559196472168e-01 8.560015559196472168e-01 6.734861433506011963e-02 1.255959272384643555e-02 2.560944994911551476e-03 9.364844881929457188e-04
8.622689247131347656e-01 8.622689247131347656e-01 6.515035033226013184e-02 1.158404536545276642e-02 2.681209472939372063e-03 8.486193255521357059e-04
8.519323468208312988e-01 8.519323468208312988e-01 6.741765886545181274e-02 1.306014042347669601e-02 3.360391827300190926e-03 1.026237732730805874e-03
8.494502305984497070e-01 8.494502305984497070e-01 6.122227385640144348e-02 1.420134957879781723e-02 3.681368893012404442e-03 1.105225179344415665e-03
8.511136174201965332e-01 8.511136174201965332e-01 5.689416825771331787e-02 1.464466564357280731e-02 3.837691154330968857e-03 1.083139097318053246e-03
8.465896844863891602e-01 8.465896844863891602e-01 5.458318069577217102e-02 1.458603609353303909e-02 4.242360591888427734e-03 1.190745388157665730e-03
8.376593589782714844e-01 8.376593589782714844e-01 5.616663396358489990e-02 1.443078368902206421e-02 4.548829048871994019e-03 1.232001697644591331e-03
8.252926468849182129e-01 8.252926468849182129e-01 5.850965157151222229e-02 1.467739604413509369e-02 5.460089538246393204e-03 1.364219468086957932e-03
8.167418837547302246e-01 8.167418837547302246e-01 6.194609031081199646e-02 1.421982701867818832e-02 6.186130922287702560e-03 1.448056777007877827e-03
