1.062865924835205078e+01
1.662981224060058594e+01
2.099538040161132812e+01
2.348395919799804688e+01
2.494277763366699219e+01
2.595476722717285156e+01
2.672756195068359375e+01
2.734083747863769531e+01
2.781119155883789062e+01
2.816497611999511719e+01
2.842168045043945312e+01
2.861299514770507812e+01
2.872199440002441406e+01
2.877374458312988281e+01
2.877346992492675781e+01
2.874312019348144531e+01
2.867237854003906250e+01
2.857655143737792969e+01
2.847303581237792969e+01
2.834563827514648438e+01
2.821113967895507812e+01
2.809055328369140625e+01
2.794268226623535156e+01
2.780144882202148438e+01
2.765984535217285156e+01
2.748160743713378906e+01
2.736466979980468750e+01
2.720257759094238281e+01
2.707970809936523438e+01
2.695509719848632812e+01
2.682080650329589844e+01
2.668621063232421875e+01
2.656819534301757812e+01
2.602969932556152344e+01
2.595562744140625000e+01
2.654211044311523438e+01
2.715006065368652344e+01
2.765111541748046875e+01
2.802566337585449219e+01
2.827132034301757812e+01
2.842829132080078125e+01
2.850271797180175781e+01
2.851689529418945312e+01
2.848881149291992188e+01
2.841621017456054688e+01
2.831180191040039062e+01
2.819611167907714844e+01
2.807030487060546875e+01
2.793178176879882812e+01
2.779397201538085938e+01
2.765390968322753906e+01
