4.836191365029662848e-04 4.906140020466409624e-05 2.288513132953085005e-05 2.267122727062087506e-05 6.519237067550420761e-04 1.603255420923233032e-02
4.866082221269607544e-03 1.223353933710313868e-06 1.728050847304984927e-06 7.775057611070224084e-07 9.072991815628483891e-05 9.539595921523869038e-04
5.471592396497726440e-02 4.956688712809409481e-07 2.382845877946238033e-06 1.086303541342203971e-06 5.778582635684870183e-05 6.757065188139677048e-03
2.844908647239208221e-02 5.422776450103583556e-09 2.382025883207461447e-07 2.372862617505688831e-08 5.395730227064632345e-07 7.892637222539633512e-05
3.001931309700012207e-01 3.641645873742049844e-09 2.662652036633517127e-07 1.449086184379666520e-08 6.030986128280346747e-07 1.753425567585509270e-05
6.709197759628295898e-01 1.745089228677443316e-08 5.864888521500688512e-07 4.810090459272942098e-08 3.142635023323236965e-06 2.591055090306326747e-05
8.077998161315917969e-01 2.657853137577603775e-08 7.512356887673377059e-07 5.714432305126138090e-08 4.813278337678639218e-06 2.347967711102683097e-05
8.507671356201171875e-01 3.400235470962797990e-08 7.070204901538090780e-07 6.107089944862309494e-08 4.815144620806677267e-06 2.516803397156763822e-05
8.695504665374755859e-01 3.250451285907729471e-08 5.501245823325007223e-07 6.039226008169862325e-08 4.063250344188418239e-06 1.825035178626421839e-05
8.913033008575439453e-01 2.635743712176008557e-08 4.031691958061855985e-07 4.680473963958320383e-08 2.696849378480692394e-06 1.242022153746802360e-05
8.835039138793945312e-01 3.316561247856952832e-08 4.127060719838482328e-07 5.565817318142762815e-08 2.914043307100655511e-06 1.162431362899951637e-05
8.799010515213012695e-01 4.907243322804788477e-08 4.756656153404037468e-07 7.275323810063127894e-08 2.917617393904947676e-06 1.187977250083349645e-05
8.791108727455139160e-01 5.273145120554545429e-08 4.192285132376127876e-07 7.499870235960770515e-08 2.194138232880504802e-06 1.023173990688519552e-05
8.616591691970825195e-01 5.057807328512353706e-08 3.984314673743938329e-07 7.326881501512616524e-08 2.183827291446505114e-06 9.285917258239351213e-06
8.543317317962646484e-01 7.064716101012891158e-08 4.605767571774777025e-07 8.677476159846264636e-08 2.762343456197413616e-06 1.064139178197365254e-05
8.316438198089599609e-01 9.906239739621014451e-08 5.544438863580580801e-07 1.030172427363140741e-07 3.118573204119456932e-06 1.365731986879836768e-05
8.241400718688964844e-01 1.346123497114604106e-07 6.634723490606120322e-07 1.241731979462201707e-07 3.694155566336121410e-06 1.546551720821298659e-05
8.329945802688598633e-01 1.413948069739490165e-07 6.197305992827750742e-07 1.106213076695894415e-07 3.825136445811949670e-06 1.669808079896029085e-05
8.258059024810791016e-01 1.768145949654353899e-07 6.857611651867046021e-07 1.289810285243220278e-07 4.519614776654634625e-06 1.804166822694242001e-05
8.275888562202453613e-01 2.264511209659758606e-07 8.168805720742966514e-07 1.546420094200584572e-07 5.066632638772716746e-06 2.174469955207314342e-05
8.145610094070434570e-01 3.188904997841746081e-07 9.021785558616102207e-07 1.909770759311868460e-07 6.206371381267672405e-06 2.428692641842644662e-05
7.952100038528442383e-01 4.791004357684869319e-07 1.191258434118935838e-06 2.389803341884544352e-07 8.605360562796704471e-06 2.809768739098217338e-05
7.850413322448730469e-01 6.691116709589550737e-07 1.453086952096782625e-06 2.831786787282908335e-07 9.952440450433641672e-06 3.142850619042292237e-05
7.830529212951660156e-01 8.496269288116309326e-07 1.522390334685042035e-06 3.182551324698579265e-07 9.988798410631716251e-06 3.269614899181760848e-05
7.597280144691467285e-01 1.498998358329117764e-06 2.208000069003901444e-06 4.689152603987167822e-07 1.194370361190522090e-05 4.307980998419225216e-05
7.325142621994018555e-01 1.979397893592249602e-06 2.584757339718635194e-06 5.401210501077002846e-07 1.327527297689812258e-05 5.144791066413745284e-05
7.056595087051391602e-01 3.284929107394418679e-06 3.513040155667113140e-06 7.801088486303342506e-07 1.696485924185253680e-05 6.408566696336492896e-05
6.691484451293945312e-01 5.241160124569432810e-06 4.414610430103493854e-06 1.033210537570994347e-06 2.096026037179399282e-05 8.155951218213886023e-05
6.446986198425292969e-01 6.773198492737719789e-06 4.849425295105902478e-06 1.171551502920920029e-06 2.282719287904910743e-05 9.599002078175544739e-05
6.301674842834472656e-01 9.175052582577336580e-06 5.451733159134164453e-06 1.356063080493186135e-06 2.499480797268915921e-05 1.071470542228780687e-04
6.088610291481018066e-01 1.357124074274906889e-05 6.418442808353574947e-06 1.685650886429357342e-06 3.166118040098808706e-05 1.154487617895938456e-04
5.991046428680419922e-01 1.821349724195897579e-05 6.774454504920868203e-06 1.754385948515846394e-06 3.459150320850312710e-05 1.172626289189793169e-04
5.873582363128662109e-01 2.414127266092691571e-05 7.252562227222369984e-06 2.051403271252638660e-06 3.910470331902615726e-05 1.273456437047570944e-04
5.609650611877441406e-01 3.420559369260445237e-05 8.393056305067148060e-06 2.599903837108286098e-06 4.778962102136574686e-05 1.395362633047625422e-04
5.050683021545410156e-01 6.051185482647269964e-05 1.120771048590540886e-05 3.749250254259095527e-06 6.107392982812598348e-05 1.815456780605018139e-04
4.709993600845336914e-01 9.129227692028507590e-05 1.264375259779626504e-05 4.700495537690585479e-06 6.797166133765131235e-05 2.035638899542391300e-04
4.399233460426330566e-01 1.406234077876433730e-04 1.544523365737404674e-05 6.063346518203616142e-06 8.447433356195688248e-05 2.220194292021915317e-04
4.094538986682891846e-01 1.981178502319380641e-04 1.785858330549672246e-05 7.465838280040770769e-06 9.624409722164273262e-05 2.396581403445452452e-04
4.003278017044067383e-01 2.718962205108255148e-04 2.073178438877221197e-05 8.415408046857919544e-06 1.064332464011386037e-04 2.497595269232988358e-04
3.755407929420471191e-01 3.926118661183863878e-04 2.331687755940947682e-05 1.055881512002088130e-05 1.297229027841240168e-04 2.927437890321016312e-04
3.660591542720794678e-01 5.251639522612094879e-04 2.495277840353082865e-05 1.175330726255197078e-05 1.367298827972263098e-04 3.013008972629904747e-04
3.383838832378387451e-01 7.051284192129969597e-04 2.843096081051044166e-05 1.433545367035549134e-05 1.487639965489506721e-04 3.261751262471079826e-04
3.292276263236999512e-01 9.205645765177905560e-04 3.104929419350810349e-05 1.605655234016012400e-05 1.605976140126585960e-04 3.560826298780739307e-04
3.032591044902801514e-01 1.275968737900257111e-03 3.383092916919849813e-05 1.915502252813894302e-05 1.691216748440638185e-04 3.830898785963654518e-04
2.983127534389495850e-01 1.438607345335185528e-03 3.366116652614437044e-05 1.922755654959473759e-05 1.643242721911519766e-04 3.757859522011131048e-04
2.801740467548370361e-01 1.833132817409932613e-03 3.848438063869252801e-05 2.160528674721717834e-05 1.820879551814869046e-04 4.106490523554384708e-04
2.615983784198760986e-01 2.278635278344154358e-03 4.093466486665420234e-05 2.361280348850414157e-05 1.963089016498997808e-04 4.433462454471737146e-04
2.413056045770645142e-01 3.089810488745570183e-03 4.815943975700065494e-05 2.915854565799236298e-05 2.181753952754661441e-04 4.740033764392137527e-04
2.328335642814636230e-01 3.774733748286962509e-03 5.075207809568382800e-05 3.240435034967958927e-05 2.236706350231543183e-04 5.105899763293564320e-04
2.318257689476013184e-01 4.540211521089076996e-03 5.427066935226321220e-05 3.450262374826706946e-05 2.284548390889540315e-04 5.669713718816637993e-04
2.163973748683929443e-01 5.606810562312602997e-03 5.876318755326792598e-05 3.948259836761280894e-05 2.444040437694638968e-04 5.755539168603718281e-04
2.188201695680618286e-01 6.575105711817741394e-03 6.505208875751122832e-05 4.324877954786643386e-05 2.440345997456461191e-04 6.164605729281902313e-04
2.178373038768768311e-01 8.330786600708961487e-03 7.025511877145618200e-05 4.792829349753446877e-05 2.577917184680700302e-04 6.911926902830600739e-04
2.089642435312271118e-01 9.334031492471694946e-03 7.017668394837528467e-05 5.034004061599262059e-05 2.619799051899462938e-04 7.141540991142392159e-04
1.892630606889724731e-01 1.237615756690502167e-02 8.373978926101699471e-05 5.850073284818790853e-05 2.933646901510655880e-04 7.837470620870590210e-04
1.792465448379516602e-01 1.415833272039890289e-02 8.671760588185861707e-05 6.451801164075732231e-05 3.063107724301517010e-04 7.845606305636465549e-04
1.677634567022323608e-01 1.829299516975879669e-02 9.495209815213456750e-05 7.125286356313154101e-05 3.346306912135332823e-04 8.298044558614492416e-04
1.647265702486038208e-01 2.014209143817424774e-02 9.518665319774299860e-05 7.565550185972824693e-05 3.348832251504063606e-04 8.285472285933792591e-04
1.511399000883102417e-01 2.655371837317943573e-02 1.072800150723196566e-04 8.801941294223070145e-05 3.480851592030376196e-04 8.764278027229011059e-04
1.370948553085327148e-01 3.280403837561607361e-02 1.142107284977100790e-04 9.756764484336599708e-05 3.804391017183661461e-04 8.811821462586522102e-04
1.344231069087982178e-01 4.121648147702217102e-02 1.235986128449440002e-04 1.095859843189828098e-04 3.934349806513637304e-04 9.916445706039667130e-04
1.315270066261291504e-01 4.689755290746688843e-02 1.331937528448179364e-04 1.181371771963313222e-04 3.993915452156215906e-04 1.032941392622888088e-03
1.226115971803665161e-01 5.581879243254661560e-02 1.438922627130523324e-04 1.303084136452525854e-04 4.261167196091264486e-04 1.045622630044817924e-03
1.148256957530975342e-01 6.724514812231063843e-02 1.505518885096535087e-04 1.451180287403985858e-04 4.424746730364859104e-04 1.140768174082040787e-03
1.149062067270278931e-01 6.869854778051376343e-02 1.441582717234268785e-04 1.392372651025652885e-04 4.538233624771237373e-04 1.083733281120657921e-03
1.045045927166938782e-01 8.225427567958831787e-02 1.602438715053722262e-04 1.574622001498937607e-04 4.535421903710812330e-04 1.164597226306796074e-03
1.031509265303611755e-01 8.481476455926895142e-02 1.585103746037930250e-04 1.563692494528368115e-04 4.556954081635922194e-04 1.150266383774578571e-03
9.267018735408782959e-02 1.029581874608993530e-01 1.635870285099372268e-04 1.705641916487365961e-04 4.630777111742645502e-04 1.158149796538054943e-03
8.194575458765029907e-02 1.305081546306610107e-01 1.790741371223703027e-04 1.974181504920125008e-04 4.763432079926133156e-04 1.235384726896882057e-03
7.865213602781295776e-02 1.432885229587554932e-01 1.849178661359474063e-04 2.030548639595508575e-04 5.025306600145995617e-04 1.309040701016783714e-03
7.713479548692703247e-02 1.558972746133804321e-01 1.829223328968510032e-04 2.138419658876955509e-04 5.065468139946460724e-04 1.290237298235297203e-03
7.426988333463668823e-02 1.731116920709609985e-01 1.865147787611931562e-04 2.259400062030181289e-04 5.143312737345695496e-04 1.282447483390569687e-03
7.394656538963317871e-02 1.823562234640121460e-01 1.867832324933260679e-04 2.201923343818634748e-04 5.124243907630443573e-04 1.275592716410756111e-03
6.542158871889114380e-02 1.962827444076538086e-01 1.863040670286864042e-04 2.249209210276603699e-04 5.293471040204167366e-04 1.292946864850819111e-03
6.222272291779518127e-02 2.231366038322448730e-01 1.943206007126718760e-04 2.434476045891642570e-04 5.327467806637287140e-04 1.369353034533560276e-03
5.852970480918884277e-02 2.490927278995513916e-01 2.011331234825775027e-04 2.587547060102224350e-04 5.168467760086059570e-04 1.381942653097212315e-03
5.441552773118019104e-02 2.602130770683288574e-01 1.924765238072723150e-04 2.553374506533145905e-04 5.202151951380074024e-04 1.358556211926043034e-03
5.346558243036270142e-02 2.745029330253601074e-01 1.911648869281634688e-04 2.598306746222078800e-04 5.092939245514571667e-04 1.333788386546075344e-03
5.026014894247055054e-02 2.975383996963500977e-01 2.029884053627029061e-04 2.625676570460200310e-04 5.232557305134832859e-04 1.305599813349545002e-03
4.758539795875549316e-02 3.171422183513641357e-01 1.898910268209874630e-04 2.734462032094597816e-04 5.338544142432510853e-04 1.314851338975131512e-03
4.350880533456802368e-02 3.385250866413116455e-01 2.009055315284058452e-04 2.882207336369901896e-04 5.182664608582854271e-04 1.289106090553104877e-03
4.186680167913436890e-02 3.472349941730499268e-01 2.010286843869835138e-04 2.894909703172743320e-04 5.178799037821590900e-04 1.281136879697442055e-03
3.931194543838500977e-02 3.565547466278076172e-01 1.957215281436219811e-04 2.857822109945118427e-04 5.192119278945028782e-04 1.336709130555391312e-03
4.091189429163932800e-02 3.625704348087310791e-01 1.922259252751246095e-04 2.810023433994501829e-04 5.188150680623948574e-04 1.324406126514077187e-03
6.412979215383529663e-02 2.169782817363739014e-01 1.877605973277240992e-04 2.562525041867047548e-04 5.297384341247379780e-04 1.380624249577522278e-03
4.248104989528656006e-02 3.425444066524505615e-01 1.987239229492843151e-04 2.853062760550528765e-04 5.217753932811319828e-04 1.383401337079703808e-03
3.558887913823127747e-02 4.038367569446563721e-01 1.952107122633606195e-04 2.892115153372287750e-04 4.975447664037346840e-04 1.338156522251665592e-03
3.245155140757560730e-02 4.340226650238037109e-01 1.918458729051053524e-04 2.905907458625733852e-04 4.938521306030452251e-04 1.301012816838920116e-03
3.141452372074127197e-02 4.457524716854095459e-01 1.882040378404781222e-04 2.898703969549387693e-04 4.902648506686091423e-04 1.250512665137648582e-03
3.095878846943378448e-02 4.582519531250000000e-01 1.852826389949768782e-04 2.841263194568455219e-04 4.993953043594956398e-04 1.255718059837818146e-03
3.012610785663127899e-02 4.637013673782348633e-01 1.846230152295902371e-04 2.893183263950049877e-04 4.831318801734596491e-04 1.252491027116775513e-03
2.658441662788391113e-02 4.938131868839263916e-01 1.851253618951886892e-04 2.906362933572381735e-04 4.861857742071151733e-04 1.181817380711436272e-03
2.688888646662235260e-02 5.037091374397277832e-01 1.807824737625196576e-04 2.929022302851080894e-04 4.754537658300250769e-04 1.185991102829575539e-03
2.706568874418735504e-02 5.093595981597900391e-01 1.836681040003895760e-04 2.884345303755253553e-04 4.666273889597505331e-04 1.154454541392624378e-03
2.381915785372257233e-02 5.399858355522155762e-01 1.760008162818849087e-04 2.900550898630172014e-04 4.577045328915119171e-04 1.152971410192549229e-03
2.324883081018924713e-02 5.595236420631408691e-01 1.719054707791656256e-04 2.987128391396254301e-04 4.460887575987726450e-04 1.112788449972867966e-03
2.277500927448272705e-02 5.466747879981994629e-01 1.749319053487852216e-04 3.005251928698271513e-04 4.377697769086807966e-04 1.131257275119423866e-03
2.199918404221534729e-02 5.572544336318969727e-01 1.764334156177937984e-04 2.965535386465489864e-04 4.472869622986763716e-04 1.096027321182191372e-03
2.144240960478782654e-02 5.689312815666198730e-01 1.765143824741244316e-04 3.006866027135401964e-04 4.325147310737520456e-04 1.080436399206519127e-03
2.135704830288887024e-02 5.753137469291687012e-01 1.766684436006471515e-04 3.034202381968498230e-04 4.334025434218347073e-04 1.074099913239479065e-03
2.052928507328033447e-02 5.774602293968200684e-01 1.719337597023695707e-04 2.893691998906433582e-04 4.384873027447611094e-04 1.071121660061180592e-03
