7.350000000000000000e+02 9.110000000000000000e+02 6.110000000000000000e+02 8.240000000000000000e+02 5.910000000000000000e+02
7.800000000000000000e+01 7.400000000000000000e+01 7.300000000000000000e+01 7.600000000000000000e+01 9.890000000000000000e+02
6.000000000000000000e+02 6.160000000000000000e+02 4.880000000000000000e+02 6.770000000000000000e+02 6.300000000000000000e+01
6.000000000000000000e+02 4.880000000000000000e+02 6.160000000000000000e+02 6.300000000000000000e+01 6.770000000000000000e+02
6.000000000000000000e+02 6.300000000000000000e+01 4.880000000000000000e+02 6.160000000000000000e+02 6.770000000000000000e+02
6.300000000000000000e+01 6.000000000000000000e+02 4.880000000000000000e+02 6.770000000000000000e+02 6.160000000000000000e+02
6.300000000000000000e+01 6.000000000000000000e+02 6.200000000000000000e+01 4.880000000000000000e+02 6.800000000000000000e+01
6.300000000000000000e+01 6.000000000000000000e+02 6.800000000000000000e+01 6.200000000000000000e+01 6.600000000000000000e+01
6.300000000000000000e+01 6.000000000000000000e+02 6.800000000000000000e+01 6.200000000000000000e+01 6.600000000000000000e+01
6.300000000000000000e+01 6.000000000000000000e+02 6.200000000000000000e+01 6.800000000000000000e+01 6.600000000000000000e+01
6.300000000000000000e+01 6.200000000000000000e+01 6.000000000000000000e+02 6.800000000000000000e+01 6.600000000000000000e+01
6.300000000000000000e+01 6.600000000000000000e+01 6.800000000000000000e+01 6.200000000000000000e+01 6.000000000000000000e+02
6.300000000000000000e+01 6.600000000000000000e+01 6.800000000000000000e+01 6.200000000000000000e+01 6.000000000000000000e+02
6.300000000000000000e+01 6.600000000000000000e+01 6.800000000000000000e+01 6.200000000000000000e+01 6.000000000000000000e+01
6.300000000000000000e+01 6.600000000000000000e+01 6.800000000000000000e+01 6.200000000000000000e+01 6.000000000000000000e+01
6.300000000000000000e+01 6.600000000000000000e+01 6.800000000000000000e+01 6.200000000000000000e+01 6.000000000000000000e+01
6.300000000000000000e+01 6.600000000000000000e+01 6.800000000000000000e+01 6.200000000000000000e+01 6.000000000000000000e+01
6.300000000000000000e+01 6.600000000000000000e+01 6.800000000000000000e+01 6.000000000000000000e+01 6.200000000000000000e+01
6.300000000000000000e+01 6.600000000000000000e+01 6.800000000000000000e+01 6.000000000000000000e+01 6.200000000000000000e+01
6.300000000000000000e+01 6.600000000000000000e+01 6.800000000000000000e+01 6.000000000000000000e+01 6.200000000000000000e+01
6.300000000000000000e+01 6.600000000000000000e+01 6.800000000000000000e+01 6.000000000000000000e+01 6.200000000000000000e+01
6.300000000000000000e+01 6.600000000000000000e+01 6.800000000000000000e+01 6.000000000000000000e+01 6.200000000000000000e+01
6.300000000000000000e+01 6.600000000000000000e+01 6.800000000000000000e+01 6.000000000000000000e+01 6.000000000000000000e+02
6.300000000000000000e+01 6.600000000000000000e+01 6.800000000000000000e+01 6.000000000000000000e+01 6.000000000000000000e+02
6.300000000000000000e+01 6.600000000000000000e+01 6.800000000000000000e+01 6.000000000000000000e+01 6.000000000000000000e+02
6.300000000000000000e+01 6.600000000000000000e+01 6.800000000000000000e+01 6.000000000000000000e+01 6.000000000000000000e+02
6.300000000000000000e+01 6.600000000000000000e+01 6.800000000000000000e+01 6.000000000000000000e+01 6.000000000000000000e+02
6.300000000000000000e+01 6.600000000000000000e+01 6.800000000000000000e+01 6.000000000000000000e+01 6.000000000000000000e+02
6.300000000000000000e+01 6.600000000000000000e+01 6.000000000000000000e+01 6.800000000000000000e+01 6.000000000000000000e+02
6.300000000000000000e+01 6.600000000000000000e+01 6.000000000000000000e+01 6.000000000000000000e+02 6.800000000000000000e+01
6.300000000000000000e+01 6.600000000000000000e+01 6.000000000000000000e+01 6.000000000000000000e+02 6.800000000000000000e+01
6.300000000000000000e+01 6.600000000000000000e+01 6.000000000000000000e+01 6.000000000000000000e+02 6.800000000000000000e+01
6.300000000000000000e+01 6.000000000000000000e+01 6.600000000000000000e+01 6.000000000000000000e+02 6.800000000000000000e+01
6.300000000000000000e+01 6.000000000000000000e+01 6.600000000000000000e+01 6.000000000000000000e+02 6.800000000000000000e+01
6.300000000000000000e+01 6.000000000000000000e+01 6.600000000000000000e+01 6.000000000000000000e+02 6.800000000000000000e+01
6.300000000000000000e+01 6.600000000000000000e+01 6.000000000000000000e+01 6.000000000000000000e+02 6.800000000000000000e+01
6.300000000000000000e+01 6.600000000000000000e+01 6.000000000000000000e+01 6.000000000000000000e+02 6.800000000000000000e+01
6.300000000000000000e+01 6.000000000000000000e+01 6.600000000000000000e+01 6.000000000000000000e+02 6.800000000000000000e+01
6.300000000000000000e+01 6.000000000000000000e+01 6.600000000000000000e+01 6.000000000000000000e+02 2.100000000000000000e+01
6.300000000000000000e+01 6.000000000000000000e+01 6.000000000000000000e+02 6.600000000000000000e+01 2.100000000000000000e+01
6.300000000000000000e+01 6.000000000000000000e+01 6.000000000000000000e+02 6.600000000000000000e+01 2.100000000000000000e+01
6.300000000000000000e+01 6.000000000000000000e+02 6.000000000000000000e+01 6.600000000000000000e+01 2.100000000000000000e+01
6.300000000000000000e+01 6.000000000000000000e+02 6.000000000000000000e+01 6.600000000000000000e+01 2.100000000000000000e+01
6.300000000000000000e+01 6.000000000000000000e+02 6.000000000000000000e+01 6.600000000000000000e+01 2.100000000000000000e+01
6.300000000000000000e+01 6.000000000000000000e+02 6.000000000000000000e+01 6.600000000000000000e+01 2.100000000000000000e+01
6.300000000000000000e+01 6.000000000000000000e+02 6.000000000000000000e+01 6.600000000000000000e+01 2.100000000000000000e+01
6.300000000000000000e+01 6.000000000000000000e+02 6.000000000000000000e+01 6.600000000000000000e+01 2.100000000000000000e+01
6.300000000000000000e+01 6.000000000000000000e+02 6.000000000000000000e+01 6.600000000000000000e+01 2.100000000000000000e+01
6.300000000000000000e+01 6.000000000000000000e+02 2.100000000000000000e+01 6.000000000000000000e+01 6.600000000000000000e+01
6.300000000000000000e+01 6.000000000000000000e+02 2.100000000000000000e+01 6.000000000000000000e+01 6.600000000000000000e+01
6.300000000000000000e+01 6.000000000000000000e+02 2.100000000000000000e+01 4.300000000000000000e+01 6.000000000000000000e+01
6.300000000000000000e+01 6.000000000000000000e+02 2.100000000000000000e+01 4.300000000000000000e+01 6.000000000000000000e+01
6.300000000000000000e+01 6.000000000000000000e+02 2.100000000000000000e+01 6.000000000000000000e+01 4.300000000000000000e+01
6.300000000000000000e+01 6.000000000000000000e+02 2.100000000000000000e+01 4.300000000000000000e+01 6.000000000000000000e+01
6.300000000000000000e+01 6.000000000000000000e+02 2.100000000000000000e+01 4.300000000000000000e+01 6.000000000000000000e+01
6.300000000000000000e+01 6.000000000000000000e+02 2.100000000000000000e+01 4.300000000000000000e+01 6.000000000000000000e+01
6.300000000000000000e+01 6.000000000000000000e+02 2.100000000000000000e+01 4.300000000000000000e+01 6.000000000000000000e+01
6.300000000000000000e+01 6.000000000000000000e+02 4.300000000000000000e+01 2.100000000000000000e+01 6.000000000000000000e+01
6.300000000000000000e+01 6.000000000000000000e+02 4.300000000000000000e+01 2.100000000000000000e+01 6.000000000000000000e+01
6.300000000000000000e+01 6.000000000000000000e+02 4.300000000000000000e+01 2.100000000000000000e+01 6.000000000000000000e+01
6.300000000000000000e+01 6.000000000000000000e+02 4.300000000000000000e+01 2.100000000000000000e+01 8.290000000000000000e+02
6.300000000000000000e+01 6.000000000000000000e+02 4.300000000000000000e+01 8.290000000000000000e+02 2.100000000000000000e+01
6.300000000000000000e+01 6.000000000000000000e+02 8.290000000000000000e+02 4.300000000000000000e+01 2.100000000000000000e+01
6.300000000000000000e+01 8.290000000000000000e+02 6.000000000000000000e+02 4.300000000000000000e+01 2.100000000000000000e+01
6.300000000000000000e+01 8.290000000000000000e+02 6.000000000000000000e+02 4.300000000000000000e+01 2.100000000000000000e+01
6.300000000000000000e+01 8.290000000000000000e+02 6.000000000000000000e+02 4.300000000000000000e+01 2.100000000000000000e+01
6.300000000000000000e+01 8.290000000000000000e+02 6.000000000000000000e+02 4.300000000000000000e+01 3.720000000000000000e+02
8.290000000000000000e+02 6.300000000000000000e+01 4.300000000000000000e+01 6.000000000000000000e+02 3.720000000000000000e+02
8.290000000000000000e+02 6.300000000000000000e+01 4.300000000000000000e+01 6.000000000000000000e+02 3.720000000000000000e+02
8.290000000000000000e+02 6.300000000000000000e+01 4.300000000000000000e+01 6.000000000000000000e+02 3.720000000000000000e+02
8.290000000000000000e+02 6.300000000000000000e+01 4.300000000000000000e+01 6.000000000000000000e+02 3.720000000000000000e+02
8.290000000000000000e+02 6.300000000000000000e+01 4.300000000000000000e+01 6.000000000000000000e+02 3.720000000000000000e+02
8.290000000000000000e+02 6.300000000000000000e+01 4.300000000000000000e+01 6.000000000000000000e+02 3.720000000000000000e+02
8.290000000000000000e+02 6.300000000000000000e+01 4.300000000000000000e+01 6.000000000000000000e+02 3.720000000000000000e+02
8.290000000000000000e+02 6.300000000000000000e+01 4.300000000000000000e+01 6.000000000000000000e+02 3.720000000000000000e+02
8.290000000000000000e+02 6.300000000000000000e+01 4.300000000000000000e+01 6.000000000000000000e+02 3.720000000000000000e+02
8.290000000000000000e+02 6.300000000000000000e+01 4.300000000000000000e+01 6.000000000000000000e+02 3.720000000000000000e+02
8.290000000000000000e+02 4.300000000000000000e+01 6.300000000000000000e+01 6.000000000000000000e+02 3.720000000000000000e+02
8.290000000000000000e+02 4.300000000000000000e+01 6.300000000000000000e+01 6.000000000000000000e+02 3.720000000000000000e+02
8.290000000000000000e+02 4.300000000000000000e+01 6.300000000000000000e+01 6.000000000000000000e+02 3.720000000000000000e+02
8.290000000000000000e+02 4.300000000000000000e+01 6.300000000000000000e+01 6.000000000000000000e+02 3.720000000000000000e+02
8.290000000000000000e+02 4.300000000000000000e+01 6.300000000000000000e+01 6.000000000000000000e+02 3.720000000000000000e+02
8.290000000000000000e+02 4.300000000000000000e+01 6.300000000000000000e+01 6.000000000000000000e+02 3.720000000000000000e+02
8.290000000000000000e+02 4.300000000000000000e+01 6.300000000000000000e+01 6.000000000000000000e+02 3.720000000000000000e+02
8.290000000000000000e+02 6.300000000000000000e+01 4.300000000000000000e+01 6.000000000000000000e+02 3.720000000000000000e+02
8.290000000000000000e+02 4.300000000000000000e+01 6.300000000000000000e+01 6.000000000000000000e+02 3.720000000000000000e+02
8.290000000000000000e+02 4.300000000000000000e+01 6.300000000000000000e+01 6.000000000000000000e+02 3.720000000000000000e+02
8.290000000000000000e+02 4.300000000000000000e+01 6.300000000000000000e+01 6.000000000000000000e+02 3.720000000000000000e+02
8.290000000000000000e+02 4.300000000000000000e+01 6.300000000000000000e+01 6.000000000000000000e+02 3.720000000000000000e+02
8.290000000000000000e+02 4.300000000000000000e+01 6.300000000000000000e+01 6.000000000000000000e+02 3.720000000000000000e+02
8.290000000000000000e+02 4.300000000000000000e+01 6.300000000000000000e+01 6.000000000000000000e+02 3.720000000000000000e+02
8.290000000000000000e+02 4.300000000000000000e+01 6.000000000000000000e+02 6.300000000000000000e+01 3.720000000000000000e+02
8.290000000000000000e+02 4.300000000000000000e+01 6.300000000000000000e+01 6.000000000000000000e+02 3.720000000000000000e+02
8.290000000000000000e+02 4.300000000000000000e+01 6.300000000000000000e+01 6.000000000000000000e+02 3.720000000000000000e+02
8.290000000000000000e+02 4.300000000000000000e+01 6.000000000000000000e+02 6.300000000000000000e+01 3.720000000000000000e+02
8.290000000000000000e+02 4.300000000000000000e+01 6.300000000000000000e+01 6.000000000000000000e+02 3.720000000000000000e+02
8.290000000000000000e+02 4.300000000000000000e+01 6.000000000000000000e+02 6.300000000000000000e+01 3.720000000000000000e+02
8.290000000000000000e+02 4.300000000000000000e+01 6.000000000000000000e+02 6.300000000000000000e+01 3.720000000000000000e+02
8.290000000000000000e+02 4.300000000000000000e+01 6.000000000000000000e+02 6.300000000000000000e+01 3.720000000000000000e+02
8.290000000000000000e+02 4.300000000000000000e+01 6.000000000000000000e+02 6.300000000000000000e+01 3.720000000000000000e+02
8.290000000000000000e+02 4.300000000000000000e+01 6.000000000000000000e+02 6.300000000000000000e+01 3.720000000000000000e+02
