6.110000000000000000e+02 7.350000000000000000e+02 1.280000000000000000e+02 3.900000000000000000e+02 9.710000000000000000e+02
1.280000000000000000e+02 8.100000000000000000e+01 1.400000000000000000e+01 8.600000000000000000e+01 2.770000000000000000e+02
1.000000000000000000e+00 2.900000000000000000e+01 3.920000000000000000e+02 2.600000000000000000e+01 2.700000000000000000e+01
1.000000000000000000e+00 2.900000000000000000e+01 3.920000000000000000e+02 1.150000000000000000e+02 3.930000000000000000e+02
1.000000000000000000e+00 2.900000000000000000e+01 1.150000000000000000e+02 3.930000000000000000e+02 3.270000000000000000e+02
1.000000000000000000e+00 1.150000000000000000e+02 2.900000000000000000e+01 3.270000000000000000e+02 3.930000000000000000e+02
1.000000000000000000e+00 1.150000000000000000e+02 2.900000000000000000e+01 3.930000000000000000e+02 3.270000000000000000e+02
1.000000000000000000e+00 1.150000000000000000e+02 3.930000000000000000e+02 2.900000000000000000e+01 3.270000000000000000e+02
1.000000000000000000e+00 1.150000000000000000e+02 3.930000000000000000e+02 2.900000000000000000e+01 3.270000000000000000e+02
1.000000000000000000e+00 1.150000000000000000e+02 3.930000000000000000e+02 3.270000000000000000e+02 2.900000000000000000e+01
1.000000000000000000e+00 1.150000000000000000e+02 3.930000000000000000e+02 3.270000000000000000e+02 2.900000000000000000e+01
1.000000000000000000e+00 1.150000000000000000e+02 3.930000000000000000e+02 3.270000000000000000e+02 1.100000000000000000e+02
1.000000000000000000e+00 1.150000000000000000e+02 3.930000000000000000e+02 3.270000000000000000e+02 1.100000000000000000e+02
1.000000000000000000e+00 1.150000000000000000e+02 3.930000000000000000e+02 9.910000000000000000e+02 3.270000000000000000e+02
1.000000000000000000e+00 1.150000000000000000e+02 3.930000000000000000e+02 9.910000000000000000e+02 1.080000000000000000e+02
1.000000000000000000e+00 1.150000000000000000e+02 3.930000000000000000e+02 9.910000000000000000e+02 1.080000000000000000e+02
1.000000000000000000e+00 1.150000000000000000e+02 3.930000000000000000e+02 9.910000000000000000e+02 1.080000000000000000e+02
1.000000000000000000e+00 1.150000000000000000e+02 3.930000000000000000e+02 9.910000000000000000e+02 1.080000000000000000e+02
1.000000000000000000e+00 1.150000000000000000e+02 3.930000000000000000e+02 9.910000000000000000e+02 1.080000000000000000e+02
1.000000000000000000e+00 1.150000000000000000e+02 3.930000000000000000e+02 9.910000000000000000e+02 1.080000000000000000e+02
1.000000000000000000e+00 1.150000000000000000e+02 3.930000000000000000e+02 9.910000000000000000e+02 1.080000000000000000e+02
1.000000000000000000e+00 1.150000000000000000e+02 3.930000000000000000e+02 9.910000000000000000e+02 9.850000000000000000e+02
1.000000000000000000e+00 1.150000000000000000e+02 3.930000000000000000e+02 9.910000000000000000e+02 9.850000000000000000e+02
1.000000000000000000e+00 1.150000000000000000e+02 3.930000000000000000e+02 9.910000000000000000e+02 9.850000000000000000e+02
1.000000000000000000e+00 1.150000000000000000e+02 3.930000000000000000e+02 9.910000000000000000e+02 9.850000000000000000e+02
1.000000000000000000e+00 1.150000000000000000e+02 3.930000000000000000e+02 9.910000000000000000e+02 9.850000000000000000e+02
1.000000000000000000e+00 1.150000000000000000e+02 3.930000000000000000e+02 9.910000000000000000e+02 9.850000000000000000e+02
1.000000000000000000e+00 1.150000000000000000e+02 3.930000000000000000e+02 9.910000000000000000e+02 9.850000000000000000e+02
1.000000000000000000e+00 1.150000000000000000e+02 3.930000000000000000e+02 9.910000000000000000e+02 9.850000000000000000e+02
1.000000000000000000e+00 1.150000000000000000e+02 3.930000000000000000e+02 9.910000000000000000e+02 9.850000000000000000e+02
1.000000000000000000e+00 1.150000000000000000e+02 3.930000000000000000e+02 9.910000000000000000e+02 9.850000000000000000e+02
1.000000000000000000e+00 1.150000000000000000e+02 3.930000000000000000e+02 9.910000000000000000e+02 1.120000000000000000e+02
1.000000000000000000e+00 1.150000000000000000e+02 3.930000000000000000e+02 9.910000000000000000e+02 1.120000000000000000e+02
1.000000000000000000e+00 1.150000000000000000e+02 3.930000000000000000e+02 1.120000000000000000e+02 9.910000000000000000e+02
1.000000000000000000e+00 1.150000000000000000e+02 3.930000000000000000e+02 1.120000000000000000e+02 9.910000000000000000e+02
1.000000000000000000e+00 1.150000000000000000e+02 3.930000000000000000e+02 1.120000000000000000e+02 9.910000000000000000e+02
1.000000000000000000e+00 1.150000000000000000e+02 3.930000000000000000e+02 1.120000000000000000e+02 9.910000000000000000e+02
1.000000000000000000e+00 1.150000000000000000e+02 3.930000000000000000e+02 1.120000000000000000e+02 9.910000000000000000e+02
1.000000000000000000e+00 1.150000000000000000e+02 3.930000000000000000e+02 1.120000000000000000e+02 9.910000000000000000e+02
1.000000000000000000e+00 1.150000000000000000e+02 1.120000000000000000e+02 3.930000000000000000e+02 9.910000000000000000e+02
1.000000000000000000e+00 1.150000000000000000e+02 1.120000000000000000e+02 3.930000000000000000e+02 9.910000000000000000e+02
1.000000000000000000e+00 1.150000000000000000e+02 3.930000000000000000e+02 1.120000000000000000e+02 9.910000000000000000e+02
1.000000000000000000e+00 1.150000000000000000e+02 3.930000000000000000e+02 1.120000000000000000e+02 9.910000000000000000e+02
1.000000000000000000e+00 1.150000000000000000e+02 1.120000000000000000e+02 3.930000000000000000e+02 9.910000000000000000e+02
1.000000000000000000e+00 1.150000000000000000e+02 1.120000000000000000e+02 3.930000000000000000e+02 9.910000000000000000e+02
1.000000000000000000e+00 1.150000000000000000e+02 1.120000000000000000e+02 3.930000000000000000e+02 9.910000000000000000e+02
1.000000000000000000e+00 1.150000000000000000e+02 1.120000000000000000e+02 3.930000000000000000e+02 9.910000000000000000e+02
1.000000000000000000e+00 1.150000000000000000e+02 3.930000000000000000e+02 1.120000000000000000e+02 9.910000000000000000e+02
1.000000000000000000e+00 1.150000000000000000e+02 1.120000000000000000e+02 3.930000000000000000e+02 9.910000000000000000e+02
1.000000000000000000e+00 1.150000000000000000e+02 3.930000000000000000e+02 1.120000000000000000e+02 9.910000000000000000e+02
1.000000000000000000e+00 1.150000000000000000e+02 3.930000000000000000e+02 1.120000000000000000e+02 9.910000000000000000e+02
1.000000000000000000e+00 1.150000000000000000e+02 3.930000000000000000e+02 1.120000000000000000e+02 9.850000000000000000e+02
1.000000000000000000e+00 1.150000000000000000e+02 3.930000000000000000e+02 1.120000000000000000e+02 9.850000000000000000e+02
1.000000000000000000e+00 1.150000000000000000e+02 3.930000000000000000e+02 1.120000000000000000e+02 9.470000000000000000e+02
1.000000000000000000e+00 1.150000000000000000e+02 1.120000000000000000e+02 3.930000000000000000e+02 9.470000000000000000e+02
1.000000000000000000e+00 1.150000000000000000e+02 1.120000000000000000e+02 3.930000000000000000e+02 9.470000000000000000e+02
1.000000000000000000e+00 1.150000000000000000e+02 3.930000000000000000e+02 1.120000000000000000e+02 9.470000000000000000e+02
1.000000000000000000e+00 1.150000000000000000e+02 3.930000000000000000e+02 1.120000000000000000e+02 9.470000000000000000e+02
1.000000000000000000e+00 1.150000000000000000e+02 3.930000000000000000e+02 1.120000000000000000e+02 9.470000000000000000e+02
1.000000000000000000e+00 1.150000000000000000e+02 3.930000000000000000e+02 1.120000000000000000e+02 9.470000000000000000e+02
1.000000000000000000e+00 1.150000000000000000e+02 3.930000000000000000e+02 1.120000000000000000e+02 9.470000000000000000e+02
1.000000000000000000e+00 1.150000000000000000e+02 3.930000000000000000e+02 1.120000000000000000e+02 9.470000000000000000e+02
1.000000000000000000e+00 1.150000000000000000e+02 3.930000000000000000e+02 1.120000000000000000e+02 9.470000000000000000e+02
1.000000000000000000e+00 1.150000000000000000e+02 3.930000000000000000e+02 1.120000000000000000e+02 9.470000000000000000e+02
1.000000000000000000e+00 1.150000000000000000e+02 3.930000000000000000e+02 1.120000000000000000e+02 9.470000000000000000e+02
1.000000000000000000e+00 1.150000000000000000e+02 3.930000000000000000e+02 1.120000000000000000e+02 9.470000000000000000e+02
1.000000000000000000e+00 1.150000000000000000e+02 3.930000000000000000e+02 1.120000000000000000e+02 9.470000000000000000e+02
1.000000000000000000e+00 1.150000000000000000e+02 3.930000000000000000e+02 1.120000000000000000e+02 9.470000000000000000e+02
1.000000000000000000e+00 1.150000000000000000e+02 3.930000000000000000e+02 1.120000000000000000e+02 9.470000000000000000e+02
1.000000000000000000e+00 1.150000000000000000e+02 3.930000000000000000e+02 1.120000000000000000e+02 9.470000000000000000e+02
1.000000000000000000e+00 1.150000000000000000e+02 3.930000000000000000e+02 1.120000000000000000e+02 9.470000000000000000e+02
1.000000000000000000e+00 1.150000000000000000e+02 3.930000000000000000e+02 1.120000000000000000e+02 9.470000000000000000e+02
1.000000000000000000e+00 1.150000000000000000e+02 3.930000000000000000e+02 1.120000000000000000e+02 9.470000000000000000e+02
1.000000000000000000e+00 1.150000000000000000e+02 3.930000000000000000e+02 1.120000000000000000e+02 9.470000000000000000e+02
1.000000000000000000e+00 1.150000000000000000e+02 3.930000000000000000e+02 1.120000000000000000e+02 9.470000000000000000e+02
1.000000000000000000e+00 1.150000000000000000e+02 3.930000000000000000e+02 1.120000000000000000e+02 9.470000000000000000e+02
1.000000000000000000e+00 1.150000000000000000e+02 3.930000000000000000e+02 1.120000000000000000e+02 9.470000000000000000e+02
1.000000000000000000e+00 1.150000000000000000e+02 3.930000000000000000e+02 1.120000000000000000e+02 9.470000000000000000e+02
1.000000000000000000e+00 1.150000000000000000e+02 3.930000000000000000e+02 1.120000000000000000e+02 9.470000000000000000e+02
1.000000000000000000e+00 1.150000000000000000e+02 3.930000000000000000e+02 1.120000000000000000e+02 9.470000000000000000e+02
1.000000000000000000e+00 1.150000000000000000e+02 3.930000000000000000e+02 1.120000000000000000e+02 9.470000000000000000e+02
1.000000000000000000e+00 1.150000000000000000e+02 3.930000000000000000e+02 1.120000000000000000e+02 9.470000000000000000e+02
1.000000000000000000e+00 1.150000000000000000e+02 3.930000000000000000e+02 1.120000000000000000e+02 9.470000000000000000e+02
1.000000000000000000e+00 1.150000000000000000e+02 3.930000000000000000e+02 1.120000000000000000e+02 9.470000000000000000e+02
1.000000000000000000e+00 1.150000000000000000e+02 3.930000000000000000e+02 1.120000000000000000e+02 9.470000000000000000e+02
1.000000000000000000e+00 1.150000000000000000e+02 3.930000000000000000e+02 1.120000000000000000e+02 9.470000000000000000e+02
1.000000000000000000e+00 1.150000000000000000e+02 3.930000000000000000e+02 1.120000000000000000e+02 9.470000000000000000e+02
1.000000000000000000e+00 3.930000000000000000e+02 1.150000000000000000e+02 1.120000000000000000e+02 9.470000000000000000e+02
1.000000000000000000e+00 1.150000000000000000e+02 3.930000000000000000e+02 1.120000000000000000e+02 9.470000000000000000e+02
1.000000000000000000e+00 3.930000000000000000e+02 1.150000000000000000e+02 1.120000000000000000e+02 9.470000000000000000e+02
1.000000000000000000e+00 3.930000000000000000e+02 1.150000000000000000e+02 1.120000000000000000e+02 9.470000000000000000e+02
1.000000000000000000e+00 3.930000000000000000e+02 1.150000000000000000e+02 1.120000000000000000e+02 9.470000000000000000e+02
1.000000000000000000e+00 3.930000000000000000e+02 1.150000000000000000e+02 1.120000000000000000e+02 9.470000000000000000e+02
1.000000000000000000e+00 3.930000000000000000e+02 1.150000000000000000e+02 1.120000000000000000e+02 9.470000000000000000e+02
1.000000000000000000e+00 3.930000000000000000e+02 1.150000000000000000e+02 1.120000000000000000e+02 9.470000000000000000e+02
1.000000000000000000e+00 3.930000000000000000e+02 1.150000000000000000e+02 1.120000000000000000e+02 9.470000000000000000e+02
1.000000000000000000e+00 3.930000000000000000e+02 1.150000000000000000e+02 1.120000000000000000e+02 9.470000000000000000e+02
1.000000000000000000e+00 3.930000000000000000e+02 1.150000000000000000e+02 1.120000000000000000e+02 9.470000000000000000e+02
1.000000000000000000e+00 3.930000000000000000e+02 1.150000000000000000e+02 1.120000000000000000e+02 9.470000000000000000e+02
1.000000000000000000e+00 3.930000000000000000e+02 1.150000000000000000e+02 1.120000000000000000e+02 9.470000000000000000e+02
1.000000000000000000e+00 3.930000000000000000e+02 1.150000000000000000e+02 1.120000000000000000e+02 9.470000000000000000e+02
