 Iterations  Total_Loss        PSNR
        100  0.01207270 19.18195534
        200  0.00636509 21.96195221
        300  0.00461197 23.36113930
        400  0.00340279 24.68165207
        500  0.00300286 25.22465324
        600  0.00274079 25.62124252
        700  0.00251802 25.98940277
        800  0.00224197 26.49370193
        900  0.00215825 26.65898895
       1000  0.00246696 26.07837296
       1100  0.00202787 26.92960358
       1200  0.00164721 27.83251572
       1300  0.00180372 27.43830681
       1400  0.00167739 27.75364876
       1500  0.00162611 27.88851357
       1600  0.00160575 27.94321060
       1700  0.00145370 28.37524414
       1800  0.00161309 27.92341995
       1900  0.00145341 28.37612152
       2000  0.00149630 28.24982643
       2100  0.00133381 28.74904823
       2200  0.00140380 28.52695465
       2300  0.00129480 28.87798691
       2400  0.00126559 28.97705269
       2500  0.00134894 28.70007133
       2600  0.00120512 29.18968010
       2700  0.00120487 29.19059944
       2800  0.00118140 29.27601814
       2900  0.00117761 29.28997040
       3000  0.00116482 29.33740425
       3100  0.00112745 29.47904015
       3200  0.00113461 29.45153999
       3300  0.00105464 29.76897812
       3400  0.00104538 29.80726433
       3500  0.00110555 29.56423569
       3600  0.00100493 29.97864151
       3700  0.00098134 30.08180809
       3800  0.00107963 29.66725540
       3900  0.00112094 29.50416946
       4000  0.00102072 29.91092491
       4100  0.00094652 30.23868179
       4200  0.00092114 30.35676384
       4300  0.00100826 29.96425629
       4400  0.00090598 30.42881203
       4500  0.00100219 29.99051476
       4600  0.00102589 29.88899803
       4700  0.00095559 30.19729996
       4800  0.00089550 30.47935867
       4900  0.00091304 30.39509583
       5000  0.00087278 30.59093666
       5100  0.00082713 30.82426071
       5200  0.00091826 30.37035179
       5300  0.00085354 30.68775749
       5400  0.00081490 30.88898087
       5500  0.00088170 30.54677773
       5600  0.00094555 30.24316788
       5700  0.00081943 30.86490631
       5800  0.00086756 30.61698341
       5900  0.00079412 31.00111580
       6000  0.00075785 31.20415497
       6100  0.00078853 31.03180504
       6200  0.00078559 31.04805183
       6300  0.00082231 30.84964180
       6400  0.00080802 30.92580032
       6500  0.00086231 30.64335060
       6600  0.00073659 31.32772636
       6700  0.00080758 30.92816353
       6800  0.00077224 31.12248802
       6900  0.00079116 31.01735878
       7000  0.00073358 31.34551430
       7100  0.00073900 31.31356621
       7200  0.00073393 31.34346771
       7300  0.00076708 31.15161896
       7400  0.00068792 31.62463760
       7500  0.00076684 31.15295410
       7600  0.00078883 31.03016281
       7700  0.00072697 31.38482285
       7800  0.00074816 31.26004219
       7900  0.00073175 31.35635567
       8000  0.00073114 31.36000061
       8100  0.00074063 31.30399704
       8200  0.00068733 31.62831688
       8300  0.00067180 31.72761536
       8400  0.00071465 31.45904922
       8500  0.00072054 31.42340851
       8600  0.00069289 31.59335136
       8700  0.00069626 31.57226372
       8800  0.00067093 31.73319817
       8900  0.00069224 31.59742355
       9000  0.00071223 31.47382164
       9100  0.00071011 31.48672676
       9200  0.00065006 31.87045860
       9300  0.00070402 31.52411842
       9400  0.00068132 31.66646004
       9500  0.00067243 31.72353363
       9600  0.00069885 31.55618858
       9700  0.00067412 31.71265411
       9800  0.00063754 31.95495415
       9900  0.00067479 31.70829010
      10000  0.00066122 31.79652786
