5.850258283317089081e-03 2.590617987152654678e-05 9.550307731842622161e-05 2.347799818380735815e-05 4.522298462688922882e-03 6.843002513051033020e-03
4.688684362918138504e-03 2.371397567912936211e-04 6.463936297222971916e-04 1.417834137100726366e-04 1.714204088784754276e-03 3.555037779733538628e-03
3.622171701863408089e-03 2.433535264572128654e-04 3.734229539986699820e-04 8.333806181326508522e-05 4.569373850245028734e-04 5.702658090740442276e-04
1.169410883449018002e-03 2.067165769403800368e-04 1.780946331564337015e-04 3.892183667630888522e-05 4.492655716603621840e-05 5.348079866962507367e-05
9.495939011685550213e-04 2.054905489785596728e-04 1.795466523617506027e-04 3.956746877520345151e-05 3.622287476900964975e-05 4.307221388444304466e-05
9.193822625093162060e-04 2.016693033510819077e-04 1.731680677039548755e-04 3.672861930681392550e-05 3.360163100296631455e-05 3.983782880823127925e-05
9.060958982445299625e-04 2.076604432659223676e-04 1.794988929759711027e-04 3.914787885150872171e-05 3.389073026482947171e-05 3.980617839260958135e-05
9.060958982445299625e-04 2.076604432659223676e-04 1.794988929759711027e-04 3.914787885150872171e-05 3.389073026482947171e-05 3.980617839260958135e-05
9.060958982445299625e-04 2.076604432659223676e-04 1.794988929759711027e-04 3.914787885150872171e-05 3.389073026482947171e-05 3.980617839260958135e-05
9.060958982445299625e-04 2.076604432659223676e-04 1.794988929759711027e-04 3.914787885150872171e-05 3.389073026482947171e-05 3.980617839260958135e-05
9.060958982445299625e-04 2.076604432659223676e-04 1.794988929759711027e-04 3.914787885150872171e-05 3.389073026482947171e-05 3.980617839260958135e-05
9.060958982445299625e-04 2.076604432659223676e-04 1.794988929759711027e-04 3.914787885150872171e-05 3.389073026482947171e-05 3.980617839260958135e-05
9.060958982445299625e-04 2.076604432659223676e-04 1.794988929759711027e-04 3.914787885150872171e-05 3.389073026482947171e-05 3.980617839260958135e-05
9.060958982445299625e-04 2.076604432659223676e-04 1.794988929759711027e-04 3.914787885150872171e-05 3.389073026482947171e-05 3.980617839260958135e-05
9.060958982445299625e-04 2.076604432659223676e-04 1.794988929759711027e-04 3.914787885150872171e-05 3.389073026482947171e-05 3.980617839260958135e-05
9.060958982445299625e-04 2.076604432659223676e-04 1.794988929759711027e-04 3.914787885150872171e-05 3.389073026482947171e-05 3.980617839260958135e-05
9.060958982445299625e-04 2.076604432659223676e-04 1.794988929759711027e-04 3.914787885150872171e-05 3.389073026482947171e-05 3.980617839260958135e-05
9.060958982445299625e-04 2.076604432659223676e-04 1.794988929759711027e-04 3.914787885150872171e-05 3.389073026482947171e-05 3.980617839260958135e-05
9.060958982445299625e-04 2.076604432659223676e-04 1.794988929759711027e-04 3.914787885150872171e-05 3.389073026482947171e-05 3.980617839260958135e-05
9.060958982445299625e-04 2.076604432659223676e-04 1.794988929759711027e-04 3.914787885150872171e-05 3.389073026482947171e-05 3.980617839260958135e-05
9.060958982445299625e-04 2.076604432659223676e-04 1.794988929759711027e-04 3.914787885150872171e-05 3.389073026482947171e-05 3.980617839260958135e-05
9.060958982445299625e-04 2.076604432659223676e-04 1.794988929759711027e-04 3.914787885150872171e-05 3.389073026482947171e-05 3.980617839260958135e-05
9.060958982445299625e-04 2.076604432659223676e-04 1.794988929759711027e-04 3.914787885150872171e-05 3.389073026482947171e-05 3.980617839260958135e-05
9.060958982445299625e-04 2.076604432659223676e-04 1.794988929759711027e-04 3.914787885150872171e-05 3.389073026482947171e-05 3.980617839260958135e-05
9.060958982445299625e-04 2.076604432659223676e-04 1.794988929759711027e-04 3.914787885150872171e-05 3.389073026482947171e-05 3.980617839260958135e-05
9.060958982445299625e-04 2.076604432659223676e-04 1.794988929759711027e-04 3.914787885150872171e-05 3.389073026482947171e-05 3.980617839260958135e-05
9.060958982445299625e-04 2.076604432659223676e-04 1.794988929759711027e-04 3.914787885150872171e-05 3.389073026482947171e-05 3.980617839260958135e-05
9.060958982445299625e-04 2.076604432659223676e-04 1.794988929759711027e-04 3.914787885150872171e-05 3.389073026482947171e-05 3.980617839260958135e-05
9.060958982445299625e-04 2.076604432659223676e-04 1.794988929759711027e-04 3.914787885150872171e-05 3.389073026482947171e-05 3.980617839260958135e-05
9.060958982445299625e-04 2.076604432659223676e-04 1.794988929759711027e-04 3.914787885150872171e-05 3.389073026482947171e-05 3.980617839260958135e-05
9.060958982445299625e-04 2.076604432659223676e-04 1.794988929759711027e-04 3.914787885150872171e-05 3.389073026482947171e-05 3.980617839260958135e-05
9.060958982445299625e-04 2.076604432659223676e-04 1.794988929759711027e-04 3.914787885150872171e-05 3.389073026482947171e-05 3.980617839260958135e-05
9.060958982445299625e-04 2.076604432659223676e-04 1.794988929759711027e-04 3.914787885150872171e-05 3.389073026482947171e-05 3.980617839260958135e-05
9.060958982445299625e-04 2.076604432659223676e-04 1.794988929759711027e-04 3.914787885150872171e-05 3.389073026482947171e-05 3.980617839260958135e-05
9.060958982445299625e-04 2.076604432659223676e-04 1.794988929759711027e-04 3.914787885150872171e-05 3.389073026482947171e-05 3.980617839260958135e-05
9.060958982445299625e-04 2.076604432659223676e-04 1.794988929759711027e-04 3.914787885150872171e-05 3.389073026482947171e-05 3.980617839260958135e-05
9.060958982445299625e-04 2.076604432659223676e-04 1.794988929759711027e-04 3.914787885150872171e-05 3.389073026482947171e-05 3.980617839260958135e-05
9.060958982445299625e-04 2.076604432659223676e-04 1.794988929759711027e-04 3.914787885150872171e-05 3.389073026482947171e-05 3.980617839260958135e-05
9.060958982445299625e-04 2.076604432659223676e-04 1.794988929759711027e-04 3.914787885150872171e-05 3.389073026482947171e-05 3.980617839260958135e-05
9.060958982445299625e-04 2.076604432659223676e-04 1.794988929759711027e-04 3.914787885150872171e-05 3.389073026482947171e-05 3.980617839260958135e-05
9.060958982445299625e-04 2.076604432659223676e-04 1.794988929759711027e-04 3.914787885150872171e-05 3.389073026482947171e-05 3.980617839260958135e-05
9.060958982445299625e-04 2.076604432659223676e-04 1.794988929759711027e-04 3.914787885150872171e-05 3.389073026482947171e-05 3.980617839260958135e-05
9.060958982445299625e-04 2.076604432659223676e-04 1.794988929759711027e-04 3.914787885150872171e-05 3.389073026482947171e-05 3.980617839260958135e-05
9.060958982445299625e-04 2.076604432659223676e-04 1.794988929759711027e-04 3.914787885150872171e-05 3.389073026482947171e-05 3.980617839260958135e-05
9.060958982445299625e-04 2.076604432659223676e-04 1.794988929759711027e-04 3.914787885150872171e-05 3.389073026482947171e-05 3.980617839260958135e-05
9.060958982445299625e-04 2.076604432659223676e-04 1.794988929759711027e-04 3.914787885150872171e-05 3.389073026482947171e-05 3.980617839260958135e-05
9.060958982445299625e-04 2.076604432659223676e-04 1.794988929759711027e-04 3.914787885150872171e-05 3.389073026482947171e-05 3.980617839260958135e-05
9.060958982445299625e-04 2.076604432659223676e-04 1.794988929759711027e-04 3.914787885150872171e-05 3.389073026482947171e-05 3.980617839260958135e-05
9.060958982445299625e-04 2.076604432659223676e-04 1.794988929759711027e-04 3.914787885150872171e-05 3.389073026482947171e-05 3.980617839260958135e-05
9.060958982445299625e-04 2.076604432659223676e-04 1.794988929759711027e-04 3.914787885150872171e-05 3.389073026482947171e-05 3.980617839260958135e-05
9.060958982445299625e-04 2.076604432659223676e-04 1.794988929759711027e-04 3.914787885150872171e-05 3.389073026482947171e-05 3.980617839260958135e-05
9.060958982445299625e-04 2.076604432659223676e-04 1.794988929759711027e-04 3.914787885150872171e-05 3.389073026482947171e-05 3.980617839260958135e-05
9.060958982445299625e-04 2.076604432659223676e-04 1.794988929759711027e-04 3.914787885150872171e-05 3.389073026482947171e-05 3.980617839260958135e-05
9.060958982445299625e-04 2.076604432659223676e-04 1.794988929759711027e-04 3.914787885150872171e-05 3.389073026482947171e-05 3.980617839260958135e-05
9.060958982445299625e-04 2.076604432659223676e-04 1.794988929759711027e-04 3.914787885150872171e-05 3.389073026482947171e-05 3.980617839260958135e-05
9.060958982445299625e-04 2.076604432659223676e-04 1.794988929759711027e-04 3.914787885150872171e-05 3.389073026482947171e-05 3.980617839260958135e-05
9.060958982445299625e-04 2.076604432659223676e-04 1.794988929759711027e-04 3.914787885150872171e-05 3.389073026482947171e-05 3.980617839260958135e-05
9.060958982445299625e-04 2.076604432659223676e-04 1.794988929759711027e-04 3.914787885150872171e-05 3.389073026482947171e-05 3.980617839260958135e-05
9.060958982445299625e-04 2.076604432659223676e-04 1.794988929759711027e-04 3.914787885150872171e-05 3.389073026482947171e-05 3.980617839260958135e-05
9.060958982445299625e-04 2.076604432659223676e-04 1.794988929759711027e-04 3.914787885150872171e-05 3.389073026482947171e-05 3.980617839260958135e-05
9.060958982445299625e-04 2.076604432659223676e-04 1.794988929759711027e-04 3.914787885150872171e-05 3.389073026482947171e-05 3.980617839260958135e-05
9.060958982445299625e-04 2.076604432659223676e-04 1.794988929759711027e-04 3.914787885150872171e-05 3.389073026482947171e-05 3.980617839260958135e-05
9.060958982445299625e-04 2.076604432659223676e-04 1.794988929759711027e-04 3.914787885150872171e-05 3.389073026482947171e-05 3.980617839260958135e-05
9.060958982445299625e-04 2.076604432659223676e-04 1.794988929759711027e-04 3.914787885150872171e-05 3.389073026482947171e-05 3.980617839260958135e-05
9.060958982445299625e-04 2.076604432659223676e-04 1.794988929759711027e-04 3.914787885150872171e-05 3.389073026482947171e-05 3.980617839260958135e-05
9.060958982445299625e-04 2.076604432659223676e-04 1.794988929759711027e-04 3.914787885150872171e-05 3.389073026482947171e-05 3.980617839260958135e-05
9.060958982445299625e-04 2.076604432659223676e-04 1.794988929759711027e-04 3.914787885150872171e-05 3.389073026482947171e-05 3.980617839260958135e-05
9.060958982445299625e-04 2.076604432659223676e-04 1.794988929759711027e-04 3.914787885150872171e-05 3.389073026482947171e-05 3.980617839260958135e-05
9.060958982445299625e-04 2.076604432659223676e-04 1.794988929759711027e-04 3.914787885150872171e-05 3.389073026482947171e-05 3.980617839260958135e-05
9.060958982445299625e-04 2.076604432659223676e-04 1.794988929759711027e-04 3.914787885150872171e-05 3.389073026482947171e-05 3.980617839260958135e-05
9.060958982445299625e-04 2.076604432659223676e-04 1.794988929759711027e-04 3.914787885150872171e-05 3.389073026482947171e-05 3.980617839260958135e-05
9.060958982445299625e-04 2.076604432659223676e-04 1.794988929759711027e-04 3.914787885150872171e-05 3.389073026482947171e-05 3.980617839260958135e-05
9.060958982445299625e-04 2.076604432659223676e-04 1.794988929759711027e-04 3.914787885150872171e-05 3.389073026482947171e-05 3.980617839260958135e-05
9.060958982445299625e-04 2.076604432659223676e-04 1.794988929759711027e-04 3.914787885150872171e-05 3.389073026482947171e-05 3.980617839260958135e-05
9.060958982445299625e-04 2.076604432659223676e-04 1.794988929759711027e-04 3.914787885150872171e-05 3.389073026482947171e-05 3.980617839260958135e-05
9.060958982445299625e-04 2.076604432659223676e-04 1.794988929759711027e-04 3.914787885150872171e-05 3.389073026482947171e-05 3.980617839260958135e-05
9.060958982445299625e-04 2.076604432659223676e-04 1.794988929759711027e-04 3.914787885150872171e-05 3.389073026482947171e-05 3.980617839260958135e-05
9.060958982445299625e-04 2.076604432659223676e-04 1.794988929759711027e-04 3.914787885150872171e-05 3.389073026482947171e-05 3.980617839260958135e-05
9.060958982445299625e-04 2.076604432659223676e-04 1.794988929759711027e-04 3.914787885150872171e-05 3.389073026482947171e-05 3.980617839260958135e-05
9.060958982445299625e-04 2.076604432659223676e-04 1.794988929759711027e-04 3.914787885150872171e-05 3.389073026482947171e-05 3.980617839260958135e-05
9.060958982445299625e-04 2.076604432659223676e-04 1.794988929759711027e-04 3.914787885150872171e-05 3.389073026482947171e-05 3.980617839260958135e-05
9.060958982445299625e-04 2.076604432659223676e-04 1.794988929759711027e-04 3.914787885150872171e-05 3.389073026482947171e-05 3.980617839260958135e-05
9.060958982445299625e-04 2.076604432659223676e-04 1.794988929759711027e-04 3.914787885150872171e-05 3.389073026482947171e-05 3.980617839260958135e-05
9.060958982445299625e-04 2.076604432659223676e-04 1.794988929759711027e-04 3.914787885150872171e-05 3.389073026482947171e-05 3.980617839260958135e-05
9.060958982445299625e-04 2.076604432659223676e-04 1.794988929759711027e-04 3.914787885150872171e-05 3.389073026482947171e-05 3.980617839260958135e-05
9.060958982445299625e-04 2.076604432659223676e-04 1.794988929759711027e-04 3.914787885150872171e-05 3.389073026482947171e-05 3.980617839260958135e-05
9.060958982445299625e-04 2.076604432659223676e-04 1.794988929759711027e-04 3.914787885150872171e-05 3.389073026482947171e-05 3.980617839260958135e-05
9.060958982445299625e-04 2.076604432659223676e-04 1.794988929759711027e-04 3.914787885150872171e-05 3.389073026482947171e-05 3.980617839260958135e-05
9.060958982445299625e-04 2.076604432659223676e-04 1.794988929759711027e-04 3.914787885150872171e-05 3.389073026482947171e-05 3.980617839260958135e-05
9.060958982445299625e-04 2.076604432659223676e-04 1.794988929759711027e-04 3.914787885150872171e-05 3.389073026482947171e-05 3.980617839260958135e-05
9.060958982445299625e-04 2.076604432659223676e-04 1.794988929759711027e-04 3.914787885150872171e-05 3.389073026482947171e-05 3.980617839260958135e-05
9.060958982445299625e-04 2.076604432659223676e-04 1.794988929759711027e-04 3.914787885150872171e-05 3.389073026482947171e-05 3.980617839260958135e-05
9.060958982445299625e-04 2.076604432659223676e-04 1.794988929759711027e-04 3.914787885150872171e-05 3.389073026482947171e-05 3.980617839260958135e-05
9.060958982445299625e-04 2.076604432659223676e-04 1.794988929759711027e-04 3.914787885150872171e-05 3.389073026482947171e-05 3.980617839260958135e-05
9.060958982445299625e-04 2.076604432659223676e-04 1.794988929759711027e-04 3.914787885150872171e-05 3.389073026482947171e-05 3.980617839260958135e-05
9.060958982445299625e-04 2.076604432659223676e-04 1.794988929759711027e-04 3.914787885150872171e-05 3.389073026482947171e-05 3.980617839260958135e-05
9.060958982445299625e-04 2.076604432659223676e-04 1.794988929759711027e-04 3.914787885150872171e-05 3.389073026482947171e-05 3.980617839260958135e-05
9.060958982445299625e-04 2.076604432659223676e-04 1.794988929759711027e-04 3.914787885150872171e-05 3.389073026482947171e-05 3.980617839260958135e-05
9.060958982445299625e-04 2.076604432659223676e-04 1.794988929759711027e-04 3.914787885150872171e-05 3.389073026482947171e-05 3.980617839260958135e-05
9.060958982445299625e-04 2.076604432659223676e-04 1.794988929759711027e-04 3.914787885150872171e-05 3.389073026482947171e-05 3.980617839260958135e-05
9.060958982445299625e-04 2.076604432659223676e-04 1.794988929759711027e-04 3.914787885150872171e-05 3.389073026482947171e-05 3.980617839260958135e-05
