1.767986250342801213e-04 5.801536099170334637e-05 3.642134106485173106e-05 1.327083850810595322e-06 9.331874025519937277e-06 2.187504287576302886e-05
6.933558033779263496e-04 2.234569183201529086e-05 5.533479270525276661e-05 2.055625145658268593e-06 2.723337456700392067e-05 2.553683043515775353e-05
4.105811938643455505e-02 3.499299339182471158e-08 5.257130197833248531e-08 2.461266213060753216e-08 2.372668745920236688e-07 1.116071928208839381e-07
5.349698066711425781e-01 7.614224273311265279e-08 8.241015336807322456e-08 9.307441928285697941e-08 1.344480864418073907e-07 1.218490268684035982e-07
7.308654785156250000e-01 3.151620830976753496e-08 6.603627156209768145e-08 3.192988629052706528e-08 4.749007942450589326e-08 4.245250551093704416e-08
8.086761832237243652e-01 3.076287669045996154e-08 1.385149062116397545e-07 3.426333350375898590e-08 5.842992578664052417e-08 7.684879932412513881e-08
8.320025205612182617e-01 3.225656897143380775e-08 1.673371485821917304e-07 4.592477509390846535e-08 8.103054938146669883e-08 8.995613853812756133e-08
8.390297889709472656e-01 2.317766423232114903e-08 1.337959787406362011e-07 3.599713593871456396e-08 6.664433271907910239e-08 7.406575264212733600e-08
8.501711487770080566e-01 1.282282191539252381e-08 6.587055878526371089e-08 2.252652464562743262e-08 4.010490428640878235e-08 3.808704818197838904e-08
8.471221923828125000e-01 1.141543748417461757e-08 4.746535964272879937e-08 2.193615777912327758e-08 4.228780881021521054e-08 3.080892696516457363e-08
8.539420962333679199e-01 1.087195133919749424e-08 3.422396233077051875e-08 1.950431816055697709e-08 4.653815466326705064e-08 2.350333261347259395e-08
8.647345304489135742e-01 9.945972045954931673e-09 3.010049809404335974e-08 1.618200862196772505e-08 4.478977189137367532e-08 1.887964629077032441e-08
8.796412944793701172e-01 1.028130025559903515e-08 2.940725707389901800e-08 1.497473434142193582e-08 5.191196805753861554e-08 1.965262796943534340e-08
8.877577185630798340e-01 1.101377300471995113e-08 3.066996967504564964e-08 1.549515893373154540e-08 5.624601229214931664e-08 1.951939054833928822e-08
8.897939324378967285e-01 1.116119463517861732e-08 3.213561328152536589e-08 1.545746819431315089e-08 5.548428205770505883e-08 2.013370803410907683e-08
8.928260803222656250e-01 1.016318940116889280e-08 2.912870478155582532e-08 1.356332379742752892e-08 4.925137631062170840e-08 1.789105930072310002e-08
8.933387398719787598e-01 9.836643499738784158e-09 2.648472907651466812e-08 1.265159799146431396e-08 4.430647848607804917e-08 1.613030242708646256e-08
8.941395282745361328e-01 9.623337682285182382e-09 2.455484171548505401e-08 1.224425449919408493e-08 4.215657156692032004e-08 1.471074284609130700e-08
8.952528834342956543e-01 1.025216711525445135e-08 2.344060412440285290e-08 1.183693854045486660e-08 3.831607742199594213e-08 1.463750898267335288e-08
8.878817558288574219e-01 1.083058176476470180e-08 2.415381850084941107e-08 1.214136524652076332e-08 3.719770802490529604e-08 1.531499194129537500e-08
8.876445889472961426e-01 1.000070959378263069e-08 2.116875741364765418e-08 9.803875045122367737e-09 3.020457128855014162e-08 1.240728408902214142e-08
8.802568912506103516e-01 1.058706189382974117e-08 2.196380144425802428e-08 9.716809579174423561e-09 2.900035056541128142e-08 1.235851598835324694e-08
8.807644844055175781e-01 1.030578378191648881e-08 2.101758234118733526e-08 8.976032361829311412e-09 2.482875594012057263e-08 1.103853897177486942e-08
8.739415407180786133e-01 1.400737215107028533e-08 2.688101297110279120e-08 1.085900525055194521e-08 2.938812215802499850e-08 1.360461432398096804e-08
8.662573099136352539e-01 1.660341197862180707e-08 3.052117136803644826e-08 1.263294358011535223e-08 3.149427740822829946e-08 1.582834663338417158e-08
8.699467778205871582e-01 1.805132754384430882e-08 3.217904875896238082e-08 1.276069472311291975e-08 2.962562284380965139e-08 1.621960699083047075e-08
8.561336994171142578e-01 2.604912729964325990e-08 4.252697038964470266e-08 1.749956801688767882e-08 3.637372003595373826e-08 2.098142459772134316e-08
8.493389487266540527e-01 3.396580439130048035e-08 5.397132341045107751e-08 2.167133850150548824e-08 4.226113148320109758e-08 2.504371643397007574e-08
8.347234725952148438e-01 4.594622282638738398e-08 6.709291966444652644e-08 2.560567402554170258e-08 4.896083538596940343e-08 3.052679176107631065e-08
8.270307779312133789e-01 5.574325001589386375e-08 7.816130676019383827e-08 2.963162337721314543e-08 5.466403862897095678e-08 3.703893014517234406e-08
8.149340152740478516e-01 7.301512994217773667e-08 9.685625457223068224e-08 3.649842383879331464e-08 6.240194494466777542e-08 4.419511867581604747e-08
7.993623018264770508e-01 1.029762728421701468e-07 1.323780907114269212e-07 4.614827631144180486e-08 7.837579119041038211e-08 6.123024576254465501e-08
7.912464141845703125e-01 1.480160420896936557e-07 1.755526000124518760e-07 6.397818452796855127e-08 9.924276156425548834e-08 8.397271500371061848e-08
7.765024304389953613e-01 1.833255964811542071e-07 1.975040504476055503e-07 7.578555027976108249e-08 1.126770285964084906e-07 9.583764892795443302e-08
7.667505145072937012e-01 2.543993105064146221e-07 2.536478120873653097e-07 9.708614356895850506e-08 1.355703176386668929e-07 1.245932139681826811e-07
7.382307052612304688e-01 3.448960796958999708e-07 3.216830748442589538e-07 1.212724924926078529e-07 1.629498456168221310e-07 1.567702696547712549e-07
7.273059487342834473e-01 4.366547159406763967e-07 3.944116713228140725e-07 1.509426823531612172e-07 1.862633496330090566e-07 1.904407724850898376e-07
7.270449995994567871e-01 4.996115308131265920e-07 4.085468106040934799e-07 1.638812392457111855e-07 2.010486355175089557e-07 1.975763410655417829e-07
7.178668975830078125e-01 5.800619646834093146e-07 4.541128930668492103e-07 1.833935101558381575e-07 2.179809257540910039e-07 2.174068924887251342e-07
7.164918184280395508e-01 6.634982696596125606e-07 4.988070259059895761e-07 2.022667757728413562e-07 2.251363326877253712e-07 2.386997550729574868e-07
7.115244865417480469e-01 7.422137855428445619e-07 5.294720040183165111e-07 2.287294904590453370e-07 2.359408739494028850e-07 2.521039732528151944e-07
7.011314034461975098e-01 8.856708291204995476e-07 6.094329023653699551e-07 2.583734612926491536e-07 2.676475503449182725e-07 2.880443332742288476e-07
6.809739470481872559e-01 9.162691867459216155e-07 6.017579039507836569e-07 2.586877485555305611e-07 2.504505687284108717e-07 2.790292796817084309e-07
6.878269314765930176e-01 1.143804638559231535e-06 7.386394713648769539e-07 3.152898955249838764e-07 2.921541408795746975e-07 3.372317678440595046e-07
6.751915216445922852e-01 1.301110501117364038e-06 7.518553388763393741e-07 3.344024435136816464e-07 3.140626461117790313e-07 3.510444912535604089e-07
6.762452125549316406e-01 1.477319983678171411e-06 8.435580980403756257e-07 3.751596580059413100e-07 3.371117145434254780e-07 3.993835662186029367e-07
6.715573072433471680e-01 1.527539779999642633e-06 8.673530373926041648e-07 3.800563490585773252e-07 3.452050520991178928e-07 3.992387291873455979e-07
6.525780558586120605e-01 2.000401309487642720e-06 1.049034835887141526e-06 4.651495828511542641e-07 4.123855035231827060e-07 4.728532871922652703e-07
6.462831497192382812e-01 2.122294063156004995e-06 1.093080300051951781e-06 4.697905069406260736e-07 4.314083525969181210e-07 4.921005825053725857e-07
6.429618597030639648e-01 2.779368742267251946e-06 1.328558028035331517e-06 5.742869575442455243e-07 5.130137878950336017e-07 6.207065439411962871e-07
6.363625526428222656e-01 3.314324658276746050e-06 1.478680019317835104e-06 6.510377943413914181e-07 5.509832021743932273e-07 6.962410452615586109e-07
6.231599450111389160e-01 3.989734977949410677e-06 1.730428607515932526e-06 7.409654472212423570e-07 6.503039458038983867e-07 8.171104468601697590e-07
6.184837818145751953e-01 4.941430233884602785e-06 2.037931835729978047e-06 9.151402764473459683e-07 7.341041055042296648e-07 9.867829930954030715e-07
6.108169555664062500e-01 5.264980245556216687e-06 2.127635980286868289e-06 9.413564043825317640e-07 7.744811796328576747e-07 1.021246248456009198e-06
6.105427742004394531e-01 6.184307039802661166e-06 2.403980488452361897e-06 1.046254510583821684e-06 8.540127396372554358e-07 1.172870838672679383e-06
6.061788797378540039e-01 7.011342859186697751e-06 2.678057398952660151e-06 1.134641252065193839e-06 8.887981266525457613e-07 1.264701381842314731e-06
6.128675341606140137e-01 7.835483302187640220e-06 2.893786813729093410e-06 1.230600901180878282e-06 9.480551739216025453e-07 1.418429746991023421e-06
6.082684397697448730e-01 8.824694305076263845e-06 3.148811174469301477e-06 1.302809778280789033e-06 9.757138741406379268e-07 1.483522737544262782e-06
6.052452325820922852e-01 1.004260229819919914e-05 3.492304585961392149e-06 1.362257421533286106e-06 1.041665882439701818e-06 1.609315972928015981e-06
6.002864837646484375e-01 1.229086865350836888e-05 4.115284809813601896e-06 1.661584065004717559e-06 1.202011162604321726e-06 1.928449364640982822e-06
5.943515300750732422e-01 1.482101379224332049e-05 4.774757144332397729e-06 1.875370458037650678e-06 1.300600501963344868e-06 2.223753199359634891e-06
5.946851372718811035e-01 1.649690238991752267e-05 5.026130111218662933e-06 1.987739096875884570e-06 1.330036411673063412e-06 2.301847644048393704e-06
5.939363837242126465e-01 1.709028219920583069e-05 5.098195742903044447e-06 1.947858208950492553e-06 1.325466428170329891e-06 2.307293698322609998e-06
5.990368127822875977e-01 2.045747714873868972e-05 5.808712558064144105e-06 2.280091393913608044e-06 1.546345856695552357e-06 2.797599108816939406e-06
5.850408077239990234e-01 2.320055682503152639e-05 6.513620519399410114e-06 2.403383632554323412e-06 1.633027181924262550e-06 2.987911784657626413e-06
5.799190402030944824e-01 2.666832187969703227e-05 7.128313882276415825e-06 2.606987209219369106e-06 1.796046831259445753e-06 3.305339077996904962e-06
5.733516216278076172e-01 2.850282544386573136e-05 7.452103091054596007e-06 2.648673898875131272e-06 1.810532921808771789e-06 3.498917976685333997e-06
5.827908515930175781e-01 3.058990114368498325e-05 7.623343662999104708e-06 2.816981350406422280e-06 1.896704702630813699e-06 3.674768777273129672e-06
5.765267014503479004e-01 3.836406176560558379e-05 9.221822438121307641e-06 3.383626790309790522e-06 2.243492417619563639e-06 4.533388164418283850e-06
5.754078626632690430e-01 4.408410677569918334e-05 1.013229757518274710e-05 3.563846576071227901e-06 2.403326334388111718e-06 4.888629518973175436e-06
5.717702507972717285e-01 4.696395262726582587e-05 1.036704998114146292e-05 3.726191835085046478e-06 2.492896783223841339e-06 5.103315288579324260e-06
5.742252469062805176e-01 5.178576975595206022e-05 1.118030377256218344e-05 3.969392309954855591e-06 2.714529273362131789e-06 5.576975581789156422e-06
5.557972192764282227e-01 6.346476584440097213e-05 1.282090033782878891e-05 4.585834176396019757e-06 3.004172185683273710e-06 6.398982804967090487e-06
5.616365075111389160e-01 6.002297232043929398e-05 1.232222894032020122e-05 4.367799192550592124e-06 2.972799393319291994e-06 6.296526407822966576e-06
5.551657080650329590e-01 7.391560211544856429e-05 1.425023310730466619e-05 4.985671694157645106e-06 3.194568535036523826e-06 7.293461749213747680e-06
5.575882792472839355e-01 8.188343781512230635e-05 1.546561543364077806e-05 5.260320449451683089e-06 3.363257746968884021e-06 7.955287401273380965e-06
5.469665527343750000e-01 9.232635056832805276e-05 1.675983185123186558e-05 5.618167506327154115e-06 3.553733222361188382e-06 8.709541361895389855e-06
5.409957170486450195e-01 1.133351179305464029e-04 1.979301669052802026e-05 6.629020845139166340e-06 4.148465905018383637e-06 1.026707195705967024e-05
5.451121926307678223e-01 1.243701553903520107e-04 2.080914964608382434e-05 6.925876277819043025e-06 4.331156560510862619e-06 1.107200569094857201e-05
5.374830365180969238e-01 1.407564268447458744e-04 2.250788747915066779e-05 7.355448815360432491e-06 4.392239588923985139e-06 1.182629512186395004e-05
5.341850519180297852e-01 1.443174551241099834e-04 2.229893652838654816e-05 7.224638011393835768e-06 4.414559953147545457e-06 1.183176755148451775e-05
5.389368534088134766e-01 1.618026581127196550e-04 2.410462911939248443e-05 7.828680281818378717e-06 4.709002041636267677e-06 1.292504930461291224e-05
5.298566818237304688e-01 1.761186576914042234e-04 2.449738713039550930e-05 7.915576134109869599e-06 4.938403890264453366e-06 1.323188371316064149e-05
5.265068411827087402e-01 1.803255727281793952e-04 2.487872188794426620e-05 7.921494216134306043e-06 4.832836566492915154e-06 1.336837067356100306e-05
5.184897780418395996e-01 1.880905765574425459e-04 2.591599513834808022e-05 8.035984137677587569e-06 4.971335783920949325e-06 1.421758224751101807e-05
5.109021067619323730e-01 2.176995185436680913e-04 2.863466397684533149e-05 8.537940630048979074e-06 5.127150870976038277e-06 1.518702993053011596e-05
5.055020451545715332e-01 2.383416576776653528e-04 2.994768692587967962e-05 8.941703526943456382e-06 5.347294973034877330e-06 1.614270513528026640e-05
5.012173056602478027e-01 2.585853799246251583e-04 3.203638334525749087e-05 9.572514500177931041e-06 5.612662789644673467e-06 1.723234890960156918e-05
4.961973428726196289e-01 3.050929226446896791e-04 3.563155769370496273e-05 1.070286089088767767e-05 6.216289875737857074e-06 1.956375672307331115e-05
4.908239245414733887e-01 3.281937970314174891e-04 3.754408317035995424e-05 1.088601220544660464e-05 6.556536845891969278e-06 2.009791205637156963e-05
4.882052242755889893e-01 3.555467119440436363e-04 3.959314926760271192e-05 1.139618325396440923e-05 6.901983852003468201e-06 2.119533382938243449e-05
4.972666501998901367e-01 3.449453215580433607e-04 3.766578083741478622e-05 1.113385678763734177e-05 6.677776127617107704e-06 2.042962660198099911e-05
4.918750226497650146e-01 3.792039351537823677e-04 4.024110967293381691e-05 1.174588487629080191e-05 6.894711532368091866e-06 2.191178646171465516e-05
4.760396480560302734e-01 4.459221090655773878e-04 4.469291889108717442e-05 1.262868227058788761e-05 7.413145340251503512e-06 2.439836498524527997e-05
4.791296720504760742e-01 4.629395261872559786e-04 4.511242514126934111e-05 1.284646259591681883e-05 7.520544386352412403e-06 2.468701131874695420e-05
4.733575582504272461e-01 5.194213590584695339e-04 4.816153523279353976e-05 1.351739774690940976e-05 8.055235412030015141e-06 2.613201104395557195e-05
4.718523025512695312e-01 5.376843037083745003e-04 4.842503403779119253e-05 1.374319890601327643e-05 8.018837434065062553e-06 2.620958912302739918e-05
4.724804461002349854e-01 5.786511464975774288e-04 5.081689596408978105e-05 1.436295588064240292e-05 8.124092346406541765e-06 2.788503843476064503e-05
4.589961469173431396e-01 6.538084126077592373e-04 5.523686559172347188e-05 1.530559711682144552e-05 8.726640771783422679e-06 3.016158370883204043e-05
4.599573314189910889e-01 6.092970725148916245e-04 5.327940016286447644e-05 1.440418327547376975e-05 8.302868991449940950e-06 2.911173942266032100e-05
4.599862396717071533e-01 6.468352512456476688e-04 5.317178511177189648e-05 1.439489915355807170e-05 8.442809303232934326e-06 3.029798790521454066e-05
