       1    0.0410718061
       2    0.0733560771
       3    0.1274490505
       4    0.1639658064
       5    0.2192400098
       6    0.2505697012
       7    0.2608956397
       8    0.2299068570
       9    0.2064296603
      10    0.2426039279
      11    0.2299373150
      12    0.2050714493
      13    0.1629476696
      14    0.1291120797
      15    0.0910622329
      16    0.1249098033
      17    0.0665180087
      18    0.0954382047
      19    0.0745257884
      20    0.0838188753
      21    0.0579101592
      22    0.0673948824
      23    0.0505142324
      24    0.0446473435
      25    0.0488496050
      26    0.0475368313
      27    0.0402885191
      28    0.0480009653
      29    0.0264047310
      30    0.0461260304
      31    0.0261546671
      32    0.0213710777
      33    0.0246288795
      34    0.0361449793
      35    0.0313779898
      36    0.0283286851
      37    0.0302401073
      38    0.0243879575
      39    0.0252027493
      40    0.0181224644
      41    0.0276929867
      42    0.0266018957
      43    0.0201114565
      44    0.0175086781
      45    0.0187394638
      46    0.0112066260
      47    0.0300661810
      48    0.0104627339
      49    0.0112798000
      50    0.0178508032
      51    0.0125142373
      52    0.0102636982
      53    0.0157949589
      54    0.0088553568
      55    0.0097680911
      56    0.0088192169
      57    0.0086952876
      58    0.0057968479
      59    0.0122499662
      60    0.0039355988
      61    0.0093967635
      62    0.0297051705
      63    0.0210311972
      64    0.0240966864
      65    0.0030243285
      66    0.0082995677
      67    0.0024235477
      68    0.0047168764
      69    0.0047289142
      70    0.0077583296
      71    0.0046717087
      72    0.0088775633
      73    0.0048960117
      74    0.0035933258
      75    0.0039476976
      76    0.0077695521
      77    0.0036412699
      78    0.0042368206
      79    0.0021088761
      80    0.0020361107
      81    0.0020387187
      82    0.0021028095
      83    0.0023405303
      84    0.0027018664
      85    0.0012640266
      86    0.0009206825
      87    0.0007023554
      88    0.0063321935
      89    0.0013698819
      90    0.0009195407
      91    0.0024300274
      92    0.0002039256
      93    0.0007826975
      94    0.0007476472
      95    0.0007110452
      96    0.0009089166
      97    0.0004183913
      98    0.0002877336
      99    0.0002671619
     100    0.0003360133
     101    0.0003323515
     102    0.0003106972
     103    0.0002522774
     104    0.0001926768
     105    0.0002437371
     106    0.0002986543
     107    0.0003071166
     108    0.0001212414
     109    0.0001198390
     110    0.0002822322
     111    0.0001520484
     112    0.0001280674
     113    0.0001149028
     114    0.0001162366
     115    0.0001419663
     116    0.0001782111
     117    0.0002981701
     118    0.0001297810
     119    0.0001588382
     120    0.0001626774
     121    0.0001151205
     122    0.0001762060
     123    0.0000994229
     124    0.0001217527
     125    0.0001802995
     126    0.0001721245
     127    0.0001181403
     128    0.0001607645
