       1    0.0414372087
       2    0.0564524010
       3    0.0889308006
       4    0.1462639272
       5    0.1879724264
       6    0.2682082951
       7    0.3302229643
       8    0.3650290370
       9    0.4406955242
      10    0.5191955566
      11    0.5403097272
      12    0.6027114987
      13    0.5689018369
      14    0.5600711107
      15    0.6555487514
      16    0.6822609901
      17    0.6042209268
      18    0.6085491776
      19    0.5331544876
      20    0.6105094552
      21    0.6123533845
      22    0.5612986088
      23    0.5478740335
      24    0.6114403605
      25    0.5721213818
      26    0.5083872080
      27    0.4055437148
      28    0.5571284294
      29    0.4392318130
      30    0.4135179222
      31    0.4400225282
      32    0.4688426852
      33    0.4306372702
      34    0.4092485905
      35    0.4273780882
      36    0.4205871522
      37    0.3725973964
      38    0.3322884440
      39    0.2781592906
      40    0.2758979201
      41    0.3048613667
      42    0.1861489266
      43    0.3071678877
      44    0.2234398425
      45    0.2291560769
      46    0.1592288911
      47    0.2175345123
      48    0.2934025526
      49    0.1791636497
      50    0.2659352124
      51    0.1501525789
      52    0.1258137822
      53    0.1109868810
      54    0.1049706936
      55    0.1484465897
      56    0.0971422940
      57    0.0717878267
      58    0.0400125794
      59    0.0760736093
      60    0.0697106421
      61    0.0628398210
      62    0.0645123348
      63    0.0493568443
      64    0.0504127033
      65    0.0466437563
      66    0.0341236070
      67    0.0226957109
      68    0.0325464197
      69    0.0228332803
      70    0.0415522903
      71    0.0239644572
      72    0.0099535342
      73    0.0260896292
      74    0.0085699521
      75    0.0117640132
      76    0.0099090338
      77    0.0095378365
      78    0.0046992009
      79    0.0103079453
      80    0.0029348519
      81    0.0027237236
      82    0.0017476513
      83    0.0006544658
      84    0.0025362687
      85    0.0007153780
      86    0.0032908812
      87    0.0008524976
      88    0.0005215959
      89    0.0018077537
      90    0.0006430793
      91    0.0002333088
      92    0.0000520651
      93    0.0005950555
      94    0.0001052589
      95    0.0002136140
      96    0.0000754822
      97    0.0000800059
      98    0.0000135012
      99    0.0000394511
     100    0.0000225298
     101    0.0000089761
     102    0.0000063648
     103    0.0000053776
     104    0.0000195638
     105    0.0000047824
     106    0.0000069577
     107    0.0000040211
     108    0.0000027492
     109    0.0000089340
     110    0.0000031254
     111    0.0000043073
     112    0.0000045736
     113    0.0000034835
     114    0.0000025650
     115    0.0000024985
     116    0.0000032790
     117    0.0000035551
     118    0.0000027436
     119    0.0000035099
     120    0.0000023048
     121    0.0000032531
     122    0.0000039207
     123    0.0000036774
     124    0.0000024078
     125    0.0000024109
     126    0.0000023394
     127    0.0000036569
     128    0.0000038674
